6/25/2024
11:16 AM
slow cooling up 470_2024.06.25_COND_FILE END.txt

Data taken by: Akshat Sharma
ammeter is Keithley 6517A at GPIB0::27::INSTR
voltage source is Keithley 6517A at GPIB0::27::INSTR
temperature controller is Lake Shore 330 at GPIB0::12::INSTR with the settings: control sensor=A;sample sensor=;loop=1
Readings: 1
Voltage (V): 100
Geo Factor: 1000
Ea Window (pts): 5
Shut off V when done?: TRUE
Mconnect?: TRUE
Use Abs(Cond)?: TRUE
Rate (K/min): 5
Heater: High
DESCRIPTION
********************
Time (s)	Temperature (K)	1/kT (1/eV)	Rate (K/min)	Current (A)	Current Std Dev/Mean	Conductivity (Ohm-cm)^-1	Ea (eV)	Reduced Ea	
1.475000E+0	2.960000E+2	3.916892E+1	NaN	2.616100E-7	NaN	2.616100E-6	NaN	NaN
3.406600E+1	2.963000E+2	3.912926E+1	3.788406E-1	2.649200E-7	NaN	2.649200E-6	NaN	NaN
4.031200E+1	2.965700E+2	3.909364E+1	6.480936E-1	2.684500E-7	NaN	2.684500E-6	NaN	NaN
4.632200E+1	2.969400E+2	3.904492E+1	1.263257E+0	2.736800E-7	NaN	2.736800E-6	NaN	NaN
4.932600E+1	2.971600E+2	3.901602E+1	1.628331E+0	2.770300E-7	NaN	2.770300E-6	NaN	NaN
5.248800E+1	2.974100E+2	3.898322E+1	2.042077E+0	2.811100E-7	NaN	2.811100E-6	NaN	NaN
5.548700E+1	2.976800E+2	3.894786E+1	2.476851E+0	2.855000E-7	NaN	2.855000E-6	NaN	NaN
5.848200E+1	2.979600E+2	3.891126E+1	2.939286E+0	2.904300E-7	NaN	2.904300E-6	NaN	NaN
6.147800E+1	2.982800E+2	3.886952E+1	3.389871E+0	2.958000E-7	NaN	2.958000E-6	NaN	NaN
6.453000E+1	2.985900E+2	3.882916E+1	3.857897E+0	3.015800E-7	NaN	3.015800E-6	NaN	NaN
6.766600E+1	2.989000E+2	3.878889E+1	4.318011E+0	3.079700E-7	NaN	3.079700E-6	NaN	NaN
7.080600E+1	2.992200E+2	3.874741E+1	4.735755E+0	3.148200E-7	NaN	3.148200E-6	NaN	NaN
7.382700E+1	2.995300E+2	3.870731E+1	5.111823E+0	3.214200E-7	NaN	3.214200E-6	NaN	NaN
7.684200E+1	2.999400E+2	3.865440E+1	5.419516E+0	3.282300E-7	NaN	3.282300E-6	NaN	NaN
8.000600E+1	3.001500E+2	3.862735E+1	5.741872E+0	3.354300E-7	NaN	3.354300E-6	NaN	NaN
8.295800E+1	3.005600E+2	3.857466E+1	5.899204E+0	3.424000E-7	NaN	3.424000E-6	NaN	NaN
8.609400E+1	3.008500E+2	3.853748E+1	6.093559E+0	3.496800E-7	NaN	3.496800E-6	NaN	NaN
8.917500E+1	3.011200E+2	3.850292E+1	6.204745E+0	3.567800E-7	NaN	3.567800E-6	NaN	NaN
9.232000E+1	3.014000E+2	3.846715E+1	6.225520E+0	3.641400E-7	NaN	3.641400E-6	NaN	NaN
9.539300E+1	3.016600E+2	3.843400E+1	6.188145E+0	3.711500E-7	NaN	3.711500E-6	4.618714E-1	1.795114E+1
9.832000E+1	3.019200E+2	3.840090E+1	6.093600E+0	3.778300E-7	NaN	3.778300E-6	4.661305E-1	1.810935E+1
1.014030E+2	3.021800E+2	3.836786E+1	5.992197E+0	3.847700E-7	NaN	3.847700E-6	4.699421E-1	1.825022E+1
1.043870E+2	3.024300E+2	3.833614E+1	5.864130E+0	3.915600E-7	NaN	3.915600E-6	4.734715E-1	1.838016E+1
1.073170E+2	3.026900E+2	3.830321E+1	5.709450E+0	3.981600E-7	NaN	3.981600E-6	4.767317E-1	1.849971E+1
1.102980E+2	3.029400E+2	3.827160E+1	5.554264E+0	4.047300E-7	NaN	4.047300E-6	4.795184E-1	1.860080E+1
1.132440E+2	3.031800E+2	3.824131E+1	5.392675E+0	4.114900E-7	NaN	4.114900E-6	4.819671E-1	1.868878E+1
1.162490E+2	3.034200E+2	3.821106E+1	5.317727E+0	4.181900E-7	NaN	4.181900E-6	4.842649E-1	1.877097E+1
1.193090E+2	3.036600E+2	3.818086E+1	5.155932E+0	4.252100E-7	NaN	4.252100E-6	4.863718E-1	1.884579E+1
1.223070E+2	3.039000E+2	3.815071E+1	5.095480E+0	4.322500E-7	NaN	4.322500E-6	4.883859E-1	1.891703E+1
1.254120E+2	3.040700E+2	3.812938E+1	5.043175E+0	4.396500E-7	NaN	4.396500E-6	4.902867E-1	1.898387E+1
1.282600E+2	3.043100E+2	3.809931E+1	4.929232E+0	4.464800E-7	NaN	4.464800E-6	4.926459E-1	1.906891E+1
1.311700E+2	3.045700E+2	3.806678E+1	4.844012E+0	4.537000E-7	NaN	4.537000E-6	4.947229E-1	1.914289E+1
1.341210E+2	3.048400E+2	3.803307E+1	4.787749E+0	4.611500E-7	NaN	4.611500E-6	4.965020E-1	1.920512E+1
1.372700E+2	3.050900E+2	3.800190E+1	4.774056E+0	4.694200E-7	NaN	4.694200E-6	4.979920E-1	1.925591E+1
1.403000E+2	3.053500E+2	3.796954E+1	4.763671E+0	4.773900E-7	NaN	4.773900E-6	4.994980E-1	1.930725E+1
1.434480E+2	3.056200E+2	3.793600E+1	4.771564E+0	4.859400E-7	NaN	4.859400E-6	5.008684E-1	1.935320E+1
1.462710E+2	3.058700E+2	3.790499E+1	4.810258E+0	4.938900E-7	NaN	4.938900E-6	5.021484E-1	1.939548E+1
1.493250E+2	3.061300E+2	3.787280E+1	4.871883E+0	5.023800E-7	NaN	5.023800E-6	5.033208E-1	1.943354E+1
1.523400E+2	3.064000E+2	3.783943E+1	4.942377E+0	5.110500E-7	NaN	5.110500E-6	5.044170E-1	1.946855E+1
1.553220E+2	3.066700E+2	3.780611E+1	5.025770E+0	5.198500E-7	NaN	5.198500E-6	5.054036E-1	1.949919E+1
1.582840E+2	3.069500E+2	3.777162E+1	5.115598E+0	5.287600E-7	NaN	5.287600E-6	5.062919E-1	1.952591E+1
1.613380E+2	3.072200E+2	3.773843E+1	5.220610E+0	5.379700E-7	NaN	5.379700E-6	5.070453E-1	1.954725E+1
1.678650E+2	3.079100E+2	3.765386E+1	5.249326E+0	5.579800E-7	NaN	5.579800E-6	5.077430E-1	1.956637E+1
1.725140E+2	3.081600E+2	3.762331E+1	5.368797E+0	5.725700E-7	NaN	5.725700E-6	5.079462E-1	1.956422E+1
1.756470E+2	3.084200E+2	3.759160E+1	5.332379E+0	5.825800E-7	NaN	5.825800E-6	5.088093E-1	1.958798E+1
1.786370E+2	3.086800E+2	3.755993E+1	5.305950E+0	5.923000E-7	NaN	5.923000E-6	5.096443E-1	1.961085E+1
1.815800E+2	3.089500E+2	3.752711E+1	5.271919E+0	6.019100E-7	NaN	6.019100E-6	5.104066E-1	1.963107E+1
1.845900E+2	3.092100E+2	3.749555E+1	5.249316E+0	6.120500E-7	NaN	6.120500E-6	5.110443E-1	1.964657E+1
1.875800E+2	3.094600E+2	3.746526E+1	5.223620E+0	6.221400E-7	NaN	6.221400E-6	5.116435E-1	1.966071E+1
1.904420E+2	3.097200E+2	3.743381E+1	5.194066E+0	6.316900E-7	NaN	6.316900E-6	5.122230E-1	1.967425E+1
1.935260E+2	3.099800E+2	3.740241E+1	5.165972E+0	6.425800E-7	NaN	6.425800E-6	5.133491E-1	1.970596E+1
1.965740E+2	3.102300E+2	3.737227E+1	5.134275E+0	6.533200E-7	NaN	6.533200E-6	5.145144E-1	1.973883E+1
1.996410E+2	3.104900E+2	3.734098E+1	5.097004E+0	6.642600E-7	NaN	6.642600E-6	5.157290E-1	1.977325E+1
2.027240E+2	3.107500E+2	3.730973E+1	5.071326E+0	6.754600E-7	NaN	6.754600E-6	5.169393E-1	1.980707E+1
2.058370E+2	3.110200E+2	3.727735E+1	5.044327E+0	6.868800E-7	NaN	6.868800E-6	5.181978E-1	1.984221E+1
2.089000E+2	3.112800E+2	3.724621E+1	5.155864E+0	6.983400E-7	NaN	6.983400E-6	5.194378E-1	1.987605E+1
2.118840E+2	3.115300E+2	3.721632E+1	5.145264E+0	7.097900E-7	NaN	7.097900E-6	5.207319E-1	1.991131E+1
2.148970E+2	3.117900E+2	3.718528E+1	5.122630E+0	7.215000E-7	NaN	7.215000E-6	5.220367E-1	1.994641E+1
2.180500E+2	3.121300E+2	3.714478E+1	5.104299E+0	7.338400E-7	NaN	7.338400E-6	5.233033E-1	1.997942E+1
2.212580E+2	3.124000E+2	3.711268E+1	5.154580E+0	7.465300E-7	NaN	7.465300E-6	5.243350E-1	2.000242E+1
2.242990E+2	3.126600E+2	3.708181E+1	5.195048E+0	7.589900E-7	NaN	7.589900E-6	5.253369E-1	2.002363E+1
2.274010E+2	3.129300E+2	3.704982E+1	5.222525E+0	7.716600E-7	NaN	7.716600E-6	5.262667E-1	2.004159E+1
2.303150E+2	3.132000E+2	3.701788E+1	5.258991E+0	7.838100E-7	NaN	7.838100E-6	5.271088E-1	2.005566E+1
2.334130E+2	3.134700E+2	3.698600E+1	5.301122E+0	7.970600E-7	NaN	7.970600E-6	5.278000E-1	2.006350E+1
2.363970E+2	3.137300E+2	3.695534E+1	5.327659E+0	8.101600E-7	NaN	8.101600E-6	5.283551E-1	2.006582E+1
2.394410E+2	3.140000E+2	3.692357E+1	5.343874E+0	8.238300E-7	NaN	8.238300E-6	5.287958E-1	2.006358E+1
2.425180E+2	3.142700E+2	3.689184E+1	5.350939E+0	8.378700E-7	NaN	8.378700E-6	5.291253E-1	2.005698E+1
2.456030E+2	3.145400E+2	3.686018E+1	5.351234E+0	8.522400E-7	NaN	8.522400E-6	5.293197E-1	2.004523E+1
2.486260E+2	3.148100E+2	3.682856E+1	5.338837E+0	8.664300E-7	NaN	8.664300E-6	5.294285E-1	2.003025E+1
2.518230E+2	3.151000E+2	3.679467E+1	5.314027E+0	8.821200E-7	NaN	8.821200E-6	5.293423E-1	2.000815E+1
2.551020E+2	3.153600E+2	3.676433E+1	5.284448E+0	8.981800E-7	NaN	8.981800E-6	5.291581E-1	1.998247E+1
2.583160E+2	3.156300E+2	3.673288E+1	5.280921E+0	9.140500E-7	NaN	9.140500E-6	5.290564E-1	1.996017E+1
2.615860E+2	3.159900E+2	3.669103E+1	5.260892E+0	9.304300E-7	NaN	9.304300E-6	5.290006E-1	1.993986E+1
2.650530E+2	3.162500E+2	3.666087E+1	5.293549E+0	9.481800E-7	NaN	9.481800E-6	5.287044E-1	1.991027E+1
2.683450E+2	3.165200E+2	3.662960E+1	5.282492E+0	9.655100E-7	NaN	9.655100E-6	5.281974E-1	1.987369E+1
2.715030E+2	3.168600E+2	3.659029E+1	5.267731E+0	9.817700E-7	NaN	9.817700E-6	5.281363E-1	1.985362E+1
2.747120E+2	3.171400E+2	3.655799E+1	5.300013E+0	9.987600E-7	NaN	9.987600E-6	5.275022E-1	1.981252E+1
2.779310E+2	3.174000E+2	3.652804E+1	5.322650E+0	1.015940E-6	NaN	1.015940E-5	5.269376E-1	1.977424E+1
2.811980E+2	3.176600E+2	3.649814E+1	5.325190E+0	1.033420E-6	NaN	1.033420E-5	5.265225E-1	1.974178E+1
2.842590E+2	3.179100E+2	3.646944E+1	5.306028E+0	1.049840E-6	NaN	1.049840E-5	5.262426E-1	1.971463E+1
2.873690E+2	3.181700E+2	3.643964E+1	5.274265E+0	1.067070E-6	NaN	1.067070E-5	5.260654E-1	1.969149E+1
2.902630E+2	3.184300E+2	3.640989E+1	5.240171E+0	1.083310E-6	NaN	1.083310E-5	5.259285E-1	1.966997E+1
2.931870E+2	3.186800E+2	3.638132E+1	5.223077E+0	1.099740E-6	NaN	1.099740E-5	5.257953E-1	1.964870E+1
2.960990E+2	3.189400E+2	3.635166E+1	5.182286E+0	1.116000E-6	NaN	1.116000E-5	5.256952E-1	1.962874E+1
2.991550E+2	3.192100E+2	3.632092E+1	5.134869E+0	1.133600E-6	NaN	1.133600E-5	5.255119E-1	1.960577E+1
3.021260E+2	3.194700E+2	3.629136E+1	5.153941E+0	1.151090E-6	NaN	1.151090E-5	5.252823E-1	1.958107E+1
3.052130E+2	3.197300E+2	3.626185E+1	5.143647E+0	1.169470E-6	NaN	1.169470E-5	5.250653E-1	1.955684E+1
3.082150E+2	3.199900E+2	3.623238E+1	5.112727E+0	1.187420E-6	NaN	1.187420E-5	5.248692E-1	1.953338E+1
3.111430E+2	3.202400E+2	3.620410E+1	5.140259E+0	1.205210E-6	NaN	1.205210E-5	5.246923E-1	1.951059E+1
3.141400E+2	3.205000E+2	3.617473E+1	5.174546E+0	1.223670E-6	NaN	1.223670E-5	5.245384E-1	1.948864E+1
3.170880E+2	3.207500E+2	3.614653E+1	5.199987E+0	1.241970E-6	NaN	1.241970E-5	5.246687E-1	1.947677E+1
3.201900E+2	3.210100E+2	3.611725E+1	5.205198E+0	1.261720E-6	NaN	1.261720E-5	5.247871E-1	1.946437E+1
3.232590E+2	3.212800E+2	3.608690E+1	5.192376E+0	1.281940E-6	NaN	1.281940E-5	5.248750E-1	1.945082E+1
3.263240E+2	3.215500E+2	3.605660E+1	5.176155E+0	1.301780E-6	NaN	1.301780E-5	5.248874E-1	1.943443E+1
3.292830E+2	3.218100E+2	3.602747E+1	5.171758E+0	1.321230E-6	NaN	1.321230E-5	5.249482E-1	1.941967E+1
3.323480E+2	3.220700E+2	3.599839E+1	5.167696E+0	1.341930E-6	NaN	1.341930E-5	5.249812E-1	1.940379E+1
3.354580E+2	3.223300E+2	3.596935E+1	5.165926E+0	1.363430E-6	NaN	1.363430E-5	5.250387E-1	1.938879E+1
3.384480E+2	3.225900E+2	3.594036E+1	5.163160E+0	1.384320E-6	NaN	1.384320E-5	5.251293E-1	1.937488E+1
3.415120E+2	3.228500E+2	3.591141E+1	5.166936E+0	1.406130E-6	NaN	1.406130E-5	5.252299E-1	1.936122E+1
3.446390E+2	3.231100E+2	3.588252E+1	5.163604E+0	1.429240E-6	NaN	1.429240E-5	5.253325E-1	1.934757E+1
3.477270E+2	3.233900E+2	3.585145E+1	5.155358E+0	1.452120E-6	NaN	1.452120E-5	5.254700E-1	1.933515E+1
3.507510E+2	3.236700E+2	3.582043E+1	5.158244E+0	1.475480E-6	NaN	1.475480E-5	5.255219E-1	1.931948E+1
3.538310E+2	3.239500E+2	3.578947E+1	5.177652E+0	1.499360E-6	NaN	1.499360E-5	5.255451E-1	1.930258E+1
3.580360E+2	3.245000E+2	3.572881E+1	5.202399E+0	1.532960E-6	NaN	1.532960E-5	5.251230E-1	1.927126E+1
3.629180E+2	3.247700E+2	3.569911E+1	5.362099E+0	1.572620E-6	NaN	1.572620E-5	5.247059E-1	1.923870E+1
3.659040E+2	3.250300E+2	3.567055E+1	5.367184E+0	1.597190E-6	NaN	1.597190E-5	5.248697E-1	1.922769E+1
3.689030E+2	3.253000E+2	3.564095E+1	5.371062E+0	1.622310E-6	NaN	1.622310E-5	5.250570E-1	1.921764E+1
3.719800E+2	3.255600E+2	3.561248E+1	5.380407E+0	1.648380E-6	NaN	1.648380E-5	5.251851E-1	1.920552E+1
3.749960E+2	3.258500E+2	3.558079E+1	5.375236E+0	1.673560E-6	NaN	1.673560E-5	5.253709E-1	1.919562E+1
3.777920E+2	3.261100E+2	3.555242E+1	5.376801E+0	1.697070E-6	NaN	1.697070E-5	5.255003E-1	1.918352E+1
3.808370E+2	3.263700E+2	3.552410E+1	5.381352E+0	1.723440E-6	NaN	1.723440E-5	5.255098E-1	1.916714E+1
3.838110E+2	3.265400E+2	3.550560E+1	5.366856E+0	1.748430E-6	NaN	1.748430E-5	5.255808E-1	1.915307E+1
3.865730E+2	3.267900E+2	3.547844E+1	5.272115E+0	1.772770E-6	NaN	1.772770E-5	5.259360E-1	1.914975E+1
3.895910E+2	3.270500E+2	3.545024E+1	5.184904E+0	1.798620E-6	NaN	1.798620E-5	5.262720E-1	1.914576E+1
3.926260E+2	3.273000E+2	3.542316E+1	5.098493E+0	1.825290E-6	NaN	1.825290E-5	5.266037E-1	1.914159E+1
3.955730E+2	3.275500E+2	3.539612E+1	5.000028E+0	1.851360E-6	NaN	1.851360E-5	5.269445E-1	1.913782E+1
3.985700E+2	3.278200E+2	3.536697E+1	5.082560E+0	1.877870E-6	NaN	1.877870E-5	5.272913E-1	1.913427E+1
4.016350E+2	3.280700E+2	3.534002E+1	5.058169E+0	1.905220E-6	NaN	1.905220E-5	5.276105E-1	1.912957E+1
4.044450E+2	3.283200E+2	3.531311E+1	5.028550E+0	1.931370E-6	NaN	1.931370E-5	5.279495E-1	1.912559E+1
4.073470E+2	3.285700E+2	3.528624E+1	5.021029E+0	1.957880E-6	NaN	1.957880E-5	5.280154E-1	1.911212E+1
4.102330E+2	3.288200E+2	3.525941E+1	5.014994E+0	1.984720E-6	NaN	1.984720E-5	5.280627E-1	1.909803E+1
4.132570E+2	3.290700E+2	3.523263E+1	5.042984E+0	2.013860E-6	NaN	2.013860E-5	5.280967E-1	1.908346E+1
4.162290E+2	3.293300E+2	3.520481E+1	5.089942E+0	2.042830E-6	NaN	2.042830E-5	5.281362E-1	1.906916E+1
4.192220E+2	3.295900E+2	3.517704E+1	5.151336E+0	2.072070E-6	NaN	2.072070E-5	5.280843E-1	1.905160E+1
4.220960E+2	3.298600E+2	3.514824E+1	5.147575E+0	2.101500E-6	NaN	2.101500E-5	5.280030E-1	1.903299E+1
4.251370E+2	3.301200E+2	3.512056E+1	5.172453E+0	2.131500E-6	NaN	2.131500E-5	5.278694E-1	1.901241E+1
4.281870E+2	3.303800E+2	3.509292E+1	5.194574E+0	2.163300E-6	NaN	2.163300E-5	5.277103E-1	1.899094E+1
4.311290E+2	3.306400E+2	3.506533E+1	5.202706E+0	2.194300E-6	NaN	2.194300E-5	5.275724E-1	1.897025E+1
4.340780E+2	3.308100E+2	3.504731E+1	5.210026E+0	2.225400E-6	NaN	2.225400E-5	5.274340E-1	1.894954E+1
4.369020E+2	3.310700E+2	3.501978E+1	5.158654E+0	2.256300E-6	NaN	2.256300E-5	5.275288E-1	1.893761E+1
4.399190E+2	3.313300E+2	3.499230E+1	5.117771E+0	2.288900E-6	NaN	2.288900E-5	5.275832E-1	1.892427E+1
4.428930E+2	3.315900E+2	3.496487E+1	5.089466E+0	2.322000E-6	NaN	2.322000E-5	5.277451E-1	1.891468E+1
4.459250E+2	3.318500E+2	3.493747E+1	5.070516E+0	2.356200E-6	NaN	2.356200E-5	5.279564E-1	1.890681E+1
4.486570E+2	3.321200E+2	3.490907E+1	5.057761E+0	2.387100E-6	NaN	2.387100E-5	5.279236E-1	1.889063E+1
4.515330E+2	3.323800E+2	3.488176E+1	5.068110E+0	2.419900E-6	NaN	2.419900E-5	5.279540E-1	1.887656E+1
4.546090E+2	3.326400E+2	3.485450E+1	5.091571E+0	2.456100E-6	NaN	2.456100E-5	5.280410E-1	1.886447E+1
4.575630E+2	3.329000E+2	3.482728E+1	5.112585E+0	2.490700E-6	NaN	2.490700E-5	5.279204E-1	1.884534E+1
4.605620E+2	3.331700E+2	3.479905E+1	5.158779E+0	2.527100E-6	NaN	2.527100E-5	5.277831E-1	1.882569E+1
4.634840E+2	3.334400E+2	3.477087E+1	5.214660E+0	2.563200E-6	NaN	2.563200E-5	5.276969E-1	1.880780E+1
4.665040E+2	3.337100E+2	3.474274E+1	5.282221E+0	2.601600E-6	NaN	2.601600E-5	5.276506E-1	1.879127E+1
4.693900E+2	3.339100E+2	3.472193E+1	5.360363E+0	2.638700E-6	NaN	2.638700E-5	5.276483E-1	1.877620E+1
4.743350E+2	3.345500E+2	3.465551E+1	5.319575E+0	2.703000E-6	NaN	2.703000E-5	5.278614E-1	1.876904E+1
4.789980E+2	3.348100E+2	3.462860E+1	5.456827E+0	2.765300E-6	NaN	2.765300E-5	5.274143E-1	1.873681E+1
4.819070E+2	3.350700E+2	3.460173E+1	5.427396E+0	2.803400E-6	NaN	2.803400E-5	5.274812E-1	1.872306E+1
4.849720E+2	3.353300E+2	3.457490E+1	5.400478E+0	2.845700E-6	NaN	2.845700E-5	5.274668E-1	1.870650E+1
4.878440E+2	3.355800E+2	3.454914E+1	5.359698E+0	2.884100E-6	NaN	2.884100E-5	5.274692E-1	1.869067E+1
4.909070E+2	3.358500E+2	3.452136E+1	5.337991E+0	2.925700E-6	NaN	2.925700E-5	5.274454E-1	1.867400E+1
4.938450E+2	3.361000E+2	3.449569E+1	5.321897E+0	2.966200E-6	NaN	2.966200E-5	5.274202E-1	1.865729E+1
4.969370E+2	3.363500E+2	3.447005E+1	5.292321E+0	3.007600E-6	NaN	3.007600E-5	5.273901E-1	1.864050E+1
4.999620E+2	3.366100E+2	3.444342E+1	5.247313E+0	3.050300E-6	NaN	3.050300E-5	5.273771E-1	1.862437E+1
5.028840E+2	3.368500E+2	3.441888E+1	5.203026E+0	3.090800E-6	NaN	3.090800E-5	5.273499E-1	1.860777E+1
5.058230E+2	3.371100E+2	3.439233E+1	5.157677E+0	3.131800E-6	NaN	3.131800E-5	5.273343E-1	1.859163E+1
5.087740E+2	3.373600E+2	3.436685E+1	5.118711E+0	3.174200E-6	NaN	3.174200E-5	5.272912E-1	1.857452E+1
5.118500E+2	3.376100E+2	3.434140E+1	5.016997E+0	3.218300E-6	NaN	3.218300E-5	5.272427E-1	1.855731E+1
5.148310E+2	3.378000E+2	3.432208E+1	5.107624E+0	3.261700E-6	NaN	3.261700E-5	5.271779E-1	1.853962E+1
5.177290E+2	3.380400E+2	3.429772E+1	5.038172E+0	3.304600E-6	NaN	3.304600E-5	5.272606E-1	1.852742E+1
5.207430E+2	3.382900E+2	3.427237E+1	4.983203E+0	3.349500E-6	NaN	3.349500E-5	5.273601E-1	1.851583E+1
5.237420E+2	3.385500E+2	3.424605E+1	4.933579E+0	3.394900E-6	NaN	3.394900E-5	5.274952E-1	1.850547E+1
5.267440E+2	3.388000E+2	3.422078E+1	4.904079E+0	3.440400E-6	NaN	3.440400E-5	5.275948E-1	1.849381E+1
5.297100E+2	3.390600E+2	3.419454E+1	4.891146E+0	3.487000E-6	NaN	3.487000E-5	5.277106E-1	1.848268E+1
5.325850E+2	3.393100E+2	3.416934E+1	4.897866E+0	3.532000E-6	NaN	3.532000E-5	5.278666E-1	1.847287E+1
5.356880E+2	3.395700E+2	3.414318E+1	4.909656E+0	3.581900E-6	NaN	3.581900E-5	5.279619E-1	1.846098E+1
5.386400E+2	3.398400E+2	3.411605E+1	4.931684E+0	3.629300E-6	NaN	3.629300E-5	5.280425E-1	1.844861E+1
5.416700E+2	3.401000E+2	3.408997E+1	4.971313E+0	3.679600E-6	NaN	3.679600E-5	5.280341E-1	1.843311E+1
5.447250E+2	3.403600E+2	3.406393E+1	5.029140E+0	3.730800E-6	NaN	3.730800E-5	5.274144E-1	1.839760E+1
5.476130E+2	3.406200E+2	3.403793E+1	5.094545E+0	3.779200E-6	NaN	3.779200E-5	5.273867E-1	1.838268E+1
5.507340E+2	3.408700E+2	3.401297E+1	5.168057E+0	3.832400E-6	NaN	3.832400E-5	5.273351E-1	1.836695E+1
5.536320E+2	3.411300E+2	3.398704E+1	5.175988E+0	3.882900E-6	NaN	3.882900E-5	5.273300E-1	1.835297E+1
5.567140E+2	3.413800E+2	3.396215E+1	5.186409E+0	3.936200E-6	NaN	3.936200E-5	5.273462E-1	1.833974E+1
5.597810E+2	3.416500E+2	3.393531E+1	5.176447E+0	3.990400E-6	NaN	3.990400E-5	5.272972E-1	1.832447E+1
5.629610E+2	3.419100E+2	3.390951E+1	5.173690E+0	4.047500E-6	NaN	4.047500E-5	5.271545E-1	1.830597E+1
5.659260E+2	3.421700E+2	3.388374E+1	5.153060E+0	4.102100E-6	NaN	4.102100E-5	5.270720E-1	1.828962E+1
5.689360E+2	3.424400E+2	3.385703E+1	5.141606E+0	4.158200E-6	NaN	4.158200E-5	5.272618E-1	1.828234E+1
5.717800E+2	3.427000E+2	3.383134E+1	5.141743E+0	4.212800E-6	NaN	4.212800E-5	5.273969E-1	1.827311E+1
5.749870E+2	3.429700E+2	3.380471E+1	5.146822E+0	4.274800E-6	NaN	4.274800E-5	5.274832E-1	1.826220E+1
5.781960E+2	3.432400E+2	3.377811E+1	5.158498E+0	4.337900E-6	NaN	4.337900E-5	5.276363E-1	1.825355E+1
5.812950E+2	3.435000E+2	3.375255E+1	5.164479E+0	4.400300E-6	NaN	4.400300E-5	5.278280E-1	1.824619E+1
5.844300E+2	3.437700E+2	3.372604E+1	5.163157E+0	4.463200E-6	NaN	4.463200E-5	5.279982E-1	1.823816E+1
5.874600E+2	3.440500E+2	3.369859E+1	5.173180E+0	4.525500E-6	NaN	4.525500E-5	5.281975E-1	1.823107E+1
5.903510E+2	3.443100E+2	3.367314E+1	5.183705E+0	4.584500E-6	NaN	4.584500E-5	5.283257E-1	1.822143E+1
5.933620E+2	3.445700E+2	3.364773E+1	5.209388E+0	4.647200E-6	NaN	4.647200E-5	5.283925E-1	1.820966E+1
5.963280E+2	3.448200E+2	3.362334E+1	5.219542E+0	4.708800E-6	NaN	4.708800E-5	5.284367E-1	1.819710E+1
5.993070E+2	3.450800E+2	3.359801E+1	5.226335E+0	4.768900E-6	NaN	4.768900E-5	5.285265E-1	1.818611E+1
6.023920E+2	3.453400E+2	3.357271E+1	5.220219E+0	4.833500E-6	NaN	4.833500E-5	5.285500E-1	1.817284E+1
6.053970E+2	3.455800E+2	3.354940E+1	5.208468E+0	4.895700E-6	NaN	4.895700E-5	5.285519E-1	1.815884E+1
6.084210E+2	3.458300E+2	3.352514E+1	5.188098E+0	4.958100E-6	NaN	4.958100E-5	5.285115E-1	1.814353E+1
6.116320E+2	3.460900E+2	3.349996E+1	5.173367E+0	5.025800E-6	NaN	5.025800E-5	5.284308E-1	1.812688E+1
6.145880E+2	3.463300E+2	3.347674E+1	5.143361E+0	5.087600E-6	NaN	5.087600E-5	5.283756E-1	1.811112E+1
6.175570E+2	3.465800E+2	3.345259E+1	5.101508E+0	5.150700E-6	NaN	5.150700E-5	5.282918E-1	1.809444E+1
6.205520E+2	3.468100E+2	3.343041E+1	5.055356E+0	5.215000E-6	NaN	5.215000E-5	5.284776E-1	1.808659E+1
6.236510E+2	3.470500E+2	3.340729E+1	4.994356E+0	5.282400E-6	NaN	5.282400E-5	5.286640E-1	1.807883E+1
6.266600E+2	3.473000E+2	3.338324E+1	4.940314E+0	5.347700E-6	NaN	5.347700E-5	5.288830E-1	1.807220E+1
6.296040E+2	3.475500E+2	3.335923E+1	4.905025E+0	5.414000E-6	NaN	5.414000E-5	5.290722E-1	1.806450E+1
6.327250E+2	3.477900E+2	3.333621E+1	4.886277E+0	5.484200E-6	NaN	5.484200E-5	5.292544E-1	1.805652E+1
6.389190E+2	3.484000E+2	3.327784E+1	4.860328E+0	5.627400E-6	NaN	5.627400E-5	5.293529E-1	1.804576E+1
6.427400E+2	3.486500E+2	3.325398E+1	4.937419E+0	5.718400E-6	NaN	5.718400E-5	5.290725E-1	1.802076E+1
6.455120E+2	3.489000E+2	3.323015E+1	4.951233E+0	5.784900E-6	NaN	5.784900E-5	5.290489E-1	1.800465E+1
6.483150E+2	3.491500E+2	3.320636E+1	4.975034E+0	5.855100E-6	NaN	5.855100E-5	5.289341E-1	1.798547E+1
6.512750E+2	3.494100E+2	3.318165E+1	5.008847E+0	5.928400E-6	NaN	5.928400E-5	5.287612E-1	1.796441E+1
6.541770E+2	3.496700E+2	3.315698E+1	5.044479E+0	6.000600E-6	NaN	6.000600E-5	5.285026E-1	1.794051E+1
6.571100E+2	3.498400E+2	3.314086E+1	5.084705E+0	6.076300E-6	NaN	6.076300E-5	5.281859E-1	1.791469E+1
6.600760E+2	3.501200E+2	3.311436E+1	5.076757E+0	6.151800E-6	NaN	6.151800E-5	5.283493E-1	1.790522E+1
6.631330E+2	3.504600E+2	3.308223E+1	5.079538E+0	6.233800E-6	NaN	6.233800E-5	5.276749E-1	1.786894E+1
6.662910E+2	3.507200E+2	3.305771E+1	5.121370E+0	6.315500E-6	NaN	6.315500E-5	5.273104E-1	1.784279E+1
6.694410E+2	3.509700E+2	3.303416E+1	5.149260E+0	6.400400E-6	NaN	6.400400E-5	5.269261E-1	1.781611E+1
6.725730E+2	3.512200E+2	3.301065E+1	5.160837E+0	6.483800E-6	NaN	6.483800E-5	5.266618E-1	1.779363E+1
6.756070E+2	3.514800E+2	3.298623E+1	5.129869E+0	6.564400E-6	NaN	6.564400E-5	5.264252E-1	1.777221E+1
6.787690E+2	3.517300E+2	3.296278E+1	5.171951E+0	6.652400E-6	NaN	6.652400E-5	5.261372E-1	1.774919E+1
6.818020E+2	3.520100E+2	3.293656E+1	5.135500E+0	6.738000E-6	NaN	6.738000E-5	5.259265E-1	1.772889E+1
6.849110E+2	3.522700E+2	3.291225E+1	5.127251E+0	6.824900E-6	NaN	6.824900E-5	5.256735E-1	1.770714E+1
6.879320E+2	3.525300E+2	3.288798E+1	5.122759E+0	6.914100E-6	NaN	6.914100E-5	5.254287E-1	1.768576E+1
6.910360E+2	3.528000E+2	3.286281E+1	5.126828E+0	7.004800E-6	NaN	7.004800E-5	5.252161E-1	1.766548E+1
6.941270E+2	3.530600E+2	3.283861E+1	5.146582E+0	7.097300E-6	NaN	7.097300E-5	5.249394E-1	1.764312E+1
6.970310E+2	3.533200E+2	3.281445E+1	5.095308E+0	7.185200E-6	NaN	7.185200E-5	5.246890E-1	1.762171E+1
7.000050E+2	3.535800E+2	3.279032E+1	5.067838E+0	7.276400E-6	NaN	7.276400E-5	5.244382E-1	1.760033E+1
7.030330E+2	3.538400E+2	3.276622E+1	5.108981E+0	7.367300E-6	NaN	7.367300E-5	5.243938E-1	1.758565E+1
7.061410E+2	3.540900E+2	3.274309E+1	5.147048E+0	7.462600E-6	NaN	7.462600E-5	5.243566E-1	1.757118E+1
7.092240E+2	3.543500E+2	3.271906E+1	5.159119E+0	7.558600E-6	NaN	7.558600E-5	5.243815E-1	1.755884E+1
7.119800E+2	3.546100E+2	3.269507E+1	5.154859E+0	7.642600E-6	NaN	7.642600E-5	5.243972E-1	1.754624E+1
7.149440E+2	3.548600E+2	3.267204E+1	5.170223E+0	7.733100E-6	NaN	7.733100E-5	5.243215E-1	1.753055E+1
7.178740E+2	3.551100E+2	3.264904E+1	5.161810E+0	7.826300E-6	NaN	7.826300E-5	5.242100E-1	1.751374E+1
7.209350E+2	3.553500E+2	3.262699E+1	5.166687E+0	7.921100E-6	NaN	7.921100E-5	5.240710E-1	1.749604E+1
7.239040E+2	3.556000E+2	3.260405E+1	5.147250E+0	8.013500E-6	NaN	8.013500E-5	5.239860E-1	1.748023E+1
7.269220E+2	3.557600E+2	3.258939E+1	5.126234E+0	8.109300E-6	NaN	8.109300E-5	5.238040E-1	1.746129E+1
7.297140E+2	3.560000E+2	3.256742E+1	5.034147E+0	8.198900E-6	NaN	8.198900E-5	5.238908E-1	1.745168E+1
7.326560E+2	3.563500E+2	3.253543E+1	4.954546E+0	8.292700E-6	NaN	8.292700E-5	5.239484E-1	1.744114E+1
7.358410E+2	3.565900E+2	3.251353E+1	4.975366E+0	8.396400E-6	NaN	8.396400E-5	5.236102E-1	1.741708E+1
7.388900E+2	3.568400E+2	3.249075E+1	4.979538E+0	8.496400E-6	NaN	8.496400E-5	5.233949E-1	1.739714E+1
7.419630E+2	3.570800E+2	3.246891E+1	4.984331E+0	8.597500E-6	NaN	8.597500E-5	5.231412E-1	1.737599E+1
7.451520E+2	3.573300E+2	3.244620E+1	4.966748E+0	8.704400E-6	NaN	8.704400E-5	5.229529E-1	1.735703E+1
7.482460E+2	3.575800E+2	3.242351E+1	4.939636E+0	8.811900E-6	NaN	8.811900E-5	5.227680E-1	1.733826E+1
7.512130E+2	3.578300E+2	3.240086E+1	4.935800E+0	8.913400E-6	NaN	8.913400E-5	5.226544E-1	1.732188E+1
7.541650E+2	3.581000E+2	3.237643E+1	4.943939E+0	9.018700E-6	NaN	9.018700E-5	5.225075E-1	1.730440E+1
7.573090E+2	3.583600E+2	3.235294E+1	4.982557E+0	9.129700E-6	NaN	9.129700E-5	5.222651E-1	1.728376E+1
7.602850E+2	3.586100E+2	3.233039E+1	5.010640E+0	9.237600E-6	NaN	9.237600E-5	5.219904E-1	1.726204E+1
7.632510E+2	3.588600E+2	3.230786E+1	5.045147E+0	9.345600E-6	NaN	9.345600E-5	5.217579E-1	1.724178E+1
7.661080E+2	3.591100E+2	3.228537E+1	5.004054E+0	9.451000E-6	NaN	9.451000E-5	5.215672E-1	1.722294E+1
7.691290E+2	3.593700E+2	3.226201E+1	4.967525E+0	9.564600E-6	NaN	9.564600E-5	5.214068E-1	1.720510E+1
7.721580E+2	3.596200E+2	3.223959E+1	5.021172E+0	9.679200E-6	NaN	9.679200E-5	5.212575E-1	1.718764E+1
7.753260E+2	3.598600E+2	3.221808E+1	5.053152E+0	9.796900E-6	NaN	9.796900E-5	5.210922E-1	1.716975E+1
7.782250E+2	3.600400E+2	3.220198E+1	5.062666E+0	9.909500E-6	NaN	9.909500E-5	5.209614E-1	1.715308E+1
7.812120E+2	3.603900E+2	3.217070E+1	5.012547E+0	1.002510E-5	NaN	1.002510E-4	5.210480E-1	1.714382E+1
7.845350E+2	3.606400E+2	3.214840E+1	5.034141E+0	1.015440E-5	NaN	1.015440E-4	5.208520E-1	1.712484E+1
7.876340E+2	3.609000E+2	3.212524E+1	5.020177E+0	1.027610E-5	NaN	1.027610E-4	5.206990E-1	1.710733E+1
7.908700E+2	3.611600E+2	3.210212E+1	5.005235E+0	1.040890E-5	NaN	1.040890E-4	5.205532E-1	1.709004E+1
7.936990E+2	3.614100E+2	3.207991E+1	4.999638E+0	1.052520E-5	NaN	1.052520E-4	5.205044E-1	1.707584E+1
7.967490E+2	3.616800E+2	3.205596E+1	5.003041E+0	1.065420E-5	NaN	1.065420E-4	5.204259E-1	1.706064E+1
8.032780E+2	3.624000E+2	3.199227E+1	5.017661E+0	1.093560E-5	NaN	1.093560E-4	5.203597E-1	1.704576E+1
8.081690E+2	3.626600E+2	3.196934E+1	5.173564E+0	1.115060E-5	NaN	1.115060E-4	5.198007E-1	1.701307E+1
8.112160E+2	3.629100E+2	3.194731E+1	5.173734E+0	1.128560E-5	NaN	1.128560E-4	5.197749E-1	1.699805E+1
8.143960E+2	3.631700E+2	3.192444E+1	5.174823E+0	1.142740E-5	NaN	1.142740E-4	5.198514E-1	1.698636E+1
8.174680E+2	3.635000E+2	3.189546E+1	5.170001E+0	1.156020E-5	NaN	1.156020E-4	5.200288E-1	1.697794E+1
8.205970E+2	3.636700E+2	3.188055E+1	5.194198E+0	1.169880E-5	NaN	1.169880E-4	5.199400E-1	1.696054E+1
8.235060E+2	3.639300E+2	3.185777E+1	5.110880E+0	1.182630E-5	NaN	1.182630E-4	5.201397E-1	1.695294E+1
8.262320E+2	3.641800E+2	3.183591E+1	5.099276E+0	1.194840E-5	NaN	1.194840E-4	5.203344E-1	1.694506E+1
8.292920E+2	3.644200E+2	3.181494E+1	5.081113E+0	1.208380E-5	NaN	1.208380E-4	5.201190E-1	1.692519E+1
8.323130E+2	3.646700E+2	3.179313E+1	5.047287E+0	1.221600E-5	NaN	1.221600E-4	5.201820E-1	1.691445E+1
8.354300E+2	3.649100E+2	3.177222E+1	4.994820E+0	1.235620E-5	NaN	1.235620E-4	5.201540E-1	1.690085E+1
8.384340E+2	3.651400E+2	3.175220E+1	4.924261E+0	1.249290E-5	NaN	1.249290E-4	5.201404E-1	1.688783E+1
8.413610E+2	3.653800E+2	3.173135E+1	4.831829E+0	1.262240E-5	NaN	1.262240E-4	5.201361E-1	1.687530E+1
8.442870E+2	3.656300E+2	3.170965E+1	4.917974E+0	1.275740E-5	NaN	1.275740E-4	5.200385E-1	1.685986E+1
8.474110E+2	3.658900E+2	3.168712E+1	4.897846E+0	1.290140E-5	NaN	1.290140E-4	5.201906E-1	1.685222E+1
8.506030E+2	3.661300E+2	3.166635E+1	4.879474E+0	1.304880E-5	NaN	1.304880E-4	5.202113E-1	1.684042E+1
8.536850E+2	3.663800E+2	3.164474E+1	4.842280E+0	1.319780E-5	NaN	1.319780E-4	5.200255E-1	1.682238E+1
8.566150E+2	3.666300E+2	3.162316E+1	4.875291E+0	1.333620E-5	NaN	1.333620E-4	5.198610E-1	1.680512E+1
8.596510E+2	3.668800E+2	3.160161E+1	4.850585E+0	1.348660E-5	NaN	1.348660E-4	5.197163E-1	1.678851E+1
8.628470E+2	3.671300E+2	3.158009E+1	4.844949E+0	1.364630E-5	NaN	1.364630E-4	5.196225E-1	1.677358E+1
8.659850E+2	3.674700E+2	3.155087E+1	4.855451E+0	1.380390E-5	NaN	1.380390E-4	5.195441E-1	1.675923E+1
8.691920E+2	3.677100E+2	3.153028E+1	4.926423E+0	1.396800E-5	NaN	1.396800E-4	5.192901E-1	1.673893E+1
8.723090E+2	3.679800E+2	3.150715E+1	4.975621E+0	1.412960E-5	NaN	1.412960E-4	5.190616E-1	1.671966E+1
8.754670E+2	3.682200E+2	3.148661E+1	5.018845E+0	1.429290E-5	NaN	1.429290E-4	5.188143E-1	1.669981E+1
8.785580E+2	3.684800E+2	3.146439E+1	5.026767E+0	1.445560E-5	NaN	1.445560E-4	5.186555E-1	1.668293E+1
8.817310E+2	3.687300E+2	3.144306E+1	5.033943E+0	1.462620E-5	NaN	1.462620E-4	5.184825E-1	1.666568E+1
8.846070E+2	3.689800E+2	3.142176E+1	5.035832E+0	1.478080E-5	NaN	1.478080E-4	5.183975E-1	1.665133E+1
8.879060E+2	3.692300E+2	3.140048E+1	5.048049E+0	1.495830E-5	NaN	1.495830E-4	5.182615E-1	1.663542E+1
8.909670E+2	3.694800E+2	3.137924E+1	5.020206E+0	1.512690E-5	NaN	1.512690E-4	5.181962E-1	1.662187E+1
8.940980E+2	3.697400E+2	3.135717E+1	4.984165E+0	1.530000E-5	NaN	1.530000E-4	5.181383E-1	1.660862E+1
8.969880E+2	3.699900E+2	3.133598E+1	4.953284E+0	1.546060E-5	NaN	1.546060E-4	5.181368E-1	1.659717E+1
9.000220E+2	3.702500E+2	3.131398E+1	4.927796E+0	1.563400E-5	NaN	1.563400E-4	5.181233E-1	1.658538E+1
9.031320E+2	3.705100E+2	3.129200E+1	4.892947E+0	1.581320E-5	NaN	1.581320E-4	5.179959E-1	1.656999E+1
9.062080E+2	3.707700E+2	3.127006E+1	4.925476E+0	1.599560E-5	NaN	1.599560E-4	5.178568E-1	1.655424E+1
9.091380E+2	3.710400E+2	3.124730E+1	4.944403E+0	1.617340E-5	NaN	1.617340E-4	5.177277E-1	1.653881E+1
9.120450E+2	3.713000E+2	3.122542E+1	4.995270E+0	1.635330E-5	NaN	1.635330E-4	5.175914E-1	1.652307E+1
9.149750E+2	3.715600E+2	3.120357E+1	5.040324E+0	1.653100E-5	NaN	1.653100E-4	5.174170E-1	1.650611E+1
9.178980E+2	3.718400E+2	3.118008E+1	5.095820E+0	1.671440E-5	NaN	1.671440E-4	5.175244E-1	1.649777E+1
9.208610E+2	3.721000E+2	3.115829E+1	5.160111E+0	1.689900E-5	NaN	1.689900E-4	5.175387E-1	1.648631E+1
9.240000E+2	3.723600E+2	3.113653E+1	5.232696E+0	1.709390E-5	NaN	1.709390E-4	5.171625E-1	1.646278E+1
9.271670E+2	3.726100E+2	3.111564E+1	5.266505E+0	1.729610E-5	NaN	1.729610E-4	5.168812E-1	1.644223E+1
9.302560E+2	3.728700E+2	3.109395E+1	5.266768E+0	1.748690E-5	NaN	1.748690E-4	5.166717E-1	1.642400E+1
9.332460E+2	3.731100E+2	3.107395E+1	5.251396E+0	1.767330E-5	NaN	1.767330E-4	5.164839E-1	1.640639E+1
9.365110E+2	3.733500E+2	3.105397E+1	5.221666E+0	1.787580E-5	NaN	1.787580E-4	5.163611E-1	1.639086E+1
9.394610E+2	3.736000E+2	3.103319E+1	5.158952E+0	1.805930E-5	NaN	1.805930E-4	5.163555E-1	1.637908E+1
9.424180E+2	3.738600E+2	3.101161E+1	5.093441E+0	1.824130E-5	NaN	1.824130E-4	5.162949E-1	1.636552E+1
9.454710E+2	3.740900E+2	3.099254E+1	5.034272E+0	1.843300E-5	NaN	1.843300E-4	5.160897E-1	1.634738E+1
9.484020E+2	3.743400E+2	3.097184E+1	4.970204E+0	1.861710E-5	NaN	1.861710E-4	5.159341E-1	1.633089E+1
9.513680E+2	3.745700E+2	3.095283E+1	4.923232E+0	1.880260E-5	NaN	1.880260E-4	5.157317E-1	1.631287E+1
9.544490E+2	3.748100E+2	3.093301E+1	4.875555E+0	1.899690E-5	NaN	1.899690E-4	5.155349E-1	1.629505E+1
9.573380E+2	3.750500E+2	3.091321E+1	4.850310E+0	1.918290E-5	NaN	1.918290E-4	5.153090E-1	1.627631E+1
9.603200E+2	3.752900E+2	3.089344E+1	4.846064E+0	1.937700E-5	NaN	1.937700E-4	5.150379E-1	1.625614E+1
9.634560E+2	3.755400E+2	3.087288E+1	4.846508E+0	1.958510E-5	NaN	1.958510E-4	5.147801E-1	1.623635E+1
9.666320E+2	3.758000E+2	3.085152E+1	4.839585E+0	1.980180E-5	NaN	1.980180E-4	5.146036E-1	1.621901E+1
9.697750E+2	3.760500E+2	3.083101E+1	4.845087E+0	2.001650E-5	NaN	2.001650E-4	5.146787E-1	1.620919E+1
9.728880E+2	3.763100E+2	3.080970E+1	4.847342E+0	2.023090E-5	NaN	2.023090E-4	5.144116E-1	1.618892E+1
9.757880E+2	3.765600E+2	3.078925E+1	4.836424E+0	2.043870E-5	NaN	2.043870E-4	5.142220E-1	1.617094E+1
9.787310E+2	3.768100E+2	3.076882E+1	4.844961E+0	2.064770E-5	NaN	2.064770E-4	5.140053E-1	1.615205E+1
9.818950E+2	3.771500E+2	3.074108E+1	4.877880E+0	2.087670E-5	NaN	2.087670E-4	5.138380E-1	1.613464E+1
9.850520E+2	3.773200E+2	3.072723E+1	4.957448E+0	2.110300E-5	NaN	2.110300E-4	5.134005E-1	1.610836E+1
9.879170E+2	3.775700E+2	3.070689E+1	4.967840E+0	2.131100E-5	NaN	2.131100E-4	5.132307E-1	1.609075E+1
9.910150E+2	3.778400E+2	3.068495E+1	4.981668E+0	2.154400E-5	NaN	2.154400E-4	5.124886E-1	1.605677E+1
9.939930E+2	3.780900E+2	3.066466E+1	4.995752E+0	2.176700E-5	NaN	2.176700E-4	5.123099E-1	1.604032E+1
9.970550E+2	3.783400E+2	3.064439E+1	5.013052E+0	2.199700E-5	NaN	2.199700E-4	5.121817E-1	1.602547E+1
1.000195E+3	3.785900E+2	3.062416E+1	5.021062E+0	2.223500E-5	NaN	2.223500E-4	5.121250E-1	1.601289E+1
1.003069E+3	3.788300E+2	3.060476E+1	5.011429E+0	2.245200E-5	NaN	2.245200E-4	5.118394E-1	1.599348E+1
1.006136E+3	3.790800E+2	3.058457E+1	4.999597E+0	2.268800E-5	NaN	2.268800E-4	5.118684E-1	1.598365E+1
1.009248E+3	3.794200E+2	3.055717E+1	4.973643E+0	2.292700E-5	NaN	2.292700E-4	5.118441E-1	1.597220E+1
1.012513E+3	3.797000E+2	3.053463E+1	5.009802E+0	2.318500E-5	NaN	2.318500E-4	5.114753E-1	1.594975E+1
1.015532E+3	3.799700E+2	3.051294E+1	5.048503E+0	2.343200E-5	NaN	2.343200E-4	5.111288E-1	1.592791E+1
1.018525E+3	3.802200E+2	3.049287E+1	5.094194E+0	2.368500E-5	NaN	2.368500E-4	5.107289E-1	1.590440E+1
1.021549E+3	3.804900E+2	3.047123E+1	5.195033E+0	2.393800E-5	NaN	2.393800E-4	5.104315E-1	1.588411E+1
1.024559E+3	3.807500E+2	3.045043E+1	5.223528E+0	2.419000E-5	NaN	2.419000E-4	5.101705E-1	1.586485E+1
1.027623E+3	3.810100E+2	3.042965E+1	5.252040E+0	2.445200E-5	NaN	2.445200E-4	5.098792E-1	1.584464E+1
1.030709E+3	3.812700E+2	3.040890E+1	5.277033E+0	2.471300E-5	NaN	2.471300E-4	5.095731E-1	1.582400E+1
1.033816E+3	3.815200E+2	3.038897E+1	5.289744E+0	2.498100E-5	NaN	2.498100E-4	5.092525E-1	1.580295E+1
1.036886E+3	3.817900E+2	3.036748E+1	5.274402E+0	2.524200E-5	NaN	2.524200E-4	5.090467E-1	1.578548E+1
1.039960E+3	3.820400E+2	3.034761E+1	5.243152E+0	2.550200E-5	NaN	2.550200E-4	5.088289E-1	1.576759E+1
1.043180E+3	3.822800E+2	3.032855E+1	5.188627E+0	2.577800E-5	NaN	2.577800E-4	5.085797E-1	1.574877E+1
1.046171E+3	3.825200E+2	3.030953E+1	5.088359E+0	2.602400E-5	NaN	2.602400E-4	5.084351E-1	1.573326E+1
1.049241E+3	3.827600E+2	3.029052E+1	5.038081E+0	2.628600E-5	NaN	2.628600E-4	5.083433E-1	1.571941E+1
1.052135E+3	3.830000E+2	3.027154E+1	4.980130E+0	2.653000E-5	NaN	2.653000E-4	5.080044E-1	1.569831E+1
1.055217E+3	3.832400E+2	3.025258E+1	4.938005E+0	2.679100E-5	NaN	2.679100E-4	5.077338E-1	1.567931E+1
1.058210E+3	3.834800E+2	3.023365E+1	4.886374E+0	2.704600E-5	NaN	2.704600E-4	5.074490E-1	1.566000E+1
1.061323E+3	3.837400E+2	3.021317E+1	4.848436E+0	2.731400E-5	NaN	2.731400E-4	5.072318E-1	1.564279E+1
1.064235E+3	3.839900E+2	3.019349E+1	4.827702E+0	2.756700E-5	NaN	2.756700E-4	5.069708E-1	1.562424E+1
1.067312E+3	3.842300E+2	3.017463E+1	4.826263E+0	2.784300E-5	NaN	2.784300E-4	5.067207E-1	1.560603E+1
1.070370E+3	3.844700E+2	3.015580E+1	4.824974E+0	2.811200E-5	NaN	2.811200E-4	5.064761E-1	1.558804E+1
1.073492E+3	3.847200E+2	3.013620E+1	4.817040E+0	2.839500E-5	NaN	2.839500E-4	5.063279E-1	1.557305E+1
1.076299E+3	3.849800E+2	3.011585E+1	4.827782E+0	2.865100E-5	NaN	2.865100E-4	5.062219E-1	1.555936E+1
1.079419E+3	3.852300E+2	3.009631E+1	4.869109E+0	2.894500E-5	NaN	2.894500E-4	5.060279E-1	1.554295E+1
1.082497E+3	3.854800E+2	3.007679E+1	4.890118E+0	2.923200E-5	NaN	2.923200E-4	5.058366E-1	1.552665E+1
1.085565E+3	3.857500E+2	3.005574E+1	4.907545E+0	2.952500E-5	NaN	2.952500E-4	5.056457E-1	1.551040E+1
1.088579E+3	3.860000E+2	3.003627E+1	4.931003E+0	2.981400E-5	NaN	2.981400E-4	5.054243E-1	1.549319E+1
1.091501E+3	3.862400E+2	3.001761E+1	4.957460E+0	3.010000E-5	NaN	3.010000E-4	5.052271E-1	1.547677E+1
1.094463E+3	3.865000E+2	2.999741E+1	4.971145E+0	3.039000E-5	NaN	3.039000E-4	5.050034E-1	1.545965E+1
1.097574E+3	3.867400E+2	2.997880E+1	4.989631E+0	3.069200E-5	NaN	3.069200E-4	5.047314E-1	1.544106E+1
1.100529E+3	3.869900E+2	2.995943E+1	4.994222E+0	3.098300E-5	NaN	3.098300E-4	5.044792E-1	1.542317E+1
1.103479E+3	3.872400E+2	2.994009E+1	5.011319E+0	3.127300E-5	NaN	3.127300E-4	5.041293E-1	1.540241E+1
1.106366E+3	3.874900E+2	2.992077E+1	5.020176E+0	3.156300E-5	NaN	3.156300E-4	5.037393E-1	1.538049E+1
1.109396E+3	3.877500E+2	2.990071E+1	5.023323E+0	3.186900E-5	NaN	3.186900E-4	5.033462E-1	1.535852E+1
1.112328E+3	3.880000E+2	2.988144E+1	5.020137E+0	3.216600E-5	NaN	3.216600E-4	5.030165E-1	1.533847E+1
1.115399E+3	3.881600E+2	2.986913E+1	5.039942E+0	3.247800E-5	NaN	3.247800E-4	5.026579E-1	1.531759E+1
1.118243E+3	3.884200E+2	2.984913E+1	4.973779E+0	3.277100E-5	NaN	3.277100E-4	5.026168E-1	1.530666E+1
1.121135E+3	3.886600E+2	2.983070E+1	4.928941E+0	3.306900E-5	NaN	3.306900E-4	5.025974E-1	1.529630E+1
1.123951E+3	3.889200E+2	2.981076E+1	4.901828E+0	3.336400E-5	NaN	3.336400E-4	5.025402E-1	1.528482E+1
1.126967E+3	3.891800E+2	2.979084E+1	4.900569E+0	3.368800E-5	NaN	3.368800E-4	5.023218E-1	1.526843E+1
1.129879E+3	3.894500E+2	2.977019E+1	4.906807E+0	3.401600E-5	NaN	3.401600E-4	5.021476E-1	1.525330E+1
1.132969E+3	3.897100E+2	2.975033E+1	4.949043E+0	3.436100E-5	NaN	3.436100E-4	5.018802E-1	1.523529E+1
1.135906E+3	3.899900E+2	2.972897E+1	4.976185E+0	3.469600E-5	NaN	3.469600E-4	5.016531E-1	1.521844E+1
1.138835E+3	3.902500E+2	2.970916E+1	5.031548E+0	3.503400E-5	NaN	3.503400E-4	5.013727E-1	1.519985E+1
1.141777E+3	3.905100E+2	2.968938E+1	5.095710E+0	3.537600E-5	NaN	3.537600E-4	5.010593E-1	1.518023E+1
1.144741E+3	3.907700E+2	2.966963E+1	5.171382E+0	3.572000E-5	NaN	3.572000E-4	5.007446E-1	1.516052E+1
1.147698E+3	3.910300E+2	2.964990E+1	5.253854E+0	3.605800E-5	NaN	3.605800E-4	5.004464E-1	1.514129E+1
1.150712E+3	3.912800E+2	2.963095E+1	5.341405E+0	3.640900E-5	NaN	3.640900E-4	5.001402E-1	1.512182E+1
1.153625E+3	3.915200E+2	2.961279E+1	5.326519E+0	3.673600E-5	NaN	3.673600E-4	4.999001E-1	1.510436E+1
1.156861E+3	3.917800E+2	2.959314E+1	5.306306E+0	3.710600E-5	NaN	3.710600E-4	4.996527E-1	1.508674E+1
1.159796E+3	3.920300E+2	2.957427E+1	5.255252E+0	3.743600E-5	NaN	3.743600E-4	4.994243E-1	1.506968E+1
1.162961E+3	3.922700E+2	2.955617E+1	5.212695E+0	3.778700E-5	NaN	3.778700E-4	4.991480E-1	1.505118E+1
1.166045E+3	3.925100E+2	2.953810E+1	5.141897E+0	3.814000E-5	NaN	3.814000E-4	4.986541E-1	1.502647E+1
1.169088E+3	3.927500E+2	2.952005E+1	5.070772E+0	3.847600E-5	NaN	3.847600E-4	4.985129E-1	1.501214E+1
1.172111E+3	3.929900E+2	2.950202E+1	4.986347E+0	3.881500E-5	NaN	3.881500E-4	4.983252E-1	1.499645E+1
1.174923E+3	3.932300E+2	2.948402E+1	4.921324E+0	3.914500E-5	NaN	3.914500E-4	4.981154E-1	1.498016E+1
1.177936E+3	3.934700E+2	2.946603E+1	4.877424E+0	3.949200E-5	NaN	3.949200E-4	4.978813E-1	1.496316E+1
1.180961E+3	3.937200E+2	2.944732E+1	4.841912E+0	3.983900E-5	NaN	3.983900E-4	4.976755E-1	1.494702E+1
1.184008E+3	3.939800E+2	2.942789E+1	4.823536E+0	4.020700E-5	NaN	4.020700E-4	4.974869E-1	1.493136E+1
1.186978E+3	3.942200E+2	2.940997E+1	4.831233E+0	4.055700E-5	NaN	4.055700E-4	4.972693E-1	1.491477E+1
1.189960E+3	3.944800E+2	2.939059E+1	4.842569E+0	4.092200E-5	NaN	4.092200E-4	4.970754E-1	1.489889E+1
1.192944E+3	3.947200E+2	2.937272E+1	4.871505E+0	4.128700E-5	NaN	4.128700E-4	4.965494E-1	1.487333E+1
1.196079E+3	3.949700E+2	2.935413E+1	4.895026E+0	4.167700E-5	NaN	4.167700E-4	4.960222E-1	1.484787E+1
1.199187E+3	3.952300E+2	2.933482E+1	4.924616E+0	4.206500E-5	NaN	4.206500E-4	4.954913E-1	1.482240E+1
1.202254E+3	3.954900E+2	2.931553E+1	4.945076E+0	4.245300E-5	NaN	4.245300E-4	4.949990E-1	1.479806E+1
1.205413E+3	3.957400E+2	2.929701E+1	4.961634E+0	4.285500E-5	NaN	4.285500E-4	4.944634E-1	1.477250E+1
1.208341E+3	3.960100E+2	2.927704E+1	4.960862E+0	4.323100E-5	NaN	4.323100E-4	4.939610E-1	1.474800E+1
1.211481E+3	3.962600E+2	2.925857E+1	4.974391E+0	4.363600E-5	NaN	4.363600E-4	4.934004E-1	1.472177E+1
1.214398E+3	3.965100E+2	2.924012E+1	4.983830E+0	4.401800E-5	NaN	4.401800E-4	4.928872E-1	1.469702E+1
1.217464E+3	3.967600E+2	2.922170E+1	4.990793E+0	4.441500E-5	NaN	4.441500E-4	4.924226E-1	1.467374E+1
1.220279E+3	3.970100E+2	2.920329E+1	4.991550E+0	4.478400E-5	NaN	4.478400E-4	4.919306E-1	1.464976E+1
1.223553E+3	3.972500E+2	2.918565E+1	5.009470E+0	4.520900E-5	NaN	4.520900E-4	4.914096E-1	1.462494E+1
1.226570E+3	3.975000E+2	2.916730E+1	4.995004E+0	4.560500E-5	NaN	4.560500E-4	4.910762E-1	1.460574E+1
1.229556E+3	3.977600E+2	2.914823E+1	4.992266E+0	4.600400E-5	NaN	4.600400E-4	4.907290E-1	1.458615E+1
1.232526E+3	3.980100E+2	2.912992E+1	4.994460E+0	4.639200E-5	NaN	4.639200E-4	4.903863E-1	1.456665E+1
1.235660E+3	3.982500E+2	2.911237E+1	4.989884E+0	4.681500E-5	NaN	4.681500E-4	4.899882E-1	1.454551E+1
1.238652E+3	3.985100E+2	2.909337E+1	4.969667E+0	4.723300E-5	NaN	4.723300E-4	4.896761E-1	1.452696E+1
1.241815E+3	3.987800E+2	2.907367E+1	4.964290E+0	4.768400E-5	NaN	4.768400E-4	4.893461E-1	1.450786E+1
1.244716E+3	3.990400E+2	2.905473E+1	4.954001E+0	4.810700E-5	NaN	4.810700E-4	4.889897E-1	1.448798E+1
1.247868E+3	3.993100E+2	2.903509E+1	4.979783E+0	4.856600E-5	NaN	4.856600E-4	4.885591E-1	1.446593E+1
1.250867E+3	3.995700E+2	2.901619E+1	5.000944E+0	4.901400E-5	NaN	4.901400E-4	4.881843E-1	1.444548E+1
1.253841E+3	3.998500E+2	2.899587E+1	5.033326E+0	4.945100E-5	NaN	4.945100E-4	4.878425E-1	1.442600E+1
1.256968E+3	4.001200E+2	2.897631E+1	5.082095E+0	4.992200E-5	NaN	4.992200E-4	4.874513E-1	1.440500E+1
1.259940E+3	4.003700E+2	2.895821E+1	5.144560E+0	5.036900E-5	NaN	5.036900E-4	4.869715E-1	1.438143E+1
1.262906E+3	4.006200E+2	2.894014E+1	5.171426E+0	5.080700E-5	NaN	5.080700E-4	4.865618E-1	1.435998E+1
1.265954E+3	4.008700E+2	2.892209E+1	5.187276E+0	5.125600E-5	NaN	5.125600E-4	4.861728E-1	1.433919E+1
1.268919E+3	4.011200E+2	2.890407E+1	5.197596E+0	5.168100E-5	NaN	5.168100E-4	4.857619E-1	1.431786E+1
1.271942E+3	4.013600E+2	2.888678E+1	5.202295E+0	5.212200E-5	NaN	5.212200E-4	4.853305E-1	1.429596E+1
1.274942E+3	4.016100E+2	2.886880E+1	5.167666E+0	5.254000E-5	NaN	5.254000E-4	4.849504E-1	1.427563E+1
1.278105E+3	4.018600E+2	2.885084E+1	5.130565E+0	5.299700E-5	NaN	5.299700E-4	4.844861E-1	1.425288E+1
1.281057E+3	4.020900E+2	2.883434E+1	5.077700E+0	5.341100E-5	NaN	5.341100E-4	4.840942E-1	1.423227E+1
1.284225E+3	4.023300E+2	2.881714E+1	5.021531E+0	5.385600E-5	NaN	5.385600E-4	4.836890E-1	1.421136E+1
1.287333E+3	4.025700E+2	2.879996E+1	4.950610E+0	5.431100E-5	NaN	5.431100E-4	4.832764E-1	1.419030E+1
1.290358E+3	4.028100E+2	2.878280E+1	4.876107E+0	5.474500E-5	NaN	5.474500E-4	4.828603E-1	1.416920E+1
1.293270E+3	4.030500E+2	2.876566E+1	4.826964E+0	5.517900E-5	NaN	5.517900E-4	4.824072E-1	1.414710E+1
1.296205E+3	4.033000E+2	2.874783E+1	4.796081E+0	5.560700E-5	NaN	5.560700E-4	4.819140E-1	1.412388E+1
1.299361E+3	4.035500E+2	2.873002E+1	4.784005E+0	5.608500E-5	NaN	5.608500E-4	4.816773E-1	1.410791E+1
1.302527E+3	4.038200E+2	2.871081E+1	4.777462E+0	5.657500E-5	NaN	5.657500E-4	4.813846E-1	1.409034E+1
1.305649E+3	4.040600E+2	2.869376E+1	4.787367E+0	5.706400E-5	NaN	5.706400E-4	4.810628E-1	1.407186E+1
1.308835E+3	4.044000E+2	2.866963E+1	4.797886E+0	5.756000E-5	NaN	5.756000E-4	4.807137E-1	1.405266E+1
1.312037E+3	4.046400E+2	2.865263E+1	4.871233E+0	5.807500E-5	NaN	5.807500E-4	4.801116E-1	1.402587E+1
1.315211E+3	4.049000E+2	2.863423E+1	4.928498E+0	5.859200E-5	NaN	5.859200E-4	4.795607E-1	1.400070E+1
1.318292E+3	4.051500E+2	2.861656E+1	4.977920E+0	5.909000E-5	NaN	5.909000E-4	4.790673E-1	1.397726E+1
1.321218E+3	4.054100E+2	2.859821E+1	5.014758E+0	5.956500E-5	NaN	5.956500E-4	4.785273E-1	1.395258E+1
1.324245E+3	4.056700E+2	2.857988E+1	5.047992E+0	6.005600E-5	NaN	6.005600E-4	4.779376E-1	1.392650E+1
1.327345E+3	4.059300E+2	2.856157E+1	5.070606E+0	6.057000E-5	NaN	6.057000E-4	4.773231E-1	1.389974E+1
1.330340E+3	4.061700E+2	2.854470E+1	5.080771E+0	6.105600E-5	NaN	6.105600E-4	4.767128E-1	1.387316E+1
1.333365E+3	4.064200E+2	2.852714E+1	5.076900E+0	6.155600E-5	NaN	6.155600E-4	4.760996E-1	1.384660E+1
1.336462E+3	4.066600E+2	2.851030E+1	5.072381E+0	6.206600E-5	NaN	6.206600E-4	4.755279E-1	1.382129E+1
1.339577E+3	4.069100E+2	2.849279E+1	5.039310E+0	6.256300E-5	NaN	6.256300E-4	4.750041E-1	1.379743E+1
1.342869E+3	4.071600E+2	2.847529E+1	5.001520E+0	6.310600E-5	NaN	6.310600E-4	4.745106E-1	1.377451E+1
1.345938E+3	4.074100E+2	2.845782E+1	4.926275E+0	6.362700E-5	NaN	6.362700E-4	4.740361E-1	1.375219E+1
1.348918E+3	4.076700E+2	2.843967E+1	4.913990E+0	6.414500E-5	NaN	6.414500E-4	4.736211E-1	1.373161E+1
1.351984E+3	4.080400E+2	2.841388E+1	4.898005E+0	6.468900E-5	NaN	6.468900E-4	4.732275E-1	1.371163E+1
1.355398E+3	4.083100E+2	2.839509E+1	4.970198E+0	6.529600E-5	NaN	6.529600E-4	4.725153E-1	1.368211E+1
1.358468E+3	4.085700E+2	2.837702E+1	5.015554E+0	6.585700E-5	NaN	6.585700E-4	4.718762E-1	1.365473E+1
1.361452E+3	4.087500E+2	2.836453E+1	5.067894E+0	6.641000E-5	NaN	6.641000E-4	4.712429E-1	1.362753E+1
1.364425E+3	4.090900E+2	2.834095E+1	5.068206E+0	6.695100E-5	NaN	6.695100E-4	4.708685E-1	1.360805E+1
1.367526E+3	4.093500E+2	2.832295E+1	5.140706E+0	6.751800E-5	NaN	6.751800E-4	4.702151E-1	1.358032E+1
1.370571E+3	4.096000E+2	2.830566E+1	5.197213E+0	6.805800E-5	NaN	6.805800E-4	4.695673E-1	1.355281E+1
1.373604E+3	4.097700E+2	2.829392E+1	5.239131E+0	6.859100E-5	NaN	6.859100E-4	4.689307E-1	1.352567E+1
1.376395E+3	4.100300E+2	2.827598E+1	5.193608E+0	6.908900E-5	NaN	6.908900E-4	4.684883E-1	1.350442E+1
1.379475E+3	4.102700E+2	2.825944E+1	5.158339E+0	6.962400E-5	NaN	6.962400E-4	4.679793E-1	1.348122E+1
1.382418E+3	4.105000E+2	2.824361E+1	5.080213E+0	7.013600E-5	NaN	7.013600E-4	4.675274E-1	1.345971E+1
1.385552E+3	4.107400E+2	2.822710E+1	4.976088E+0	7.067700E-5	NaN	7.067700E-4	4.670860E-1	1.343860E+1
1.388488E+3	4.109800E+2	2.821062E+1	4.857003E+0	7.119000E-5	NaN	7.119000E-4	4.666528E-1	1.341780E+1
1.391539E+3	4.112200E+2	2.819415E+1	4.835616E+0	7.172100E-5	NaN	7.172100E-4	4.662453E-1	1.339777E+1
1.394468E+3	4.114600E+2	2.817771E+1	4.805187E+0	7.223900E-5	NaN	7.223900E-4	4.657575E-1	1.337553E+1
1.397544E+3	4.117200E+2	2.815991E+1	4.789638E+0	7.277800E-5	NaN	7.277800E-4	4.652890E-1	1.335387E+1
1.400540E+3	4.119700E+2	2.814283E+1	4.729919E+0	7.332300E-5	NaN	7.332300E-4	4.647517E-1	1.333023E+1
1.403639E+3	4.122200E+2	2.812576E+1	4.759565E+0	7.388600E-5	NaN	7.388600E-4	4.642060E-1	1.330636E+1
1.406589E+3	4.124700E+2	2.810871E+1	4.802989E+0	7.442300E-5	NaN	7.442300E-4	4.636059E-1	1.328097E+1
1.409709E+3	4.127200E+2	2.809168E+1	4.865149E+0	7.501700E-5	NaN	7.501700E-4	4.630605E-1	1.325711E+1
1.412694E+3	4.129700E+2	2.807468E+1	4.863532E+0	7.559600E-5	NaN	7.559600E-4	4.625395E-1	1.323398E+1
1.415750E+3	4.132300E+2	2.805701E+1	4.895187E+0	7.618400E-5	NaN	7.618400E-4	4.619890E-1	1.321005E+1
1.418684E+3	4.134800E+2	2.804005E+1	4.927687E+0	7.675600E-5	NaN	7.675600E-4	4.613898E-1	1.318473E+1
1.421739E+3	4.137300E+2	2.802311E+1	4.959205E+0	7.734000E-5	NaN	7.734000E-4	4.608466E-1	1.316099E+1
1.424720E+3	4.140000E+2	2.800483E+1	4.974032E+0	7.791900E-5	NaN	7.791900E-4	4.602921E-1	1.313696E+1
1.427801E+3	4.142500E+2	2.798793E+1	5.004614E+0	7.852200E-5	NaN	7.852200E-4	4.596888E-1	1.311155E+1
1.430695E+3	4.145000E+2	2.797105E+1	5.017151E+0	7.908100E-5	NaN	7.908100E-4	4.590899E-1	1.308632E+1
1.433545E+3	4.147400E+2	2.795486E+1	5.031659E+0	7.964300E-5	NaN	7.964300E-4	4.584748E-1	1.306068E+1
1.436491E+3	4.149900E+2	2.793802E+1	5.048589E+0	8.021800E-5	NaN	8.021800E-4	4.578779E-1	1.303563E+1
1.439448E+3	4.152400E+2	2.792120E+1	5.066768E+0	8.078500E-5	NaN	8.078500E-4	4.571925E-1	1.300815E+1
1.442407E+3	4.154800E+2	2.790507E+1	5.076838E+0	8.136000E-5	NaN	8.136000E-4	4.564974E-1	1.298047E+1
1.445311E+3	4.157300E+2	2.788829E+1	5.080834E+0	8.193000E-5	NaN	8.193000E-4	4.558397E-1	1.295389E+1
1.448457E+3	4.159900E+2	2.787086E+1	5.078094E+0	8.255100E-5	NaN	8.255100E-4	4.551607E-1	1.292673E+1
1.451500E+3	4.162400E+2	2.785412E+1	5.068406E+0	8.315500E-5	NaN	8.315500E-4	4.545030E-1	1.290018E+1
1.454687E+3	4.164900E+2	2.783740E+1	5.055049E+0	8.377200E-5	NaN	8.377200E-4	4.538234E-1	1.287304E+1
1.457706E+3	4.167400E+2	2.782070E+1	5.029994E+0	8.438200E-5	NaN	8.438200E-4	4.531890E-1	1.284719E+1
1.460742E+3	4.170000E+2	2.780336E+1	4.998530E+0	8.502400E-5	NaN	8.502400E-4	4.525102E-1	1.282011E+1
1.463838E+3	4.172700E+2	2.778537E+1	4.990690E+0	8.566900E-5	NaN	8.566900E-4	4.518569E-1	1.279376E+1
1.466838E+3	4.175300E+2	2.776806E+1	4.986586E+0	8.633100E-5	NaN	8.633100E-4	4.511796E-1	1.276667E+1
1.469885E+3	4.178000E+2	2.775012E+1	4.995557E+0	8.701100E-5	NaN	8.701100E-4	4.505437E-1	1.274073E+1
1.472942E+3	4.180900E+2	2.773087E+1	5.016261E+0	8.769000E-5	NaN	8.769000E-4	4.499503E-1	1.271595E+1
1.476045E+3	4.183500E+2	2.771364E+1	5.063022E+0	8.837200E-5	NaN	8.837200E-4	4.492960E-1	1.268936E+1
1.478976E+3	4.186100E+2	2.769642E+1	5.105277E+0	8.902200E-5	NaN	8.902200E-4	4.486626E-1	1.266335E+1
1.482093E+3	4.188600E+2	2.767989E+1	5.145440E+0	8.969700E-5	NaN	8.969700E-4	4.479643E-1	1.263553E+1
1.485238E+3	4.191100E+2	2.766338E+1	5.174711E+0	9.036900E-5	NaN	9.036900E-4	4.473364E-1	1.260973E+1
1.488284E+3	4.193500E+2	2.764755E+1	5.183509E+0	9.100800E-5	NaN	9.100800E-4	4.467248E-1	1.258446E+1
1.491368E+3	4.195800E+2	2.763239E+1	5.171188E+0	9.164600E-5	NaN	9.164600E-4	4.462057E-1	1.256181E+1
1.494291E+3	4.198200E+2	2.761660E+1	5.117969E+0	9.224800E-5	NaN	9.224800E-4	4.454980E-1	1.253416E+1
1.497202E+3	4.200800E+2	2.759950E+1	5.056745E+0	9.284100E-5	NaN	9.284100E-4	4.448645E-1	1.250860E+1
1.500178E+3	4.203100E+2	2.758440E+1	5.010518E+0	9.345500E-5	NaN	9.345500E-4	4.441773E-1	1.248154E+1
1.503078E+3	4.205500E+2	2.756866E+1	4.955497E+0	9.405800E-5	NaN	9.405800E-4	4.435365E-1	1.245585E+1
1.506010E+3	4.208000E+2	2.755228E+1	4.905829E+0	9.466900E-5	NaN	9.466900E-4	4.428257E-1	1.242827E+1
1.509011E+3	4.210500E+2	2.753592E+1	4.874201E+0	9.530400E-5	NaN	9.530400E-4	4.420447E-1	1.239876E+1
1.512008E+3	4.212900E+2	2.752024E+1	4.875962E+0	9.595000E-5	NaN	9.595000E-4	4.412493E-1	1.236889E+1
1.515108E+3	4.215400E+2	2.750391E+1	4.878234E+0	9.664000E-5	NaN	9.664000E-4	4.404869E-1	1.233998E+1
1.518074E+3	4.217900E+2	2.748761E+1	4.896877E+0	9.728700E-5	NaN	9.728700E-4	4.397584E-1	1.231205E+1
1.521065E+3	4.220700E+2	2.746938E+1	4.920396E+0	9.796800E-5	NaN	9.796800E-4	4.390606E-1	1.228497E+1
1.524027E+3	4.223300E+2	2.745247E+1	4.966552E+0	9.862900E-5	NaN	9.862900E-4	4.382868E-1	1.225572E+1
1.526945E+3	4.225000E+2	2.744142E+1	5.013710E+0	9.929000E-5	NaN	9.929000E-4	4.375424E-1	1.222728E+1
1.529902E+3	4.227600E+2	2.742454E+1	4.979105E+0	9.997900E-5	NaN	9.997900E-4	4.370360E-1	1.220569E+1
1.532880E+3	4.230100E+2	2.740834E+1	4.958149E+0	1.006620E-4	NaN	1.006620E-3	4.364976E-1	1.218322E+1
1.535913E+3	4.232600E+2	2.739215E+1	4.958325E+0	1.013440E-4	NaN	1.013440E-3	4.356486E-1	1.215240E+1
1.539034E+3	4.235900E+2	2.737081E+1	4.946059E+0	1.020420E-4	NaN	1.020420E-3	4.348731E-1	1.212369E+1
1.542132E+3	4.238400E+2	2.735466E+1	4.990498E+0	1.027320E-4	NaN	1.027320E-3	4.339198E-1	1.208991E+1
1.545118E+3	4.240900E+2	2.733854E+1	5.027534E+0	1.034010E-4	NaN	1.034010E-3	4.332298E-1	1.206333E+1
1.548204E+3	4.243300E+2	2.732307E+1	5.060949E+0	1.040800E-4	NaN	1.040800E-3	4.322869E-1	1.202998E+1
1.551215E+3	4.245800E+2	2.730699E+1	5.067669E+0	1.047530E-4	NaN	1.047530E-3	4.313929E-1	1.199808E+1
1.554192E+3	4.248200E+2	2.729156E+1	5.062730E+0	1.054080E-4	NaN	1.054080E-3	4.304975E-1	1.196619E+1
1.557216E+3	4.250600E+2	2.727615E+1	5.049992E+0	1.060830E-4	NaN	1.060830E-3	4.298311E-1	1.194055E+1
1.560274E+3	4.252300E+2	2.726524E+1	5.052852E+0	1.067890E-4	NaN	1.067890E-3	4.290962E-1	1.191309E+1
1.563193E+3	4.254800E+2	2.724922E+1	5.006143E+0	1.074420E-4	NaN	1.074420E-3	4.286122E-1	1.189278E+1
1.566219E+3	4.258100E+2	2.722811E+1	4.916317E+0	1.081460E-4	NaN	1.081460E-3	4.281010E-1	1.187169E+1
1.569272E+3	4.260800E+2	2.721085E+1	4.902675E+0	1.088510E-4	NaN	1.088510E-3	4.274025E-1	1.184522E+1
1.572467E+3	4.263400E+2	2.719426E+1	4.899071E+0	1.096160E-4	NaN	1.096160E-3	4.266394E-1	1.181692E+1
1.575516E+3	4.266100E+2	2.717705E+1	4.883466E+0	1.104090E-4	NaN	1.104090E-3	4.259136E-1	1.178966E+1
1.578790E+3	4.268800E+2	2.715986E+1	4.938868E+0	1.112250E-4	NaN	1.112250E-3	4.251972E-1	1.176265E+1
1.581812E+3	4.271500E+2	2.714269E+1	4.987516E+0	1.120360E-4	NaN	1.120360E-3	4.244739E-1	1.173547E+1
1.584825E+3	4.274200E+2	2.712554E+1	5.052303E+0	1.127980E-4	NaN	1.127980E-3	4.237681E-1	1.170879E+1
1.587865E+3	4.276800E+2	2.710905E+1	5.114955E+0	1.136120E-4	NaN	1.136120E-3	4.230545E-1	1.168190E+1
1.590921E+3	4.279400E+2	2.709258E+1	5.176036E+0	1.144010E-4	NaN	1.144010E-3	4.223635E-1	1.165566E+1
1.593887E+3	4.282100E+2	2.707550E+1	5.227720E+0	1.151600E-4	NaN	1.151600E-3	4.217431E-1	1.163139E+1
1.597096E+3	4.284600E+2	2.705970E+1	5.278209E+0	1.159730E-4	NaN	1.159730E-3	4.211137E-1	1.160687E+1
1.600244E+3	4.287000E+2	2.704455E+1	5.227685E+0	1.167500E-4	NaN	1.167500E-3	4.205533E-1	1.158432E+1
1.603320E+3	4.289400E+2	2.702942E+1	5.144524E+0	1.174850E-4	NaN	1.174850E-3	4.200558E-1	1.156357E+1
1.606362E+3	4.291700E+2	2.701494E+1	5.100151E+0	1.182100E-4	NaN	1.182100E-3	4.195933E-1	1.154383E+1
1.609569E+3	4.294800E+2	2.699544E+1	5.046795E+0	1.189650E-4	NaN	1.189650E-3	4.191125E-1	1.152370E+1
1.612798E+3	4.297200E+2	2.698036E+1	5.019892E+0	1.197410E-4	NaN	1.197410E-3	4.185086E-1	1.150008E+1
1.615784E+3	4.299600E+2	2.696530E+1	4.978616E+0	1.204430E-4	NaN	1.204430E-3	4.179260E-1	1.147711E+1
1.618736E+3	4.301400E+2	2.695401E+1	4.928676E+0	1.211790E-4	NaN	1.211790E-3	4.173279E-1	1.145376E+1
1.621707E+3	4.303900E+2	2.693836E+1	4.846272E+0	1.219160E-4	NaN	1.219160E-3	4.168812E-1	1.143473E+1
1.624742E+3	4.307200E+2	2.691772E+1	4.793550E+0	1.226800E-4	NaN	1.226800E-3	4.163823E-1	1.141430E+1
1.627860E+3	4.309800E+2	2.690148E+1	4.817067E+0	1.234870E-4	NaN	1.234870E-3	4.156778E-1	1.138806E+1
1.630959E+3	4.312300E+2	2.688588E+1	4.850293E+0	1.243150E-4	NaN	1.243150E-3	4.149512E-1	1.136124E+1
1.633970E+3	4.314900E+2	2.686968E+1	4.903289E+0	1.250980E-4	NaN	1.250980E-3	4.142749E-1	1.133586E+1
1.636926E+3	4.317300E+2	2.685475E+1	4.957459E+0	1.258840E-4	NaN	1.258840E-3	4.135858E-1	1.131015E+1
1.639958E+3	4.319900E+2	2.683858E+1	4.993023E+0	1.267000E-4	NaN	1.267000E-3	4.129497E-1	1.128594E+1
1.643043E+3	4.322600E+2	2.682182E+1	5.023478E+0	1.275210E-4	NaN	1.275210E-3	4.123227E-1	1.126200E+1
1.646187E+3	4.325200E+2	2.680570E+1	5.043212E+0	1.283690E-4	NaN	1.283690E-3	4.116883E-1	1.123787E+1
1.649088E+3	4.327600E+2	2.679083E+1	5.095346E+0	1.291540E-4	NaN	1.291540E-3	4.110636E-1	1.121406E+1
1.652157E+3	4.330100E+2	2.677536E+1	5.121027E+0	1.299800E-4	NaN	1.299800E-3	4.104927E-1	1.119179E+1
1.655077E+3	4.332600E+2	2.675991E+1	5.132243E+0	1.307430E-4	NaN	1.307430E-3	4.099689E-1	1.117088E+1
1.658170E+3	4.335000E+2	2.674510E+1	5.087259E+0	1.315640E-4	NaN	1.315640E-3	4.093799E-1	1.114829E+1
1.661185E+3	4.337400E+2	2.673030E+1	5.017870E+0	1.323580E-4	NaN	1.323580E-3	4.088762E-1	1.112811E+1
1.664233E+3	4.339800E+2	2.671552E+1	4.999413E+0	1.331630E-4	NaN	1.331630E-3	4.083929E-1	1.110855E+1
1.667327E+3	4.342400E+2	2.669952E+1	4.972687E+0	1.340030E-4	NaN	1.340030E-3	4.079886E-1	1.109119E+1
1.670367E+3	4.344900E+2	2.668416E+1	4.944569E+0	1.348130E-4	NaN	1.348130E-3	4.076301E-1	1.107507E+1
1.673461E+3	4.347400E+2	2.666881E+1	4.925017E+0	1.356370E-4	NaN	1.356370E-3	4.073055E-1	1.105988E+1
1.676488E+3	4.349900E+2	2.665349E+1	4.898338E+0	1.364680E-4	NaN	1.364680E-3	4.070477E-1	1.104647E+1
1.679604E+3	4.352400E+2	2.663818E+1	4.881333E+0	1.373160E-4	NaN	1.373160E-3	4.067890E-1	1.103305E+1
1.682579E+3	4.354900E+2	2.662288E+1	4.874918E+0	1.381300E-4	NaN	1.381300E-3	4.064695E-1	1.101803E+1
1.685703E+3	4.357500E+2	2.660700E+1	4.877596E+0	1.390290E-4	NaN	1.390290E-3	4.061638E-1	1.100335E+1
1.688629E+3	4.360200E+2	2.659052E+1	4.886943E+0	1.398970E-4	NaN	1.398970E-3	4.058634E-1	1.098881E+1
1.691607E+3	4.363000E+2	2.657346E+1	4.918978E+0	1.408220E-4	NaN	1.408220E-3	4.054953E-1	1.097243E+1
1.694453E+3	4.365800E+2	2.655642E+1	4.984839E+0	1.417050E-4	NaN	1.417050E-3	4.050959E-1	1.095517E+1
1.697600E+3	4.368500E+2	2.654000E+1	5.067740E+0	1.426810E-4	NaN	1.426810E-3	4.046692E-1	1.093712E+1
1.700774E+3	4.371200E+2	2.652361E+1	5.139850E+0	1.437040E-4	NaN	1.437040E-3	4.043237E-1	1.092125E+1
1.703783E+3	4.373800E+2	2.650784E+1	5.193370E+0	1.446070E-4	NaN	1.446070E-3	4.040387E-1	1.090703E+1
1.706787E+3	4.376300E+2	2.649270E+1	5.242635E+0	1.455240E-4	NaN	1.455240E-3	4.036991E-1	1.089140E+1
1.709956E+3	4.378800E+2	2.647757E+1	5.274610E+0	1.464540E-4	NaN	1.464540E-3	4.033655E-1	1.087600E+1
1.712996E+3	4.381200E+2	2.646307E+1	5.273134E+0	1.473230E-4	NaN	1.473230E-3	4.032886E-1	1.086737E+1
1.716082E+3	4.383700E+2	2.644798E+1	5.245837E+0	1.481710E-4	NaN	1.481710E-3	4.032303E-1	1.085928E+1
1.719018E+3	4.386100E+2	2.643351E+1	5.192122E+0	1.489870E-4	NaN	1.489870E-3	4.031661E-1	1.085103E+1
1.722133E+3	4.388400E+2	2.641965E+1	5.125396E+0	1.498140E-4	NaN	1.498140E-3	4.030933E-1	1.084256E+1
1.725219E+3	4.390700E+2	2.640581E+1	5.024978E+0	1.506470E-4	NaN	1.506470E-3	4.028325E-1	1.082925E+1
1.728195E+3	4.393100E+2	2.639139E+1	4.920411E+0	1.514510E-4	NaN	1.514510E-3	4.025903E-1	1.081648E+1
1.731245E+3	4.395500E+2	2.637698E+1	4.838116E+0	1.523190E-4	NaN	1.523190E-3	4.022950E-1	1.080231E+1
1.734289E+3	4.398000E+2	2.636198E+1	4.787414E+0	1.531790E-4	NaN	1.531790E-3	4.020227E-1	1.078877E+1
1.737325E+3	4.400500E+2	2.634701E+1	4.754076E+0	1.540650E-4	NaN	1.540650E-3	4.017046E-1	1.077400E+1
1.740339E+3	4.403200E+2	2.633085E+1	4.738599E+0	1.549610E-4	NaN	1.549610E-3	4.013617E-1	1.075855E+1
1.743324E+3	4.405700E+2	2.631591E+1	4.761275E+0	1.558970E-4	NaN	1.558970E-3	4.009663E-1	1.074165E+1
1.746329E+3	4.408300E+2	2.630039E+1	4.799072E+0	1.568080E-4	NaN	1.568080E-3	4.008204E-1	1.073126E+1
1.749457E+3	4.410900E+2	2.628489E+1	4.846384E+0	1.578200E-4	NaN	1.578200E-3	4.006042E-1	1.071896E+1
1.752506E+3	4.413500E+2	2.626940E+1	4.892897E+0	1.587810E-4	NaN	1.587810E-3	4.002029E-1	1.070188E+1
1.755422E+3	4.416000E+2	2.625453E+1	4.946909E+0	1.597160E-4	NaN	1.597160E-3	3.997397E-1	1.068318E+1
1.758423E+3	4.418500E+2	2.623967E+1	5.009761E+0	1.606360E-4	NaN	1.606360E-3	3.993033E-1	1.066522E+1
1.761400E+3	4.421000E+2	2.622484E+1	5.052039E+0	1.615790E-4	NaN	1.615790E-3	3.988786E-1	1.064761E+1
1.764415E+3	4.423700E+2	2.620883E+1	5.073252E+0	1.624880E-4	NaN	1.624880E-3	3.984981E-1	1.063123E+1
1.767415E+3	4.426100E+2	2.619462E+1	5.099641E+0	1.634440E-4	NaN	1.634440E-3	3.980798E-1	1.061385E+1
1.770442E+3	4.428600E+2	2.617983E+1	5.099801E+0	1.643440E-4	NaN	1.643440E-3	3.976772E-1	1.059696E+1
1.773408E+3	4.431000E+2	2.616565E+1	5.088435E+0	1.652460E-4	NaN	1.652460E-3	3.973002E-1	1.058077E+1
1.776435E+3	4.433400E+2	2.615149E+1	5.062265E+0	1.661730E-4	NaN	1.661730E-3	3.969474E-1	1.056528E+1
1.779580E+3	4.435900E+2	2.613675E+1	5.037683E+0	1.671430E-4	NaN	1.671430E-3	3.965730E-1	1.054928E+1
1.782578E+3	4.438300E+2	2.612261E+1	5.003041E+0	1.680640E-4	NaN	1.680640E-3	3.962790E-1	1.053542E+1
1.785657E+3	4.440700E+2	2.610850E+1	4.969806E+0	1.690290E-4	NaN	1.690290E-3	3.960486E-1	1.052326E+1
1.788551E+3	4.443300E+2	2.609322E+1	4.926380E+0	1.699210E-4	NaN	1.699210E-3	3.958658E-1	1.051237E+1
1.791542E+3	4.445900E+2	2.607796E+1	4.908127E+0	1.708800E-4	NaN	1.708800E-3	3.956492E-1	1.050052E+1
1.794568E+3	4.448500E+2	2.606272E+1	4.907457E+0	1.725040E-4	NaN	1.725040E-3	3.952445E-1	1.048380E+1
1.797415E+3	4.450300E+2	2.605218E+1	4.915465E+0	1.734700E-4	NaN	1.734700E-3	3.952623E-1	1.047831E+1
1.800316E+3	4.453000E+2	2.603638E+1	4.883049E+0	1.741370E-4	NaN	1.741370E-3	3.954065E-1	1.047628E+1
1.803213E+3	4.455800E+2	2.602002E+1	4.898721E+0	1.751220E-4	NaN	1.751220E-3	3.954692E-1	1.047186E+1
1.806361E+3	4.458500E+2	2.600426E+1	4.943431E+0	1.762680E-4	NaN	1.762680E-3	3.954311E-1	1.046470E+1
1.809231E+3	4.461200E+2	2.598852E+1	4.994875E+0	1.773350E-4	NaN	1.773350E-3	3.952102E-1	1.045285E+1
1.812174E+3	4.464000E+2	2.597222E+1	5.064472E+0	1.783810E-4	NaN	1.783810E-3	3.949793E-1	1.044073E+1
1.815001E+3	4.466500E+2	2.595768E+1	5.145666E+0	1.794160E-4	NaN	1.794160E-3	3.947420E-1	1.042839E+1
1.817912E+3	4.469000E+2	2.594316E+1	5.215525E+0	1.803990E-4	NaN	1.803990E-3	3.944943E-1	1.041582E+1
1.820875E+3	4.471400E+2	2.592924E+1	5.267186E+0	1.814150E-4	NaN	1.814150E-3	3.942563E-1	1.040349E+1
1.823854E+3	4.473700E+2	2.591591E+1	5.279566E+0	1.823630E-4	NaN	1.823630E-3	3.940398E-1	1.039178E+1
1.826891E+3	4.476000E+2	2.590259E+1	5.275864E+0	1.833100E-4	NaN	1.833100E-3	3.937997E-1	1.037953E+1
1.829830E+3	4.478300E+2	2.588929E+1	5.249077E+0	1.842570E-4	NaN	1.842570E-3	3.935802E-1	1.036788E+1
1.832723E+3	4.480700E+2	2.587542E+1	5.208424E+0	1.851880E-4	NaN	1.851880E-3	3.933757E-1	1.035664E+1
1.835843E+3	4.483200E+2	2.586099E+1	5.108859E+0	1.861670E-4	NaN	1.861670E-3	3.931565E-1	1.034503E+1
1.838831E+3	4.485700E+2	2.584658E+1	5.013317E+0	1.871940E-4	NaN	1.871940E-3	3.928672E-1	1.033158E+1
1.841793E+3	4.487300E+2	2.583736E+1	4.946132E+0	1.882160E-4	NaN	1.882160E-3	3.926084E-1	1.031892E+1
1.844708E+3	4.489800E+2	2.582298E+1	4.816394E+0	1.892310E-4	NaN	1.892310E-3	3.925682E-1	1.031214E+1
1.847591E+3	4.492500E+2	2.580746E+1	4.731408E+0	1.902900E-4	NaN	1.902900E-3	3.925232E-1	1.030520E+1
1.850520E+3	4.495100E+2	2.579253E+1	4.714684E+0	1.913700E-4	NaN	1.913700E-3	3.924202E-1	1.029670E+1
1.853495E+3	4.497700E+2	2.577762E+1	4.736800E+0	1.924750E-4	NaN	1.924750E-3	3.922924E-1	1.028753E+1
1.856392E+3	4.500200E+2	2.576330E+1	4.789215E+0	1.935740E-4	NaN	1.935740E-3	3.921602E-1	1.027822E+1
1.859335E+3	4.501900E+2	2.575357E+1	4.855512E+0	1.946370E-4	NaN	1.946370E-3	3.920451E-1	1.026936E+1
1.862245E+3	4.504900E+2	2.573642E+1	4.858184E+0	1.957390E-4	NaN	1.957390E-3	3.921297E-1	1.026585E+1
1.865299E+3	4.507400E+2	2.572215E+1	4.903816E+0	1.968360E-4	NaN	1.968360E-3	3.920804E-1	1.025873E+1
1.868315E+3	4.509800E+2	2.570846E+1	4.940564E+0	1.979060E-4	NaN	1.979060E-3	3.920568E-1	1.025228E+1
1.871374E+3	4.512200E+2	2.569478E+1	4.974154E+0	1.990290E-4	NaN	1.990290E-3	3.920082E-1	1.024522E+1
1.874271E+3	4.514700E+2	2.568055E+1	4.994373E+0	2.001020E-4	NaN	2.001020E-3	3.919764E-1	1.023866E+1
1.877251E+3	4.517200E+2	2.566634E+1	5.030656E+0	2.012170E-4	NaN	2.012170E-3	3.918661E-1	1.023010E+1
1.880248E+3	4.519800E+2	2.565158E+1	4.996121E+0	2.023880E-4	NaN	2.023880E-3	3.917981E-1	1.022267E+1
1.883402E+3	4.522600E+2	2.563570E+1	4.971357E+0	2.036200E-4	NaN	2.036200E-3	3.918118E-1	1.021737E+1
1.886320E+3	4.525200E+2	2.562097E+1	4.981876E+0	2.047870E-4	NaN	2.047870E-3	3.918160E-1	1.021180E+1
1.889353E+3	4.527800E+2	2.560625E+1	5.015947E+0	2.060020E-4	NaN	2.060020E-3	3.918577E-1	1.020719E+1
1.892375E+3	4.530400E+2	2.559156E+1	5.062490E+0	2.072370E-4	NaN	2.072370E-3	3.919687E-1	1.020437E+1
1.895331E+3	4.532900E+2	2.557744E+1	5.119825E+0	2.084380E-4	NaN	2.084380E-3	3.921330E-1	1.020292E+1
1.898332E+3	4.535400E+2	2.556335E+1	5.109003E+0	2.096090E-4	NaN	2.096090E-3	3.923061E-1	1.020170E+1
1.901533E+3	4.537900E+2	2.554926E+1	5.136448E+0	2.107500E-4	NaN	2.107500E-3	3.924667E-1	1.020015E+1
1.904511E+3	4.540500E+2	2.553463E+1	5.140305E+0	2.119300E-4	NaN	2.119300E-3	3.926291E-1	1.019861E+1
1.907613E+3	4.542900E+2	2.552114E+1	5.138893E+0	2.131000E-4	NaN	2.131000E-3	3.927892E-1	1.019696E+1
1.910477E+3	4.545300E+2	2.550767E+1	5.102255E+0	2.141500E-4	NaN	2.141500E-3	3.929357E-1	1.019497E+1
1.913513E+3	4.547700E+2	2.549421E+1	5.068148E+0	2.153100E-4	NaN	2.153100E-3	3.930480E-1	1.019207E+1
1.916469E+3	4.550100E+2	2.548076E+1	5.019606E+0	2.164300E-4	NaN	2.164300E-3	3.931455E-1	1.018881E+1
1.919606E+3	4.552500E+2	2.546733E+1	4.971417E+0	2.176300E-4	NaN	2.176300E-3	3.932205E-1	1.018499E+1
1.922501E+3	4.554900E+2	2.545391E+1	4.920929E+0	2.187700E-4	NaN	2.187700E-3	3.932598E-1	1.018029E+1
1.925564E+3	4.557400E+2	2.543994E+1	4.888175E+0	2.200000E-4	NaN	2.200000E-3	3.933109E-1	1.017591E+1
1.928453E+3	4.559900E+2	2.542600E+1	4.864215E+0	2.211600E-4	NaN	2.211600E-3	3.933424E-1	1.017104E+1
1.931351E+3	4.562700E+2	2.541039E+1	4.862409E+0	2.223300E-4	NaN	2.223300E-3	3.933880E-1	1.016655E+1
1.934351E+3	4.565200E+2	2.539648E+1	4.900851E+0	2.236200E-4	NaN	2.236200E-3	3.933344E-1	1.015946E+1
1.937443E+3	4.567800E+2	2.538202E+1	4.942931E+0	2.249300E-4	NaN	2.249300E-3	3.933239E-1	1.015349E+1
1.940367E+3	4.570300E+2	2.536814E+1	4.975093E+0	2.261500E-4	NaN	2.261500E-3	3.933228E-1	1.014776E+1
1.943485E+3	4.572800E+2	2.535427E+1	5.023357E+0	2.274700E-4	NaN	2.274700E-3	3.933204E-1	1.014202E+1
1.946451E+3	4.575300E+2	2.534041E+1	5.048017E+0	2.287100E-4	NaN	2.287100E-3	3.932803E-1	1.013536E+1
1.949474E+3	4.577800E+2	2.532658E+1	5.076168E+0	2.299800E-4	NaN	2.299800E-3	3.932707E-1	1.012948E+1
1.952695E+3	4.580300E+2	2.531275E+1	5.090481E+0	2.313500E-4	NaN	2.313500E-3	3.932328E-1	1.012289E+1
1.955773E+3	4.582900E+2	2.529839E+1	5.082458E+0	2.326600E-4	NaN	2.326600E-3	3.932383E-1	1.011743E+1
1.958673E+3	4.585300E+2	2.528515E+1	5.057596E+0	2.338900E-4	NaN	2.338900E-3	3.932424E-1	1.011191E+1
1.961611E+3	4.587700E+2	2.527192E+1	5.027368E+0	2.350900E-4	NaN	2.350900E-3	3.932526E-1	1.010657E+1
1.964661E+3	4.590100E+2	2.525871E+1	4.985683E+0	2.363800E-4	NaN	2.363800E-3	3.932410E-1	1.010069E+1
1.967746E+3	4.592500E+2	2.524551E+1	4.937927E+0	2.377100E-4	NaN	2.377100E-3	3.932778E-1	1.009605E+1
1.970956E+3	4.595100E+2	2.523122E+1	4.911122E+0	2.390800E-4	NaN	2.390800E-3	3.932678E-1	1.009027E+1
1.973947E+3	4.597600E+2	2.521750E+1	4.886020E+0	2.404700E-4	NaN	2.404700E-3	3.932186E-1	1.008350E+1
1.977062E+3	4.600300E+2	2.520270E+1	4.872107E+0	2.419300E-4	NaN	2.419300E-3	3.936248E-1	1.008838E+1
1.980085E+3	4.603200E+2	2.518683E+1	4.880214E+0	2.433800E-4	NaN	2.433800E-3	3.942390E-1	1.009841E+1
1.983009E+3	4.605900E+2	2.517206E+1	4.916364E+0	2.448500E-4	NaN	2.448500E-3	3.945383E-1	1.010038E+1
1.986017E+3	4.608700E+2	2.515677E+1	4.975823E+0	2.462900E-4	NaN	2.462900E-3	3.947630E-1	1.010048E+1
1.988976E+3	4.611300E+2	2.514258E+1	5.054232E+0	2.477800E-4	NaN	2.477800E-3	3.950026E-1	1.010094E+1
1.992046E+3	4.613900E+2	2.512842E+1	5.120021E+0	2.492700E-4	NaN	2.492700E-3	3.952711E-1	1.010219E+1
1.995093E+3	4.616400E+2	2.511481E+1	5.181423E+0	2.507100E-4	NaN	2.507100E-3	3.955168E-1	1.010292E+1
1.998084E+3	4.618800E+2	2.510176E+1	5.228355E+0	2.520800E-4	NaN	2.520800E-3	3.958069E-1	1.010480E+1
2.001097E+3	4.621200E+2	2.508872E+1	5.254556E+0	2.534800E-4	NaN	2.534800E-3	3.960914E-1	1.010659E+1
2.004170E+3	4.623700E+2	2.507516E+1	5.249863E+0	2.548600E-4	NaN	2.548600E-3	3.964255E-1	1.010966E+1
2.007170E+3	4.626100E+2	2.506215E+1	5.214041E+0	2.561600E-4	NaN	2.561600E-3	3.967516E-1	1.011251E+1
2.010408E+3	4.628500E+2	2.504915E+1	5.151422E+0	2.575900E-4	NaN	2.575900E-3	3.970518E-1	1.011470E+1
2.013499E+3	4.630900E+2	2.503617E+1	5.054525E+0	2.589900E-4	NaN	2.589900E-3	3.973798E-1	1.011760E+1
2.016738E+3	4.633300E+2	2.502320E+1	4.947678E+0	2.604400E-4	NaN	2.604400E-3	3.976767E-1	1.011972E+1
2.019729E+3	4.635700E+2	2.501025E+1	4.850324E+0	2.618200E-4	NaN	2.618200E-3	3.979600E-1	1.012152E+1
2.022838E+3	4.638100E+2	2.499730E+1	4.776482E+0	2.633000E-4	NaN	2.633000E-3	3.982207E-1	1.012278E+1
2.025785E+3	4.640600E+2	2.498384E+1	4.725714E+0	2.646900E-4	NaN	2.646900E-3	3.987442E-1	1.013056E+1
2.028936E+3	4.644100E+2	2.496501E+1	4.706838E+0	2.662000E-4	NaN	2.662000E-3	3.992109E-1	1.013689E+1
2.032069E+3	4.646600E+2	2.495158E+1	4.775888E+0	2.677500E-4	NaN	2.677500E-3	3.993911E-1	1.013581E+1
2.035200E+3	4.649200E+2	2.493762E+1	4.840304E+0	2.692800E-4	NaN	2.692800E-3	3.995889E-1	1.013521E+1
2.038350E+3	4.651700E+2	2.492422E+1	4.903858E+0	2.708700E-4	NaN	2.708700E-3	3.997775E-1	1.013439E+1
2.041483E+3	4.654200E+2	2.491083E+1	4.955417E+0	2.724300E-4	NaN	2.724300E-3	4.000243E-1	1.013506E+1
2.044544E+3	4.656700E+2	2.489746E+1	5.000633E+0	2.739600E-4	NaN	2.739600E-3	4.005119E-1	1.014169E+1
2.047647E+3	4.659200E+2	2.488410E+1	5.041618E+0	2.755200E-4	NaN	2.755200E-3	4.008823E-1	1.014544E+1
2.050714E+3	4.661700E+2	2.487076E+1	5.057011E+0	2.770700E-4	NaN	2.770700E-3	4.012751E-1	1.014977E+1
2.053781E+3	4.664300E+2	2.485689E+1	5.057370E+0	2.785800E-4	NaN	2.785800E-3	4.016902E-1	1.015464E+1
2.056881E+3	4.666700E+2	2.484411E+1	5.037551E+0	2.801200E-4	NaN	2.801200E-3	4.021116E-1	1.015962E+1
2.060083E+3	4.670000E+2	2.482655E+1	4.994335E+0	2.816800E-4	NaN	2.816800E-3	4.025377E-1	1.016475E+1
2.063289E+3	4.672400E+2	2.481380E+1	4.980920E+0	2.833200E-4	NaN	2.833200E-3	4.027691E-1	1.016481E+1
2.066374E+3	4.674800E+2	2.480106E+1	4.939216E+0	2.848600E-4	NaN	2.848600E-3	4.030692E-1	1.016666E+1
2.069535E+3	4.677300E+2	2.478780E+1	4.954279E+0	2.864800E-4	NaN	2.864800E-3	4.033666E-1	1.016851E+1
2.072541E+3	4.679600E+2	2.477562E+1	4.956357E+0	2.879700E-4	NaN	2.879700E-3	4.036782E-1	1.017074E+1
2.075704E+3	4.682100E+2	2.476239E+1	4.949472E+0	2.895700E-4	NaN	2.895700E-3	4.040207E-1	1.017381E+1
2.078668E+3	4.684700E+2	2.474865E+1	4.931260E+0	2.910700E-4	NaN	2.910700E-3	4.043939E-1	1.017766E+1
2.081761E+3	4.687100E+2	2.473598E+1	4.922772E+0	2.926100E-4	NaN	2.926100E-3	4.047336E-1	1.018065E+1
2.084713E+3	4.689500E+2	2.472332E+1	4.903218E+0	2.941300E-4	NaN	2.941300E-3	4.050844E-1	1.018394E+1
2.087719E+3	4.691900E+2	2.471067E+1	4.879708E+0	2.957400E-4	NaN	2.957400E-3	4.054143E-1	1.018672E+1
2.090950E+3	4.694400E+2	2.469751E+1	4.850953E+0	2.974400E-4	NaN	2.974400E-3	4.057465E-1	1.018959E+1
2.094131E+3	4.696800E+2	2.468489E+1	4.820231E+0	2.991400E-4	NaN	2.991400E-3	4.061341E-1	1.019384E+1
2.097221E+3	4.699200E+2	2.467228E+1	4.766038E+0	3.007900E-4	NaN	3.007900E-3	4.065253E-1	1.019820E+1
2.100349E+3	4.701600E+2	2.465969E+1	4.768388E+0	3.024400E-4	NaN	3.024400E-3	4.069542E-1	1.020349E+1
2.103341E+3	4.704100E+2	2.464658E+1	4.755333E+0	3.040900E-4	NaN	3.040900E-3	4.073904E-1	1.020896E+1
2.106264E+3	4.706400E+2	2.463454E+1	4.750407E+0	3.057200E-4	NaN	3.057200E-3	4.078475E-1	1.021492E+1
2.109397E+3	4.708800E+2	2.462198E+1	4.743778E+0	3.073500E-4	NaN	3.073500E-3	4.083272E-1	1.022145E+1
2.112502E+3	4.711100E+2	2.460996E+1	4.723737E+0	3.090400E-4	NaN	3.090400E-3	4.088196E-1	1.022829E+1
2.115356E+3	4.713400E+2	2.459795E+1	4.691386E+0	3.105000E-4	NaN	3.105000E-3	4.093254E-1	1.023549E+1
2.118497E+3	4.715700E+2	2.458596E+1	4.685956E+0	3.121400E-4	NaN	3.121400E-3	4.096675E-1	1.023865E+1
2.121604E+3	4.718000E+2	2.457397E+1	4.667006E+0	3.137500E-4	NaN	3.137500E-3	4.100584E-1	1.024304E+1
2.124566E+3	4.720200E+2	2.456252E+1	4.648024E+0	3.153200E-4	NaN	3.153200E-3	4.104625E-1	1.024779E+1
2.127552E+3	4.722500E+2	2.455056E+1	4.629262E+0	3.168800E-4	NaN	3.168800E-3	4.108614E-1	1.025243E+1
2.130545E+3	4.724700E+2	2.453912E+1	4.612442E+0	3.184200E-4	NaN	3.184200E-3	4.112751E-1	1.025743E+1
2.133560E+3	4.726900E+2	2.452770E+1	4.584280E+0	3.200100E-4	NaN	3.200100E-3	4.116713E-1	1.026201E+1
2.136540E+3	4.729000E+2	2.451681E+1	4.550548E+0	3.215000E-4	NaN	3.215000E-3	4.120783E-1	1.026687E+1
2.139607E+3	4.731200E+2	2.450541E+1	4.505215E+0	3.229900E-4	NaN	3.229900E-3	4.125332E-1	1.027294E+1
2.142548E+3	4.733300E+2	2.449454E+1	4.471599E+0	3.244700E-4	NaN	3.244700E-3	4.129438E-1	1.027792E+1
2.145473E+3	4.735300E+2	2.448419E+1	4.440792E+0	3.259200E-4	NaN	3.259200E-3	4.133401E-1	1.028255E+1
2.148501E+3	4.737400E+2	2.447334E+1	4.404010E+0	3.273700E-4	NaN	3.273700E-3	4.137136E-1	1.028662E+1
2.151688E+3	4.739600E+2	2.446198E+1	4.359302E+0	3.289700E-4	NaN	3.289700E-3	4.140830E-1	1.029058E+1
2.154747E+3	4.741600E+2	2.445166E+1	4.323841E+0	3.304800E-4	NaN	3.304800E-3	4.144954E-1	1.029557E+1
2.157807E+3	4.743600E+2	2.444135E+1	4.275785E+0	3.319600E-4	NaN	3.319600E-3	4.149247E-1	1.030101E+1
2.160833E+3	4.745600E+2	2.443105E+1	4.221141E+0	3.334300E-4	NaN	3.334300E-3	4.153955E-1	1.030748E+1
2.163736E+3	4.747600E+2	2.442076E+1	4.165761E+0	3.348100E-4	NaN	3.348100E-3	4.158763E-1	1.031424E+1
2.166783E+3	4.749500E+2	2.441099E+1	4.126905E+0	3.362500E-4	NaN	3.362500E-3	4.162602E-1	1.031865E+1
2.169881E+3	4.751500E+2	2.440072E+1	4.082936E+0	3.377300E-4	NaN	3.377300E-3	4.166587E-1	1.032349E+1
2.173008E+3	4.753400E+2	2.439096E+1	4.042171E+0	3.392100E-4	NaN	3.392100E-3	4.170055E-1	1.032710E+1
2.175872E+3	4.755400E+2	2.438070E+1	3.992242E+0	3.405900E-4	NaN	3.405900E-3	4.174079E-1	1.033212E+1
2.178878E+3	4.757300E+2	2.437097E+1	3.962256E+0	3.419700E-4	NaN	3.419700E-3	4.177995E-1	1.033688E+1
2.181959E+3	4.759200E+2	2.436124E+1	3.936374E+0	3.433000E-4	NaN	3.433000E-3	4.182061E-1	1.034202E+1
2.184965E+3	4.761100E+2	2.435152E+1	3.906014E+0	3.446800E-4	NaN	3.446800E-3	4.185991E-1	1.034682E+1
2.187914E+3	4.762800E+2	2.434282E+1	3.880707E+0	3.460200E-4	NaN	3.460200E-3	4.190094E-1	1.035203E+1
2.190901E+3	4.764700E+2	2.433312E+1	3.850535E+0	3.473600E-4	NaN	3.473600E-3	4.194273E-1	1.035745E+1
2.193921E+3	4.766500E+2	2.432393E+1	3.822971E+0	3.486800E-4	NaN	3.486800E-3	4.197818E-1	1.036130E+1
2.197077E+3	4.768300E+2	2.431475E+1	3.789510E+0	3.501400E-4	NaN	3.501400E-3	4.201599E-1	1.036571E+1
2.200008E+3	4.770200E+2	2.430506E+1	3.747933E+0	3.514500E-4	NaN	3.514500E-3	4.205910E-1	1.037141E+1
2.203053E+3	4.772000E+2	2.429589E+1	3.727755E+0	3.527900E-4	NaN	3.527900E-3	4.210191E-1	1.037700E+1
2.206180E+3	4.773700E+2	2.428724E+1	3.700182E+0	3.541200E-4	NaN	3.541200E-3	4.214388E-1	1.038236E+1
2.209284E+3	4.775400E+2	2.427859E+1	3.661356E+0	3.555200E-4	NaN	3.555200E-3	4.219273E-1	1.038939E+1
2.212270E+3	4.777100E+2	2.426995E+1	3.606751E+0	3.567700E-4	NaN	3.567700E-3	4.224183E-1	1.039648E+1
2.215505E+3	4.778800E+2	2.426132E+1	3.567526E+0	3.582100E-4	NaN	3.582100E-3	4.225580E-1	1.039512E+1
2.218487E+3	4.780500E+2	2.425269E+1	3.520614E+0	3.594100E-4	NaN	3.594100E-3	4.227754E-1	1.039569E+1
2.221488E+3	4.782200E+2	2.424407E+1	3.478724E+0	3.606800E-4	NaN	3.606800E-3	4.229304E-1	1.039475E+1
2.224500E+3	4.783900E+2	2.423546E+1	3.446452E+0	3.619600E-4	NaN	3.619600E-3	4.231141E-1	1.039452E+1
2.227409E+3	4.785500E+2	2.422735E+1	3.410863E+0	3.631900E-4	NaN	3.631900E-3	4.233094E-1	1.039457E+1
2.230397E+3	4.787200E+2	2.421875E+1	3.384953E+0	3.644100E-4	NaN	3.644100E-3	4.235041E-1	1.039463E+1
2.233401E+3	4.788700E+2	2.421116E+1	3.365659E+0	3.656300E-4	NaN	3.656300E-3	4.236782E-1	1.039417E+1
2.236304E+3	4.790300E+2	2.420308E+1	3.331709E+0	3.668500E-4	NaN	3.668500E-3	4.238796E-1	1.039441E+1
2.239230E+3	4.791800E+2	2.419550E+1	3.317912E+0	3.680100E-4	NaN	3.680100E-3	4.240099E-1	1.039294E+1
2.242248E+3	4.793400E+2	2.418742E+1	3.305161E+0	3.691600E-4	NaN	3.691600E-3	4.241635E-1	1.039205E+1
2.245405E+3	4.795100E+2	2.417885E+1	3.287063E+0	3.704800E-4	NaN	3.704800E-3	4.239603E-1	1.038260E+1
2.248384E+3	4.796700E+2	2.417078E+1	3.267203E+0	3.716200E-4	NaN	3.716200E-3	4.238142E-1	1.037454E+1
2.251328E+3	4.798100E+2	2.416373E+1	3.251922E+0	3.728400E-4	NaN	3.728400E-3	4.236232E-1	1.036539E+1
2.254287E+3	4.799600E+2	2.415618E+1	3.216332E+0	3.740300E-4	NaN	3.740300E-3	4.234848E-1	1.035758E+1
2.257215E+3	4.800100E+2	2.415366E+1	3.182075E+0	3.752000E-4	NaN	3.752000E-3	4.233503E-1	1.034988E+1
2.259904E+3	4.800100E+2	2.415366E+1	3.074988E+0	3.762600E-4	NaN	3.762600E-3	4.235027E-1	1.034937E+1
