6/26/2024
6:21 PM
fast cooling down 450_2024.06.26_COND_FILE END.txt

Data taken by: Akshat Sharma
ammeter is Keithley 6517A at GPIB0::27::INSTR
voltage source is Keithley 6517A at GPIB0::27::INSTR
temperature controller is Lake Shore 330 at GPIB0::12::INSTR with the settings: control sensor=A;sample sensor=;loop=1
Readings: 1
Voltage (V): 100
Geo Factor: 1000
Ea Window (pts): 5
Shut off V when done?: TRUE
Mconnect?: TRUE
Use Abs(Cond)?: TRUE
Rate (K/min): 20
Heater: Off
DESCRIPTION
********************
Time (s)	Temperature (K)	1/kT (1/eV)	Rate (K/min)	Current (A)	Current Std Dev/Mean	Conductivity (Ohm-cm)^-1	Ea (eV)	Reduced Ea	
5.619000E+0	4.498400E+2	2.577361E+1	NaN	1.806440E-4	NaN	1.806440E-3	NaN	NaN
1.148400E+1	4.485900E+2	2.584543E+1	-4.605510E+0	1.773980E-4	NaN	1.773980E-3	NaN	NaN
1.429400E+1	4.474200E+2	2.591301E+1	-1.277221E+1	1.733690E-4	NaN	1.733690E-3	NaN	NaN
1.730800E+1	4.459800E+2	2.599668E+1	-2.099133E+1	1.676090E-4	NaN	1.676090E-3	NaN	NaN
2.059400E+1	4.443800E+2	2.609028E+1	-2.691021E+1	1.602880E-4	NaN	1.602880E-3	NaN	NaN
2.370700E+1	4.425500E+2	2.619817E+1	-2.895632E+1	1.527920E-4	NaN	1.527920E-3	NaN	NaN
2.664700E+1	4.407600E+2	2.630456E+1	-3.213401E+1	1.454030E-4	NaN	1.454030E-3	3.913281E-1	1.016015E+1
2.979300E+1	4.390500E+2	2.640702E+1	-3.587704E+1	1.375930E-4	NaN	1.375930E-3	4.073830E-1	1.059659E+1
3.306600E+1	4.366200E+2	2.655398E+1	-3.448335E+1	1.295750E-4	NaN	1.295750E-3	4.246284E-1	1.106454E+1
3.602900E+1	4.347900E+2	2.666575E+1	-3.873695E+1	1.226530E-4	NaN	1.226530E-3	4.309583E-1	1.125618E+1
3.903000E+1	4.329600E+2	2.677846E+1	-4.104966E+1	1.157990E-4	NaN	1.157990E-3	4.372593E-1	1.144480E+1
4.208500E+1	4.317500E+2	2.685350E+1	-3.682043E+1	1.091430E-4	NaN	1.091430E-3	4.438461E-1	1.164038E+1
4.500600E+1	4.298300E+2	2.697345E+1	-3.009984E+1	1.032300E-4	NaN	1.032300E-3	4.559322E-1	1.197571E+1
4.826400E+1	4.274500E+2	2.712364E+1	-3.136716E+1	9.683000E-5	NaN	9.683000E-4	4.637174E-1	1.220191E+1
5.130500E+1	4.256900E+2	2.723578E+1	-4.179409E+1	9.123800E-5	NaN	9.123800E-4	4.713198E-1	1.243833E+1
5.448000E+1	4.239300E+2	2.734885E+1	-3.948703E+1	8.579300E-5	NaN	8.579300E-4	4.796588E-1	1.269862E+1
5.755600E+1	4.222100E+2	2.746027E+1	-3.397157E+1	8.078500E-5	NaN	8.078500E-4	4.880666E-1	1.296599E+1
6.056500E+1	4.204900E+2	2.757259E+1	-3.340189E+1	7.617500E-5	NaN	7.617500E-4	4.956010E-1	1.321479E+1
6.350100E+1	4.188200E+2	2.768254E+1	-3.391810E+1	7.196500E-5	NaN	7.196500E-4	5.015267E-1	1.342474E+1
6.672700E+1	4.171500E+2	2.779336E+1	-3.421397E+1	6.763700E-5	NaN	6.763700E-4	5.060770E-1	1.360078E+1
6.968200E+1	4.154000E+2	2.791045E+1	-3.249792E+1	6.383500E-5	NaN	6.383500E-4	5.114913E-1	1.380286E+1
7.283700E+1	4.137700E+2	2.802040E+1	-3.316591E+1	6.010000E-5	NaN	6.010000E-4	5.149386E-1	1.395412E+1
7.593600E+1	4.121800E+2	2.812849E+1	-3.316679E+1	5.661600E-5	NaN	5.661600E-4	5.181901E-1	1.410137E+1
7.896800E+1	4.106100E+2	2.823604E+1	-3.089255E+1	5.346900E-5	NaN	5.346900E-4	5.230640E-1	1.429596E+1
8.213800E+1	4.090400E+2	2.834442E+1	-3.092429E+1	5.038400E-5	NaN	5.038400E-4	5.242573E-1	1.438475E+1
8.507900E+1	4.075000E+2	2.845153E+1	-3.037229E+1	4.766000E-5	NaN	4.766000E-4	5.249927E-1	1.446056E+1
8.815500E+1	4.060000E+2	2.855665E+1	-3.052449E+1	4.495700E-5	NaN	4.495700E-4	5.249070E-1	1.451330E+1
9.136700E+1	4.044100E+2	2.866893E+1	-3.030604E+1	4.234300E-5	NaN	4.234300E-4	5.304541E-1	1.472976E+1
9.445500E+1	4.024500E+2	2.880855E+1	-2.948633E+1	4.001900E-5	NaN	4.001900E-4	5.347140E-1	1.491296E+1
9.778900E+1	4.010100E+2	2.891200E+1	-3.378204E+1	3.764400E-5	NaN	3.764400E-4	5.309448E-1	1.487129E+1
1.008870E+2	3.995800E+2	2.901547E+1	-3.168827E+1	3.555100E-5	NaN	3.555100E-4	5.290159E-1	1.487799E+1
1.039340E+2	3.981800E+2	2.911748E+1	-2.676152E+1	3.363200E-5	NaN	3.363200E-4	5.281521E-1	1.491262E+1
1.069680E+2	3.968000E+2	2.921875E+1	-2.763240E+1	3.185400E-5	NaN	3.185400E-4	5.279623E-1	1.496496E+1
1.103080E+2	3.954400E+2	2.931924E+1	-2.742980E+1	3.001000E-5	NaN	3.001000E-4	5.277747E-1	1.501616E+1
1.134060E+2	3.940900E+2	2.941968E+1	-2.576947E+1	2.837900E-5	NaN	2.837900E-4	5.286453E-1	1.509654E+1
1.165220E+2	3.926900E+2	2.952456E+1	-2.524557E+1	2.687700E-5	NaN	2.687700E-4	5.307505E-1	1.521234E+1
1.195960E+2	3.913800E+2	2.962338E+1	-2.655334E+1	2.546400E-5	NaN	2.546400E-4	5.312957E-1	1.528290E+1
1.227020E+2	3.896700E+2	2.975338E+1	-2.626974E+1	2.410500E-5	NaN	2.410500E-4	5.324405E-1	1.537049E+1
1.258210E+2	3.884100E+2	2.984990E+1	-2.932683E+1	2.285900E-5	NaN	2.285900E-4	5.306920E-1	1.537927E+1
1.288830E+2	3.871600E+2	2.994628E+1	-2.862345E+1	2.168400E-5	NaN	2.168400E-4	5.296941E-1	1.540822E+1
1.319400E+2	3.859300E+2	3.004172E+1	-2.436460E+1	2.057800E-5	NaN	2.057800E-4	5.298149E-1	1.546891E+1
1.352220E+2	3.847200E+2	3.013620E+1	-2.431775E+1	1.947600E-5	NaN	1.947600E-4	5.302279E-1	1.553786E+1
1.382130E+2	3.834400E+2	3.023680E+1	-2.308319E+1	1.851280E-5	NaN	1.851280E-4	5.327004E-1	1.566805E+1
1.415130E+2	3.822700E+2	3.032935E+1	-2.378894E+1	1.753160E-5	NaN	1.753160E-4	5.347899E-1	1.578839E+1
1.447000E+2	3.811100E+2	3.042166E+1	-2.333078E+1	1.662280E-5	NaN	1.662280E-4	5.332985E-1	1.579598E+1
1.475080E+2	3.799600E+2	3.051374E+1	-2.154915E+1	1.587700E-5	NaN	1.587700E-4	5.339310E-1	1.586589E+1
1.504990E+2	3.788300E+2	3.060476E+1	-2.309061E+1	1.513380E-5	NaN	1.513380E-4	5.339460E-1	1.591742E+1
1.534980E+2	3.777300E+2	3.069388E+1	-2.358027E+1	1.441360E-5	NaN	1.441360E-4	5.338745E-1	1.596633E+1
1.564680E+2	3.766300E+2	3.078353E+1	-2.233708E+1	1.373480E-5	NaN	1.373480E-4	5.339939E-1	1.602087E+1
1.594440E+2	3.755400E+2	3.087288E+1	-2.211408E+1	1.309210E-5	NaN	1.309210E-4	5.358303E-1	1.612807E+1
1.625360E+2	3.744000E+2	3.096688E+1	-2.209885E+1	1.246780E-5	NaN	1.246780E-4	5.385369E-1	1.626303E+1
1.655160E+2	3.733400E+2	3.105480E+1	-2.205056E+1	1.190550E-5	NaN	1.190550E-4	5.405914E-1	1.637973E+1
1.686610E+2	3.723000E+2	3.114155E+1	-2.174153E+1	1.133490E-5	NaN	1.133490E-4	5.430490E-1	1.651046E+1
1.717450E+2	3.712700E+2	3.122795E+1	-2.056469E+1	1.080780E-5	NaN	1.080780E-4	5.416656E-1	1.651847E+1
1.748300E+2	3.702700E+2	3.131229E+1	-1.993867E+1	1.029950E-5	NaN	1.029950E-4	5.406211E-1	1.653614E+1
1.778630E+2	3.692700E+2	3.139708E+1	-1.974386E+1	9.839600E-6	NaN	9.839600E-5	5.403005E-1	1.657511E+1
1.809940E+2	3.682900E+2	3.148063E+1	-1.961378E+1	9.386700E-6	NaN	9.386700E-5	5.399318E-1	1.661232E+1
1.838220E+2	3.673200E+2	3.156376E+1	-1.927054E+1	8.993300E-6	NaN	8.993300E-5	5.411885E-1	1.669959E+1
1.868650E+2	3.663600E+2	3.164647E+1	-1.961897E+1	8.594900E-6	NaN	8.594900E-5	5.405521E-1	1.672711E+1
1.897940E+2	3.653400E+2	3.173482E+1	-1.971401E+1	8.233600E-6	NaN	8.233600E-5	5.413506E-1	1.679904E+1
1.928160E+2	3.644100E+2	3.181581E+1	-1.988658E+1	7.881600E-6	NaN	7.881600E-5	5.418842E-1	1.686395E+1
1.956190E+2	3.634900E+2	3.189634E+1	-1.965423E+1	7.567000E-6	NaN	7.567000E-5	5.414038E-1	1.689645E+1
1.986890E+2	3.625800E+2	3.197639E+1	-1.904811E+1	7.242200E-6	NaN	7.242200E-5	5.398316E-1	1.689424E+1
2.016370E+2	3.616900E+2	3.205507E+1	-1.868131E+1	6.940200E-6	NaN	6.940200E-5	5.388070E-1	1.690869E+1
2.046360E+2	3.608100E+2	3.213326E+1	-1.794505E+1	6.652700E-6	NaN	6.652700E-5	5.379109E-1	1.692657E+1
2.077240E+2	3.599300E+2	3.221182E+1	-1.785702E+1	6.372000E-6	NaN	6.372000E-5	5.370742E-1	1.694577E+1
2.106640E+2	3.590200E+2	3.229347E+1	-1.734721E+1	6.112800E-6	NaN	6.112800E-5	5.359129E-1	1.695324E+1
2.137000E+2	3.581700E+2	3.237010E+1	-1.781083E+1	5.866000E-6	NaN	5.866000E-5	5.335391E-1	1.692204E+1
2.169090E+2	3.573200E+2	3.244711E+1	-1.766594E+1	5.616000E-6	NaN	5.616000E-5	5.319715E-1	1.691557E+1
2.200520E+2	3.564900E+2	3.252265E+1	-1.632889E+1	5.378200E-6	NaN	5.378200E-5	5.315243E-1	1.694401E+1
2.231670E+2	3.556700E+2	3.259763E+1	-1.586910E+1	5.156800E-6	NaN	5.156800E-5	5.329303E-1	1.703138E+1
2.263400E+2	3.548800E+2	3.267020E+1	-1.581979E+1	4.947200E-6	NaN	4.947200E-5	5.349761E-1	1.713915E+1
2.294880E+2	3.540800E+2	3.274401E+1	-1.536128E+1	4.743100E-6	NaN	4.743100E-5	5.386246E-1	1.729852E+1
2.326880E+2	3.530500E+2	3.283954E+1	-1.509234E+1	4.549500E-6	NaN	4.549500E-5	5.424034E-1	1.746255E+1
2.361500E+2	3.522200E+2	3.291693E+1	-1.730234E+1	4.351300E-6	NaN	4.351300E-5	5.432220E-1	1.753523E+1
2.392700E+2	3.514600E+2	3.298811E+1	-1.671949E+1	4.182000E-6	NaN	4.182000E-5	5.435050E-1	1.758882E+1
2.422240E+2	3.507200E+2	3.305771E+1	-1.449208E+1	4.026300E-6	NaN	4.026300E-5	5.442114E-1	1.765491E+1
2.453750E+2	3.499700E+2	3.312855E+1	-1.481537E+1	3.872100E-6	NaN	3.872100E-5	5.439935E-1	1.768968E+1
2.483020E+2	3.492500E+2	3.319685E+1	-1.463971E+1	3.733900E-6	NaN	3.733900E-5	5.440964E-1	1.773413E+1
2.515240E+2	3.485400E+2	3.326447E+1	-1.450842E+1	3.589500E-6	NaN	3.589500E-5	5.438958E-1	1.776801E+1
2.547350E+2	3.476100E+2	3.335347E+1	-1.394123E+1	3.450100E-6	NaN	3.450100E-5	5.445131E-1	1.782800E+1
2.579730E+2	3.469100E+2	3.342077E+1	-1.529494E+1	3.317800E-6	NaN	3.317800E-5	5.423146E-1	1.779844E+1
2.610710E+2	3.461800E+2	3.349125E+1	-1.516207E+1	3.197200E-6	NaN	3.197200E-5	5.401768E-1	1.776847E+1
2.641460E+2	3.455100E+2	3.355619E+1	-1.353737E+1	3.084400E-6	NaN	3.084400E-5	5.374875E-1	1.771961E+1
2.670590E+2	3.448300E+2	3.362236E+1	-1.360831E+1	2.981300E-6	NaN	2.981300E-5	5.357170E-1	1.769975E+1
2.701670E+2	3.443900E+2	3.366532E+1	-1.352285E+1	2.877700E-6	NaN	2.877700E-5	5.342706E-1	1.769027E+1
2.729870E+2	3.437400E+2	3.372898E+1	-1.113123E+1	2.784700E-6	NaN	2.784700E-5	5.374785E-1	1.783193E+1
2.759690E+2	3.431000E+2	3.379190E+1	-1.098932E+1	2.693800E-6	NaN	2.693800E-5	5.410492E-1	1.798764E+1
2.790030E+2	3.424700E+2	3.385406E+1	-1.333580E+1	2.602900E-6	NaN	2.602900E-5	5.455189E-1	1.817549E+1
2.817650E+2	3.418400E+2	3.391645E+1	-1.266562E+1	2.525200E-6	NaN	2.525200E-5	5.460380E-1	1.822869E+1
2.849170E+2	3.411900E+2	3.398107E+1	-1.303391E+1	2.438500E-6	NaN	2.438500E-5	5.460147E-1	1.826374E+1
2.882690E+2	3.403800E+2	3.406193E+1	-1.297179E+1	2.351000E-6	NaN	2.351000E-5	5.463221E-1	1.831058E+1
2.913340E+2	3.397800E+2	3.412208E+1	-1.347952E+1	2.275400E-6	NaN	2.275400E-5	5.437977E-1	1.826574E+1
2.944860E+2	3.391900E+2	3.418143E+1	-1.320420E+1	2.199700E-6	NaN	2.199700E-5	5.419212E-1	1.824157E+1
2.975010E+2	3.386100E+2	3.423998E+1	-1.148344E+1	2.131500E-6	NaN	2.131500E-5	5.407328E-1	1.823987E+1
3.007200E+2	3.380200E+2	3.429975E+1	-1.138202E+1	2.061700E-6	NaN	2.061700E-5	5.410127E-1	1.828788E+1
3.037580E+2	3.374600E+2	3.435666E+1	-1.125786E+1	1.996720E-6	NaN	1.996720E-5	5.380612E-1	1.822203E+1
3.067430E+2	3.368900E+2	3.441479E+1	-1.102735E+1	1.937840E-6	NaN	1.937840E-5	5.366474E-1	1.820687E+1
3.098650E+2	3.363100E+2	3.447415E+1	-1.125627E+1	1.877740E-6	NaN	1.877740E-5	5.340787E-1	1.815073E+1
3.130410E+2	3.357700E+2	3.452959E+1	-1.129735E+1	1.818860E-6	NaN	1.818860E-5	5.315746E-1	1.809581E+1
3.161650E+2	3.352300E+2	3.458521E+1	-1.066870E+1	1.763270E-6	NaN	1.763270E-5	5.290222E-1	1.803729E+1
3.194000E+2	3.345400E+2	3.465654E+1	-1.028548E+1	1.709110E-6	NaN	1.709110E-5	5.320228E-1	1.817115E+1
3.225990E+2	3.340100E+2	3.471154E+1	-1.161265E+1	1.657000E-6	NaN	1.657000E-5	5.319078E-1	1.820113E+1
3.256250E+2	3.335000E+2	3.476462E+1	-1.137972E+1	1.608960E-6	NaN	1.608960E-5	5.326760E-1	1.826092E+1
3.287060E+2	3.329900E+2	3.481786E+1	-1.002330E+1	1.563120E-6	NaN	1.563120E-5	5.347902E-1	1.836692E+1
3.317000E+2	3.324500E+2	3.487442E+1	-1.002102E+1	1.519780E-6	NaN	1.519780E-5	5.359993E-1	1.844197E+1
3.347980E+2	3.319500E+2	3.492695E+1	-1.036825E+1	1.476290E-6	NaN	1.476290E-5	5.367155E-1	1.850068E+1
3.377290E+2	3.316300E+2	3.496065E+1	-1.023970E+1	1.436980E-6	NaN	1.436980E-5	5.347220E-1	1.846210E+1
3.406610E+2	3.311400E+2	3.501238E+1	-8.175006E+0	1.398280E-6	NaN	1.398280E-5	5.364615E-1	1.854934E+1
3.436290E+2	3.304900E+2	3.508124E+1	-8.289371E+0	1.361880E-6	NaN	1.361880E-5	5.385320E-1	1.864867E+1
3.467980E+2	3.300100E+2	3.513227E+1	-1.159639E+1	1.323560E-6	NaN	1.323560E-5	5.356616E-1	1.857992E+1
3.500530E+2	3.295400E+2	3.518238E+1	-1.102566E+1	1.285880E-6	NaN	1.285880E-5	5.341162E-1	1.855633E+1
3.530670E+2	3.290700E+2	3.523263E+1	-8.872030E+0	1.251720E-6	NaN	1.251720E-5	5.344560E-1	1.859805E+1
3.562600E+2	3.285800E+2	3.528517E+1	-8.992220E+0	1.217490E-6	NaN	1.217490E-5	5.342971E-1	1.862225E+1
3.593630E+2	3.281400E+2	3.533248E+1	-9.279131E+0	1.185220E-6	NaN	1.185220E-5	5.338515E-1	1.863641E+1
3.625860E+2	3.276900E+2	3.538100E+1	-8.864437E+0	1.153290E-6	NaN	1.153290E-5	5.354027E-1	1.872033E+1
3.656840E+2	3.272400E+2	3.542965E+1	-8.440940E+0	1.123120E-6	NaN	1.123120E-5	5.385075E-1	1.885921E+1
3.687230E+2	3.268000E+2	3.547736E+1	-8.541839E+0	1.094660E-6	NaN	1.094660E-5	5.379733E-1	1.886778E+1
3.716850E+2	3.263700E+2	3.552410E+1	-8.701365E+0	1.067630E-6	NaN	1.067630E-5	5.379370E-1	1.889333E+1
3.748260E+2	3.259400E+2	3.557096E+1	-8.698501E+0	1.040580E-6	NaN	1.040580E-5	5.381396E-1	1.892702E+1
3.779180E+2	3.255100E+2	3.561795E+1	-8.452435E+0	1.014310E-6	NaN	1.014310E-5	5.386024E-1	1.896958E+1
3.808620E+2	3.250600E+2	3.566726E+1	-8.278347E+0	9.903500E-7	NaN	9.903500E-6	5.377736E-1	1.896562E+1
3.841120E+2	3.246500E+2	3.571231E+1	-8.744138E+0	9.645600E-7	NaN	9.645600E-6	5.357934E-1	1.892100E+1
3.870360E+2	3.242400E+2	3.575746E+1	-8.317495E+0	9.421100E-7	NaN	9.421100E-6	5.400752E-1	1.910068E+1
3.900460E+2	3.236900E+2	3.581822E+1	-7.961503E+0	9.199700E-7	NaN	9.199700E-6	5.443583E-1	1.928164E+1
3.932660E+2	3.232900E+2	3.586254E+1	-9.712933E+0	8.966800E-7	NaN	8.966800E-6	5.377100E-1	1.907447E+1
3.963420E+2	3.229000E+2	3.590585E+1	-9.129588E+0	8.754500E-7	NaN	8.754500E-6	5.330089E-1	1.893454E+1
3.994860E+2	3.225100E+2	3.594927E+1	-7.528003E+0	8.544500E-7	NaN	8.544500E-6	5.300531E-1	1.885540E+1
4.024750E+2	3.221100E+2	3.599392E+1	-7.523816E+0	8.350200E-7	NaN	8.350200E-6	5.278268E-1	1.880115E+1
4.052950E+2	3.217100E+2	3.603867E+1	-7.726212E+0	8.173900E-7	NaN	8.173900E-6	5.250322E-1	1.872556E+1
4.086060E+2	3.213200E+2	3.608241E+1	-8.260710E+0	7.969600E-7	NaN	7.969600E-6	5.219249E-1	1.863867E+1
4.116850E+2	3.209500E+2	3.612401E+1	-7.712102E+0	7.788600E-7	NaN	7.788600E-6	5.210469E-1	1.863085E+1
4.147510E+2	3.205700E+2	3.616683E+1	-7.135288E+0	7.611900E-7	NaN	7.611900E-6	5.212246E-1	1.866025E+1
4.176780E+2	3.201900E+2	3.620975E+1	-7.322947E+0	7.448200E-7	NaN	7.448200E-6	5.219179E-1	1.870809E+1
4.207390E+2	3.198300E+2	3.625051E+1	-7.607513E+0	7.282400E-7	NaN	7.282400E-6	5.223939E-1	1.874842E+1
4.237260E+2	3.194600E+2	3.629249E+1	-7.412098E+0	7.122100E-7	NaN	7.122100E-6	5.241556E-1	1.883501E+1
4.268900E+2	3.190900E+2	3.633458E+1	-7.241298E+0	6.962100E-7	NaN	6.962100E-6	5.266986E-1	1.895021E+1
4.297250E+2	3.187200E+2	3.637676E+1	-7.216347E+0	6.820000E-7	NaN	6.820000E-6	5.284002E-1	1.903513E+1
4.327650E+2	3.183500E+2	3.641904E+1	-7.393821E+0	6.672300E-7	NaN	6.672300E-6	5.310421E-1	1.915505E+1
4.359470E+2	3.179900E+2	3.646027E+1	-7.554381E+0	6.525100E-7	NaN	6.525100E-6	5.337351E-1	1.927787E+1
4.390280E+2	3.176400E+2	3.650044E+1	-7.037582E+0	6.382900E-7	NaN	6.382900E-6	5.313197E-1	1.921332E+1
4.419210E+2	3.172900E+2	3.654070E+1	-6.801777E+0	6.255800E-7	NaN	6.255800E-6	5.304992E-1	1.920609E+1
4.451310E+2	3.169500E+2	3.657990E+1	-7.028145E+0	6.115500E-7	NaN	6.115500E-6	5.294827E-1	1.919175E+1
4.483570E+2	3.166100E+2	3.661918E+1	-6.775753E+0	5.982900E-7	NaN	5.982900E-6	5.304845E-1	1.925040E+1
4.514380E+2	3.162600E+2	3.665971E+1	-6.339328E+0	5.855500E-7	NaN	5.855500E-6	5.316777E-1	1.931573E+1
4.546990E+2	3.158000E+2	3.671311E+1	-6.562250E+0	5.726100E-7	NaN	5.726100E-6	5.310780E-1	1.931563E+1
4.577510E+2	3.154700E+2	3.675151E+1	-7.670984E+0	5.611900E-7	NaN	5.611900E-6	5.279310E-1	1.922468E+1
4.609320E+2	3.151400E+2	3.679000E+1	-7.519204E+0	5.491100E-7	NaN	5.491100E-6	5.256610E-1	1.916479E+1
4.639630E+2	3.148200E+2	3.682739E+1	-6.352374E+0	5.383100E-7	NaN	5.383100E-6	5.248175E-1	1.915604E+1
4.671970E+2	3.145000E+2	3.686486E+1	-6.277729E+0	5.270800E-7	NaN	5.270800E-6	5.236157E-1	1.913335E+1
4.702410E+2	3.141800E+2	3.690241E+1	-6.127145E+0	5.166600E-7	NaN	5.166600E-6	5.239765E-1	1.916749E+1
4.733020E+2	3.138700E+2	3.693886E+1	-6.114731E+0	5.065800E-7	NaN	5.065800E-6	5.245784E-1	1.921026E+1
4.765660E+2	3.135300E+2	3.697892E+1	-6.191539E+0	4.961200E-7	NaN	4.961200E-6	5.259083E-1	1.927948E+1
4.795420E+2	3.132200E+2	3.701552E+1	-6.166935E+0	4.867500E-7	NaN	4.867500E-6	5.260139E-1	1.930395E+1
4.826640E+2	3.129200E+2	3.705100E+1	-6.250000E+0	4.774800E-7	NaN	4.774800E-6	5.256277E-1	1.931001E+1
4.856210E+2	3.126200E+2	3.708656E+1	-6.000036E+0	4.686700E-7	NaN	4.686700E-6	5.258790E-1	1.933920E+1
4.887650E+2	3.123200E+2	3.712218E+1	-5.920573E+0	4.597400E-7	NaN	4.597400E-6	5.266146E-1	1.938631E+1
4.918460E+2	3.120300E+2	3.715668E+1	-5.898825E+0	4.510800E-7	NaN	4.510800E-6	5.268258E-1	1.941413E+1
4.949420E+2	3.117400E+2	3.719125E+1	-5.686878E+0	4.428200E-7	NaN	4.428200E-6	5.290090E-1	1.951507E+1
4.979830E+2	3.113500E+2	3.723784E+1	-5.633792E+0	4.347700E-7	NaN	4.347700E-6	5.324517E-1	1.966327E+1
5.012780E+2	3.110700E+2	3.727135E+1	-6.645101E+0	4.261600E-7	NaN	4.261600E-6	5.319875E-1	1.966962E+1
5.044830E+2	3.107700E+2	3.730733E+1	-6.327388E+0	4.183200E-7	NaN	4.183200E-6	5.290688E-1	1.958184E+1
5.076180E+2	3.104900E+2	3.734098E+1	-5.352652E+0	4.108100E-7	NaN	4.108100E-6	5.256796E-1	1.947610E+1
5.108980E+2	3.102300E+2	3.737227E+1	-5.489433E+0	4.030500E-7	NaN	4.030500E-6	5.236101E-1	1.941852E+1
5.140630E+2	3.099600E+2	3.740483E+1	-5.048393E+0	3.960300E-7	NaN	3.960300E-6	5.233727E-1	1.942805E+1
5.173580E+2	3.096100E+2	3.744711E+1	-4.932980E+0	3.889400E-7	NaN	3.889400E-6	5.242407E-1	1.947847E+1
5.203990E+2	3.093400E+2	3.747980E+1	-5.762720E+0	3.823500E-7	NaN	3.823500E-6	5.222743E-1	1.942473E+1
5.234050E+2	3.090800E+2	3.751132E+1	-5.878187E+0	3.762300E-7	NaN	3.762300E-6	5.208970E-1	1.939248E+1
5.264230E+2	3.088100E+2	3.754412E+1	-5.258939E+0	3.701800E-7	NaN	3.701800E-6	5.193567E-1	1.935314E+1
5.296780E+2	3.085500E+2	3.757576E+1	-5.278944E+0	3.638500E-7	NaN	3.638500E-6	5.172631E-1	1.929284E+1
5.328770E+2	3.083100E+2	3.760501E+1	-5.065730E+0	3.577600E-7	NaN	3.577600E-6	5.164159E-1	1.927876E+1
5.359660E+2	3.080700E+2	3.763430E+1	-4.648701E+0	3.520300E-7	NaN	3.520300E-6	5.169050E-1	1.931417E+1
5.390380E+2	3.078200E+2	3.766487E+1	-4.579686E+0	3.465700E-7	NaN	3.465700E-6	5.186025E-1	1.939471E+1
5.422300E+2	3.075900E+2	3.769303E+1	-4.771851E+0	3.410200E-7	NaN	3.410200E-6	5.210999E-1	1.950583E+1
5.450700E+2	3.073500E+2	3.772247E+1	-4.595916E+0	3.361900E-7	NaN	3.361900E-6	5.254310E-1	1.968614E+1
5.481370E+2	3.071200E+2	3.775072E+1	-4.667833E+0	3.312300E-7	NaN	3.312300E-6	5.236939E-1	1.963731E+1
5.513520E+2	3.068900E+2	3.777901E+1	-4.770348E+0	3.260100E-7	NaN	3.260100E-6	5.238160E-1	1.965832E+1
5.544050E+2	3.066500E+2	3.780858E+1	-4.392693E+0	3.213500E-7	NaN	3.213500E-6	5.243926E-1	1.969605E+1
5.574060E+2	3.064300E+2	3.783572E+1	-4.497217E+0	3.168400E-7	NaN	3.168400E-6	5.243630E-1	1.971133E+1
5.606280E+2	3.062100E+2	3.786290E+1	-4.559425E+0	3.120200E-7	NaN	3.120200E-6	5.268773E-1	1.982290E+1
5.634330E+2	3.059900E+2	3.789013E+1	-4.240544E+0	3.080100E-7	NaN	3.080100E-6	5.312912E-1	2.000657E+1
5.665540E+2	3.057900E+2	3.791491E+1	-4.373310E+0	3.036900E-7	NaN	3.036900E-6	5.306373E-1	1.999794E+1
5.695730E+2	3.055800E+2	3.794096E+1	-4.244824E+0	2.996100E-7	NaN	2.996100E-6	5.307430E-1	2.001736E+1
5.726440E+2	3.053700E+2	3.796706E+1	-4.005605E+0	2.956000E-7	NaN	2.956000E-6	5.300456E-1	2.000633E+1
5.755970E+2	3.051500E+2	3.799443E+1	-4.137830E+0	2.918000E-7	NaN	2.918000E-6	5.277789E-1	1.993553E+1
5.788970E+2	3.048900E+2	3.802683E+1	-4.281671E+0	2.876600E-7	NaN	2.876600E-6	5.244689E-1	1.982511E+1
5.819650E+2	3.046900E+2	3.805179E+1	-4.608159E+0	2.839600E-7	NaN	2.839600E-6	5.200831E-1	1.967476E+1
5.851750E+2	3.044900E+2	3.807678E+1	-4.339116E+0	2.801800E-7	NaN	2.801800E-6	5.167612E-1	1.956403E+1
5.882860E+2	3.043000E+2	3.810056E+1	-3.822222E+0	2.766400E-7	NaN	2.766400E-6	5.137784E-1	1.946531E+1
5.912730E+2	3.041100E+2	3.812436E+1	-3.702139E+0	2.733200E-7	NaN	2.733200E-6	5.128599E-1	1.944446E+1
5.943660E+2	3.039200E+2	3.814820E+1	-3.738416E+0	2.699500E-7	NaN	2.699500E-6	5.108630E-1	1.938217E+1
5.975080E+2	3.037500E+2	3.816955E+1	-3.749620E+0	2.666300E-7	NaN	2.666300E-6	5.092563E-1	1.933437E+1
6.005730E+2	3.035600E+2	3.819344E+1	-3.463739E+0	2.634800E-7	NaN	2.634800E-6	5.103229E-1	1.938763E+1
6.036850E+2	3.033900E+2	3.821484E+1	-3.478964E+0	2.603700E-7	NaN	2.603700E-6	5.101270E-1	1.939265E+1
6.069030E+2	3.032100E+2	3.823753E+1	-3.496283E+0	2.572700E-7	NaN	2.572700E-6	5.108238E-1	1.943134E+1
6.100130E+2	3.030500E+2	3.825771E+1	-3.317755E+0	2.543000E-7	NaN	2.543000E-6	5.132494E-1	1.953593E+1
6.131500E+2	3.028900E+2	3.827792E+1	-3.224533E+0	2.513800E-7	NaN	2.513800E-6	5.156450E-1	1.963908E+1
6.161670E+2	3.026700E+2	3.830575E+1	-3.073456E+0	2.486800E-7	NaN	2.486800E-6	5.206752E-1	1.984300E+1
6.194140E+2	3.025000E+2	3.832727E+1	-3.700636E+0	2.458300E-7	NaN	2.458300E-6	5.222633E-1	1.991722E+1
6.225390E+2	3.023300E+2	3.834882E+1	-3.728095E+0	2.432000E-7	NaN	2.432000E-6	5.247287E-1	2.002512E+1
6.258020E+2	3.021800E+2	3.836786E+1	-3.201115E+0	2.405300E-7	NaN	2.405300E-6	5.255542E-1	2.007039E+1
6.289290E+2	3.020200E+2	3.838819E+1	-3.003816E+0	2.379600E-7	NaN	2.379600E-6	5.245128E-1	2.004266E+1
6.323660E+2	3.018200E+2	3.841362E+1	-2.909693E+0	2.353300E-7	NaN	2.353300E-6	5.233233E-1	2.000894E+1
6.355410E+2	3.016700E+2	3.843272E+1	-3.293983E+0	2.329500E-7	NaN	2.329500E-6	5.199443E-1	1.989184E+1
6.387800E+2	3.015200E+2	3.845184E+1	-3.180372E+0	2.305700E-7	NaN	2.305700E-6	5.173813E-1	1.980532E+1
6.418260E+2	3.013900E+2	3.846843E+1	-2.806268E+0	2.283700E-7	NaN	2.283700E-6	5.148714E-1	1.972023E+1
6.449710E+2	3.012500E+2	3.848631E+1	-2.674145E+0	2.262100E-7	NaN	2.262100E-6	5.134021E-1	1.967418E+1
6.483270E+2	3.011000E+2	3.850548E+1	-2.616995E+0	2.239300E-7	NaN	2.239300E-6	5.136694E-1	1.969469E+1
6.514050E+2	3.009200E+2	3.852851E+1	-2.676570E+0	2.218900E-7	NaN	2.218900E-6	5.134492E-1	1.969628E+1
6.545960E+2	3.007900E+2	3.854516E+1	-3.071461E+0	2.198700E-7	NaN	2.198700E-6	5.109337E-1	1.961058E+1
6.578200E+2	3.006600E+2	3.856183E+1	-2.963784E+0	2.177900E-7	NaN	2.177900E-6	5.097120E-1	1.957399E+1
6.609390E+2	3.005300E+2	3.857851E+1	-2.431779E+0	2.159300E-7	NaN	2.159300E-6	5.115598E-1	1.965539E+1
6.639830E+2	3.004000E+2	3.859521E+1	-2.459179E+0	2.141000E-7	NaN	2.141000E-6	5.156442E-1	1.982327E+1
6.671450E+2	3.002800E+2	3.861063E+1	-2.531110E+0	2.123000E-7	NaN	2.123000E-6	5.147791E-1	1.979978E+1
6.702620E+2	3.001500E+2	3.862735E+1	-2.416112E+0	2.105500E-7	NaN	2.105500E-6	5.150662E-1	1.982033E+1
6.733200E+2	3.000300E+2	3.864280E+1	-2.388646E+0	2.088500E-7	NaN	2.088500E-6	5.142463E-1	1.979815E+1
6.764530E+2	2.999100E+2	3.865826E+1	-2.429385E+0	2.071800E-7	NaN	2.071800E-6	5.154974E-1	1.985594E+1
6.796820E+2	2.998000E+2	3.867245E+1	-2.325843E+0	2.055200E-7	NaN	2.055200E-6	5.175000E-1	1.994280E+1
6.826890E+2	2.996800E+2	3.868793E+1	-2.168490E+0	2.039900E-7	NaN	2.039900E-6	5.172582E-1	1.994204E+1
6.857120E+2	2.995600E+2	3.870343E+1	-2.210881E+0	2.024500E-7	NaN	2.024500E-6	5.164200E-1	1.991827E+1
6.886480E+2	2.994600E+2	3.871636E+1	-2.388054E+0	2.010300E-7	NaN	2.010300E-6	5.154285E-1	1.988856E+1
6.917490E+2	2.993500E+2	3.873058E+1	-2.215959E+0	1.994160E-7	NaN	1.994160E-6	5.167736E-1	1.994913E+1
6.948110E+2	2.992000E+2	3.875000E+1	-2.087515E+0	1.979240E-7	NaN	1.979240E-6	5.199703E-1	2.008142E+1
6.979890E+2	2.991000E+2	3.876296E+1	-2.530380E+0	1.964860E-7	NaN	1.964860E-6	5.198091E-1	2.008489E+1
7.010940E+2	2.990100E+2	3.877462E+1	-2.400590E+0	1.951600E-7	NaN	1.951600E-6	5.159056E-1	1.994226E+1
7.040750E+2	2.989400E+2	3.878370E+1	-1.814708E+0	1.938680E-7	NaN	1.938680E-6	5.140075E-1	1.987662E+1
7.072560E+2	2.988100E+2	3.880058E+1	-1.578511E+0	1.925090E-7	NaN	1.925090E-6	5.166466E-1	1.998581E+1
7.103420E+2	2.987100E+2	3.881356E+1	-1.953055E+0	1.912820E-7	NaN	1.912820E-6	5.162741E-1	1.997904E+1
7.133830E+2	2.986100E+2	3.882656E+1	-2.203293E+0	1.900930E-7	NaN	1.900930E-6	5.151033E-1	1.994117E+1
7.163580E+2	2.985100E+2	3.883957E+1	-1.958509E+0	1.889530E-7	NaN	1.889530E-6	5.140814E-1	1.990910E+1
7.194450E+2	2.984200E+2	3.885128E+1	-1.994601E+0	1.876930E-7	NaN	1.876930E-6	5.113113E-1	1.980908E+1
7.225820E+2	2.983300E+2	3.886300E+1	-1.879744E+0	1.865570E-7	NaN	1.865570E-6	5.101640E-1	1.977163E+1
7.257030E+2	2.982400E+2	3.887473E+1	-1.735181E+0	1.854140E-7	NaN	1.854140E-6	5.093089E-1	1.974530E+1
7.287280E+2	2.981700E+2	3.888386E+1	-1.725787E+0	1.843600E-7	NaN	1.843600E-6	5.104032E-1	1.979466E+1
7.317530E+2	2.980800E+2	3.889560E+1	-1.562881E+0	1.833630E-7	NaN	1.833630E-6	5.125207E-1	1.988326E+1
7.346880E+2	2.980000E+2	3.890604E+1	-1.586777E+0	1.823560E-7	NaN	1.823560E-6	5.126229E-1	1.989365E+1
7.377520E+2	2.979200E+2	3.891649E+1	-1.711786E+0	1.814120E-7	NaN	1.814120E-6	5.138922E-1	1.994953E+1
7.409250E+2	2.978300E+2	3.892825E+1	-1.600020E+0	1.804180E-7	NaN	1.804180E-6	5.168665E-1	2.007178E+1
7.439750E+2	2.977500E+2	3.893871E+1	-1.635796E+0	1.794490E-7	NaN	1.794490E-6	5.128720E-1	1.992253E+1
7.469960E+2	2.976800E+2	3.894786E+1	-1.639503E+0	1.785340E-7	NaN	1.785340E-6	5.100153E-1	1.981730E+1
7.502340E+2	2.976000E+2	3.895833E+1	-1.482604E+0	1.775700E-7	NaN	1.775700E-6	5.096850E-1	1.981018E+1
7.532740E+2	2.975300E+2	3.896750E+1	-1.438461E+0	1.767090E-7	NaN	1.767090E-6	5.149127E-1	2.002001E+1
7.563520E+2	2.974500E+2	3.897798E+1	-1.434107E+0	1.757980E-7	NaN	1.757980E-6	5.167600E-1	2.009775E+1
7.592630E+2	2.973800E+2	3.898715E+1	-1.471253E+0	1.750160E-7	NaN	1.750160E-6	5.174720E-1	2.013137E+1
7.622630E+2	2.973100E+2	3.899633E+1	-1.503297E+0	1.742260E-7	NaN	1.742260E-6	5.163755E-1	2.009439E+1
7.652400E+2	2.972500E+2	3.900421E+1	-1.420972E+0	1.734070E-7	NaN	1.734070E-6	5.128114E-1	1.996102E+1
7.683890E+2	2.971700E+2	3.901471E+1	-1.305125E+0	1.726310E-7	NaN	1.726310E-6	5.123868E-1	1.994955E+1
7.713660E+2	2.971100E+2	3.902258E+1	-1.372677E+0	1.718840E-7	NaN	1.718840E-6	5.097096E-1	1.985045E+1
7.744650E+2	2.970500E+2	3.903047E+1	-1.372677E+0	1.711230E-7	NaN	1.711230E-6	5.081246E-1	1.979351E+1
7.776300E+2	2.970000E+2	3.903704E+1	-1.184831E+0	1.704130E-7	NaN	1.704130E-6	5.105496E-1	1.989297E+1
7.805310E+2	2.969300E+2	3.904624E+1	-1.053264E+0	1.697090E-7	NaN	1.697090E-6	5.134059E-1	2.000887E+1
7.836660E+2	2.968500E+2	3.905676E+1	-1.183327E+0	1.690050E-7	NaN	1.690050E-6	5.152689E-1	2.008634E+1
7.869330E+2	2.968000E+2	3.906334E+1	-1.491591E+0	1.682440E-7	NaN	1.682440E-6	5.133326E-1	2.001609E+1
7.900790E+2	2.967400E+2	3.907124E+1	-1.216265E+0	1.675480E-7	NaN	1.675480E-6	5.130484E-1	2.000964E+1
7.930550E+2	2.966800E+2	3.907914E+1	-1.028449E+0	1.669050E-7	NaN	1.669050E-6	5.128503E-1	2.000641E+1
7.961640E+2	2.966200E+2	3.908705E+1	-1.175784E+0	1.662480E-7	NaN	1.662480E-6	5.132397E-1	2.002623E+1
7.992270E+2	2.965600E+2	3.909496E+1	-1.183049E+0	1.656090E-7	NaN	1.656090E-6	5.134776E-1	2.004002E+1
8.023300E+2	2.965100E+2	3.910155E+1	-1.166537E+0	1.650360E-7	NaN	1.650360E-6	5.137636E-1	2.005576E+1
8.053360E+2	2.964600E+2	3.910814E+1	-1.070161E+0	1.644360E-7	NaN	1.644360E-6	5.137724E-1	2.006033E+1
8.083480E+2	2.964100E+2	3.911474E+1	-9.820749E-1	1.638680E-7	NaN	1.638680E-6	5.137359E-1	2.006294E+1
8.112310E+2	2.963600E+2	3.912134E+1	-9.970086E-1	1.633320E-7	NaN	1.633320E-6	5.131019E-1	2.004205E+1
8.144000E+2	2.963100E+2	3.912794E+1	-1.017649E+0	1.627580E-7	NaN	1.627580E-6	5.144472E-1	2.009862E+1
8.174850E+2	2.962600E+2	3.913454E+1	-9.906703E-1	1.622320E-7	NaN	1.622320E-6	5.128699E-1	2.004061E+1
8.206420E+2	2.962200E+2	3.913983E+1	-9.593283E-1	1.616970E-7	NaN	1.616970E-6	5.114954E-1	1.999055E+1
8.237310E+2	2.961800E+2	3.914511E+1	-8.646994E-1	1.611520E-7	NaN	1.611520E-6	5.133362E-1	2.006604E+1
8.266820E+2	2.961300E+2	3.915172E+1	-7.684615E-1	1.606420E-7	NaN	1.606420E-6	5.207744E-1	2.036065E+1
8.298080E+2	2.960800E+2	3.915834E+1	-8.931278E-1	1.601830E-7	NaN	1.601830E-6	5.253179E-1	2.054219E+1
8.328850E+2	2.960400E+2	3.916363E+1	-9.870564E-1	1.596540E-7	NaN	1.596540E-6	5.220093E-1	2.041632E+1
8.360610E+2	2.960000E+2	3.916892E+1	-8.707831E-1	1.591810E-7	NaN	1.591810E-6	5.251766E-1	2.054383E+1
8.393750E+2	2.960000E+2	3.916892E+1	-7.675674E-1	1.586690E-7	NaN	1.586690E-6	5.294394E-1	2.071417E+1
