6/27/2024									
10:44 AM									
slow cooling down 460_2024.06.27_COND_FILE END.txt									
									
Data taken by: Akshat Sharma									
ammeter is Keithley 6517A at GPIB0::27::INSTR									
voltage source is Keithley 6517A at GPIB0::27::INSTR									
temperature controller is Lake Shore 330 at GPIB0::12::INSTR with the settings: control sensor=A;sample sensor=;loop=1									
Readings: 1									
Voltage (V): 100									
Geo Factor: 1000									
Ea Window (pts): 5									
Shut off V when done?: TRUE									
Mconnect?: TRUE									
Use Abs(Cond)?: TRUE									
Rate (K/min): 1									
Heater: High									
DESCRIPTION									
********************
Time (s)	Temperature (K)	1/kT (1/eV)	Rate (K/min)	Current (A)	Current Std Dev/Mean	Conductivity (Ohm-cm)^-1	Ea (eV)	Reduced Ea
5.877000E+0	4.600000E+2	2.520435E+1	-6.658446E-1	2.294700E-4	NaN	2.294700E-3	NaN	NaN
3.020700E+1	4.597300E+2	2.521915E+1	-1.620527E+0	2.282600E-4	NaN	2.282600E-3	NaN	NaN
3.909300E+1	4.594900E+2	2.523232E+1	-1.350772E+0	2.269400E-4	NaN	2.269400E-3	4.648816E-1	1.172769E+1
4.842100E+1	4.592800E+2	2.524386E+1	-9.025465E-1	2.255500E-4	NaN	2.255500E-3	4.968533E-1	1.254075E+1
5.772800E+1	4.591400E+2	2.525156E+1	-6.250343E-1	2.244700E-4	NaN	2.244700E-3	4.913926E-1	1.240950E+1
7.596700E+1	4.589500E+2	2.526201E+1	-1.070212E+0	2.235900E-4	NaN	2.235900E-3	4.763637E-1	1.203575E+1
8.830100E+1	4.587300E+2	2.527413E+1	-1.195791E+0	2.222900E-4	NaN	2.222900E-3	4.689978E-1	1.185313E+1
1.008450E+2	4.584800E+2	2.528791E+1	-1.183612E+0	2.207500E-4	NaN	2.207500E-3	4.979224E-1	1.258957E+1
1.074350E+2	4.583500E+2	2.529508E+1	-8.647232E-1	2.200100E-4	NaN	2.200100E-3	4.976506E-1	1.258906E+1
1.227000E+2	4.581300E+2	2.530723E+1	-8.903879E-1	2.186000E-4	NaN	2.186000E-3	4.768157E-1	1.206747E+1
1.375250E+2	4.579100E+2	2.531939E+1	-1.144396E+0	2.173600E-4	NaN	2.173600E-3	4.703545E-1	1.190832E+1
1.464380E+2	4.577400E+2	2.532879E+1	-1.061857E+0	2.165500E-4	NaN	2.165500E-3	4.570343E-1	1.157627E+1
1.583040E+2	4.575300E+2	2.534041E+1	-9.439430E-1	2.153000E-4	NaN	2.153000E-3	4.615781E-1	1.169652E+1
1.703810E+2	4.573400E+2	2.535094E+1	-9.590309E-1	2.142700E-4	NaN	2.142700E-3	4.682287E-1	1.186995E+1
1.822680E+2	4.571500E+2	2.536148E+1	-9.755304E-1	2.132200E-4	NaN	2.132200E-3	4.635829E-1	1.175740E+1
1.945690E+2	4.569500E+2	2.537258E+1	-9.703243E-1	2.121400E-4	NaN	2.121400E-3	4.627220E-1	1.174072E+1
2.069360E+2	4.567500E+2	2.538369E+1	-1.029075E+0	2.110200E-4	NaN	2.110200E-3	4.625597E-1	1.174175E+1
2.191800E+2	4.565400E+2	2.539537E+1	-1.056958E+0	2.099200E-4	NaN	2.099200E-3	4.632441E-1	1.176439E+1
2.311010E+2	4.563300E+2	2.540705E+1	-1.048951E+0	2.087700E-4	NaN	2.087700E-3	4.623850E-1	1.174770E+1
2.431130E+2	4.561200E+2	2.541875E+1	-1.022234E+0	2.076400E-4	NaN	2.076400E-3	4.759940E-1	1.209858E+1
2.548520E+2	4.559200E+2	2.542990E+1	-9.271182E-1	2.065700E-4	NaN	2.065700E-3	4.730834E-1	1.202992E+1
2.665010E+2	4.557400E+2	2.543994E+1	-9.692229E-1	2.054800E-4	NaN	2.054800E-3	4.633933E-1	1.178906E+1
2.782630E+2	4.555500E+2	2.545055E+1	-1.035843E+0	2.045600E-4	NaN	2.045600E-3	4.600164E-1	1.170837E+1
2.904270E+2	4.553400E+2	2.546229E+1	-1.026059E+0	2.035100E-4	NaN	2.035100E-3	4.531285E-1	1.153764E+1
3.027070E+2	4.551300E+2	2.547404E+1	-9.451169E-1	2.023500E-4	NaN	2.023500E-3	4.716191E-1	1.201343E+1
3.147690E+2	4.549400E+2	2.548468E+1	-9.345794E-1	2.013800E-4	NaN	2.013800E-3	4.759062E-1	1.212834E+1
3.269670E+2	4.547500E+2	2.549533E+1	-1.026895E+0	2.002800E-4	NaN	2.002800E-3	4.500593E-1	1.147547E+1
3.392370E+2	4.545400E+2	2.550711E+1	-1.173021E+0	1.992300E-4	NaN	1.992300E-3	4.419675E-1	1.127346E+1
3.515130E+2	4.543000E+2	2.552058E+1	-1.051018E+0	1.982060E-4	NaN	1.982060E-3	4.306981E-1	1.099044E+1
3.606470E+2	4.541400E+2	2.552957E+1	-9.787928E-1	1.973400E-4	NaN	1.973400E-3	4.353252E-1	1.111339E+1
3.729070E+2	4.539400E+2	2.554082E+1	-8.913833E-1	1.963710E-4	NaN	1.963710E-3	4.299472E-1	1.098205E+1
3.850230E+2	4.537600E+2	2.555095E+1	-9.602561E-1	1.955020E-4	NaN	1.955020E-3	4.188827E-1	1.070389E+1
4.000190E+2	4.535200E+2	2.556447E+1	-1.085794E+0	1.945030E-4	NaN	1.945030E-3	4.244439E-1	1.085014E+1
4.121760E+2	4.533000E+2	2.557688E+1	-1.036269E+0	1.934300E-4	NaN	1.934300E-3	4.402114E-1	1.125777E+1
4.214400E+2	4.531400E+2	2.558591E+1	-9.625411E-1	1.926060E-4	NaN	1.926060E-3	4.608568E-1	1.179148E+1
4.339070E+2	4.529400E+2	2.559721E+1	-9.133192E-1	1.915820E-4	NaN	1.915820E-3	4.570929E-1	1.170085E+1
4.457320E+2	4.527600E+2	2.560739E+1	-1.081967E+0	1.907150E-4	NaN	1.907150E-3	4.492941E-1	1.150610E+1
4.579320E+2	4.525400E+2	2.561983E+1	-1.078696E+0	1.896710E-4	NaN	1.896710E-3	4.536337E-1	1.162222E+1
4.701690E+2	4.523200E+2	2.563230E+1	-9.793520E-1	1.886190E-4	NaN	1.886190E-3	4.554060E-1	1.167268E+1
4.824220E+2	4.521200E+2	2.564363E+1	-1.017771E+0	1.875660E-4	NaN	1.875660E-3	4.524306E-1	1.160178E+1
4.948020E+2	4.519100E+2	2.565555E+1	-9.359606E-1	1.866060E-4	NaN	1.866060E-3	4.484220E-1	1.150428E+1
5.069820E+2	4.517200E+2	2.566634E+1	-9.730782E-1	1.857420E-4	NaN	1.857420E-3	4.465462E-1	1.146129E+1
5.193140E+2	4.515200E+2	2.567771E+1	-1.012862E+0	1.847790E-4	NaN	1.847790E-3	4.581392E-1	1.176420E+1
5.317540E+2	4.513100E+2	2.568966E+1	-1.009082E+0	1.837460E-4	NaN	1.837460E-3	4.591301E-1	1.179479E+1
5.436460E+2	4.511100E+2	2.570105E+1	-9.715026E-1	1.827690E-4	NaN	1.827690E-3	4.513640E-1	1.159996E+1
5.559980E+2	4.509100E+2	2.571245E+1	-1.012872E+0	1.818720E-4	NaN	1.818720E-3	4.361492E-1	1.121437E+1
5.654760E+2	4.507500E+2	2.572158E+1	-1.148564E+0	1.811570E-4	NaN	1.811570E-3	4.316735E-1	1.110451E+1
5.774910E+2	4.505200E+2	2.573471E+1	-1.068048E+0	1.801620E-4	NaN	1.801620E-3	4.408977E-1	1.134630E+1
5.898500E+2	4.503000E+2	2.574728E+1	-8.434632E-1	1.791440E-4	NaN	1.791440E-3	4.563425E-1	1.174824E+1
6.019430E+2	4.501300E+2	2.575700E+1	-9.273570E-1	1.783180E-4	NaN	1.783180E-3	4.700552E-1	1.210722E+1
6.142360E+2	4.499400E+2	2.576788E+1	-9.917355E-1	1.773710E-4	NaN	1.773710E-3	4.646350E-1	1.197354E+1
6.263360E+2	4.497400E+2	2.577934E+1	-1.063059E+0	1.764430E-4	NaN	1.764430E-3	4.468837E-1	1.152063E+1
6.387530E+2	4.495200E+2	2.579196E+1	-1.136842E+0	1.754760E-4	NaN	1.754760E-3	4.440020E-1	1.145097E+1
6.482530E+2	4.493400E+2	2.580229E+1	-9.349627E-1	1.747440E-4	NaN	1.747440E-3	3.699875E-1	9.547160E+0
6.604460E+2	4.491500E+2	2.581320E+1	-9.285426E-1	1.737920E-4	NaN	1.737920E-3	3.537534E-1	9.131790E+0
6.753080E+2	4.489200E+2	2.582643E+1	-9.937065E-1	1.735290E-4	NaN	1.735290E-3	3.720750E-1	9.608627E+0
6.843650E+2	4.487700E+2	2.583506E+1	-1.126991E+0	1.726550E-4	NaN	1.726550E-3	3.991536E-1	1.031241E+1
6.966100E+2	4.485400E+2	2.584831E+1	-1.023192E+0	1.716220E-4	NaN	1.716220E-3	4.636834E-1	1.198602E+1
7.083380E+2	4.483400E+2	2.585984E+1	-8.656305E-1	1.707660E-4	NaN	1.707660E-3	4.332198E-1	1.120260E+1
7.235870E+2	4.481200E+2	2.587253E+1	-1.078908E+0	1.698040E-4	NaN	1.698040E-3	4.310458E-1	1.115220E+1
7.330410E+2	4.479500E+2	2.588235E+1	-1.015435E+0	1.691720E-4	NaN	1.691720E-3	4.306555E-1	1.114685E+1
7.478130E+2	4.477000E+2	2.589681E+1	-1.087536E+0	1.680490E-4	NaN	1.680490E-3	4.446393E-1	1.151376E+1
7.571920E+2	4.475300E+2	2.590664E+1	-9.209889E-1	1.673580E-4	NaN	1.673580E-3	4.479094E-1	1.160389E+1
7.695700E+2	4.473400E+2	2.591765E+1	-1.099952E+0	1.664320E-4	NaN	1.664320E-3	4.422707E-1	1.146359E+1
7.821160E+2	4.471100E+2	2.593098E+1	-9.501188E-1	1.655530E-4	NaN	1.655530E-3	4.413912E-1	1.144496E+1
7.947460E+2	4.469100E+2	2.594258E+1	-1.035599E+0	1.646840E-4	NaN	1.646840E-3	4.491250E-1	1.165034E+1
8.040160E+2	4.467500E+2	2.595187E+1	-9.960159E-1	1.640100E-4	NaN	1.640100E-3	4.700885E-1	1.220011E+1
8.160640E+2	4.465500E+2	2.596350E+1	-9.232264E-1	1.630310E-4	NaN	1.630310E-3	4.745797E-1	1.232287E+1
8.284120E+2	4.463600E+2	2.597455E+1	-9.968765E-1	1.622190E-4	NaN	1.622190E-3	4.680818E-1	1.215868E+1
8.434590E+2	4.461100E+2	2.598911E+1	-1.030264E+0	1.611060E-4	NaN	1.611060E-3	4.594702E-1	1.194071E+1
8.527770E+2	4.459500E+2	2.599843E+1	-1.002205E+0	1.604680E-4	NaN	1.604680E-3	4.654237E-1	1.210026E+1
8.677440E+2	4.457000E+2	2.601301E+1	-9.903169E-1	1.593580E-4	NaN	1.593580E-3	4.668478E-1	1.214327E+1
8.768320E+2	4.455500E+2	2.602177E+1	-1.036099E+0	1.586760E-4	NaN	1.586760E-3	4.626370E-1	1.203890E+1
8.889930E+2	4.453400E+2	2.603404E+1	-9.986684E-1	1.577890E-4	NaN	1.577890E-3	4.294863E-1	1.118215E+1
9.010090E+2	4.451400E+2	2.604574E+1	-1.045379E+0	1.570070E-4	NaN	1.570070E-3	4.153869E-1	1.081926E+1
9.136360E+2	4.449200E+2	2.605862E+1	-9.716599E-1	1.562780E-4	NaN	1.562780E-3	4.118522E-1	1.073198E+1
9.259860E+2	4.447200E+2	2.607034E+1	-1.007049E+0	1.554600E-4	NaN	1.554600E-3	4.288678E-1	1.118022E+1
9.379020E+2	4.445200E+2	2.608207E+1	-9.448819E-1	1.546790E-4	NaN	1.546790E-3	4.477768E-1	1.167893E+1
9.499670E+2	4.443300E+2	2.609322E+1	-1.027481E+0	1.538550E-4	NaN	1.538550E-3	4.638853E-1	1.210475E+1
9.622300E+2	4.441200E+2	2.610556E+1	-1.043726E+0	1.530370E-4	NaN	1.530370E-3	4.741911E-1	1.237862E+1
9.748770E+2	4.439000E+2	2.611850E+1	-9.535919E-1	1.520110E-4	NaN	1.520110E-3	4.660155E-1	1.217048E+1
9.843150E+2	4.437500E+2	2.612732E+1	-9.983361E-1	1.514010E-4	NaN	1.514010E-3	4.604939E-1	1.203205E+1
9.963350E+2	4.435500E+2	2.613910E+1	-9.705597E-1	1.506480E-4	NaN	1.506480E-3	4.505779E-1	1.177843E+1
1.008699E+3	4.433500E+2	2.615090E+1	-1.045990E+0	1.498410E-4	NaN	1.498410E-3	4.383226E-1	1.146299E+1
1.020745E+3	4.431400E+2	2.616329E+1	-1.063487E+0	1.489560E-4	NaN	1.489560E-3	4.418706E-1	1.156084E+1
1.033157E+3	4.429200E+2	2.617628E+1	-9.564561E-1	1.482360E-4	NaN	1.482360E-3	4.382955E-1	1.147225E+1
1.045076E+3	4.427300E+2	2.618752E+1	-9.426162E-1	1.474240E-4	NaN	1.474240E-3	3.737797E-1	9.788702E+0
1.057170E+3	4.425400E+2	2.619876E+1	-1.016479E+0	1.467070E-4	NaN	1.467070E-3	3.496886E-1	9.162186E+0
1.070156E+3	4.423200E+2	2.621179E+1	-1.038661E+0	1.464130E-4	NaN	1.464130E-3	3.452095E-1	9.048344E+0
1.082287E+3	4.421100E+2	2.622424E+1	-9.885493E-1	1.456400E-4	NaN	1.456400E-3	3.906938E-1	1.024459E+1
1.094426E+3	4.419100E+2	2.623611E+1	-8.730095E-1	1.448570E-4	NaN	1.448570E-3	4.445175E-1	1.166205E+1
1.106797E+3	4.417300E+2	2.624680E+1	-9.878982E-1	1.440440E-4	NaN	1.440440E-3	4.452878E-1	1.168815E+1
1.118944E+3	4.415300E+2	2.625869E+1	-1.131148E+0	1.434610E-4	NaN	1.434610E-3	4.450623E-1	1.168704E+1
1.131144E+3	4.413000E+2	2.627238E+1	-1.110748E+0	1.425230E-4	NaN	1.425230E-3	4.450921E-1	1.169264E+1
1.140327E+3	4.411300E+2	2.628250E+1	-9.669621E-1	1.418400E-4	NaN	1.418400E-3	4.648273E-1	1.221677E+1
1.152737E+3	4.409300E+2	2.629442E+1	-9.305363E-1	1.410750E-4	NaN	1.410750E-3	4.479691E-1	1.177941E+1
1.164988E+3	4.407400E+2	2.630576E+1	-9.682885E-1	1.403550E-4	NaN	1.403550E-3	4.403590E-1	1.158469E+1
1.177381E+3	4.405400E+2	2.631770E+1	-1.092316E+0	1.396640E-4	NaN	1.396640E-3	4.472829E-1	1.177149E+1
1.190564E+3	4.403000E+2	2.633205E+1	-8.725158E-1	1.387650E-4	NaN	1.387650E-3	4.688704E-1	1.234565E+1
1.200879E+3	4.401500E+2	2.634102E+1	-9.796534E-1	1.381360E-4	NaN	1.381360E-3	4.848913E-1	1.277297E+1
1.216803E+3	4.398900E+2	2.635659E+1	-9.726575E-1	1.370550E-4	NaN	1.370550E-3	4.749717E-1	1.251802E+1
1.226056E+3	4.397400E+2	2.636558E+1	-1.110177E+0	1.364930E-4	NaN	1.364930E-3	4.517462E-1	1.191160E+1
1.237946E+3	4.395200E+2	2.637878E+1	-1.104728E+0	1.357400E-4	NaN	1.357400E-3	4.394016E-1	1.159141E+1
1.251524E+3	4.392700E+2	2.639379E+1	-9.313155E-1	1.348570E-4	NaN	1.348570E-3	4.474365E-1	1.180748E+1
1.261832E+3	4.391100E+2	2.640341E+1	-8.625793E-1	1.342380E-4	NaN	1.342380E-3	4.511321E-1	1.191102E+1
1.273657E+3	4.389400E+2	2.641363E+1	-1.020987E+0	1.335880E-4	NaN	1.335880E-3	4.492812E-1	1.186834E+1
1.285998E+3	4.387300E+2	2.642628E+1	-9.997501E-1	1.328910E-4	NaN	1.328910E-3	4.498325E-1	1.188775E+1
1.298001E+3	4.385300E+2	2.643833E+1	-9.920479E-1	1.321680E-4	NaN	1.321680E-3	4.552695E-1	1.203650E+1
1.310702E+3	4.383200E+2	2.645099E+1	-1.024153E+0	1.313670E-4	NaN	1.313670E-3	4.390767E-1	1.161418E+1
1.322419E+3	4.381200E+2	2.646307E+1	-1.047817E+0	1.306330E-4	NaN	1.306330E-3	4.342649E-1	1.149193E+1
1.334444E+3	4.379100E+2	2.647576E+1	-9.426941E-1	1.300870E-4	NaN	1.300870E-3	4.362650E-1	1.155031E+1
1.346537E+3	4.377200E+2	2.648725E+1	-1.110737E+0	1.293260E-4	NaN	1.293260E-3	4.511426E-1	1.194916E+1
1.358421E+3	4.375000E+2	2.650057E+1	-9.915307E-1	1.285240E-4	NaN	1.285240E-3	4.730306E-1	1.253486E+1
1.368103E+3	4.373400E+2	2.651027E+1	-9.345067E-1	1.279340E-4	NaN	1.279340E-3	4.593391E-1	1.217771E+1
1.380944E+3	4.371400E+2	2.652240E+1	-1.003185E+0	1.272450E-4	NaN	1.272450E-3	4.531870E-1	1.202045E+1
1.393504E+3	4.369300E+2	2.653514E+1	-1.009615E+0	1.265100E-4	NaN	1.265100E-3	4.517990E-1	1.198868E+1
1.405984E+3	4.367200E+2	2.654790E+1	-1.019005E+0	1.257900E-4	NaN	1.257900E-3	4.636701E-1	1.230913E+1
1.418349E+3	4.365100E+2	2.656067E+1	-9.223301E-1	1.250520E-4	NaN	1.250520E-3	4.702857E-1	1.250017E+1
1.430709E+3	4.363200E+2	2.657224E+1	-1.024201E+0	1.243210E-4	NaN	1.243210E-3	4.734115E-1	1.258731E+1
1.476989E+3	4.355300E+2	2.662044E+1	-9.839292E-1	1.215550E-4	NaN	1.215550E-3	4.720964E-1	1.255513E+1
1.480038E+3	4.354800E+2	2.662350E+1	-9.624639E-1	1.213610E-4	NaN	1.213610E-3	4.667007E-1	1.241391E+1
1.483155E+3	4.354300E+2	2.662655E+1	-9.342884E-1	1.212150E-4	NaN	1.212150E-3	4.691764E-1	1.249239E+1
1.486366E+3	4.353800E+2	2.662961E+1	-7.807417E-1	1.210450E-4	NaN	1.210450E-3	4.473630E-1	1.191530E+1
1.489440E+3	4.353400E+2	2.663206E+1	-9.807928E-1	1.208770E-4	NaN	1.208770E-3	4.292813E-1	1.143706E+1
1.501675E+3	4.351400E+2	2.664430E+1	-1.062716E+0	1.202470E-4	NaN	1.202470E-3	4.394241E-1	1.171038E+1
1.514096E+3	4.349200E+2	2.665778E+1	-1.031519E+0	1.195960E-4	NaN	1.195960E-3	4.399158E-1	1.172697E+1
1.526311E+3	4.347100E+2	2.667065E+1	-9.924737E-1	1.188380E-4	NaN	1.188380E-3	4.506239E-1	1.201783E+1
1.538402E+3	4.345100E+2	2.668293E+1	-9.309162E-1	1.182130E-4	NaN	1.182130E-3	4.544306E-1	1.212560E+1
1.550648E+3	4.343200E+2	2.669460E+1	-1.024368E+0	1.175680E-4	NaN	1.175680E-3	4.370597E-1	1.166750E+1
1.563534E+3	4.341000E+2	2.670813E+1	-1.165168E+0	1.168820E-4	NaN	1.168820E-3	4.166424E-1	1.112773E+1
1.573318E+3	4.339100E+2	2.671983E+1	-1.205626E+0	1.163290E-4	NaN	1.163290E-3	4.324065E-1	1.155345E+1
1.583769E+3	4.337000E+2	2.673276E+1	-7.592801E-1	1.157880E-4	NaN	1.157880E-3	4.379913E-1	1.170832E+1
1.597993E+3	4.335200E+2	2.674386E+1	-1.152295E+0	1.150130E-4	NaN	1.150130E-3	4.640190E-1	1.240975E+1
1.608407E+3	4.333200E+2	2.675621E+1	-8.424600E-1	1.144910E-4	NaN	1.144910E-3	4.713714E-1	1.261280E+1
1.622651E+3	4.331200E+2	2.676856E+1	-1.025402E+0	1.137460E-4	NaN	1.137460E-3	4.531632E-1	1.213012E+1
1.635524E+3	4.329000E+2	2.678217E+1	-9.475679E-1	1.130860E-4	NaN	1.130860E-3	4.624639E-1	1.238507E+1
1.645022E+3	4.327500E+2	2.679145E+1	-1.032702E+0	1.125910E-4	NaN	1.125910E-3	4.510700E-1	1.208586E+1
1.657804E+3	4.325300E+2	2.680508E+1	-1.028919E+0	1.119110E-4	NaN	1.119110E-3	4.518525E-1	1.211223E+1
1.670633E+3	4.323100E+2	2.681872E+1	-1.045403E+0	1.112070E-4	NaN	1.112070E-3	4.355917E-1	1.168151E+1
1.680390E+3	4.321400E+2	2.682927E+1	-1.032780E+0	1.107070E-4	NaN	1.107070E-3	4.231935E-1	1.135466E+1
1.693752E+3	4.319100E+2	2.684356E+1	-9.580838E-1	1.100800E-4	NaN	1.100800E-3	4.223464E-1	1.133655E+1
1.706277E+3	4.317100E+2	2.685599E+1	-9.158441E-1	1.095070E-4	NaN	1.095070E-3	4.351205E-1	1.168518E+1
1.716104E+3	4.315600E+2	2.686533E+1	-1.000385E+0	1.090130E-4	NaN	1.090130E-3	4.519736E-1	1.214368E+1
1.731698E+3	4.313000E+2	2.688152E+1	-1.034168E+0	1.082300E-4	NaN	1.082300E-3	4.544698E-1	1.221628E+1
1.741561E+3	4.311300E+2	2.689212E+1	-1.011236E+0	1.076990E-4	NaN	1.076990E-3	4.543726E-1	1.221876E+1
1.754021E+3	4.309200E+2	2.690523E+1	-9.348707E-1	1.070790E-4	NaN	1.070790E-3	4.610536E-1	1.240457E+1
1.766857E+3	4.307200E+2	2.691772E+1	-1.006711E+0	1.064430E-4	NaN	1.064430E-3	4.668797E-1	1.256682E+1
1.776989E+3	4.305500E+2	2.692835E+1	-1.051139E+0	1.059140E-4	NaN	1.059140E-3	4.691192E-1	1.263344E+1
1.788976E+3	4.303400E+2	2.694149E+1	-1.063381E+0	1.052520E-4	NaN	1.052520E-3	4.571588E-1	1.231717E+1
1.800825E+3	4.301300E+2	2.695464E+1	-1.004865E+0	1.046300E-4	NaN	1.046300E-3	4.303913E-1	1.160122E+1
1.813364E+3	4.299200E+2	2.696781E+1	-9.999206E-1	1.040410E-4	NaN	1.040410E-3	4.077435E-1	1.099544E+1
1.825965E+3	4.297100E+2	2.698099E+1	-9.608648E-1	1.035540E-4	NaN	1.035540E-3	4.031908E-1	1.087775E+1
1.835956E+3	4.295500E+2	2.699104E+1	-9.316081E-1	1.031280E-4	NaN	1.031280E-3	4.191823E-1	1.131460E+1
1.849481E+3	4.293400E+2	2.700424E+1	-9.838485E-1	1.025300E-4	NaN	1.025300E-3	4.435835E-1	1.197926E+1
1.861678E+3	4.291400E+2	2.701682E+1	-1.027477E+0	1.019360E-4	NaN	1.019360E-3	4.479860E-1	1.210294E+1
1.874525E+3	4.289200E+2	2.703068E+1	-1.017964E+0	1.013080E-4	NaN	1.013080E-3	4.462406E-1	1.206174E+1
1.884545E+3	4.287500E+2	2.704140E+1	-1.075356E+0	1.008350E-4	NaN	1.008350E-3	4.433752E-1	1.199026E+1
1.896820E+3	4.285300E+2	2.705528E+1	-1.022939E+0	1.002160E-4	NaN	1.002160E-3	4.432746E-1	1.199266E+1
1.909724E+3	4.283100E+2	2.706918E+1	-9.968985E-1	9.959400E-5	NaN	9.959400E-4	4.682763E-1	1.267441E+1
1.918752E+3	4.281600E+2	2.707866E+1	-8.455808E-1	9.918000E-5	NaN	9.918000E-4	4.684257E-1	1.268534E+1
1.933653E+3	4.279500E+2	2.709195E+1	-1.093983E+0	9.844700E-5	NaN	9.844700E-4	4.635328E-1	1.255884E+1
1.945719E+3	4.277300E+2	2.710588E+1	-9.765290E-1	9.791200E-5	NaN	9.791200E-4	4.366306E-1	1.183503E+1
1.957393E+3	4.275400E+2	2.711793E+1	-1.068702E+0	9.737900E-5	NaN	9.737900E-4	4.245929E-1	1.151361E+1
1.969183E+3	4.273300E+2	2.713126E+1	-8.502126E-1	9.690800E-5	NaN	9.690800E-4	4.306434E-1	1.168385E+1
1.981180E+3	4.271600E+2	2.714205E+1	-1.140873E+0	9.634700E-5	NaN	9.634700E-4	4.407576E-1	1.196378E+1
1.993276E+3	4.269300E+2	2.715668E+1	-9.715026E-1	9.580200E-5	NaN	9.580200E-4	4.570825E-1	1.241308E+1
2.005628E+3	4.267300E+2	2.716940E+1	-1.081435E+0	9.520400E-5	NaN	9.520400E-4	4.652744E-1	1.264109E+1
2.017834E+3	4.265100E+2	2.718342E+1	-9.856841E-1	9.459400E-5	NaN	9.459400E-4	4.792885E-1	1.302784E+1
2.030617E+3	4.263000E+2	2.719681E+1	-9.375977E-1	9.393300E-5	NaN	9.393300E-4	4.642625E-1	1.262559E+1
2.040216E+3	4.261500E+2	2.720638E+1	-1.020566E+0	9.356400E-5	NaN	9.356400E-4	4.549808E-1	1.237929E+1
2.053150E+3	4.259300E+2	2.722044E+1	-9.169884E-1	9.299100E-5	NaN	9.299100E-4	4.417903E-1	1.202604E+1
2.065582E+3	4.257400E+2	2.723258E+1	-9.972299E-1	9.247200E-5	NaN	9.247200E-4	4.350251E-1	1.184697E+1
2.078217E+3	4.255300E+2	2.724602E+1	-1.129837E+0	9.192200E-5	NaN	9.192200E-4	4.346622E-1	1.184311E+1
2.088838E+3	4.253300E+2	2.725883E+1	-9.424532E-1	9.147300E-5	NaN	9.147300E-4	4.475422E-1	1.219910E+1
2.102844E+3	4.251100E+2	2.727294E+1	-1.026673E+0	9.086800E-5	NaN	9.086800E-4	4.556311E-1	1.242568E+1
2.112779E+3	4.249400E+2	2.728385E+1	-9.852217E-1	9.034800E-5	NaN	9.034800E-4	4.543660E-1	1.239796E+1
2.125568E+3	4.247300E+2	2.729734E+1	-1.112399E+0	8.983900E-5	NaN	8.983900E-4	4.383670E-1	1.196681E+1
2.138513E+3	4.244900E+2	2.731278E+1	-9.738400E-1	8.926600E-5	NaN	8.926600E-4	4.266434E-1	1.165172E+1
2.148987E+3	4.243200E+2	2.732372E+1	-9.253819E-1	8.883500E-5	NaN	8.883500E-4	4.274290E-1	1.167872E+1
2.162603E+3	4.241100E+2	2.733725E+1	-1.021566E+0	8.831100E-5	NaN	8.831100E-4	4.287588E-1	1.172080E+1
2.173175E+3	4.239300E+2	2.734885E+1	-9.971378E-1	8.789500E-5	NaN	8.789500E-4	4.263982E-1	1.166194E+1
2.184006E+3	4.237500E+2	2.736047E+1	-1.028278E+0	8.745300E-5	NaN	8.745300E-4	4.332845E-1	1.185560E+1
2.198010E+3	4.235100E+2	2.737598E+1	-9.370694E-1	8.687200E-5	NaN	8.687200E-4	4.383141E-1	1.199905E+1
2.208895E+3	4.233400E+2	2.738697E+1	-1.013514E+0	8.642700E-5	NaN	8.642700E-4	4.420930E-1	1.210769E+1
2.223103E+3	4.231000E+2	2.740251E+1	-1.008703E+0	8.585900E-5	NaN	8.585900E-4	4.518717E-1	1.238197E+1
2.233215E+3	4.229300E+2	2.741352E+1	-1.003268E+0	8.542400E-5	NaN	8.542400E-4	4.497076E-1	1.232782E+1
2.246372E+3	4.227100E+2	2.742779E+1	-1.042518E+0	8.484700E-5	NaN	8.484700E-4	4.539633E-1	1.245088E+1
2.256156E+3	4.225400E+2	2.743882E+1	-9.332711E-1	8.445500E-5	NaN	8.445500E-4	4.458273E-1	1.223321E+1
2.269014E+3	4.223400E+2	2.745182E+1	-9.789525E-1	8.395600E-5	NaN	8.395600E-4	4.377901E-1	1.201885E+1
2.281272E+3	4.221400E+2	2.746482E+1	-1.020329E+0	8.348700E-5	NaN	8.348700E-4	4.409934E-1	1.211228E+1
2.294209E+3	4.219200E+2	2.747914E+1	-1.011317E+0	8.296700E-5	NaN	8.296700E-4	4.501067E-1	1.236816E+1
2.306668E+3	4.217100E+2	2.749283E+1	-9.096712E-1	8.245900E-5	NaN	8.245900E-4	4.527029E-1	1.244502E+1
2.319200E+3	4.215200E+2	2.750522E+1	-1.098073E+0	8.195200E-5	NaN	8.195200E-4	4.511968E-1	1.241001E+1
2.328489E+3	4.213500E+2	2.751632E+1	-1.037293E+0	8.158400E-5	NaN	8.158400E-4	4.412029E-1	1.214128E+1
2.340636E+3	4.211400E+2	2.753004E+1	-1.064279E+0	8.108700E-5	NaN	8.108700E-4	4.434165E-1	1.220746E+1
2.352475E+3	4.209300E+2	2.754377E+1	-8.870905E-1	8.061200E-5	NaN	8.061200E-4	4.503970E-1	1.240530E+1
2.365326E+3	4.207400E+2	2.755621E+1	-1.004544E+0	8.011300E-5	NaN	8.011300E-4	4.465286E-1	1.230531E+1
2.377869E+3	4.205300E+2	2.756997E+1	-1.055772E+0	7.964700E-5	NaN	7.964700E-4	4.485119E-1	1.236527E+1
2.390940E+3	4.203000E+2	2.758506E+1	-9.122238E-1	7.913100E-5	NaN	7.913100E-4	4.382932E-1	1.208936E+1
2.400806E+3	4.201500E+2	2.759491E+1	-1.074515E+0	7.875800E-5	NaN	7.875800E-4	4.443787E-1	1.226357E+1
2.413649E+3	4.199200E+2	2.761002E+1	-9.744780E-1	7.825500E-5	NaN	7.825500E-4	4.541463E-1	1.253918E+1
2.426579E+3	4.197100E+2	2.762384E+1	-9.422266E-1	7.776300E-5	NaN	7.776300E-4	4.606455E-1	1.272376E+1
2.438678E+3	4.195200E+2	2.763635E+1	-9.782889E-1	7.729100E-5	NaN	7.729100E-4	4.695114E-1	1.297560E+1
2.450331E+3	4.193300E+2	2.764887E+1	-1.042097E+0	7.683200E-5	NaN	7.683200E-4	4.540693E-1	1.255482E+1
2.462422E+3	4.191200E+2	2.766272E+1	-1.170098E+0	7.635300E-5	NaN	7.635300E-4	4.388001E-1	1.213815E+1
2.471652E+3	4.189400E+2	2.767461E+1	-9.713453E-1	7.600000E-5	NaN	7.600000E-4	4.369244E-1	1.209184E+1
2.484006E+3	4.187400E+2	2.768783E+1	-9.080590E-1	7.555000E-5	NaN	7.555000E-4	4.314713E-1	1.194723E+1
2.497221E+3	4.185400E+2	2.770106E+1	-1.048473E+0	7.508600E-5	NaN	7.508600E-4	4.423459E-1	1.225353E+1
2.510383E+3	4.183100E+2	2.771629E+1	-9.172662E-1	7.463400E-5	NaN	7.463400E-4	4.371293E-1	1.211510E+1
2.521503E+3	4.181400E+2	2.772756E+1	-1.105681E+0	7.422400E-5	NaN	7.422400E-4	4.464086E-1	1.237810E+1
2.533984E+3	4.179100E+2	2.774282E+1	-8.779361E-1	7.375200E-5	NaN	7.375200E-4	4.545134E-1	1.260885E+1
2.546969E+3	4.177200E+2	2.775543E+1	-1.059740E+0	7.328400E-5	NaN	7.328400E-4	4.501414E-1	1.249338E+1
2.556594E+3	4.175500E+2	2.776673E+1	-1.009483E+0	7.294400E-5	NaN	7.294400E-4	4.460124E-1	1.238522E+1
2.569670E+3	4.173300E+2	2.778137E+1	-1.126928E+0	7.245600E-5	NaN	7.245600E-4	4.406825E-1	1.224282E+1
2.579786E+3	4.171400E+2	2.779403E+1	-9.537507E-1	7.207900E-5	NaN	7.207900E-4	4.492364E-1	1.248624E+1
2.592997E+3	4.169300E+2	2.780803E+1	-9.520931E-1	7.160300E-5	NaN	7.160300E-4	4.456446E-1	1.239281E+1
2.606231E+3	4.167200E+2	2.782204E+1	-9.781090E-1	7.115000E-5	NaN	7.115000E-4	4.469928E-1	1.243602E+1
2.619113E+3	4.165100E+2	2.783607E+1	-1.001230E+0	7.072900E-5	NaN	7.072900E-4	4.417362E-1	1.229557E+1
2.630499E+3	4.163200E+2	2.784877E+1	-1.004317E+0	7.032800E-5	NaN	7.032800E-4	4.447928E-1	1.238736E+1
2.641850E+3	4.161300E+2	2.786149E+1	-1.011094E+0	6.992500E-5	NaN	6.992500E-4	4.544104E-1	1.266079E+1
2.656092E+3	4.158900E+2	2.787756E+1	-1.040462E+0	6.941900E-5	NaN	6.941900E-4	4.544606E-1	1.266792E+1
2.664742E+3	4.157400E+2	2.788762E+1	-1.107113E+0	6.908800E-5	NaN	6.908800E-4	4.582227E-1	1.277893E+1
2.675581E+3	4.155400E+2	2.790104E+1	-9.735518E-1	6.868200E-5	NaN	6.868200E-4	4.649293E-1	1.297258E+1
2.687907E+3	4.153400E+2	2.791448E+1	-9.481038E-1	6.824400E-5	NaN	6.824400E-4	4.645312E-1	1.296761E+1
2.699931E+3	4.151500E+2	2.792726E+1	-9.244399E-1	6.782700E-5	NaN	6.782700E-4	4.657496E-1	1.300742E+1
2.715508E+3	4.149100E+2	2.794341E+1	-1.043365E+0	6.733200E-5	NaN	6.733200E-4	4.544239E-1	1.269734E+1
2.724709E+3	4.147500E+2	2.795419E+1	-1.044221E+0	6.700200E-5	NaN	6.700200E-4	4.485403E-1	1.253912E+1
2.737350E+3	4.145300E+2	2.796903E+1	-9.649257E-1	6.657300E-5	NaN	6.657300E-4	4.534135E-1	1.268206E+1
2.750408E+3	4.143200E+2	2.798320E+1	-9.427609E-1	6.614100E-5	NaN	6.614100E-4	4.503396E-1	1.260212E+1
2.763773E+3	4.141100E+2	2.799739E+1	-1.089789E+0	6.569700E-5	NaN	6.569700E-4	4.562956E-1	1.277471E+1
2.776436E+3	4.138800E+2	2.801295E+1	-9.926585E-1	6.526700E-5	NaN	6.526700E-4	4.565467E-1	1.278818E+1
2.786107E+3	4.137200E+2	2.802378E+1	-1.079755E+0	6.492000E-5	NaN	6.492000E-4	4.593319E-1	1.287256E+1
2.798332E+3	4.135000E+2	2.803869E+1	-9.369606E-1	6.448000E-5	NaN	6.448000E-4	4.628270E-1	1.297705E+1
2.810499E+3	4.133100E+2	2.805158E+1	-9.530179E-1	6.409000E-5	NaN	6.409000E-4	4.506159E-1	1.264039E+1
2.822461E+3	4.131200E+2	2.806448E+1	-9.939260E-1	6.372800E-5	NaN	6.372800E-4	4.529207E-1	1.271146E+1
2.835138E+3	4.129100E+2	2.807876E+1	-9.532131E-1	6.333500E-5	NaN	6.333500E-4	4.478421E-1	1.257453E+1
2.847727E+3	4.127100E+2	2.809237E+1	-1.154339E+0	6.291700E-5	NaN	6.291700E-4	4.586061E-1	1.288279E+1
2.857083E+3	4.125300E+2	2.810462E+1	-9.558706E-1	6.259600E-5	NaN	6.259600E-4	4.707950E-1	1.323167E+1
2.869637E+3	4.123300E+2	2.811825E+1	-9.221063E-1	6.217200E-5	NaN	6.217200E-4	4.655231E-1	1.309001E+1
2.882000E+3	4.121400E+2	2.813122E+1	-1.049475E+0	6.178200E-5	NaN	6.178200E-4	4.647657E-1	1.307504E+1
2.894006E+3	4.119300E+2	2.814556E+1	-1.061053E+0	6.140000E-5	NaN	6.140000E-4	4.565321E-1	1.284967E+1
2.905881E+3	4.117200E+2	2.815991E+1	-1.030169E+0	6.100100E-5	NaN	6.100100E-4	4.531321E-1	1.275953E+1
2.918112E+3	4.115100E+2	2.817428E+1	-1.030824E+0	6.059000E-5	NaN	6.059000E-4	4.586895E-1	1.292225E+1
2.928007E+3	4.113400E+2	2.818593E+1	-9.197999E-1	6.027700E-5	NaN	6.027700E-4	4.634761E-1	1.306367E+1
2.940401E+3	4.111500E+2	2.819895E+1	-9.388937E-1	5.991500E-5	NaN	5.991500E-4	4.571871E-1	1.289318E+1
2.953182E+3	4.109500E+2	2.821268E+1	-1.007403E+0	5.952100E-5	NaN	5.952100E-4	4.608186E-1	1.300084E+1
2.966285E+3	4.107300E+2	2.822779E+1	-9.755106E-1	5.913700E-5	NaN	5.913700E-4	4.585272E-1	1.294300E+1
2.976126E+3	4.105700E+2	2.823879E+1	-1.023611E+0	5.881900E-5	NaN	5.881900E-4	4.503771E-1	1.271935E+1
2.990780E+3	4.103200E+2	2.825600E+1	-1.019628E+0	5.836400E-5	NaN	5.836400E-4	4.529889E-1	1.279927E+1
3.002549E+3	4.101200E+2	2.826977E+1	-9.719499E-1	5.802200E-5	NaN	5.802200E-4	4.459137E-1	1.260508E+1
3.014278E+3	4.099300E+2	2.828288E+1	-1.076095E+0	5.766700E-5	NaN	5.766700E-4	4.470527E-1	1.264427E+1
3.025987E+3	4.097200E+2	2.829737E+1	-1.021711E+0	5.730300E-5	NaN	5.730300E-4	4.442079E-1	1.257011E+1
3.037732E+3	4.095200E+2	2.831119E+1	-1.045209E+0	5.694500E-5	NaN	5.694500E-4	4.411849E-1	1.249034E+1
3.049787E+3	4.093100E+2	2.832572E+1	-9.516654E-1	5.659800E-5	NaN	5.659800E-4	4.566820E-1	1.293509E+1
3.061766E+3	4.091200E+2	2.833887E+1	-8.876469E-1	5.625600E-5	NaN	5.625600E-4	4.674201E-1	1.324573E+1
3.073933E+3	4.089400E+2	2.835135E+1	-9.891197E-1	5.589300E-5	NaN	5.589300E-4	4.760139E-1	1.349621E+1
3.086065E+3	4.087400E+2	2.836522E+1	-1.002925E+0	5.553900E-5	NaN	5.553900E-4	4.622686E-1	1.311362E+1
3.098030E+3	4.085400E+2	2.837911E+1	-1.096491E+0	5.518500E-5	NaN	5.518500E-4	4.483140E-1	1.272335E+1
3.111710E+3	4.082900E+2	2.839648E+1	-1.083467E+0	5.477200E-5	NaN	5.477200E-4	4.542966E-1	1.289916E+1
3.121678E+3	4.081100E+2	2.840901E+1	-9.651733E-1	5.446300E-5	NaN	5.446300E-4	4.565678E-1	1.296964E+1
3.134111E+3	4.079100E+2	2.842294E+1	-1.032493E+0	5.408900E-5	NaN	5.408900E-4	4.607402E-1	1.309627E+1
3.143990E+3	4.077400E+2	2.843479E+1	-9.399085E-1	5.381100E-5	NaN	5.381100E-4	4.625827E-1	1.315396E+1
3.159949E+3	4.074900E+2	2.845223E+1	-8.865435E-1	5.338700E-5	NaN	5.338700E-4	4.548137E-1	1.293901E+1
3.169424E+3	4.073500E+2	2.846201E+1	-1.003680E+0	5.313000E-5	NaN	5.313000E-4	4.567207E-1	1.299960E+1
3.181380E+3	4.071500E+2	2.847599E+1	-1.028991E+0	5.280800E-5	NaN	5.280800E-4	4.542533E-1	1.293674E+1
3.193625E+3	4.069400E+2	2.849069E+1	-1.032864E+0	5.245500E-5	NaN	5.245500E-4	4.546457E-1	1.295346E+1
3.206405E+3	4.067200E+2	2.850610E+1	-9.908776E-1	5.208900E-5	NaN	5.208900E-4	4.583012E-1	1.306344E+1
3.219121E+3	4.065100E+2	2.852082E+1	-1.024328E+0	5.172900E-5	NaN	5.172900E-4	4.622230E-1	1.318191E+1
3.228493E+3	4.063500E+2	2.853205E+1	-9.823030E-1	5.147200E-5	NaN	5.147200E-4	4.634980E-1	1.322545E+1
3.241320E+3	4.061400E+2	2.854681E+1	-1.010830E+0	5.111000E-5	NaN	5.111000E-4	4.642796E-1	1.325449E+1
3.253785E+3	4.059300E+2	2.856157E+1	-1.009454E+0	5.076700E-5	NaN	5.076700E-4	4.698380E-1	1.341914E+1
3.266267E+3	4.057200E+2	2.857636E+1	-9.616926E-1	5.041500E-5	NaN	5.041500E-4	4.694419E-1	1.341442E+1
3.278745E+3	4.055200E+2	2.859045E+1	-9.416818E-1	5.007400E-5	NaN	5.007400E-4	4.668118E-1	1.334607E+1
3.290851E+3	4.053300E+2	2.860385E+1	-1.024590E+0	4.976400E-5	NaN	4.976400E-4	4.512536E-1	1.290837E+1
3.302563E+3	4.051300E+2	2.861797E+1	-1.103912E+0	4.945200E-5	NaN	4.945200E-4	4.467587E-1	1.278512E+1
3.315064E+3	4.049000E+2	2.863423E+1	-8.890771E-1	4.911600E-5	NaN	4.911600E-4	4.543697E-1	1.300968E+1
3.324512E+3	4.047600E+2	2.864413E+1	-9.482268E-1	4.887400E-5	NaN	4.887400E-4	4.607860E-1	1.320058E+1
3.340331E+3	4.045100E+2	2.866184E+1	-1.087673E+0	4.846600E-5	NaN	4.846600E-4	4.650173E-1	1.332822E+1
3.352467E+3	4.042900E+2	2.867743E+1	-1.115242E+0	4.812900E-5	NaN	4.812900E-4	4.650999E-1	1.333593E+1
3.361613E+3	4.041200E+2	2.868950E+1	-9.399736E-1	4.786600E-5	NaN	4.786600E-4	4.682002E-1	1.343223E+1
3.373741E+3	4.039300E+2	2.870299E+1	-9.723644E-1	4.754400E-5	NaN	4.754400E-4	4.663757E-1	1.338711E+1
3.385465E+3	4.037400E+2	2.871650E+1	-9.958113E-1	4.724700E-5	NaN	4.724700E-4	4.580749E-1	1.315477E+1
3.398118E+3	4.035300E+2	2.873144E+1	-1.001846E+0	4.694100E-5	NaN	4.694100E-4	4.480931E-1	1.287450E+1
3.409497E+3	4.033400E+2	2.874498E+1	-1.033673E+0	4.665800E-5	NaN	4.665800E-4	4.531570E-1	1.302630E+1
3.422267E+3	4.031200E+2	2.876067E+1	-9.695403E-1	4.632600E-5	NaN	4.632600E-4	4.629319E-1	1.331416E+1
3.434644E+3	4.029200E+2	2.877494E+1	-1.011886E+0	4.601100E-5	NaN	4.601100E-4	4.653991E-1	1.339121E+1
3.447096E+3	4.027100E+2	2.878995E+1	-1.079137E+0	4.568900E-5	NaN	4.568900E-4	4.659086E-1	1.341295E+1
3.456548E+3	4.025400E+2	2.880211E+1	-1.008646E+0	4.543900E-5	NaN	4.543900E-4	4.615332E-1	1.329387E+1
3.469040E+3	4.023300E+2	2.881714E+1	-9.919698E-1	4.512000E-5	NaN	4.512000E-4	4.671667E-1	1.346269E+1
3.481742E+3	4.021200E+2	2.883219E+1	-9.011145E-1	4.481100E-5	NaN	4.481100E-4	4.717728E-1	1.360169E+1
3.494393E+3	4.019300E+2	2.884582E+1	-9.590793E-1	4.450900E-5	NaN	4.450900E-4	4.676674E-1	1.349048E+1
3.506905E+3	4.017300E+2	2.886018E+1	-1.065089E+0	4.421300E-5	NaN	4.421300E-4	4.661284E-1	1.345215E+1
3.518735E+3	4.015200E+2	2.887527E+1	-9.518773E-1	4.391700E-5	NaN	4.391700E-4	4.651301E-1	1.343031E+1
3.528190E+3	4.013700E+2	2.888607E+1	-9.690444E-1	4.369200E-5	NaN	4.369200E-4	4.569293E-1	1.320074E+1
3.543050E+3	4.011300E+2	2.890335E+1	-1.115336E+0	4.333000E-5	NaN	4.333000E-4	4.551973E-1	1.315720E+1
3.554885E+3	4.009100E+2	2.891921E+1	-1.000167E+0	4.304900E-5	NaN	4.304900E-4	4.529320E-1	1.309679E+1
3.566883E+3	4.007100E+2	2.893364E+1	-1.061595E+0	4.275900E-5	NaN	4.275900E-4	4.619345E-1	1.336389E+1
3.575926E+3	4.005500E+2	2.894520E+1	-9.224462E-1	4.252700E-5	NaN	4.252700E-4	4.751056E-1	1.375316E+1
3.587634E+3	4.003700E+2	2.895821E+1	-9.886036E-1	4.224700E-5	NaN	4.224700E-4	4.649311E-1	1.346543E+1
3.602200E+3	4.001300E+2	2.897558E+1	-1.018416E+0	4.191800E-5	NaN	4.191800E-4	4.613934E-1	1.336861E+1
3.613983E+3	3.999300E+2	2.899007E+1	-9.493671E-1	4.165600E-5	NaN	4.165600E-4	4.570269E-1	1.324850E+1
3.625991E+3	3.997400E+2	2.900385E+1	-1.077015E+0	4.137800E-5	NaN	4.137800E-4	4.690121E-1	1.360313E+1
3.637690E+3	3.995300E+2	2.901910E+1	-9.452127E-1	4.108800E-5	NaN	4.108800E-4	4.761343E-1	1.381661E+1
3.649116E+3	3.993500E+2	2.903218E+1	-9.958506E-1	4.082200E-5	NaN	4.082200E-4	4.705636E-1	1.366172E+1
3.661166E+3	3.991500E+2	2.904672E+1	-1.011975E+0	4.054800E-5	NaN	4.054800E-4	4.641414E-1	1.348237E+1
3.673024E+3	3.989500E+2	2.906129E+1	-1.082009E+0	4.027900E-5	NaN	4.027900E-4	4.616118E-1	1.341520E+1
3.684669E+3	3.987400E+2	2.907659E+1	-9.870856E-1	4.000300E-5	NaN	4.000300E-4	4.740260E-1	1.378244E+1
3.696826E+3	3.985400E+2	2.909118E+1	-9.091674E-1	3.972000E-5	NaN	3.972000E-4	4.769374E-1	1.387429E+1
3.708705E+3	3.983600E+2	2.910433E+1	-1.065719E+0	3.945100E-5	NaN	3.945100E-4	4.775001E-1	1.389869E+1
3.720528E+3	3.981500E+2	2.911968E+1	-9.739601E-1	3.918500E-5	NaN	3.918500E-4	4.662214E-1	1.357734E+1
3.735313E+3	3.979100E+2	2.913724E+1	-1.061500E+0	3.885900E-5	NaN	3.885900E-4	4.648325E-1	1.354316E+1
3.747183E+3	3.977000E+2	2.915263E+1	-9.583134E-1	3.859300E-5	NaN	3.859300E-4	4.711515E-1	1.373357E+1
3.759705E+3	3.975000E+2	2.916730E+1	-1.016949E+0	3.831100E-5	NaN	3.831100E-4	4.699206E-1	1.370520E+1
3.768555E+3	3.973500E+2	2.917831E+1	-1.008149E+0	3.811800E-5	NaN	3.811800E-4	4.716704E-1	1.376372E+1
3.780458E+3	3.971500E+2	2.919300E+1	-1.011886E+0	3.786000E-5	NaN	3.786000E-4	4.690135E-1	1.369325E+1
3.792910E+3	3.969400E+2	2.920844E+1	-1.027317E+0	3.758500E-5	NaN	3.758500E-4	4.726879E-1	1.380616E+1
3.805759E+3	3.967200E+2	2.922464E+1	-1.012910E+0	3.729400E-5	NaN	3.729400E-4	4.844188E-1	1.415557E+1
3.815829E+3	3.965500E+2	2.923717E+1	-9.047619E-1	3.707400E-5	NaN	3.707400E-4	4.915856E-1	1.437332E+1
3.828429E+3	3.963600E+2	2.925119E+1	-9.516257E-1	3.680300E-5	NaN	3.680300E-4	4.796793E-1	1.403315E+1
3.843561E+3	3.961200E+2	2.926891E+1	-1.110177E+0	3.648800E-5	NaN	3.648800E-4	4.682421E-1	1.370421E+1
3.855451E+3	3.959000E+2	2.928517E+1	-1.056222E+0	3.623800E-5	NaN	3.623800E-4	4.510473E-1	1.320727E+1
3.864540E+3	3.957400E+2	2.929701E+1	-1.021972E+0	3.604200E-5	NaN	3.604200E-4	4.533450E-1	1.328178E+1
3.876282E+3	3.955400E+2	2.931183E+1	-9.016134E-1	3.580400E-5	NaN	3.580400E-4	4.687357E-1	1.374084E+1
3.888926E+3	3.953500E+2	2.932591E+1	-9.916044E-1	3.555600E-5	NaN	3.555600E-4	4.751125E-1	1.393374E+1
3.904053E+3	3.951000E+2	2.934447E+1	-1.051330E+0	3.524600E-5	NaN	3.524600E-4	4.807018E-1	1.410510E+1
3.913755E+3	3.949300E+2	2.935710E+1	-1.054804E+0	3.503100E-5	NaN	3.503100E-4	4.821872E-1	1.415516E+1
3.926838E+3	3.947000E+2	2.937421E+1	-9.591368E-1	3.474400E-5	NaN	3.474400E-4	4.787978E-1	1.406352E+1
3.936847E+3	3.945400E+2	2.938612E+1	-9.664170E-1	3.453800E-5	NaN	3.453800E-4	4.676087E-1	1.374171E+1
3.949264E+3	3.943400E+2	2.940102E+1	-9.839138E-1	3.430900E-5	NaN	3.430900E-4	4.640332E-1	1.364426E+1
3.962070E+3	3.941300E+2	2.941669E+1	-9.860312E-1	3.406900E-5	NaN	3.406900E-4	4.670611E-1	1.373900E+1
3.975457E+3	3.939100E+2	2.943312E+1	-9.989227E-1	3.379800E-5	NaN	3.379800E-4	4.749703E-1	1.397904E+1
3.985668E+3	3.937400E+2	2.944583E+1	-1.003116E+0	3.358800E-5	NaN	3.358800E-4	4.726714E-1	1.391855E+1
3.998827E+3	3.935200E+2	2.946229E+1	-1.116164E+0	3.333100E-5	NaN	3.333100E-4	4.678272E-1	1.378320E+1
4.008503E+3	3.933400E+2	2.947577E+1	-1.035503E+0	3.313300E-5	NaN	3.313300E-4	4.684393E-1	1.380779E+1
4.020671E+3	3.931300E+2	2.949152E+1	-9.785534E-1	3.288100E-5	NaN	3.288100E-4	4.709970E-1	1.389074E+1
4.032934E+3	3.929300E+2	2.950653E+1	-9.765171E-1	3.264500E-5	NaN	3.264500E-4	4.746883E-1	1.400664E+1
4.045837E+3	3.927200E+2	2.952231E+1	-9.624198E-1	3.240800E-5	NaN	3.240800E-4	4.760160E-1	1.405238E+1
4.058929E+3	3.925100E+2	2.953810E+1	-9.436744E-1	3.216500E-5	NaN	3.216500E-4	4.745216E-1	1.401586E+1
4.069102E+3	3.923500E+2	2.955015E+1	-1.037048E+0	3.197200E-5	NaN	3.197200E-4	4.780223E-1	1.412632E+1
4.082409E+3	3.921200E+2	2.956748E+1	-1.002556E+0	3.171900E-5	NaN	3.171900E-4	4.796552E-1	1.418225E+1
4.092583E+3	3.919500E+2	2.958030E+1	-9.792095E-1	3.152000E-5	NaN	3.152000E-4	4.740493E-1	1.402391E+1
4.106676E+3	3.917200E+2	2.959767E+1	-1.045600E+0	3.125500E-5	NaN	3.125500E-4	4.745650E-1	1.404643E+1
4.120448E+3	3.914800E+2	2.961582E+1	-1.075804E+0	3.099800E-5	NaN	3.099800E-4	4.770117E-1	1.412480E+1
4.130487E+3	3.913000E+2	2.962944E+1	-1.000490E+0	3.079700E-5	NaN	3.079700E-4	4.845452E-1	1.435536E+1
4.140682E+3	3.911300E+2	2.964232E+1	-9.792366E-1	3.059400E-5	NaN	3.059400E-4	4.923776E-1	1.459622E+1
4.151711E+3	3.909500E+2	2.965597E+1	-9.470512E-1	3.038700E-5	NaN	3.038700E-4	4.841934E-1	1.436104E+1
4.165649E+3	3.907300E+2	2.967266E+1	-1.004031E+0	3.014700E-5	NaN	3.014700E-4	4.784609E-1	1.419794E+1
4.178796E+3	3.905100E+2	2.968938E+1	-9.829474E-1	2.991500E-5	NaN	2.991500E-4	4.775173E-1	1.417629E+1
4.192225E+3	3.902900E+2	2.970612E+1	-1.004629E+0	2.966900E-5	NaN	2.966900E-4	4.755516E-1	1.412510E+1
4.202378E+3	3.901200E+2	2.971906E+1	-1.065719E+0	2.948500E-5	NaN	2.948500E-4	4.785585E-1	1.422293E+1
4.212512E+3	3.899400E+2	2.973278E+1	-9.707429E-1	2.930300E-5	NaN	2.930300E-4	4.795313E-1	1.425897E+1
4.227346E+3	3.897000E+2	2.975109E+1	-9.962883E-1	2.904000E-5	NaN	2.904000E-4	4.851554E-1	1.443336E+1
4.237584E+3	3.895300E+2	2.976407E+1	-1.017699E+0	2.885400E-5	NaN	2.885400E-4	4.879970E-1	1.452474E+1
4.251144E+3	3.893000E+2	2.978166E+1	-1.028019E+0	2.860700E-5	NaN	2.860700E-4	4.841773E-1	1.441933E+1
4.261066E+3	3.891300E+2	2.979467E+1	-9.797373E-1	2.843300E-5	NaN	2.843300E-4	4.824408E-1	1.437500E+1
4.274539E+3	3.889100E+2	2.981152E+1	-9.924066E-1	2.820100E-5	NaN	2.820100E-4	4.812292E-1	1.434618E+1
4.287840E+3	3.886900E+2	2.982840E+1	-1.001374E+0	2.797100E-5	NaN	2.797100E-4	4.880723E-1	1.455736E+1
4.298026E+3	3.885200E+2	2.984145E+1	-9.687362E-1	2.779800E-5	NaN	2.779800E-4	4.939674E-1	1.474057E+1
4.311652E+3	3.883000E+2	2.985836E+1	-9.439528E-1	2.756000E-5	NaN	2.756000E-4	4.864087E-1	1.452355E+1
4.321822E+3	3.881400E+2	2.987067E+1	-1.064931E+0	2.738900E-5	NaN	2.738900E-4	4.769919E-1	1.424908E+1
4.335344E+3	3.879000E+2	2.988915E+1	-1.080432E+0	2.716400E-5	NaN	2.716400E-4	4.682159E-1	1.399356E+1
4.345340E+3	3.877200E+2	2.990302E+1	-9.981407E-1	2.699000E-5	NaN	2.699000E-4	4.722972E-1	1.412262E+1
4.355559E+3	3.875500E+2	2.991614E+1	-9.810194E-1	2.681700E-5	NaN	2.681700E-4	4.891254E-1	1.463469E+1
4.369626E+3	3.873200E+2	2.993390E+1	-9.384998E-1	2.658400E-5	NaN	2.658400E-4	4.944356E-1	1.480018E+1
4.383691E+3	3.871000E+2	2.995092E+1	-9.753299E-1	2.635700E-5	NaN	2.635700E-4	4.848433E-1	1.452077E+1
4.394149E+3	3.869300E+2	2.996408E+1	-1.053479E+0	2.618900E-5	NaN	2.618900E-4	4.737966E-1	1.419767E+1
4.407818E+3	3.866900E+2	2.998267E+1	-1.048035E+0	2.597000E-5	NaN	2.597000E-4	4.710652E-1	1.412238E+1
4.418123E+3	3.865100E+2	2.999664E+1	-9.229882E-1	2.580200E-5	NaN	2.580200E-4	4.733473E-1	1.419817E+1
4.428524E+3	3.863500E+2	3.000906E+1	-1.026862E+0	2.563800E-5	NaN	2.563800E-4	4.830850E-1	1.449912E+1
4.441963E+3	3.861200E+2	3.002693E+1	-9.814856E-1	2.542500E-5	NaN	2.542500E-4	4.841664E-1	1.453820E+1
4.455412E+3	3.859000E+2	3.004405E+1	-1.056441E+0	2.521200E-5	NaN	2.521200E-4	4.860089E-1	1.459966E+1
4.465635E+3	3.857200E+2	3.005807E+1	-9.934742E-1	2.504300E-5	NaN	2.504300E-4	5.003623E-1	1.503944E+1
4.475902E+3	3.855500E+2	3.007133E+1	-9.378489E-1	2.487300E-5	NaN	2.487300E-4	4.987728E-1	1.500064E+1
4.489337E+3	3.853400E+2	3.008771E+1	-1.029390E+0	2.466200E-5	NaN	2.466200E-4	4.950889E-1	1.489661E+1
4.502743E+3	3.851100E+2	3.010568E+1	-9.780420E-1	2.445500E-5	NaN	2.445500E-4	4.718543E-1	1.420522E+1
4.513172E+3	3.849400E+2	3.011898E+1	-1.117069E+0	2.429800E-5	NaN	2.429800E-4	4.719806E-1	1.421623E+1
4.526600E+3	3.846900E+2	3.013855E+1	-8.600780E-1	2.409700E-5	NaN	2.409700E-4	4.784480E-1	1.441821E+1
4.539157E+3	3.845100E+2	3.015266E+1	-9.843660E-1	2.390700E-5	NaN	2.390700E-4	4.811499E-1	1.450731E+1
4.549519E+3	3.843400E+2	3.016600E+1	-1.024879E+0	2.375900E-5	NaN	2.375900E-4	4.945523E-1	1.492001E+1
4.562984E+3	3.841100E+2	3.018406E+1	-9.836961E-1	2.355800E-5	NaN	2.355800E-4	4.811048E-1	1.452119E+1
4.573963E+3	3.839300E+2	3.019821E+1	-1.140901E+0	2.338600E-5	NaN	2.338600E-4	4.967947E-1	1.500225E+1
4.584481E+3	3.837300E+2	3.021395E+1	-9.467278E-1	2.321600E-5	NaN	2.321600E-4	5.029248E-1	1.519537E+1
4.597790E+3	3.835200E+2	3.023050E+1	-1.004036E+0	2.300700E-5	NaN	2.300700E-4	5.001686E-1	1.511969E+1
4.607949E+3	3.833500E+2	3.024390E+1	-9.512306E-1	2.286100E-5	NaN	2.286100E-4	4.972470E-1	1.503987E+1
4.621195E+3	3.831400E+2	3.026048E+1	-9.933027E-1	2.267400E-5	NaN	2.267400E-4	4.851645E-1	1.468246E+1
4.634484E+3	3.829200E+2	3.027786E+1	-9.825815E-1	2.248600E-5	NaN	2.248600E-4	4.756577E-1	1.440146E+1
4.647918E+3	3.827000E+2	3.029527E+1	-1.057476E+0	2.229600E-5	NaN	2.229600E-4	4.780322E-1	1.448050E+1
4.658131E+3	3.825200E+2	3.030953E+1	-9.407666E-1	2.216200E-5	NaN	2.216200E-4	4.782398E-1	1.449581E+1
4.669611E+3	3.823400E+2	3.032380E+1	-1.086799E+0	2.199100E-5	NaN	2.199100E-4	4.851512E-1	1.471288E+1
4.683413E+3	3.820900E+2	3.034364E+1	-9.872242E-1	2.179100E-5	NaN	2.179100E-4	4.934610E-1	1.497269E+1
4.693745E+3	3.819200E+2	3.035714E+1	-1.014184E+0	2.164000E-5	NaN	2.164000E-4	4.833167E-1	1.467183E+1
4.707352E+3	3.816900E+2	3.037544E+1	-9.927974E-1	2.144800E-5	NaN	2.144800E-4	4.954017E-1	1.504750E+1
4.717626E+3	3.815200E+2	3.038897E+1	-9.341637E-1	2.131400E-5	NaN	2.131400E-4	4.918483E-1	1.494642E+1
4.731114E+3	3.813100E+2	3.040571E+1	-1.009801E+0	2.112500E-5	NaN	2.112500E-4	4.771009E-1	1.450726E+1
4.741215E+3	3.811400E+2	3.041927E+1	-1.050788E+0	2.099200E-5	NaN	2.099200E-4	4.802480E-1	1.460939E+1
4.754919E+3	3.809000E+2	3.043844E+1	-9.272675E-1	2.082000E-5	NaN	2.082000E-4	4.816400E-1	1.465968E+1
4.765272E+3	3.807400E+2	3.045123E+1	-9.815776E-1	2.067300E-5	NaN	2.067300E-4	4.879054E-1	1.485759E+1
4.779331E+3	3.805100E+2	3.046963E+1	-1.057579E+0	2.048300E-5	NaN	2.048300E-4	4.956339E-1	1.510197E+1
4.789543E+3	3.803300E+2	3.048405E+1	-9.757540E-1	2.034900E-5	NaN	2.034900E-4	4.843725E-1	1.476553E+1
4.803071E+3	3.801100E+2	3.050170E+1	-1.065299E+0	2.017200E-5	NaN	2.017200E-4	4.788551E-1	1.460583E+1
4.813209E+3	3.799300E+2	3.051615E+1	-9.911398E-1	2.003100E-5	NaN	2.003100E-4	4.742674E-1	1.447375E+1
4.826527E+3	3.797100E+2	3.053383E+1	-9.845603E-1	1.986680E-5	NaN	1.986680E-4	4.757573E-1	1.452630E+1
4.839934E+3	3.794900E+2	3.055153E+1	-9.488041E-1	1.970790E-5	NaN	1.970790E-4	4.699368E-1	1.435646E+1
4.850052E+3	3.793300E+2	3.056442E+1	-9.935831E-1	1.957250E-5	NaN	1.957250E-4	4.815732E-1	1.471970E+1
4.864545E+3	3.790900E+2	3.058377E+1	-1.006215E+0	1.940880E-5	NaN	1.940880E-4	4.937870E-1	1.510166E+1
4.874682E+3	3.789200E+2	3.059749E+1	-1.006198E+0	1.926340E-5	NaN	1.926340E-4	4.916251E-1	1.504254E+1
4.888397E+3	3.786900E+2	3.061607E+1	-1.050686E+0	1.908480E-5	NaN	1.908480E-4	5.009099E-1	1.533488E+1
4.898676E+3	3.785100E+2	3.063063E+1	-1.009601E+0	1.895380E-5	NaN	1.895380E-4	4.806727E-1	1.472319E+1
4.908779E+3	3.783400E+2	3.064439E+1	-1.035336E+0	1.882450E-5	NaN	1.882450E-4	4.630773E-1	1.419188E+1
4.922108E+3	3.781100E+2	3.066303E+1	-9.533601E-1	1.866690E-5	NaN	1.866690E-4	4.786265E-1	1.467590E+1
4.932807E+3	3.779400E+2	3.067683E+1	-9.876190E-1	1.855730E-5	NaN	1.855730E-4	4.831127E-1	1.482036E+1
4.946780E+3	3.777100E+2	3.069551E+1	-9.910610E-1	1.836380E-5	NaN	1.836380E-4	4.968982E-1	1.525222E+1
4.957072E+3	3.775400E+2	3.070933E+1	-9.878021E-1	1.824990E-5	NaN	1.824990E-4	5.006470E-1	1.537576E+1
4.970435E+3	3.773200E+2	3.072723E+1	-1.025946E+0	1.808690E-5	NaN	1.808690E-4	4.863772E-1	1.494523E+1
4.983886E+3	3.770900E+2	3.074598E+1	-9.958020E-1	1.792020E-5	NaN	1.792020E-4	4.899603E-1	1.506304E+1
4.994129E+3	3.769200E+2	3.075984E+1	-9.621693E-1	1.780220E-5	NaN	1.780220E-4	4.789903E-1	1.473383E+1
5.007848E+3	3.767000E+2	3.077781E+1	-1.081406E+0	1.764700E-5	NaN	1.764700E-4	4.832761E-1	1.487485E+1
5.017835E+3	3.765200E+2	3.079252E+1	-1.018745E+0	1.753140E-5	NaN	1.753140E-4	4.901710E-1	1.509410E+1
5.032559E+3	3.762700E+2	3.081298E+1	-1.010802E+0	1.734600E-5	NaN	1.734600E-4	5.090006E-1	1.568147E+1
5.042650E+3	3.761000E+2	3.082691E+1	-9.316770E-1	1.722660E-5	NaN	1.722660E-4	5.206586E-1	1.604961E+1
5.052954E+3	3.759400E+2	3.084003E+1	-1.019127E+0	1.709640E-5	NaN	1.709640E-4	5.172530E-1	1.595462E+1
5.066495E+3	3.757100E+2	3.085891E+1	-9.134406E-1	1.693860E-5	NaN	1.693860E-4	5.144038E-1	1.587374E+1
5.080289E+3	3.755000E+2	3.087617E+1	-1.015734E+0	1.679000E-5	NaN	1.679000E-4	5.037320E-1	1.555218E+1
5.090331E+3	3.753300E+2	3.089015E+1	-9.790106E-1	1.667030E-5	NaN	1.667030E-4	4.906507E-1	1.515673E+1
5.103814E+3	3.751100E+2	3.090827E+1	-1.022351E+0	1.652040E-5	NaN	1.652040E-4	4.775455E-1	1.476051E+1
5.113791E+3	3.749400E+2	3.092228E+1	-1.044538E+0	1.642400E-5	NaN	1.642400E-4	4.775266E-1	1.476689E+1
5.127577E+3	3.747000E+2	3.094209E+1	-1.036966E+0	1.626600E-5	NaN	1.626600E-4	4.865041E-1	1.505200E+1
5.137992E+3	3.745200E+2	3.095696E+1	-1.015228E+0	1.614210E-5	NaN	1.614210E-4	4.951778E-1	1.532882E+1
5.148039E+3	3.743500E+2	3.097102E+1	-1.012101E+0	1.602710E-5	NaN	1.602710E-4	5.056062E-1	1.566090E+1
5.161674E+3	3.741200E+2	3.099006E+1	-8.831972E-1	1.588520E-5	NaN	1.588520E-4	4.947613E-1	1.533225E+1
5.175261E+3	3.739200E+2	3.100663E+1	-1.057994E+0	1.573810E-5	NaN	1.573810E-4	4.988601E-1	1.546728E+1
5.185469E+3	3.737400E+2	3.102157E+1	-9.825815E-1	1.563890E-5	NaN	1.563890E-4	5.054030E-1	1.567975E+1
5.198903E+3	3.735200E+2	3.103984E+1	-9.824352E-1	1.548570E-5	NaN	1.548570E-4	4.973059E-1	1.543626E+1
5.212339E+3	3.733000E+2	3.105813E+1	-1.071641E+0	1.534370E-5	NaN	1.534370E-4	5.008742E-1	1.555565E+1
5.222417E+3	3.731200E+2	3.107311E+1	-1.071096E+0	1.523360E-5	NaN	1.523360E-4	4.939321E-1	1.534773E+1
5.235301E+3	3.728900E+2	3.109228E+1	-9.339975E-1	1.509300E-5	NaN	1.509300E-4	5.045223E-1	1.568542E+1
5.244937E+3	3.727400E+2	3.110479E+1	-9.899434E-1	1.499350E-5	NaN	1.499350E-4	5.074459E-1	1.578475E+1
5.257665E+3	3.725300E+2	3.112233E+1	-9.583134E-1	1.485370E-5	NaN	1.485370E-4	5.005137E-1	1.557828E+1
5.270187E+3	3.723300E+2	3.113904E+1	-1.007839E+0	1.473740E-5	NaN	1.473740E-4	4.888665E-1	1.522215E+1
5.282689E+3	3.721200E+2	3.115662E+1	-9.892828E-1	1.461470E-5	NaN	1.461470E-4	4.936072E-1	1.537785E+1
5.292393E+3	3.719600E+2	3.117002E+1	-9.284333E-1	1.451920E-5	NaN	1.451920E-4	5.046754E-1	1.573229E+1
5.305318E+3	3.717600E+2	3.118679E+1	-9.813275E-1	1.438560E-5	NaN	1.438560E-4	4.996026E-1	1.558326E+1
5.319992E+3	3.715200E+2	3.120693E+1	-1.094437E+0	1.424510E-5	NaN	1.424510E-4	4.975609E-1	1.552619E+1
5.332053E+3	3.713000E+2	3.122542E+1	-1.015336E+0	1.412450E-5	NaN	1.412450E-4	4.843770E-1	1.512332E+1
5.341508E+3	3.711400E+2	3.123889E+1	-1.053274E+0	1.402330E-5	NaN	1.402330E-4	4.941682E-1	1.543756E+1
5.354610E+3	3.709100E+2	3.125826E+1	-9.830023E-1	1.389710E-5	NaN	1.389710E-4	5.043697E-1	1.576534E+1
5.364376E+3	3.707500E+2	3.127175E+1	-1.043561E+0	1.379530E-5	NaN	1.379530E-4	5.007075E-1	1.565873E+1
5.377025E+3	3.705300E+2	3.129031E+1	-9.422850E-1	1.366790E-5	NaN	1.366790E-4	5.106481E-1	1.597851E+1
5.389760E+3	3.703300E+2	3.130721E+1	-9.116353E-1	1.355510E-5	NaN	1.355510E-4	5.079043E-1	1.590036E+1
5.402265E+3	3.701400E+2	3.132328E+1	-1.007049E+0	1.343920E-5	NaN	1.343920E-4	5.059204E-1	1.584804E+1
5.414181E+3	3.699400E+2	3.134022E+1	-1.051429E+0	1.332450E-5	NaN	1.332450E-4	4.997576E-1	1.566395E+1
5.427306E+3	3.697100E+2	3.135971E+1	-1.018047E+0	1.319910E-5	NaN	1.319910E-4	4.945151E-1	1.550683E+1
5.440272E+3	3.694900E+2	3.137839E+1	-9.919405E-1	1.307980E-5	NaN	1.307980E-4	4.975280E-1	1.560996E+1
5.449950E+3	3.693300E+2	3.139198E+1	-1.056338E+0	1.298780E-5	NaN	1.298780E-4	5.127530E-1	1.609724E+1
5.462446E+3	3.691100E+2	3.141069E+1	-9.430255E-1	1.286560E-5	NaN	1.286560E-4	5.210662E-1	1.636763E+1
5.475171E+3	3.689100E+2	3.142772E+1	-1.001112E+0	1.274640E-5	NaN	1.274640E-4	5.201610E-1	1.634644E+1
5.487757E+3	3.687000E+2	3.144562E+1	-9.790923E-1	1.263040E-5	NaN	1.263040E-4	5.187966E-1	1.631296E+1
5.497562E+3	3.685400E+2	3.145927E+1	-9.883903E-1	1.254290E-5	NaN	1.254290E-4	5.064866E-1	1.593516E+1
5.510310E+3	3.683300E+2	3.147721E+1	-1.030525E+0	1.242760E-5	NaN	1.242760E-4	5.091541E-1	1.602781E+1
5.523119E+3	3.681100E+2	3.149602E+1	-9.510223E-1	1.231400E-5	NaN	1.231400E-4	4.990293E-1	1.571622E+1
5.535737E+3	3.679100E+2	3.151314E+1	-1.077427E+0	1.220170E-5	NaN	1.220170E-4	4.998447E-1	1.575031E+1
5.545204E+3	3.677400E+2	3.152771E+1	-9.038294E-1	1.212470E-5	NaN	1.212470E-4	4.907781E-1	1.547593E+1
5.557817E+3	3.675500E+2	3.154401E+1	-1.121985E+0	1.201760E-5	NaN	1.201760E-4	4.905693E-1	1.547612E+1
5.573860E+3	3.672500E+2	3.156978E+1	-9.216590E-1	1.187580E-5	NaN	1.187580E-4	4.994199E-1	1.576279E+1
5.581672E+3	3.671300E+2	3.158009E+1	-1.019665E+0	1.180720E-5	NaN	1.180720E-4	4.977879E-1	1.571988E+1
5.594029E+3	3.669200E+2	3.159817E+1	-1.005109E+0	1.170200E-5	NaN	1.170200E-4	5.124211E-1	1.619279E+1
5.605968E+3	3.667200E+2	3.161540E+1	-9.496834E-1	1.160000E-5	NaN	1.160000E-4	5.037770E-1	1.592690E+1
5.617972E+3	3.665300E+2	3.163179E+1	-9.447402E-1	1.150160E-5	NaN	1.150160E-4	5.054143E-1	1.598745E+1
5.631309E+3	3.663200E+2	3.164992E+1	-9.743590E-1	1.140090E-5	NaN	1.140090E-4	4.979324E-1	1.575911E+1
5.643009E+3	3.661300E+2	3.166635E+1	-9.948512E-1	1.130480E-5	NaN	1.130480E-4	4.977262E-1	1.576071E+1
5.654468E+3	3.659400E+2	3.168279E+1	-9.661836E-1	1.121750E-5	NaN	1.121750E-4	4.970374E-1	1.574800E+1
5.666267E+3	3.657500E+2	3.169925E+1	-1.076831E+0	1.112100E-5	NaN	1.112100E-4	4.906930E-1	1.555575E+1
5.677968E+3	3.655400E+2	3.171746E+1	-1.095799E+0	1.102470E-5	NaN	1.102470E-4	4.975962E-1	1.578272E+1
5.690014E+3	3.653200E+2	3.173656E+1	-9.696351E-1	1.092360E-5	NaN	1.092360E-4	4.993811E-1	1.584784E+1
5.701771E+3	3.651300E+2	3.175307E+1	-1.031603E+0	1.082820E-5	NaN	1.082820E-4	5.179809E-1	1.644697E+1
5.713985E+3	3.649200E+2	3.177135E+1	-8.505276E-1	1.072860E-5	NaN	1.072860E-4	5.037171E-1	1.600462E+1
5.726683E+3	3.647400E+2	3.178703E+1	-1.212611E+0	1.063410E-5	NaN	1.063410E-4	5.030921E-1	1.599288E+1
5.739053E+3	3.644900E+2	3.180883E+1	-8.921196E-1	1.053710E-5	NaN	1.053710E-4	5.042980E-1	1.603981E+1
5.751159E+3	3.643100E+2	3.182455E+1	-9.628500E-1	1.044030E-5	NaN	1.044030E-4	5.052905E-1	1.607896E+1
5.763622E+3	3.641100E+2	3.184203E+1	-9.750152E-1	1.034910E-5	NaN	1.034910E-4	5.283251E-1	1.682296E+1
5.773468E+3	3.639500E+2	3.185602E+1	-9.746733E-1	1.027470E-5	NaN	1.027470E-4	5.005665E-1	1.594830E+1
5.787011E+3	3.637300E+2	3.187529E+1	-1.106656E+0	1.017020E-5	NaN	1.017020E-4	4.888876E-1	1.558382E+1
5.799481E+3	3.635000E+2	3.189546E+1	-1.047006E+0	1.007960E-5	NaN	1.007960E-4	4.897966E-1	1.561996E+1
5.808650E+3	3.633400E+2	3.190951E+1	-9.618630E-1	1.001250E-5	NaN	1.001250E-4	4.921616E-1	1.570474E+1
5.820502E+3	3.631500E+2	3.192620E+1	-1.003185E+0	9.921700E-6	NaN	9.921700E-5	5.124874E-1	1.636383E+1
5.833062E+3	3.629400E+2	3.194467E+1	-9.049774E-1	9.831700E-6	NaN	9.831700E-5	5.111775E-1	1.632954E+1
5.848311E+3	3.627100E+2	3.196493E+1	-1.047873E+0	9.728200E-6	NaN	9.728200E-5	5.101875E-1	1.630704E+1
5.858045E+3	3.625400E+2	3.197992E+1	-9.626788E-1	9.658100E-6	NaN	9.658100E-5	5.114028E-1	1.635500E+1
5.872380E+3	3.623100E+2	3.200022E+1	-1.085536E+0	9.553400E-6	NaN	9.553400E-5	5.074506E-1	1.623844E+1
5.882329E+3	3.621300E+2	3.201613E+1	-1.035457E+0	9.479600E-6	NaN	9.479600E-5	5.133443E-1	1.643474E+1
5.895077E+3	3.619100E+2	3.203559E+1	-9.591368E-1	9.387100E-6	NaN	9.387100E-5	5.157905E-1	1.652275E+1
5.905086E+3	3.617500E+2	3.204976E+1	-9.778813E-1	9.315200E-6	NaN	9.315200E-5	5.221425E-1	1.673582E+1
5.917971E+3	3.615400E+2	3.206837E+1	-1.004260E+0	9.224000E-6	NaN	9.224000E-5	5.215894E-1	1.672773E+1
5.931115E+3	3.613200E+2	3.208790E+1	-9.676639E-1	9.132600E-6	NaN	9.132600E-5	5.144957E-1	1.650840E+1
5.943516E+3	3.611200E+2	3.210567E+1	-9.917355E-1	9.049500E-6	NaN	9.049500E-5	5.105462E-1	1.639076E+1
5.955616E+3	3.609200E+2	3.212346E+1	-9.688111E-1	8.968200E-6	NaN	8.968200E-5	5.078318E-1	1.631311E+1
5.967383E+3	3.607300E+2	3.214038E+1	-1.007811E+0	8.891100E-6	NaN	8.891100E-5	5.069730E-1	1.629434E+1
5.979290E+3	3.605300E+2	3.215821E+1	-9.788769E-1	8.812400E-6	NaN	8.812400E-5	4.996212E-1	1.606720E+1
5.990936E+3	3.603400E+2	3.217517E+1	-1.071611E+0	8.735800E-6	NaN	8.735800E-5	4.994208E-1	1.606923E+1
6.002694E+3	3.601300E+2	3.219393E+1	-9.660198E-1	8.658900E-6	NaN	8.658900E-5	5.015232E-1	1.614594E+1
6.014495E+3	3.599400E+2	3.221092E+1	-1.023641E+0	8.582100E-6	NaN	8.582100E-5	5.037868E-1	1.622789E+1
6.026804E+3	3.597300E+2	3.222973E+1	-1.030169E+0	8.501100E-6	NaN	8.501100E-5	5.076017E-1	1.636060E+1
6.039035E+3	3.595200E+2	3.224855E+1	-1.053892E+0	8.420200E-6	NaN	8.420200E-5	5.081976E-1	1.638756E+1
6.051560E+3	3.593000E+2	3.226830E+1	-9.449811E-1	8.337800E-6	NaN	8.337800E-5	5.159751E-1	1.664877E+1
6.061084E+3	3.591500E+2	3.228178E+1	-9.707481E-1	8.277500E-6	NaN	8.277500E-5	5.174208E-1	1.670423E+1
6.076536E+3	3.589000E+2	3.230426E+1	-9.411273E-1	8.180100E-6	NaN	8.180100E-5	5.177369E-1	1.672374E+1
6.086099E+3	3.587500E+2	3.231777E+1	-9.665727E-1	8.126000E-6	NaN	8.126000E-5	5.150606E-1	1.664567E+1
6.098514E+3	3.585500E+2	3.233580E+1	-9.609225E-1	8.050900E-6	NaN	8.050900E-5	5.035676E-1	1.628560E+1
6.111002E+3	3.583500E+2	3.235384E+1	-1.125788E+0	7.974800E-6	NaN	7.974800E-5	5.082019E-1	1.644250E+1
6.124326E+3	3.581000E+2	3.237643E+1	-9.719222E-1	7.890300E-6	NaN	7.890300E-5	5.094695E-1	1.649247E+1
6.133586E+3	3.579500E+2	3.239000E+1	-1.044776E+0	7.830700E-6	NaN	7.830700E-5	5.158604E-1	1.670893E+1
6.145646E+3	3.577400E+2	3.240901E+1	-9.689140E-1	7.754900E-6	NaN	7.754900E-5	5.164884E-1	1.674035E+1
6.158031E+3	3.575400E+2	3.242714E+1	-1.035944E+0	7.680300E-6	NaN	7.680300E-5	5.133795E-1	1.664749E+1
6.170773E+3	3.573200E+2	3.244711E+1	-8.886117E-1	7.607800E-6	NaN	7.607800E-5	5.124322E-1	1.662641E+1
6.183602E+3	3.571300E+2	3.246437E+1	-9.602195E-1	7.535700E-6	NaN	7.535700E-5	5.080679E-1	1.649415E+1
6.196724E+3	3.569200E+2	3.248347E+1	-1.013428E+0	7.464200E-6	NaN	7.464200E-5	5.093660E-1	1.654628E+1
6.208565E+3	3.567200E+2	3.250168E+1	-1.037208E+0	7.396900E-6	NaN	7.396900E-5	5.045925E-1	1.640010E+1
6.220713E+3	3.565100E+2	3.252083E+1	-9.901807E-1	7.325800E-6	NaN	7.325800E-5	5.115934E-1	1.663623E+1
6.232832E+3	3.563100E+2	3.253908E+1	-1.017596E+0	7.256400E-6	NaN	7.256400E-5	5.127761E-1	1.668427E+1
6.242266E+3	3.561500E+2	3.255370E+1	-1.072067E+0	7.200800E-6	NaN	7.200800E-5	5.119886E-1	1.666846E+1
6.254019E+3	3.559400E+2	3.257291E+1	-1.000250E+0	7.132800E-6	NaN	7.132800E-5	5.039835E-1	1.641690E+1
6.266016E+3	3.557400E+2	3.259122E+1	-1.014971E+0	7.065900E-6	NaN	7.065900E-5	4.998719E-1	1.629123E+1
6.277839E+3	3.555400E+2	3.260955E+1	-9.876543E-1	7.003100E-6	NaN	7.003100E-5	5.125871E-1	1.671562E+1
6.289989E+3	3.553400E+2	3.262791E+1	-8.982647E-1	6.938700E-6	NaN	6.938700E-5	5.180091E-1	1.690200E+1
6.304684E+3	3.551200E+2	3.264812E+1	-9.995002E-1	6.861000E-6	NaN	6.861000E-5	5.212839E-1	1.701848E+1
6.316690E+3	3.549200E+2	3.266652E+1	-1.025816E+0	6.797500E-6	NaN	6.797500E-5	5.132673E-1	1.676657E+1
6.328388E+3	3.547200E+2	3.268493E+1	-1.031688E+0	6.734800E-6	NaN	6.734800E-5	5.030937E-1	1.644407E+1
6.340601E+3	3.545100E+2	3.270430E+1	-1.041581E+0	6.670900E-6	NaN	6.670900E-5	5.130948E-1	1.677918E+1
6.352698E+3	3.543000E+2	3.272368E+1	-9.525826E-1	6.604400E-6	NaN	6.604400E-5	5.141937E-1	1.682500E+1
6.362146E+3	3.541500E+2	3.273754E+1	-1.073869E+0	6.552800E-6	NaN	6.552800E-5	5.290497E-1	1.732114E+1
6.374438E+3	3.539300E+2	3.275789E+1	-8.743002E-1	6.489000E-6	NaN	6.489000E-5	5.195913E-1	1.702190E+1
6.387477E+3	3.537400E+2	3.277548E+1	-1.077367E+0	6.422600E-6	NaN	6.422600E-5	5.166358E-1	1.693333E+1
6.400286E+3	3.535100E+2	3.279681E+1	-9.376542E-1	6.358800E-6	NaN	6.358800E-5	5.157788E-1	1.691566E+1
6.412444E+3	3.533200E+2	3.281445E+1	-1.029802E+0	6.297800E-6	NaN	6.297800E-5	5.054093E-1	1.658363E+1
6.425262E+3	3.531000E+2	3.283489E+1	-9.991119E-1	6.234600E-6	NaN	6.234600E-5	5.178395E-1	1.700136E+1
6.434270E+3	3.529500E+2	3.284885E+1	-9.331260E-1	6.190100E-6	NaN	6.190100E-5	5.116158E-1	1.680702E+1
6.446487E+3	3.527600E+2	3.286654E+1	-1.023970E+0	6.131500E-6	NaN	6.131500E-5	5.128608E-1	1.685820E+1
6.459378E+3	3.525400E+2	3.288705E+1	-1.085084E+0	6.069500E-6	NaN	6.069500E-5	5.094337E-1	1.675379E+1
6.470990E+3	3.523300E+2	3.290665E+1	-1.017639E+0	6.009400E-6	NaN	6.009400E-5	5.133542E-1	1.689146E+1
6.482782E+3	3.521300E+2	3.292534E+1	-9.158752E-1	5.952500E-6	NaN	5.952500E-5	5.165889E-1	1.700936E+1
6.494574E+3	3.519500E+2	3.294218E+1	-1.012487E+0	5.897200E-6	NaN	5.897200E-5	5.180605E-1	1.706658E+1
6.509389E+3	3.517000E+2	3.296560E+1	-9.706494E-1	5.829400E-6	NaN	5.829400E-5	5.159182E-1	1.700641E+1
6.518043E+3	3.515600E+2	3.297872E+1	-9.936407E-1	5.789100E-6	NaN	5.789100E-5	5.014276E-1	1.653838E+1
6.533139E+3	3.513100E+2	3.300219E+1	-1.053248E+0	5.719900E-6	NaN	5.719900E-5	5.043566E-1	1.664408E+1
6.545102E+3	3.511000E+2	3.302193E+1	-9.374024E-1	5.667600E-6	NaN	5.667600E-5	5.032386E-1	1.661557E+1
6.554703E+3	3.509500E+2	3.303605E+1	-1.039861E+0	5.624000E-6	NaN	5.624000E-5	5.130875E-1	1.695189E+1
6.567397E+3	3.507300E+2	3.305677E+1	-9.545780E-1	5.565600E-6	NaN	5.565600E-5	5.226219E-1	1.727735E+1
6.579968E+3	3.505300E+2	3.307563E+1	-1.041338E+0	5.509100E-6	NaN	5.509100E-5	5.169280E-1	1.709686E+1
6.592644E+3	3.503100E+2	3.309640E+1	-1.029491E+0	5.451000E-6	NaN	5.451000E-5	5.168169E-1	1.710323E+1
6.601969E+3	3.501500E+2	3.311152E+1	-9.786332E-1	5.409700E-6	NaN	5.409700E-5	5.136918E-1	1.700941E+1
6.614231E+3	3.499500E+2	3.313045E+1	-9.721156E-1	5.356800E-6	NaN	5.356800E-5	5.121694E-1	1.696961E+1
6.625958E+3	3.497600E+2	3.314844E+1	-1.017106E+0	5.306700E-6	NaN	5.306700E-5	5.185059E-1	1.718871E+1
6.638936E+3	3.495400E+2	3.316931E+1	-9.494386E-1	5.252000E-6	NaN	5.252000E-5	5.171839E-1	1.715485E+1
6.652207E+3	3.493300E+2	3.318925E+1	-1.030001E+0	5.195000E-6	NaN	5.195000E-5	5.137387E-1	1.704945E+1
6.664440E+3	3.491200E+2	3.320921E+1	-1.043585E+0	5.143400E-6	NaN	5.143400E-5	5.177479E-1	1.719270E+1
6.674214E+3	3.489500E+2	3.322539E+1	-9.567089E-1	5.102100E-6	NaN	5.102100E-5	5.155205E-1	1.712937E+1
6.686757E+3	3.487500E+2	3.324444E+1	-1.025880E+0	5.050000E-6	NaN	5.050000E-5	5.311303E-1	1.765834E+1
6.699624E+3	3.485300E+2	3.326543E+1	-9.250694E-1	4.995400E-6	NaN	4.995400E-5	5.296887E-1	1.762009E+1
6.712596E+3	3.483300E+2	3.328453E+1	-1.077568E+0	4.941500E-6	NaN	4.941500E-5	5.218648E-1	1.736990E+1
6.724289E+3	3.481200E+2	3.330461E+1	-1.000751E+0	4.893600E-6	NaN	4.893600E-5	5.236951E-1	1.744071E+1
6.736280E+3	3.479200E+2	3.332375E+1	-9.375000E-1	4.845600E-6	NaN	4.845600E-5	5.131962E-1	1.710081E+1
6.747800E+3	3.477400E+2	3.334100E+1	-1.039861E+0	4.799200E-6	NaN	4.799200E-5	5.224688E-1	1.741971E+1
6.759340E+3	3.475400E+2	3.336019E+1	-9.213445E-1	4.755100E-6	NaN	4.755100E-5	5.165283E-1	1.723279E+1
6.771062E+3	3.473600E+2	3.337748E+1	-1.028665E+0	4.710300E-6	NaN	4.710300E-5	5.095811E-1	1.701042E+1
6.785644E+3	3.471100E+2	3.340152E+1	-1.001168E+0	4.654300E-6	NaN	4.654300E-5	5.113707E-1	1.707974E+1
6.797630E+3	3.469100E+2	3.342077E+1	-1.030839E+0	4.608800E-6	NaN	4.608800E-5	5.086685E-1	1.699880E+1
6.809271E+3	3.467100E+2	3.344005E+1	-1.025641E+0	4.563900E-6	NaN	4.563900E-5	5.168840E-1	1.728434E+1
6.820971E+3	3.465100E+2	3.345935E+1	-9.702953E-1	4.518100E-6	NaN	4.518100E-5	5.175052E-1	1.731513E+1
6.832720E+3	3.463200E+2	3.347771E+1	-1.033503E+0	4.474400E-6	NaN	4.474400E-5	5.174925E-1	1.732454E+1
6.844331E+3	3.461200E+2	3.349705E+1	-9.806452E-1	4.431100E-6	NaN	4.431100E-5	5.200134E-1	1.741837E+1
6.855956E+3	3.459300E+2	3.351545E+1	-9.287926E-1	4.389100E-6	NaN	4.389100E-5	5.156821E-1	1.728306E+1
6.867584E+3	3.457500E+2	3.353290E+1	-1.041305E+0	4.347700E-6	NaN	4.347700E-5	5.221375E-1	1.751038E+1
6.879108E+3	3.455500E+2	3.355231E+1	-9.430094E-1	4.306600E-6	NaN	4.306600E-5	5.243539E-1	1.759436E+1
6.893742E+3	3.453200E+2	3.357466E+1	-9.941571E-1	4.254600E-6	NaN	4.254600E-5	5.137161E-1	1.724707E+1
6.905209E+3	3.451300E+2	3.359314E+1	-1.095176E+0	4.213400E-6	NaN	4.213400E-5	5.159322E-1	1.733166E+1
6.916714E+3	3.449200E+2	3.361359E+1	-9.659503E-1	4.173100E-6	NaN	4.173100E-5	5.147042E-1	1.730095E+1
6.929137E+3	3.447200E+2	3.363309E+1	-9.899357E-1	4.129300E-6	NaN	4.129300E-5	5.229820E-1	1.758939E+1
6.941259E+3	3.445200E+2	3.365262E+1	-1.016293E+0	4.086400E-6	NaN	4.086400E-5	5.278507E-1	1.776395E+1
6.953657E+3	3.443100E+2	3.367314E+1	-1.036359E+0	4.041900E-6	NaN	4.041900E-5	5.168809E-1	1.740484E+1
6.965236E+3	3.441100E+2	3.369271E+1	-9.954376E-1	4.002900E-6	NaN	4.002900E-5	5.143698E-1	1.732977E+1
6.977291E+3	3.439100E+2	3.371231E+1	-9.215017E-1	3.963500E-6	NaN	3.963500E-5	5.040715E-1	1.699343E+1
6.989011E+3	3.437300E+2	3.372996E+1	-1.086957E+0	3.925900E-6	NaN	3.925900E-5	5.159072E-1	1.740185E+1
7.001155E+3	3.435100E+2	3.375156E+1	-8.686026E-1	3.886400E-6	NaN	3.886400E-5	5.149172E-1	1.737865E+1
7.012898E+3	3.433400E+2	3.376828E+1	-1.065900E+0	3.848500E-6	NaN	3.848500E-5	5.204913E-1	1.757636E+1
7.024719E+3	3.431300E+2	3.378894E+1	-9.641407E-1	3.810300E-6	NaN	3.810300E-5	5.256952E-1	1.776323E+1
7.036543E+3	3.429400E+2	3.380766E+1	-1.085739E+0	3.770700E-6	NaN	3.770700E-5	5.193074E-1	1.755684E+1
7.048148E+3	3.427300E+2	3.382838E+1	-1.004773E+0	3.731900E-6	NaN	3.731900E-5	5.275217E-1	1.784494E+1
7.060091E+3	3.425300E+2	3.384813E+1	-9.770312E-1	3.692700E-6	NaN	3.692700E-5	5.232520E-1	1.771027E+1
7.071759E+3	3.423400E+2	3.386692E+1	-9.782889E-1	3.655900E-6	NaN	3.655900E-5	5.141140E-1	1.741189E+1
7.083412E+3	3.421500E+2	3.388572E+1	-1.074719E+0	3.620500E-6	NaN	3.620500E-5	5.132962E-1	1.739474E+1
7.095136E+3	3.419400E+2	3.390653E+1	-9.026258E-1	3.585600E-6	NaN	3.585600E-5	5.099748E-1	1.729197E+1
7.109760E+3	3.417200E+2	3.392836E+1	-1.021537E+0	3.542100E-6	NaN	3.542100E-5	5.169481E-1	1.753807E+1
7.121507E+3	3.415200E+2	3.394823E+1	-9.334316E-1	3.507700E-6	NaN	3.507700E-5	5.322975E-1	1.806946E+1
7.133720E+3	3.413300E+2	3.396713E+1	-9.675777E-1	3.472000E-6	NaN	3.472000E-5	5.248072E-1	1.782646E+1
7.145502E+3	3.411400E+2	3.398605E+1	-1.086769E+0	3.435900E-6	NaN	3.435900E-5	5.269480E-1	1.790982E+1
7.157096E+3	3.409300E+2	3.400698E+1	-1.033058E+0	3.400300E-6	NaN	3.400300E-5	5.206119E-1	1.770445E+1
7.168712E+3	3.407300E+2	3.402694E+1	-1.021711E+0	3.364900E-6	NaN	3.364900E-5	5.117772E-1	1.741398E+1
7.180457E+3	3.405300E+2	3.404693E+1	-1.022234E+0	3.330000E-6	NaN	3.330000E-5	5.160622E-1	1.756985E+1
7.192196E+3	3.403300E+2	3.406694E+1	-9.197752E-1	3.297300E-6	NaN	3.297300E-5	5.128110E-1	1.747041E+1
7.203938E+3	3.401500E+2	3.408496E+1	-9.886036E-1	3.265600E-6	NaN	3.265600E-5	5.185406E-1	1.767559E+1
7.218504E+3	3.399100E+2	3.410903E+1	-9.232347E-1	3.226200E-6	NaN	3.226200E-5	5.221703E-1	1.780953E+1
7.230202E+3	3.397300E+2	3.412710E+1	-1.022495E+0	3.194300E-6	NaN	3.194300E-5	5.152517E-1	1.758388E+1
7.241938E+3	3.395300E+2	3.414720E+1	-1.063112E+0	3.162000E-6	NaN	3.162000E-5	5.075875E-1	1.733386E+1
7.253790E+3	3.393200E+2	3.416834E+1	-1.088177E+0	3.128900E-6	NaN	3.128900E-5	5.165823E-1	1.765009E+1
7.265369E+3	3.391100E+2	3.418950E+1	-8.704062E-1	3.096600E-6	NaN	3.096600E-5	5.226818E-1	1.786929E+1
7.277777E+3	3.389300E+2	3.420765E+1	-1.078121E+0	3.062500E-6	NaN	3.062500E-5	5.219371E-1	1.785497E+1
7.289464E+3	3.387200E+2	3.422886E+1	-1.033681E+0	3.031100E-6	NaN	3.031100E-5	5.242941E-1	1.794579E+1
7.301073E+3	3.385200E+2	3.424908E+1	-9.095503E-1	3.000900E-6	NaN	3.000900E-5	5.128575E-1	1.756371E+1
7.312947E+3	3.383400E+2	3.426731E+1	-9.830128E-1	2.970600E-6	NaN	2.970600E-5	5.263705E-1	1.803702E+1
7.324544E+3	3.381500E+2	3.428656E+1	-9.284732E-1	2.941600E-6	NaN	2.941600E-5	5.244501E-1	1.798333E+1
7.336176E+3	3.379700E+2	3.430482E+1	-1.025290E+0	2.912600E-6	NaN	2.912600E-5	5.114504E-1	1.754781E+1
7.350806E+3	3.377200E+2	3.433021E+1	-1.047382E+0	2.875800E-6	NaN	2.875800E-5	5.152400E-1	1.768739E+1
7.362836E+3	3.375100E+2	3.435157E+1	-9.707084E-1	2.845600E-6	NaN	2.845600E-5	5.110459E-1	1.755356E+1
7.374580E+3	3.373200E+2	3.437092E+1	-1.090909E+0	2.815200E-6	NaN	2.815200E-5	5.136878E-1	1.765628E+1
7.386130E+3	3.371100E+2	3.439233E+1	-1.016174E+0	2.785800E-6	NaN	2.785800E-5	5.186554E-1	1.783724E+1
7.397939E+3	3.369100E+2	3.441275E+1	-9.508716E-1	2.756800E-6	NaN	2.756800E-5	5.125800E-1	1.763842E+1
7.409297E+3	3.367300E+2	3.443115E+1	-1.009761E+0	2.729500E-6	NaN	2.729500E-5	5.140279E-1	1.769922E+1
7.421181E+3	3.365300E+2	3.445161E+1	-1.007472E+0	2.701800E-6	NaN	2.701800E-5	5.177405E-1	1.783724E+1
7.433092E+3	3.363300E+2	3.447210E+1	-9.251745E-1	2.674100E-6	NaN	2.674100E-5	5.201437E-1	1.792980E+1
7.445414E+3	3.361400E+2	3.449158E+1	-9.663474E-1	2.645600E-6	NaN	2.645600E-5	5.299364E-1	1.827804E+1
7.457211E+3	3.359500E+2	3.451109E+1	-9.741924E-1	2.618600E-6	NaN	2.618600E-5	5.239771E-1	1.808371E+1
7.468913E+3	3.357600E+2	3.453062E+1	-1.071429E+0	2.591400E-6	NaN	2.591400E-5	5.161523E-1	1.782396E+1
7.480673E+3	3.355500E+2	3.455223E+1	-1.010782E+0	2.564400E-6	NaN	2.564400E-5	5.130692E-1	1.772767E+1
7.492545E+3	3.353500E+2	3.457283E+1	-1.032258E+0	2.536500E-6	NaN	2.536500E-5	5.195355E-1	1.796226E+1
7.504170E+3	3.351500E+2	3.459347E+1	-9.492365E-1	2.509900E-6	NaN	2.509900E-5	5.262019E-1	1.820407E+1
7.518708E+3	3.349200E+2	3.461722E+1	-1.024678E+0	2.477500E-6	NaN	2.477500E-5	5.272022E-1	1.824885E+1
7.530419E+3	3.347200E+2	3.463791E+1	-9.335293E-1	2.451600E-6	NaN	2.451600E-5	5.249642E-1	1.818231E+1
7.541988E+3	3.345400E+2	3.465654E+1	-1.016002E+0	2.427100E-6	NaN	2.427100E-5	5.144956E-1	1.783129E+1
7.553799E+3	3.343400E+2	3.467727E+1	-1.016605E+0	2.401800E-6	NaN	2.401800E-5	5.070768E-1	1.758494E+1
7.565603E+3	3.341400E+2	3.469803E+1	-1.052368E+0	2.376900E-6	NaN	2.376900E-5	5.034670E-1	1.746933E+1
7.577576E+3	3.339300E+2	3.471985E+1	-9.880395E-1	2.351600E-6	NaN	2.351600E-5	5.066253E-1	1.758934E+1
7.589114E+3	3.337400E+2	3.473962E+1	-1.025992E+0	2.327300E-6	NaN	2.327300E-5	5.112935E-1	1.776214E+1
7.600810E+3	3.335400E+2	3.476045E+1	-1.006880E+0	2.302700E-6	NaN	2.302700E-5	5.261598E-1	1.828921E+1
7.612728E+3	3.333400E+2	3.478130E+1	-9.002251E-1	2.278100E-6	NaN	2.278100E-5	5.273487E-1	1.834269E+1
7.624725E+3	3.331600E+2	3.480010E+1	-1.014748E+0	2.253700E-6	NaN	2.253700E-5	5.186916E-1	1.805304E+1
7.639507E+3	3.329100E+2	3.482623E+1	-1.084057E+0	2.224000E-6	NaN	2.224000E-5	5.169735E-1	1.800313E+1
7.651130E+3	3.327000E+2	3.484821E+1	-9.093205E-1	2.200900E-6	NaN	2.200900E-5	5.153707E-1	1.795707E+1
7.663007E+3	3.325200E+2	3.486708E+1	-9.492880E-1	2.177900E-6	NaN	2.177900E-5	5.133313E-1	1.789872E+1
7.675016E+3	3.323300E+2	3.488701E+1	-1.090343E+0	2.154700E-6	NaN	2.154700E-5	5.202708E-1	1.815139E+1
7.686572E+3	3.321200E+2	3.490907E+1	-9.233137E-1	2.132700E-6	NaN	2.132700E-5	5.152977E-1	1.798790E+1
7.698269E+3	3.319400E+2	3.492800E+1	-1.006880E+0	2.110400E-6	NaN	2.110400E-5	5.104440E-1	1.782938E+1
7.710187E+3	3.317400E+2	3.494906E+1	-1.091004E+0	2.087400E-6	NaN	2.087400E-5	5.168415E-1	1.806405E+1
7.721736E+3	3.315300E+2	3.497119E+1	-9.905894E-1	2.065100E-6	NaN	2.065100E-5	5.224582E-1	1.827000E+1
7.733850E+3	3.313300E+2	3.499230E+1	-9.081736E-1	2.042200E-6	NaN	2.042200E-5	5.251347E-1	1.837474E+1
7.745742E+3	3.311500E+2	3.501132E+1	-1.052447E+0	2.019700E-6	NaN	2.019700E-5	5.279642E-1	1.848663E+1
7.757144E+3	3.309500E+2	3.503248E+1	-9.860987E-1	1.999010E-6	NaN	1.999010E-5	5.180883E-1	1.815177E+1
7.771747E+3	3.307100E+2	3.505791E+1	-1.013770E+0	1.972750E-6	NaN	1.972750E-5	5.107997E-1	1.790607E+1
7.783584E+3	3.305100E+2	3.507912E+1	-9.747755E-1	1.951700E-6	NaN	1.951700E-5	5.207375E-1	1.826526E+1
7.795279E+3	3.303200E+2	3.509930E+1	-9.515860E-1	1.931070E-6	NaN	1.931070E-5	5.226637E-1	1.834512E+1
7.807259E+3	3.301300E+2	3.511950E+1	-1.019108E+0	1.910230E-6	NaN	1.910230E-5	5.214651E-1	1.831454E+1
7.819034E+3	3.299300E+2	3.514079E+1	-1.052720E+0	1.889460E-6	NaN	1.889460E-5	5.269431E-1	1.851719E+1
7.831003E+3	3.297200E+2	3.516317E+1	-9.247367E-1	1.868120E-6	NaN	1.868120E-5	5.208263E-1	1.831330E+1
7.842682E+3	3.295400E+2	3.518238E+1	-1.091287E+0	1.847650E-6	NaN	1.847650E-5	5.258087E-1	1.849930E+1
7.854228E+3	3.293300E+2	3.520481E+1	-9.392938E-1	1.827820E-6	NaN	1.827820E-5	5.196187E-1	1.829282E+1
7.865726E+3	3.291500E+2	3.522406E+1	-1.041215E+0	1.808380E-6	NaN	1.808380E-5	5.144094E-1	1.812072E+1
7.877251E+3	3.289500E+2	3.524548E+1	-9.423011E-1	1.789690E-6	NaN	1.789690E-5	5.224655E-1	1.841575E+1
7.891896E+3	3.287200E+2	3.527014E+1	-9.783728E-1	1.766230E-6	NaN	1.766230E-5	5.209128E-1	1.837111E+1
7.903548E+3	3.285300E+2	3.529054E+1	-9.771987E-1	1.747320E-6	NaN	1.747320E-5	5.234854E-1	1.847331E+1
7.915214E+3	3.283400E+2	3.531096E+1	-1.040673E+0	1.728770E-6	NaN	1.728770E-5	5.237609E-1	1.849480E+1
7.926745E+3	3.281400E+2	3.533248E+1	-9.631632E-1	1.710090E-6	NaN	1.710090E-5	5.167035E-1	1.825673E+1
7.938581E+3	3.279500E+2	3.535295E+1	-1.097179E+0	1.690890E-6	NaN	1.690890E-5	5.205794E-1	1.840434E+1
7.950065E+3	3.277400E+2	3.537560E+1	-9.721156E-1	1.672540E-6	NaN	1.672540E-5	5.232832E-1	1.851085E+1
7.961792E+3	3.275500E+2	3.539612E+1	-9.786248E-1	1.653570E-6	NaN	1.653570E-5	5.124264E-1	1.813913E+1
7.973441E+3	3.273600E+2	3.541667E+1	-1.035983E+0	1.636140E-6	NaN	1.636140E-5	5.200841E-1	1.842129E+1
7.987920E+3	3.271100E+2	3.544373E+1	-9.046741E-1	1.614720E-6	NaN	1.614720E-5	5.214870E-1	1.848088E+1
7.999858E+3	3.269300E+2	3.546325E+1	-9.332066E-1	1.597120E-6	NaN	1.597120E-5	5.188040E-1	1.839733E+1
8.011431E+3	3.267500E+2	3.548279E+1	-1.094320E+0	1.580250E-6	NaN	1.580250E-5	5.194089E-1	1.843145E+1
8.022945E+3	3.265400E+2	3.550560E+1	-9.748589E-1	1.563280E-6	NaN	1.563280E-5	5.081272E-1	1.804132E+1
8.034639E+3	3.263500E+2	3.552628E+1	-1.028807E+0	1.546430E-6	NaN	1.546430E-5	5.065439E-1	1.799558E+1
8.046303E+3	3.261500E+2	3.554806E+1	-1.037524E+0	1.529370E-6	NaN	1.529370E-5	5.215820E-1	1.854233E+1
8.057869E+3	3.259500E+2	3.556987E+1	-9.609359E-1	1.512360E-6	NaN	1.512360E-5	5.181934E-1	1.843331E+1
8.072230E+3	3.257200E+2	3.559499E+1	-1.066622E+0	1.491760E-6	NaN	1.491760E-5	5.241084E-1	1.865445E+1
8.084043E+3	3.255100E+2	3.561795E+1	-9.189925E-1	1.475130E-6	NaN	1.475130E-5	5.277196E-1	1.879387E+1
8.095795E+3	3.253300E+2	3.563766E+1	-9.693923E-1	1.459000E-6	NaN	1.459000E-5	5.160852E-1	1.839215E+1
8.106936E+3	3.251500E+2	3.565739E+1	-1.071884E+0	1.443850E-6	NaN	1.443850E-5	5.173914E-1	1.845131E+1
8.118691E+3	3.249400E+2	3.568043E+1	-9.618065E-1	1.428120E-6	NaN	1.428120E-5	5.186980E-1	1.850762E+1
8.133039E+3	3.247100E+2	3.570571E+1	-8.989160E-1	1.409070E-6	NaN	1.409070E-5	5.226346E-1	1.865877E+1
8.144386E+3	3.245400E+2	3.572441E+1	-1.028718E+0	1.394290E-6	NaN	1.394290E-5	5.338909E-1	1.907275E+1
8.156051E+3	3.243400E+2	3.574644E+1	-9.759438E-1	1.378820E-6	NaN	1.378820E-5	5.313996E-1	1.899623E+1
8.167732E+3	3.241500E+2	3.576739E+1	-1.021364E+0	1.363290E-6	NaN	1.363290E-5	5.186303E-1	1.855074E+1
8.179481E+3	3.239500E+2	3.578947E+1	-1.085645E+0	1.347460E-6	NaN	1.347460E-5	5.189983E-1	1.857507E+1
8.191087E+3	3.237400E+2	3.581269E+1	-9.819967E-1	1.332330E-6	NaN	1.332330E-5	5.100631E-1	1.826616E+1
8.202696E+3	3.235500E+2	3.583372E+1	-1.037165E+0	1.317380E-6	NaN	1.317380E-5	5.188681E-1	1.859346E+1
8.214266E+3	3.233500E+2	3.585588E+1	-9.049153E-1	1.303120E-6	NaN	1.303120E-5	5.250855E-1	1.882834E+1
8.228853E+3	3.231300E+2	3.588030E+1	-1.028983E+0	1.285300E-6	NaN	1.285300E-5	5.270967E-1	1.891261E+1
8.240515E+3	3.229300E+2	3.590252E+1	-9.534337E-1	1.271090E-6	NaN	1.271090E-5	5.298249E-1	1.902112E+1
8.254989E+3	3.227000E+2	3.592811E+1	-1.017754E+0	1.253660E-6	NaN	1.253660E-5	5.168587E-1	1.856758E+1
8.263832E+3	3.225500E+2	3.594481E+1	-1.062215E+0	1.242930E-6	NaN	1.242930E-5	5.213857E-1	1.874337E+1
8.275694E+3	3.223400E+2	3.596823E+1	-9.824657E-1	1.228540E-6	NaN	1.228540E-5	5.172752E-1	1.860640E+1
8.290351E+3	3.221000E+2	3.599503E+1	-1.051770E+0	1.210860E-6	NaN	1.210860E-5	5.248463E-1	1.888950E+1
8.298908E+3	3.219500E+2	3.601180E+1	-9.542249E-1	1.200680E-6	NaN	1.200680E-5	5.279667E-1	1.901447E+1
8.313370E+3	3.217200E+2	3.603755E+1	-1.027837E+0	1.183950E-6	NaN	1.183950E-5	5.325454E-1	1.919143E+1
8.325045E+3	3.215200E+2	3.605997E+1	-9.045984E-1	1.170510E-6	NaN	1.170510E-5	5.363412E-1	1.933887E+1
8.336984E+3	3.213400E+2	3.608016E+1	-1.002590E+0	1.157090E-6	NaN	1.157090E-5	5.219958E-1	1.883479E+1
8.348953E+3	3.211400E+2	3.610263E+1	-1.072797E+0	1.143630E-6	NaN	1.143630E-5	5.224708E-1	1.886298E+1
8.360698E+3	3.209300E+2	3.612626E+1	-9.190707E-1	1.130870E-6	NaN	1.130870E-5	5.182139E-1	1.872008E+1
8.372449E+3	3.207500E+2	3.614653E+1	-1.004857E+0	1.118050E-6	NaN	1.118050E-5	5.182036E-1	1.873191E+1
8.384391E+3	3.205500E+2	3.616908E+1	-1.059892E+0	1.104880E-6	NaN	1.104880E-5	5.142492E-1	1.860131E+1
8.396279E+3	3.203400E+2	3.619280E+1	-1.074260E+0	1.091970E-6	NaN	1.091970E-5	5.068525E-1	1.834413E+1
8.408008E+3	3.201300E+2	3.621654E+1	-9.581442E-1	1.079410E-6	NaN	1.079410E-5	5.137936E-1	1.860764E+1
8.419906E+3	3.199400E+2	3.623804E+1	-9.526439E-1	1.066970E-6	NaN	1.066970E-5	5.289185E-1	1.916729E+1
8.434392E+3	3.197100E+2	3.626411E+1	-9.291921E-1	1.052190E-6	NaN	1.052190E-5	5.368219E-1	1.946605E+1
8.446015E+3	3.195300E+2	3.628454E+1	-9.927201E-1	1.040430E-6	NaN	1.040430E-5	5.327509E-1	1.933012E+1
8.458103E+3	3.193300E+2	3.630727E+1	-9.798023E-1	1.028210E-6	NaN	1.028210E-5	5.290495E-1	1.920836E+1
8.469738E+3	3.191400E+2	3.632888E+1	-9.717013E-1	1.016600E-6	NaN	1.016600E-5	5.199085E-1	1.888930E+1
8.481470E+3	3.189500E+2	3.635053E+1	-1.037631E+0	1.005020E-6	NaN	1.005020E-5	5.120455E-1	1.861434E+1
8.495926E+3	3.187000E+2	3.637904E+1	-1.087203E+0	9.906800E-7	NaN	9.906800E-6	5.180363E-1	1.884239E+1
8.504756E+3	3.185400E+2	3.639731E+1	-9.052808E-1	9.819500E-7	NaN	9.819500E-6	5.205781E-1	1.894822E+1
8.516686E+3	3.183600E+2	3.641789E+1	-1.035268E+0	9.702500E-7	NaN	9.702500E-6	5.260759E-1	1.916209E+1
8.531175E+3	3.181100E+2	3.644651E+1	-9.967605E-1	9.562900E-7	NaN	9.562900E-6	5.279285E-1	1.923987E+1
8.543214E+3	3.179100E+2	3.646944E+1	-9.703779E-1	9.449300E-7	NaN	9.449300E-6	5.265712E-1	1.920115E+1
8.554962E+3	3.177200E+2	3.649125E+1	-9.154870E-1	9.340400E-7	NaN	9.340400E-6	5.258474E-1	1.918890E+1
8.566759E+3	3.175400E+2	3.651194E+1	-1.071429E+0	9.233000E-7	NaN	9.233000E-6	5.190475E-1	1.895286E+1
8.578519E+3	3.173300E+2	3.653610E+1	-1.001753E+0	9.126300E-7	NaN	9.126300E-6	5.171899E-1	1.889607E+1
8.590498E+3	3.171300E+2	3.655914E+1	-9.525401E-1	9.018700E-7	NaN	9.018700E-6	5.178460E-1	1.893248E+1
8.602466E+3	3.169400E+2	3.658106E+1	-1.000695E+0	8.912100E-7	NaN	8.912100E-6	5.286802E-1	1.934107E+1
8.616856E+3	3.167000E+2	3.660878E+1	-9.830976E-1	8.783500E-7	NaN	8.783500E-6	5.341399E-1	1.955251E+1
8.628452E+3	3.165100E+2	3.663075E+1	-9.557344E-1	8.681600E-7	NaN	8.681600E-6	5.301893E-1	1.942031E+1
8.640380E+3	3.163200E+2	3.665276E+1	-1.036952E+0	8.577200E-7	NaN	8.577200E-6	5.322368E-1	1.950866E+1
8.652531E+3	3.161100E+2	3.667711E+1	-9.564561E-1	8.471400E-7	NaN	8.471400E-6	5.287114E-1	1.939129E+1
8.664450E+3	3.159200E+2	3.669916E+1	-1.010441E+0	8.370200E-7	NaN	8.370200E-6	5.282142E-1	1.938471E+1
8.676326E+3	3.157200E+2	3.672241E+1	-9.625939E-1	8.270400E-7	NaN	8.270400E-6	5.271957E-1	1.935995E+1
8.688169E+3	3.155300E+2	3.674453E+1	-1.013086E+0	8.171600E-7	NaN	8.171600E-6	5.267159E-1	1.935364E+1
8.700014E+3	3.153300E+2	3.676783E+1	-9.363621E-1	8.076100E-7	NaN	8.076100E-6	5.257615E-1	1.933239E+1
8.711548E+3	3.151500E+2	3.678883E+1	-1.017846E+0	7.983400E-7	NaN	7.983400E-6	5.189170E-1	1.909274E+1
8.726285E+3	3.149000E+2	3.681804E+1	-1.040042E+0	7.864700E-7	NaN	7.864700E-6	5.133065E-1	1.889687E+1
8.737823E+3	3.147000E+2	3.684144E+1	-1.058901E+0	7.772500E-7	NaN	7.772500E-6	5.067953E-1	1.866822E+1
8.746889E+3	3.145400E+2	3.686018E+1	-1.000918E+0	7.701500E-7	NaN	7.701500E-6	5.171339E-1	1.906379E+1
8.758878E+3	3.143400E+2	3.688363E+1	-9.299818E-1	7.607600E-7	NaN	7.607600E-6	5.227337E-1	1.928248E+1
8.773717E+3	3.141100E+2	3.691064E+1	-1.021798E+0	7.496100E-7	NaN	7.496100E-6	5.282668E-1	1.949708E+1
8.785461E+3	3.139100E+2	3.693415E+1	-9.415047E-1	7.407600E-7	NaN	7.407600E-6	5.232890E-1	1.932571E+1
8.796932E+3	3.137300E+2	3.695534E+1	-1.002423E+0	7.323800E-7	NaN	7.323800E-6	5.124705E-1	1.893926E+1
8.808903E+3	3.135300E+2	3.697892E+1	-1.020755E+0	7.237200E-7	NaN	7.237200E-6	5.208420E-1	1.926013E+1
8.820659E+3	3.133300E+2	3.700252E+1	-9.158752E-1	7.152400E-7	NaN	7.152400E-6	5.221905E-1	1.932161E+1
8.832451E+3	3.131500E+2	3.702379E+1	-1.011208E+0	7.066400E-7	NaN	7.066400E-6	5.244627E-1	1.941995E+1
8.844318E+3	3.129500E+2	3.704745E+1	-1.028242E+0	6.981300E-7	NaN	6.981300E-6	5.230792E-1	1.938087E+1
8.858906E+3	3.127000E+2	3.707707E+1	-9.940705E-1	6.876000E-7	NaN	6.876000E-6	5.143526E-1	1.906869E+1
8.870374E+3	3.125100E+2	3.709961E+1	-1.009591E+0	6.796000E-7	NaN	6.796000E-6	5.112003E-1	1.896417E+1
8.882260E+3	3.123100E+2	3.712337E+1	-1.024153E+0	6.713800E-7	NaN	6.713800E-6	5.156534E-1	1.914247E+1
8.893977E+3	3.121100E+2	3.714716E+1	-9.203238E-1	6.635100E-7	NaN	6.635100E-6	5.202087E-1	1.932321E+1
8.905712E+3	3.119300E+2	3.716860E+1	-9.735269E-1	6.557100E-7	NaN	6.557100E-6	5.297616E-1	1.969014E+1
8.917422E+3	3.117400E+2	3.719125E+1	-9.325620E-1	6.479800E-7	NaN	6.479800E-6	5.270859E-1	1.960507E+1
8.929003E+3	3.115600E+2	3.721274E+1	-1.029795E+0	6.404300E-7	NaN	6.404300E-6	5.240923E-1	1.950504E+1
8.943569E+3	3.113100E+2	3.724262E+1	-9.345794E-1	6.310000E-7	NaN	6.310000E-6	5.218015E-1	1.943149E+1
8.955125E+3	3.111300E+2	3.726417E+1	-1.011463E+0	6.235300E-7	NaN	6.235300E-6	5.244622E-1	1.954360E+1
8.966989E+3	3.109300E+2	3.728814E+1	-9.600668E-1	6.159800E-7	NaN	6.159800E-6	5.295792E-1	1.974723E+1
8.981363E+3	3.107000E+2	3.731574E+1	-1.009988E+0	6.068000E-7	NaN	6.068000E-6	5.240678E-1	1.955325E+1
8.990274E+3	3.105500E+2	3.733376E+1	-9.943653E-1	6.012400E-7	NaN	6.012400E-6	5.221642E-1	1.949520E+1
9.002342E+3	3.103500E+2	3.735782E+1	-1.009931E+0	5.937700E-7	NaN	5.937700E-6	5.270341E-1	1.968965E+1
9.014224E+3	3.101500E+2	3.738191E+1	-9.018036E-1	5.864800E-7	NaN	5.864800E-6	5.281902E-1	1.974573E+1
9.026200E+3	3.099700E+2	3.740362E+1	-1.016949E+0	5.791900E-7	NaN	5.791900E-6	5.282180E-1	1.975948E+1
9.040950E+3	3.097200E+2	3.743381E+1	-9.751091E-1	5.704600E-7	NaN	5.704600E-6	5.265075E-1	1.970748E+1
9.052641E+3	3.095300E+2	3.745679E+1	-9.741924E-1	5.635800E-7	NaN	5.635800E-6	5.217569E-1	1.954132E+1
9.064343E+3	3.093400E+2	3.747980E+1	-9.570181E-1	5.568100E-7	NaN	5.568100E-6	5.248644E-1	1.967351E+1
9.076255E+3	3.091500E+2	3.750283E+1	-1.004745E+0	5.500100E-7	NaN	5.500100E-6	5.175496E-1	1.941172E+1
9.090587E+3	3.089100E+2	3.753197E+1	-1.026255E+0	5.418600E-7	NaN	5.418600E-6	5.266492E-1	1.976408E+1
9.102280E+3	3.087100E+2	3.755628E+1	-8.559201E-1	5.353400E-7	NaN	5.353400E-6	5.291965E-1	1.987217E+1
9.114197E+3	3.085400E+2	3.757698E+1	-1.010441E+0	5.286900E-7	NaN	5.286900E-6	5.271680E-1	1.981057E+1
9.126073E+3	3.083400E+2	3.760135E+1	-1.025115E+0	5.222300E-7	NaN	5.222300E-6	5.293552E-1	1.990489E+1
9.137779E+3	3.081400E+2	3.762575E+1	-9.112386E-1	5.159600E-7	NaN	5.159600E-6	5.140957E-1	1.934417E+1
9.149631E+3	3.079600E+2	3.764775E+1	-1.032987E+0	5.096400E-7	NaN	5.096400E-6	5.183760E-1	1.951784E+1
9.164152E+3	3.077100E+2	3.767833E+1	-9.636517E-1	5.019700E-7	NaN	5.019700E-6	5.214262E-1	1.964472E+1
9.175982E+3	3.075200E+2	3.770161E+1	-9.761110E-1	4.958200E-7	NaN	4.958200E-6	5.157305E-1	1.944220E+1
9.187661E+3	3.073300E+2	3.772492E+1	-1.005194E+0	4.897900E-7	NaN	4.897900E-6	5.201307E-1	1.962230E+1
9.199599E+3	3.071300E+2	3.774949E+1	-9.651202E-1	4.837000E-7	NaN	4.837000E-6	5.226965E-1	1.973082E+1
9.211411E+3	3.069400E+2	3.777285E+1	-9.173533E-1	4.778500E-7	NaN	4.778500E-6	5.280021E-1	1.994339E+1
9.223184E+3	3.067600E+2	3.779502E+1	-9.424603E-1	4.721000E-7	NaN	4.721000E-6	5.292811E-1	2.000630E+1
9.235280E+3	3.065700E+2	3.781844E+1	-9.713322E-1	4.662400E-7	NaN	4.662400E-6	5.279772E-1	1.996946E+1
9.250105E+3	3.063300E+2	3.784807E+1	-9.541346E-1	4.592000E-7	NaN	4.592000E-6	5.143396E-1	1.946578E+1
9.262053E+3	3.061400E+2	3.787156E+1	-1.075269E+0	4.535000E-7	NaN	4.535000E-6	5.110206E-1	1.935228E+1
9.273771E+3	3.059300E+2	3.789756E+1	-9.312965E-1	4.479300E-7	NaN	4.479300E-6	5.134744E-1	1.945900E+1
9.286012E+3	3.057400E+2	3.792111E+1	-9.732360E-1	4.423100E-7	NaN	4.423100E-6	5.293915E-1	2.007523E+1
9.298342E+3	3.055400E+2	3.794593E+1	-8.577847E-1	4.365900E-7	NaN	4.365900E-6	5.358120E-1	2.033267E+1
9.313031E+3	3.053300E+2	3.797203E+1	-1.017725E+0	4.300200E-7	NaN	4.300200E-6	5.263380E-1	1.998563E+1
9.324822E+3	3.051300E+2	3.799692E+1	-9.786248E-1	4.249000E-7	NaN	4.249000E-6	5.245282E-1	1.993050E+1
9.336471E+3	3.049400E+2	3.802059E+1	-8.942484E-1	4.198200E-7	NaN	4.198200E-6	5.218322E-1	1.984064E+1
9.351232E+3	3.047200E+2	3.804804E+1	-9.161082E-1	4.135300E-7	NaN	4.135300E-6	5.266852E-1	2.003831E+1
9.363021E+3	3.045400E+2	3.807053E+1	-9.990010E-1	4.085700E-7	NaN	4.085700E-6	5.287906E-1	2.013082E+1
9.375033E+3	3.043400E+2	3.809555E+1	-8.888157E-1	4.035700E-7	NaN	4.035700E-6	5.202115E-1	1.981905E+1
9.387184E+3	3.041600E+2	3.811810E+1	-9.575741E-1	3.985800E-7	NaN	3.985800E-6	5.201158E-1	1.982733E+1
9.402222E+3	3.039200E+2	3.814820E+1	-9.143244E-1	3.925300E-7	NaN	3.925300E-6	5.274531E-1	2.012052E+1
9.414034E+3	3.037400E+2	3.817080E+1	-8.938245E-1	3.878700E-7	NaN	3.878700E-6	5.256295E-1	2.006311E+1
9.428802E+3	3.035200E+2	3.819847E+1	-9.142470E-1	3.821300E-7	NaN	3.821300E-6	5.220364E-1	1.994001E+1
9.440615E+3	3.033400E+2	3.822114E+1	-9.648752E-1	3.776400E-7	NaN	3.776400E-6	5.216128E-1	1.993669E+1
9.452430E+3	3.031500E+2	3.824509E+1	-8.484277E-1	3.732600E-7	NaN	3.732600E-6	5.275930E-1	2.017943E+1
9.467281E+3	3.029400E+2	3.827160E+1	-8.328376E-1	3.678600E-7	NaN	3.678600E-6	5.229811E-1	2.001540E+1
9.482410E+3	3.027300E+2	3.829815E+1	-9.769475E-1	3.625000E-7	NaN	3.625000E-6	5.257388E-1	2.013391E+1
9.494079E+3	3.025400E+2	3.832221E+1	-8.136145E-1	3.584800E-7	NaN	3.584800E-6	5.224739E-1	2.002234E+1
9.508828E+3	3.023400E+2	3.834756E+1	-7.992540E-1	3.535600E-7	NaN	3.535600E-6	5.222294E-1	2.002646E+1
9.523842E+3	3.021400E+2	3.837294E+1	-8.073197E-1	3.487500E-7	NaN	3.487500E-6	5.258316E-1	2.017787E+1
9.538706E+3	3.019400E+2	3.839836E+1	-8.164376E-1	3.442000E-7	NaN	3.442000E-6	5.215034E-1	2.002426E+1
9.553404E+3	3.017400E+2	3.842381E+1	-7.222631E-1	3.398500E-7	NaN	3.398500E-6	5.221125E-1	2.006109E+1
9.568357E+3	3.015600E+2	3.844674E+1	-7.133556E-1	3.356200E-7	NaN	3.356200E-6	5.253431E-1	2.019917E+1
9.586020E+3	3.013500E+2	3.847354E+1	-7.063572E-1	3.309000E-7	NaN	3.309000E-6	5.362254E-1	2.063047E+1
9.603858E+3	3.011400E+2	3.850037E+1	-6.080054E-1	3.263300E-7	NaN	3.263300E-6	5.294528E-1	2.038377E+1
9.621621E+3	3.009600E+2	3.852339E+1	-6.727441E-1	3.220600E-7	NaN	3.220600E-6	5.283925E-1	2.035640E+1
9.642134E+3	3.007300E+2	3.855285E+1	-5.971800E-1	3.173800E-7	NaN	3.173800E-6	5.251761E-1	2.024627E+1
9.660219E+3	3.005500E+2	3.857594E+1	-5.933321E-1	3.134700E-7	NaN	3.134700E-6	5.264450E-1	2.030739E+1
9.681455E+3	3.003400E+2	3.860292E+1	-5.204318E-1	3.091200E-7	NaN	3.091200E-6	5.325390E-1	2.055366E+1
9.702207E+3	3.001600E+2	3.862607E+1	-6.085879E-1	3.051000E-7	NaN	3.051000E-6	5.353172E-1	2.067810E+1
9.711080E+3	3.000700E+2	3.863765E+1	-4.982354E-1	3.034400E-7	NaN	3.034400E-6	5.308092E-1	2.051785E+1
9.749616E+3	2.997500E+2	3.867890E+1	-5.149232E-1	2.966800E-7	NaN	2.966800E-6	5.273806E-1	2.039653E+1
9.770590E+3	2.995700E+2	3.870214E+1	-4.421029E-1	2.932700E-7	NaN	2.932700E-6	5.262907E-1	2.036510E+1
9.797733E+3	2.993700E+2	3.872800E+1	-4.541326E-1	2.891800E-7	NaN	2.891800E-6	5.226202E-1	2.024067E+1
9.824157E+3	2.991700E+2	3.875389E+1	-4.003203E-1	2.854300E-7	NaN	2.854300E-6	5.276561E-1	2.044909E+1
9.854133E+3	2.989700E+2	3.877981E+1	-3.851680E-1	2.814500E-7	NaN	2.814500E-6	5.263856E-1	2.041283E+1
9.886846E+3	2.987600E+2	3.880707E+1	-3.627813E-1	2.774400E-7	NaN	2.774400E-6	5.290251E-1	2.052885E+1
9.916616E+3	2.985800E+2	3.883046E+1	-3.402807E-1	2.740500E-7	NaN	2.740500E-6	5.314514E-1	2.063617E+1
9.951881E+3	2.983800E+2	3.885649E+1	-3.067746E-1	2.703300E-7	NaN	2.703300E-6	5.322701E-1	2.068245E+1
9.987086E+3	2.982000E+2	3.887995E+1	-3.044066E-1	2.668200E-7	NaN	2.668200E-6	5.290097E-1	2.056981E+1
1.002848E+4	2.979900E+2	3.890735E+1	-2.817623E-1	2.630700E-7	NaN	2.630700E-6	5.319853E-1	2.069886E+1
1.007533E+4	2.977700E+2	3.893609E+1	-2.412545E-1	2.591900E-7	NaN	2.591900E-6	5.271191E-1	2.052212E+1
1.012258E+4	2.975800E+2	3.896095E+1	-2.410454E-1	2.556000E-7	NaN	2.556000E-6	5.295682E-1	2.063182E+1
1.016987E+4	2.973900E+2	3.898584E+1	-2.121528E-1	2.524000E-7	NaN	2.524000E-6	5.354776E-1	2.087678E+1
1.022644E+4	2.971900E+2	3.901208E+1	-1.850995E-1	2.489000E-7	NaN	2.489000E-6	5.318183E-1	2.074765E+1
1.029127E+4	2.969900E+2	3.903835E+1	-1.760202E-1	2.452800E-7	NaN	2.452800E-6	5.284617E-1	2.063044E+1
1.035944E+4	2.967900E+2	3.906466E+1	-1.679919E-1	2.419700E-7	NaN	2.419700E-6	5.252132E-1	2.051735E+1
1.043087E+4	2.965900E+2	3.909100E+1	-1.348724E-1	2.388100E-7	NaN	2.388100E-6	5.149879E-1	2.013142E+1
1.051984E+4	2.963900E+2	3.911738E+1	-1.312939E-1	2.354000E-7	NaN	2.354000E-6	5.193801E-1	2.031643E+1
1.061124E+4	2.961900E+2	3.914379E+1	-7.638549E-2	2.323600E-7	NaN	2.323600E-6	NaN	NaN
1.076049E+4	2.960000E+2	3.916892E+1	NaN	2.292100E-7	NaN	2.292100E-6	NaN	NaN
--------------------
6/27/2024 1:44 PM
