6/25/2024									
4:05 PM									
slow cooling down 480_2024.06.25_COND_FILE END.txt									
									
Data taken by: Akshat Sharma									
ammeter is Keithley 6517A at GPIB0::27::INSTR									
voltage source is Keithley 6517A at GPIB0::27::INSTR									
temperature controller is Lake Shore 330 at GPIB0::12::INSTR with the settings: control sensor=A;sample sensor=;loop=1									
Readings: 1									
Voltage (V): 100									
Geo Factor: 1000									
Ea Window (pts): 5									
Shut off V when done?: TRUE									
Mconnect?: TRUE									
Use Abs(Cond)?: TRUE									
Rate (K/min): 1									
Heater: High									
DESCRIPTION									
********************
Time (s)	Temperature (K)	1/kT (1/eV)	Rate (K/min)	Current (A)	Current Std Dev/Mean	Conductivity (Ohm-cm)^-1	Ea (eV)	Reduced Ea
1.465000E+0	4.800000E+2	2.415417E+1	-6.291355E-1	3.752800E-4	NaN	3.752800E-3	NaN	NaN
2.912200E+1	4.797100E+2	2.416877E+1	-1.722356E+0	3.735100E-4	NaN	3.735100E-3	NaN	NaN
3.783100E+1	4.794600E+2	2.418137E+1	-1.464129E+0	3.714400E-4	NaN	3.714400E-3	4.376634E-1	1.058031E+1
4.397800E+1	4.793100E+2	2.418894E+1	-8.157023E-1	3.700900E-4	NaN	3.700900E-3	4.847797E-1	1.172617E+1
5.574700E+1	4.791500E+2	2.419702E+1	-6.451311E-1	3.682300E-4	NaN	3.682300E-3	4.749997E-1	1.149511E+1
7.713800E+1	4.789200E+2	2.420864E+1	-1.263998E+0	3.665200E-4	NaN	3.665200E-3	4.584293E-1	1.109809E+1
8.615700E+1	4.787300E+2	2.421824E+1	-1.384311E+0	3.650100E-4	NaN	3.650100E-3	4.605260E-1	1.115285E+1
9.525900E+1	4.785200E+2	2.422887E+1	-1.017984E+0	3.631800E-4	NaN	3.631800E-3	5.001750E-1	1.211781E+1
1.070470E+2	4.783200E+2	2.423900E+1	-6.880170E-1	3.611400E-4	NaN	3.611400E-3	4.930829E-1	1.195182E+1
1.192560E+2	4.781800E+2	2.424610E+1	-1.025439E+0	3.597500E-4	NaN	3.597500E-3	4.751387E-1	1.152177E+1
1.344690E+2	4.779200E+2	2.425929E+1	-1.163166E+0	3.578400E-4	NaN	3.578400E-3	4.557585E-1	1.105634E+1
1.437540E+2	4.777400E+2	2.426843E+1	-1.147896E+0	3.563000E-4	NaN	3.563000E-3	4.635681E-1	1.124951E+1
1.557760E+2	4.775100E+2	2.428012E+1	-8.456309E-1	3.543200E-4	NaN	3.543200E-3	4.936148E-1	1.198440E+1
1.678380E+2	4.773400E+2	2.428877E+1	-8.016568E-1	3.527200E-4	NaN	3.527200E-3	4.859260E-1	1.180289E+1
1.828070E+2	4.771400E+2	2.429895E+1	-1.110177E+0	3.509100E-4	NaN	3.509100E-3	4.753589E-1	1.155179E+1
1.946970E+2	4.769200E+2	2.431016E+1	-1.151535E+0	3.492300E-4	NaN	3.492300E-3	4.704974E-1	1.143732E+1
2.066810E+2	4.766900E+2	2.432189E+1	-9.244992E-1	3.473000E-4	NaN	3.473000E-3	4.661697E-1	1.133705E+1
2.157670E+2	4.765500E+2	2.432903E+1	-9.204909E-1	3.460100E-4	NaN	3.460100E-3	4.673466E-1	1.137096E+1
2.307590E+2	4.763200E+2	2.434078E+1	-1.009506E+0	3.442000E-4	NaN	3.442000E-3	4.560735E-1	1.110186E+1
2.426460E+2	4.761200E+2	2.435100E+1	-1.147132E+0	3.426400E-4	NaN	3.426400E-3	4.578139E-1	1.114776E+1
2.546760E+2	4.758900E+2	2.436277E+1	-9.821977E-1	3.408300E-4	NaN	3.408300E-3	4.641969E-1	1.130843E+1
2.644500E+2	4.757300E+2	2.437097E+1	-9.883199E-1	3.393800E-4	NaN	3.393800E-3	6.330718E-1	1.542799E+1
2.778060E+2	4.755100E+2	2.438224E+1	-8.759124E-1	3.376800E-4	NaN	3.376800E-3	7.088307E-1	1.728311E+1
2.901360E+2	4.753300E+2	2.439148E+1	-1.094456E+0	3.334100E-4	NaN	3.334100E-3	6.968453E-1	1.699788E+1
3.027450E+2	4.751000E+2	2.440328E+1	-9.470012E-1	3.316900E-4	NaN	3.316900E-3	6.290164E-1	1.535042E+1
3.147830E+2	4.749100E+2	2.441305E+1	-1.025378E+0	3.300500E-4	NaN	3.300500E-3	4.729094E-1	1.154491E+1
3.264860E+2	4.747100E+2	2.442333E+1	-1.006796E+0	3.284500E-4	NaN	3.284500E-3	4.844921E-1	1.183292E+1
3.384050E+2	4.745100E+2	2.443363E+1	-9.770312E-1	3.268800E-4	NaN	3.268800E-3	4.844131E-1	1.183531E+1
3.500730E+2	4.743200E+2	2.444341E+1	-1.037838E+0	3.252500E-4	NaN	3.252500E-3	4.813217E-1	1.176490E+1
3.593230E+2	4.741600E+2	2.445166E+1	-1.052720E+0	3.239400E-4	NaN	3.239400E-3	4.736117E-1	1.158197E+1
3.712920E+2	4.739500E+2	2.446250E+1	-9.687836E-1	3.223700E-4	NaN	3.223700E-3	4.567220E-1	1.117332E+1
3.861560E+2	4.737100E+2	2.447489E+1	-9.692229E-1	3.205200E-4	NaN	3.205200E-3	4.547952E-1	1.113029E+1
3.979180E+2	4.735200E+2	2.448471E+1	-1.002339E+0	3.191700E-4	NaN	3.191700E-3	4.567304E-1	1.118279E+1
4.098900E+2	4.733200E+2	2.449506E+1	-1.087942E+0	3.175900E-4	NaN	3.175900E-3	4.688437E-1	1.148388E+1
4.220230E+2	4.731000E+2	2.450645E+1	-8.726785E-1	3.159600E-4	NaN	3.159600E-3	4.720851E-1	1.156873E+1
4.309610E+2	4.729700E+2	2.451318E+1	-1.030860E+0	3.147900E-4	NaN	3.147900E-3	4.682634E-1	1.148014E+1
4.460940E+2	4.727100E+2	2.452667E+1	-9.795119E-1	3.129400E-4	NaN	3.129400E-3	4.775545E-1	1.171242E+1
4.583450E+2	4.725100E+2	2.453705E+1	-1.106291E+0	3.114100E-4	NaN	3.114100E-3	4.741418E-1	1.163305E+1
4.675650E+2	4.723400E+2	2.454588E+1	-1.103587E+0	3.099500E-4	NaN	3.099500E-3	6.119647E-1	1.502133E+1
4.795260E+2	4.721200E+2	2.455732E+1	-9.385806E-1	3.083300E-4	NaN	3.083300E-3	6.260549E-1	1.537347E+1
4.916720E+2	4.719300E+2	2.456720E+1	-7.925369E-1	3.049000E-4	NaN	3.049000E-3	5.681806E-1	1.395930E+1
5.037850E+2	4.717700E+2	2.457553E+1	-1.057986E+0	3.044900E-4	NaN	3.044900E-3	4.982791E-1	1.224770E+1
5.185300E+2	4.715100E+2	2.458909E+1	-1.046164E+0	3.027200E-4	NaN	3.027200E-3	4.155158E-1	1.021658E+1
5.305740E+2	4.713000E+2	2.460004E+1	-9.595960E-1	3.012100E-4	NaN	3.012100E-3	4.737831E-1	1.165393E+1
5.424540E+2	4.711100E+2	2.460996E+1	-9.819164E-1	2.996500E-4	NaN	2.996500E-3	4.808874E-1	1.183481E+1
5.546750E+2	4.709100E+2	2.462042E+1	-1.055011E+0	2.981100E-4	NaN	2.981100E-3	4.891420E-1	1.204233E+1
5.666180E+2	4.707000E+2	2.463140E+1	-8.933685E-1	2.967000E-4	NaN	2.967000E-3	4.735167E-1	1.166258E+1
5.753490E+2	4.705700E+2	2.463820E+1	-1.103402E+0	2.955400E-4	NaN	2.955400E-3	4.647520E-1	1.145176E+1
5.873120E+2	4.703500E+2	2.464973E+1	-1.013942E+0	2.940800E-4	NaN	2.940800E-3	4.669847E-1	1.151211E+1
5.991470E+2	4.701500E+2	2.466021E+1	-9.616027E-1	2.926800E-4	NaN	2.926800E-3	4.629464E-1	1.141659E+1
6.141220E+2	4.699100E+2	2.467281E+1	-1.011719E+0	2.909200E-4	NaN	2.909200E-3	4.740920E-1	1.169638E+1
6.259830E+2	4.697100E+2	2.468332E+1	-9.089379E-1	2.894500E-4	NaN	2.894500E-3	4.672825E-1	1.153289E+1
6.378650E+2	4.695300E+2	2.469278E+1	-1.057036E+0	2.881600E-4	NaN	2.881600E-3	4.591631E-1	1.133778E+1
6.469470E+2	4.693700E+2	2.470120E+1	-9.934597E-1	2.871700E-4	NaN	2.871700E-3	4.483123E-1	1.107524E+1
6.590260E+2	4.691700E+2	2.471172E+1	-1.024520E+0	2.857300E-4	NaN	2.857300E-3	4.449984E-1	1.099777E+1
6.736670E+2	4.689200E+2	2.472490E+1	-1.016260E+0	2.841000E-4	NaN	2.841000E-3	4.496337E-1	1.111675E+1
6.854750E+2	4.687200E+2	2.473545E+1	-1.091360E+0	2.827700E-4	NaN	2.827700E-3	4.489304E-1	1.110367E+1
6.975700E+2	4.685000E+2	2.474707E+1	-1.037838E+0	2.812700E-4	NaN	2.812700E-3	4.622788E-1	1.143907E+1
7.068200E+2	4.683400E+2	2.475552E+1	-9.480249E-1	2.801700E-4	NaN	2.801700E-3	4.665843E-1	1.155121E+1
7.188450E+2	4.681500E+2	2.476557E+1	-9.426551E-1	2.788000E-4	NaN	2.788000E-3	4.707668E-1	1.165997E+1
7.341210E+2	4.679100E+2	2.477827E+1	-9.533646E-1	2.772000E-4	NaN	2.772000E-3	4.710499E-1	1.167091E+1
7.467080E+2	4.677100E+2	2.478886E+1	-1.036605E+0	2.757800E-4	NaN	2.757800E-3	4.689449E-1	1.162354E+1
7.559690E+2	4.675500E+2	2.479735E+1	-9.905894E-1	2.746900E-4	NaN	2.746900E-3	4.632488E-1	1.148794E+1
7.680830E+2	4.673500E+2	2.480796E+1	-1.019195E+0	2.733300E-4	NaN	2.733300E-3	4.539687E-1	1.126254E+1
7.798570E+2	4.671500E+2	2.481858E+1	-1.005193E+0	2.720800E-4	NaN	2.720800E-3	4.452144E-1	1.104987E+1
7.917950E+2	4.669500E+2	2.482921E+1	-1.123691E+0	2.707600E-4	NaN	2.707600E-3	4.483683E-1	1.113274E+1
8.035420E+2	4.667300E+2	2.484091E+1	-9.543742E-1	2.694100E-4	NaN	2.694100E-3	4.556789E-1	1.131894E+1
8.154870E+2	4.665400E+2	2.485103E+1	-9.647119E-1	2.680800E-4	NaN	2.680800E-3	4.627238E-1	1.149926E+1
8.273040E+2	4.663500E+2	2.486116E+1	-9.291678E-1	2.668500E-4	NaN	2.668500E-3	4.662694E-1	1.159283E+1
8.421560E+2	4.661200E+2	2.487342E+1	-1.053952E+0	2.653000E-4	NaN	2.653000E-3	4.577081E-1	1.138430E+1
8.541110E+2	4.659100E+2	2.488463E+1	-1.099968E+0	2.639700E-4	NaN	2.639700E-3	4.570133E-1	1.137172E+1
8.633840E+2	4.657400E+2	2.489372E+1	-9.997501E-1	2.629100E-4	NaN	2.629100E-3	4.654142E-1	1.158648E+1
8.753870E+2	4.655400E+2	2.490441E+1	-9.191421E-1	2.616000E-4	NaN	2.616000E-3	4.731920E-1	1.178533E+1
8.904010E+2	4.653100E+2	2.491672E+1	-1.007472E+0	2.599900E-4	NaN	2.599900E-3	4.716172E-1	1.175055E+1
9.023120E+2	4.651100E+2	2.492744E+1	-1.174424E+0	2.587200E-4	NaN	2.587200E-3	4.809908E-1	1.198903E+1
9.115080E+2	4.649300E+2	2.493709E+1	-9.528586E-1	2.576200E-4	NaN	2.576200E-3	4.827372E-1	1.203801E+1
9.234720E+2	4.647400E+2	2.494728E+1	-9.628378E-1	2.561800E-4	NaN	2.561800E-3	4.680648E-1	1.167784E+1
9.353120E+2	4.645500E+2	2.495749E+1	-9.754776E-1	2.549600E-4	NaN	2.549600E-3	4.559454E-1	1.138018E+1
9.500740E+2	4.643100E+2	2.497039E+1	-9.760859E-1	2.536600E-4	NaN	2.536600E-3	4.423263E-1	1.104472E+1
9.623680E+2	4.641100E+2	2.498115E+1	-1.047730E+0	2.524000E-4	NaN	2.524000E-3	4.507471E-1	1.125914E+1
9.743940E+2	4.639000E+2	2.499246E+1	-9.847905E-1	2.510600E-4	NaN	2.510600E-3	4.672118E-1	1.167595E+1
9.835330E+2	4.637500E+2	2.500054E+1	-9.957680E-1	2.500900E-4	NaN	2.500900E-3	4.671166E-1	1.167862E+1
9.955840E+2	4.635500E+2	2.501133E+1	-9.519038E-1	2.488700E-4	NaN	2.488700E-3	4.609395E-1	1.152933E+1
1.007560E+3	4.633600E+2	2.502158E+1	-1.033210E+0	2.476700E-4	NaN	2.476700E-3	4.617706E-1	1.155449E+1
1.019755E+3	4.631500E+2	2.503293E+1	-1.034483E+0	2.464200E-4	NaN	2.464200E-3	4.741538E-1	1.186939E+1
1.031355E+3	4.629500E+2	2.504374E+1	-9.984192E-1	2.451400E-4	NaN	2.451400E-3	4.742168E-1	1.187616E+1
1.043374E+3	4.627500E+2	2.505457E+1	-1.069519E+0	2.437900E-4	NaN	2.437900E-3	4.699026E-1	1.177369E+1
1.055155E+3	4.625400E+2	2.506594E+1	-8.873353E-1	2.425700E-4	NaN	2.425700E-3	4.566253E-1	1.144583E+1
1.070031E+3	4.623200E+2	2.507787E+1	-9.565363E-1	2.412800E-4	NaN	2.412800E-3	4.360960E-1	1.093626E+1
1.081949E+3	4.621300E+2	2.508818E+1	-1.121495E+0	2.401800E-4	NaN	2.401800E-3	4.438566E-1	1.113546E+1
1.094254E+3	4.619000E+2	2.510067E+1	-1.122853E+0	2.389600E-4	NaN	2.389600E-3	4.550424E-1	1.142097E+1
1.103338E+3	4.617300E+2	2.510991E+1	-9.114896E-1	2.378200E-4	NaN	2.378200E-3	4.575466E-1	1.148871E+1
1.115845E+3	4.615400E+2	2.512025E+1	-9.520628E-1	2.366600E-4	NaN	2.366600E-3	4.538137E-1	1.140117E+1
1.127819E+3	4.613500E+2	2.513059E+1	-1.044806E+0	2.356400E-4	NaN	2.356400E-3	4.448742E-1	1.118054E+1
1.142750E+3	4.610900E+2	2.514477E+1	-1.034371E+0	2.341900E-4	NaN	2.341900E-3	4.536142E-1	1.140469E+1
1.152031E+3	4.609300E+2	2.515349E+1	-9.940358E-1	2.332000E-4	NaN	2.332000E-3	4.680184E-1	1.177187E+1
1.164103E+3	4.607300E+2	2.516441E+1	-9.379628E-1	2.319600E-4	NaN	2.319600E-3	4.643773E-1	1.168623E+1
1.176257E+3	4.605400E+2	2.517479E+1	-1.001669E+0	2.308500E-4	NaN	2.308500E-3	4.525493E-1	1.139291E+1
1.188237E+3	4.603400E+2	2.518573E+1	-9.649568E-1	2.298000E-4	NaN	2.298000E-3	4.483512E-1	1.129214E+1
1.200051E+3	4.601500E+2	2.519613E+1	-1.009130E+0	2.287100E-4	NaN	2.287100E-3	4.517518E-1	1.138276E+1
1.212537E+3	4.599400E+2	2.520764E+1	-1.036525E+0	2.274800E-4	NaN	2.274800E-3	4.620099E-1	1.164630E+1
1.224693E+3	4.597300E+2	2.521915E+1	-9.785534E-1	2.263000E-4	NaN	2.263000E-3	4.550413E-1	1.147579E+1
1.236956E+3	4.595300E+2	2.523013E+1	-1.096254E+0	2.251300E-4	NaN	2.251300E-3	4.545837E-1	1.146923E+1
1.248997E+3	4.593100E+2	2.524221E+1	-9.429280E-1	2.239800E-4	NaN	2.239800E-3	4.536320E-1	1.145027E+1
1.261087E+3	4.591200E+2	2.525266E+1	-9.859502E-1	2.228500E-4	NaN	2.228500E-3	4.507186E-1	1.138172E+1
1.273258E+3	4.589200E+2	2.526366E+1	-9.873293E-1	2.217700E-4	NaN	2.217700E-3	4.537374E-1	1.146323E+1
1.285412E+3	4.587200E+2	2.527468E+1	-9.787928E-1	2.206800E-4	NaN	2.206800E-3	4.458464E-1	1.126875E+1
1.297672E+3	4.585200E+2	2.528570E+1	-1.030675E+0	2.195800E-4	NaN	2.195800E-3	4.511928E-1	1.140885E+1
1.309897E+3	4.583100E+2	2.529729E+1	-9.817557E-1	2.184700E-4	NaN	2.184700E-3	4.607660E-1	1.165582E+1
1.322120E+3	4.581100E+2	2.530833E+1	-9.564561E-1	2.173300E-4	NaN	2.173300E-3	4.573669E-1	1.157470E+1
1.334039E+3	4.579200E+2	2.531883E+1	-1.175702E+0	2.162200E-4	NaN	2.162200E-3	4.572766E-1	1.157815E+1
1.343225E+3	4.577400E+2	2.532879E+1	-9.718567E-1	2.153500E-4	NaN	2.153500E-3	4.577859E-1	1.159549E+1
1.358042E+3	4.575000E+2	2.534208E+1	-9.550085E-1	2.140200E-4	NaN	2.140200E-3	4.504749E-1	1.141524E+1
1.367466E+3	4.573500E+2	2.535039E+1	-1.094618E+0	2.131400E-4	NaN	2.131400E-3	4.557133E-1	1.155301E+1
1.379525E+3	4.571300E+2	2.536259E+1	-9.556423E-1	2.120600E-4	NaN	2.120600E-3	4.578272E-1	1.161173E+1
1.392082E+3	4.569300E+2	2.537369E+1	-8.830022E-1	2.109700E-4	NaN	2.109700E-3	4.523851E-1	1.147826E+1
1.404313E+3	4.567500E+2	2.538369E+1	-1.039947E+0	2.099300E-4	NaN	2.099300E-3	4.635126E-1	1.176597E+1
1.416429E+3	4.565400E+2	2.539537E+1	-9.182441E-1	2.089000E-4	NaN	2.089000E-3	4.581219E-1	1.163442E+1
1.428844E+3	4.563500E+2	2.540594E+1	-1.104325E+0	2.078200E-4	NaN	2.078200E-3	4.602542E-1	1.169357E+1
1.440797E+3	4.561300E+2	2.541819E+1	-1.032872E+0	2.067000E-4	NaN	2.067000E-3	4.657918E-1	1.183946E+1
1.452996E+3	4.559200E+2	2.542990E+1	-9.393540E-1	2.055200E-4	NaN	2.055200E-3	4.556253E-1	1.158627E+1
1.465132E+3	4.557300E+2	2.544050E+1	-1.075532E+0	2.045500E-4	NaN	2.045500E-3	4.549245E-1	1.157347E+1
1.477405E+3	4.555100E+2	2.545279E+1	-1.077427E+0	2.034600E-4	NaN	2.034600E-3	4.494661E-1	1.143958E+1
1.486872E+3	4.553400E+2	2.546229E+1	-1.002674E+0	2.025600E-4	NaN	2.025600E-3	4.486167E-1	1.142285E+1
1.498840E+3	4.551400E+2	2.547348E+1	-9.546939E-1	2.015300E-4	NaN	2.015300E-3	4.458640E-1	1.135837E+1
1.510781E+3	4.549500E+2	2.548412E+1	-9.080740E-1	2.006100E-4	NaN	2.006100E-3	4.402956E-1	1.122123E+1
1.525978E+3	4.547200E+2	2.549701E+1	-1.031857E+0	1.994790E-4	NaN	1.994790E-3	4.437660E-1	1.131404E+1
1.538189E+3	4.545100E+2	2.550879E+1	-1.015551E+0	1.984420E-4	NaN	1.984420E-3	4.453338E-1	1.135912E+1
1.547642E+3	4.543500E+2	2.551777E+1	-1.087494E+0	1.975960E-4	NaN	1.975960E-3	4.561717E-1	1.164091E+1
1.559780E+3	4.541300E+2	2.553013E+1	-8.786917E-1	1.965610E-4	NaN	1.965610E-3	4.604225E-1	1.175457E+1
1.572071E+3	4.539500E+2	2.554026E+1	-1.006796E+0	1.955580E-4	NaN	1.955580E-3	4.570116E-1	1.167236E+1
1.583990E+3	4.537500E+2	2.555152E+1	-1.053424E+0	1.945750E-4	NaN	1.945750E-3	4.581254E-1	1.170651E+1
1.595951E+3	4.535400E+2	2.556335E+1	-1.078431E+0	1.935570E-4	NaN	1.935570E-3	4.514497E-1	1.154069E+1
1.608191E+3	4.533200E+2	2.557575E+1	-9.657170E-1	1.924640E-4	NaN	1.924640E-3	4.635845E-1	1.185554E+1
1.620617E+3	4.531200E+2	2.558704E+1	-7.820137E-1	1.914680E-4	NaN	1.914680E-3	4.576100E-1	1.170894E+1
1.632893E+3	4.529600E+2	2.559608E+1	-1.047191E+0	1.905770E-4	NaN	1.905770E-3	4.495744E-1	1.150857E+1
1.647790E+3	4.527000E+2	2.561078E+1	-1.154216E+0	1.894420E-4	NaN	1.894420E-3	4.484930E-1	1.148574E+1
1.657147E+3	4.525200E+2	2.562097E+1	-1.018264E+0	1.885770E-4	NaN	1.885770E-3	4.448907E-1	1.139747E+1
1.669521E+3	4.523100E+2	2.563286E+1	-1.000778E+0	1.875070E-4	NaN	1.875070E-3	4.590615E-1	1.176689E+1
1.678514E+3	4.521600E+2	2.564137E+1	-9.397344E-1	1.868080E-4	NaN	1.868080E-3	4.487866E-1	1.150896E+1
1.693199E+3	4.519300E+2	2.565442E+1	-1.107722E+0	1.856920E-4	NaN	1.856920E-3	4.419107E-1	1.133698E+1
1.705657E+3	4.517000E+2	2.566748E+1	-1.014999E+0	1.846830E-4	NaN	1.846830E-3	4.427250E-1	1.136214E+1
1.714524E+3	4.515500E+2	2.567600E+1	-9.807928E-1	1.839550E-4	NaN	1.839550E-3	4.453778E-1	1.143565E+1
1.726759E+3	4.513500E+2	2.568738E+1	-9.298532E-1	1.830240E-4	NaN	1.830240E-3	4.494476E-1	1.154631E+1
1.739019E+3	4.511600E+2	2.569820E+1	-9.977385E-1	1.821170E-4	NaN	1.821170E-3	4.446906E-1	1.142873E+1
1.754053E+3	4.509100E+2	2.571245E+1	-1.023974E+0	1.809900E-4	NaN	1.809900E-3	4.428242E-1	1.138509E+1
1.766358E+3	4.507000E+2	2.572443E+1	-1.008516E+0	1.800370E-4	NaN	1.800370E-3	4.521971E-1	1.163078E+1
1.775282E+3	4.505500E+2	2.573299E+1	-9.566166E-1	1.793520E-4	NaN	1.793520E-3	4.495631E-1	1.156962E+1
1.787199E+3	4.503600E+2	2.574385E+1	-9.988901E-1	1.783710E-4	NaN	1.783710E-3	4.482348E-1	1.154078E+1
1.801615E+3	4.501200E+2	2.575758E+1	-1.030675E+0	1.773980E-4	NaN	1.773980E-3	4.406248E-1	1.134882E+1
1.813840E+3	4.499100E+2	2.576960E+1	-1.149555E+0	1.764150E-4	NaN	1.764150E-3	4.369818E-1	1.125959E+1
1.822713E+3	4.497400E+2	2.577934E+1	-9.417596E-1	1.756960E-4	NaN	1.756960E-3	4.412255E-1	1.137470E+1
1.834818E+3	4.495500E+2	2.579023E+1	-9.861933E-1	1.747980E-4	NaN	1.747980E-3	4.316621E-1	1.113320E+1
1.846986E+3	4.493500E+2	2.580171E+1	-1.009761E+0	1.739860E-4	NaN	1.739860E-3	4.414258E-1	1.138939E+1
1.858870E+3	4.491500E+2	2.581320E+1	-9.031611E-1	1.731350E-4	NaN	1.731350E-3	4.445028E-1	1.147435E+1
1.870828E+3	4.489700E+2	2.582355E+1	-1.003344E+0	1.722480E-4	NaN	1.722480E-3	4.213674E-1	1.088233E+1
1.885778E+3	4.487200E+2	2.583794E+1	-9.704027E-1	1.711590E-4	NaN	1.711590E-3	4.394189E-1	1.135341E+1
1.898144E+3	4.485200E+2	2.584946E+1	-1.089468E+0	1.706060E-4	NaN	1.706060E-3	4.483583E-1	1.158875E+1
1.910260E+3	4.483000E+2	2.586215E+1	-1.035375E+0	1.692980E-4	NaN	1.692980E-3	4.762993E-1	1.231694E+1
1.919532E+3	4.481400E+2	2.587138E+1	-9.697176E-1	1.685910E-4	NaN	1.685910E-3	5.017628E-1	1.298166E+1
1.931288E+3	4.479500E+2	2.588235E+1	-1.029689E+0	1.676970E-4	NaN	1.676970E-3	4.628575E-1	1.198055E+1
1.942942E+3	4.477500E+2	2.589391E+1	-9.799918E-1	1.667970E-4	NaN	1.667970E-3	4.554574E-1	1.179431E+1
1.955187E+3	4.475500E+2	2.590549E+1	-9.561118E-1	1.659570E-4	NaN	1.659570E-3	4.455876E-1	1.154315E+1
1.970248E+3	4.473100E+2	2.591938E+1	-1.001669E+0	1.649330E-4	NaN	1.649330E-3	4.426122E-1	1.147097E+1
1.979233E+3	4.471600E+2	2.592808E+1	-9.878169E-1	1.643060E-4	NaN	1.643060E-3	4.421023E-1	1.146318E+1
1.991381E+3	4.469600E+2	2.593968E+1	-1.076555E+0	1.634520E-4	NaN	1.634520E-3	4.403944E-1	1.142446E+1
2.003085E+3	4.467500E+2	2.595187E+1	-9.736308E-1	1.625920E-4	NaN	1.625920E-3	4.422349E-1	1.147668E+1
2.015410E+3	4.465500E+2	2.596350E+1	-1.000751E+0	1.617600E-4	NaN	1.617600E-3	4.410215E-1	1.145059E+1
2.027401E+3	4.463500E+2	2.597513E+1	-1.078167E+0	1.609120E-4	NaN	1.609120E-3	4.473279E-1	1.161980E+1
2.039644E+3	4.461300E+2	2.598794E+1	-1.023309E+0	1.600200E-4	NaN	1.600200E-3	4.575005E-1	1.188904E+1
2.051957E+3	4.459200E+2	2.600018E+1	-9.268000E-1	1.591070E-4	NaN	1.591070E-3	4.550880E-1	1.183168E+1
2.063610E+3	4.457400E+2	2.601068E+1	-9.819967E-1	1.582890E-4	NaN	1.582890E-3	4.463834E-1	1.161100E+1
2.075830E+3	4.455400E+2	2.602235E+1	-9.921455E-1	1.575310E-4	NaN	1.575310E-3	4.326556E-1	1.125902E+1
2.087925E+3	4.453400E+2	2.603404E+1	-9.929665E-1	1.567640E-4	NaN	1.567640E-3	4.406117E-1	1.147117E+1
2.100010E+3	4.451400E+2	2.604574E+1	-9.261745E-1	1.559660E-4	NaN	1.559660E-3	4.533521E-1	1.180841E+1
2.114910E+3	4.449100E+2	2.605920E+1	-1.042787E+0	1.549210E-4	NaN	1.549210E-3	4.609425E-1	1.201100E+1
2.126993E+3	4.447000E+2	2.607151E+1	-1.050328E+0	1.540950E-4	NaN	1.540950E-3	4.569225E-1	1.191172E+1
2.136133E+3	4.445400E+2	2.608089E+1	-1.047120E+0	1.534320E-4	NaN	1.534320E-3	4.484396E-1	1.169627E+1
2.148166E+3	4.443300E+2	2.609322E+1	-9.877356E-1	1.526030E-4	NaN	1.526030E-3	4.442560E-1	1.159261E+1
2.160315E+3	4.441300E+2	2.610497E+1	-1.024974E+0	1.517730E-4	NaN	1.517730E-3	4.376704E-1	1.142530E+1
2.172608E+3	4.439200E+2	2.611732E+1	-9.319055E-1	1.510020E-4	NaN	1.510020E-3	4.359079E-1	1.138448E+1
2.184841E+3	4.437300E+2	2.612850E+1	-9.760065E-1	1.502680E-4	NaN	1.502680E-3	4.466418E-1	1.166985E+1
2.197136E+3	4.435300E+2	2.614028E+1	-9.554140E-1	1.494820E-4	NaN	1.494820E-3	4.599506E-1	1.202347E+1
2.209068E+3	4.433400E+2	2.615149E+1	-1.075795E+0	1.486400E-4	NaN	1.486400E-3	4.565936E-1	1.194125E+1
2.221338E+3	4.431200E+2	2.616447E+1	-1.023724E+0	1.477860E-4	NaN	1.477860E-3	4.477351E-1	1.171470E+1
2.233646E+3	4.429100E+2	2.617688E+1	-9.526197E-1	1.470100E-4	NaN	1.470100E-3	4.357530E-1	1.140624E+1
2.245613E+3	4.427200E+2	2.618811E+1	-1.042184E+0	1.462890E-4	NaN	1.462890E-3	4.407229E-1	1.154195E+1
2.257703E+3	4.425100E+2	2.620054E+1	-1.037379E+0	1.454880E-4	NaN	1.454880E-3	4.472389E-1	1.171751E+1
2.269849E+3	4.423000E+2	2.621298E+1	-1.079379E+0	1.446590E-4	NaN	1.446590E-3	4.488432E-1	1.176453E+1
2.278743E+3	4.421400E+2	2.622246E+1	-9.214355E-1	1.440490E-4	NaN	1.440490E-3	4.460943E-1	1.169858E+1
2.291115E+3	4.419500E+2	2.623374E+1	-9.731045E-1	1.433310E-4	NaN	1.433310E-3	4.425445E-1	1.161070E+1
2.305913E+3	4.417100E+2	2.624799E+1	-9.575808E-1	1.424370E-4	NaN	1.424370E-3	4.483652E-1	1.176792E+1
2.317818E+3	4.415200E+2	2.625929E+1	-9.416818E-1	1.417210E-4	NaN	1.417210E-3	4.475459E-1	1.175183E+1
2.329924E+3	4.413300E+2	2.627059E+1	-1.059803E+0	1.409610E-4	NaN	1.409610E-3	4.507640E-1	1.184228E+1
2.341813E+3	4.411200E+2	2.628310E+1	-9.718960E-1	1.402190E-4	NaN	1.402190E-3	4.446556E-1	1.168736E+1
2.354160E+3	4.409200E+2	2.629502E+1	-1.132540E+0	1.394430E-4	NaN	1.394430E-3	4.462326E-1	1.173346E+1
2.366345E+3	4.406900E+2	2.630874E+1	-1.063830E+0	1.386340E-4	NaN	1.386340E-3	4.571577E-1	1.202589E+1
2.375369E+3	4.405300E+2	2.631830E+1	-8.832188E-1	1.379830E-4	NaN	1.379830E-3	4.534029E-1	1.193340E+1
2.387597E+3	4.403500E+2	2.632906E+1	-9.789845E-1	1.372910E-4	NaN	1.372910E-3	4.389216E-1	1.155742E+1
2.402919E+3	4.401000E+2	2.634401E+1	-9.856533E-1	1.364090E-4	NaN	1.364090E-3	4.210001E-1	1.108990E+1
2.412050E+3	4.399500E+2	2.635299E+1	-1.056692E+0	1.359780E-4	NaN	1.359780E-3	4.230481E-1	1.114855E+1
2.423974E+3	4.397400E+2	2.636558E+1	-9.570181E-1	1.352360E-4	NaN	1.352360E-3	4.368009E-1	1.151676E+1
2.435886E+3	4.395500E+2	2.637698E+1	-9.846558E-1	1.345060E-4	NaN	1.345060E-3	4.498009E-1	1.186442E+1
2.448073E+3	4.393500E+2	2.638898E+1	-9.906712E-1	1.337890E-4	NaN	1.337890E-3	4.519648E-1	1.192719E+1
2.460186E+3	4.391500E+2	2.640100E+1	-1.036184E+0	1.330880E-4	NaN	1.330880E-3	4.450155E-1	1.174928E+1
2.472346E+3	4.389400E+2	2.641363E+1	-1.076672E+0	1.323130E-4	NaN	1.323130E-3	4.488879E-1	1.185690E+1
2.484606E+3	4.387200E+2	2.642688E+1	-9.630819E-1	1.315600E-4	NaN	1.315600E-3	4.518258E-1	1.193978E+1
2.497066E+3	4.385200E+2	2.643893E+1	-9.419931E-1	1.308180E-4	NaN	1.308180E-3	4.492602E-1	1.187754E+1
2.509168E+3	4.383300E+2	2.645039E+1	-9.836872E-1	1.301460E-4	NaN	1.301460E-3	4.476290E-1	1.184030E+1
2.521367E+3	4.381300E+2	2.646247E+1	-1.024807E+0	1.294570E-4	NaN	1.294570E-3	4.419805E-1	1.169632E+1
2.533662E+3	4.379200E+2	2.647516E+1	-1.028907E+0	1.287420E-4	NaN	1.287420E-3	4.433618E-1	1.173793E+1
2.545908E+3	4.377100E+2	2.648786E+1	-9.624314E-1	1.280130E-4	NaN	1.280130E-3	4.470540E-1	1.184106E+1
2.557753E+3	4.375200E+2	2.649936E+1	-9.732360E-1	1.273480E-4	NaN	1.273480E-3	4.496211E-1	1.191416E+1
2.570083E+3	4.373200E+2	2.651148E+1	-1.039524E+0	1.266550E-4	NaN	1.266550E-3	4.447279E-1	1.179040E+1
2.579318E+3	4.371600E+2	2.652118E+1	-1.124969E+0	1.261080E-4	NaN	1.261080E-3	4.434414E-1	1.176163E+1
2.591585E+3	4.369300E+2	2.653514E+1	-1.006711E+0	1.253530E-4	NaN	1.253530E-3	4.505528E-1	1.195524E+1
2.603505E+3	4.367300E+2	2.654729E+1	-8.883771E-1	1.246590E-4	NaN	1.246590E-3	4.524580E-1	1.201137E+1
2.615662E+3	4.365500E+2	2.655824E+1	-9.840098E-1	1.240000E-4	NaN	1.240000E-3	4.532948E-1	1.203967E+1
2.630296E+3	4.363100E+2	2.657285E+1	-9.937065E-1	1.232160E-4	NaN	1.232160E-3	4.459137E-1	1.184905E+1
2.642372E+3	4.361100E+2	2.658504E+1	-1.048253E+0	1.225510E-4	NaN	1.225510E-3	4.410800E-1	1.172507E+1
2.654392E+3	4.359000E+2	2.659784E+1	-1.009421E+0	1.218670E-4	NaN	1.218670E-3	4.481352E-1	1.191850E+1
2.663308E+3	4.357500E+2	2.660700E+1	-9.783140E-1	1.213590E-4	NaN	1.213590E-3	4.528479E-1	1.204952E+1
2.675574E+3	4.355500E+2	2.661922E+1	-1.000584E+0	1.206770E-4	NaN	1.206770E-3	4.617483E-1	1.229191E+1
2.687567E+3	4.353500E+2	2.663145E+1	-9.695526E-1	1.200100E-4	NaN	1.200100E-3	4.523533E-1	1.204702E+1
2.699325E+3	4.351600E+2	2.664307E+1	-1.122449E+0	1.193420E-4	NaN	1.193420E-3	4.516958E-1	1.203477E+1
2.711085E+3	4.349400E+2	2.665655E+1	-9.130104E-1	1.186870E-4	NaN	1.186870E-3	4.454378E-1	1.187410E+1
2.722914E+3	4.347600E+2	2.666759E+1	-1.003277E+0	1.180520E-4	NaN	1.180520E-3	4.427386E-1	1.180688E+1
2.737865E+3	4.345100E+2	2.668293E+1	-9.874918E-1	1.172830E-4	NaN	1.172830E-3	4.467564E-1	1.191971E+1
2.746979E+3	4.343600E+2	2.669214E+1	-1.051929E+0	1.167870E-4	NaN	1.167870E-3	4.456205E-1	1.189457E+1
2.758957E+3	4.341500E+2	2.670506E+1	-9.471585E-1	1.161290E-4	NaN	1.161290E-3	4.491577E-1	1.199573E+1
2.770993E+3	4.339600E+2	2.671675E+1	-9.916672E-1	1.154930E-4	NaN	1.154930E-3	4.454399E-1	1.190135E+1
2.785514E+3	4.337200E+2	2.673153E+1	-1.004184E+0	1.147540E-4	NaN	1.147540E-3	4.441464E-1	1.187254E+1
2.797464E+3	4.335200E+2	2.674386E+1	-1.068653E+0	1.141330E-4	NaN	1.141330E-3	4.476789E-1	1.197170E+1
2.809816E+3	4.333000E+2	2.675744E+1	-9.774109E-1	1.134460E-4	NaN	1.134460E-3	4.579769E-1	1.225316E+1
2.819024E+3	4.331500E+2	2.676671E+1	-9.902624E-1	1.129260E-4	NaN	1.129260E-3	4.618534E-1	1.236340E+1
2.831142E+3	4.329500E+2	2.677907E+1	-9.365245E-1	1.122890E-4	NaN	1.122890E-3	4.560377E-1	1.221362E+1
2.846518E+3	4.327100E+2	2.679393E+1	-9.978380E-1	1.115360E-4	NaN	1.115360E-3	4.463758E-1	1.195959E+1
2.858544E+3	4.325100E+2	2.680632E+1	-1.001920E+0	1.109400E-4	NaN	1.109400E-3	4.406318E-1	1.181066E+1
2.870521E+3	4.323100E+2	2.681872E+1	-1.097268E+0	1.103310E-4	NaN	1.103310E-3	4.456843E-1	1.195189E+1
2.879270E+3	4.321500E+2	2.682865E+1	-9.621877E-1	1.098610E-4	NaN	1.098610E-3	4.542355E-1	1.218755E+1
2.891118E+3	4.319600E+2	2.684045E+1	-9.642427E-1	1.092370E-4	NaN	1.092370E-3	4.562764E-1	1.224800E+1
2.906052E+3	4.317200E+2	2.685537E+1	-9.960159E-1	1.085020E-4	NaN	1.085020E-3	4.530229E-1	1.216596E+1
2.918100E+3	4.315200E+2	2.686782E+1	-1.097439E+0	1.079010E-4	NaN	1.079010E-3	4.490539E-1	1.206417E+1
2.930128E+3	4.313000E+2	2.688152E+1	-1.014542E+0	1.072550E-4	NaN	1.072550E-3	4.545616E-1	1.221817E+1
2.938999E+3	4.311500E+2	2.689087E+1	-9.775171E-1	1.067800E-4	NaN	1.067800E-3	4.536521E-1	1.219960E+1
2.951275E+3	4.309500E+2	2.690335E+1	-1.009846E+0	1.061570E-4	NaN	1.061570E-3	4.459827E-1	1.199990E+1
2.963158E+3	4.307500E+2	2.691584E+1	-9.967440E-1	1.055940E-4	NaN	1.055940E-3	4.421504E-1	1.190136E+1
2.978207E+3	4.305000E+2	2.693148E+1	-9.066488E-1	1.048880E-4	NaN	1.048880E-3	4.384595E-1	1.180742E+1
2.990119E+3	4.303200E+2	2.694274E+1	-1.044949E+0	1.043360E-4	NaN	1.043360E-3	4.414260E-1	1.189244E+1
3.002177E+3	4.301100E+2	2.695590E+1	-1.063241E+0	1.037480E-4	NaN	1.037480E-3	4.431378E-1	1.194486E+1
3.011206E+3	4.299500E+2	2.696593E+1	-1.040119E+0	1.032920E-4	NaN	1.032920E-3	4.488904E-1	1.210517E+1
3.023320E+3	4.297400E+2	2.697910E+1	-9.480249E-1	1.026860E-4	NaN	1.026860E-3	4.568904E-1	1.232686E+1
3.035345E+3	4.295500E+2	2.699104E+1	-1.041236E+0	1.020920E-4	NaN	1.020920E-3	4.649556E-1	1.254965E+1
3.047446E+3	4.293400E+2	2.700424E+1	-9.543742E-1	1.014930E-4	NaN	1.014930E-3	4.648352E-1	1.255237E+1
3.059391E+3	4.291500E+2	2.701619E+1	-9.995002E-1	1.009050E-4	NaN	1.009050E-3	4.553426E-1	1.230227E+1
3.071397E+3	4.289500E+2	2.702879E+1	-9.729730E-1	1.003410E-4	NaN	1.003410E-3	4.514950E-1	1.220418E+1
3.086197E+3	4.287100E+2	2.704392E+1	-9.910803E-1	9.967300E-5	NaN	9.967300E-4	4.482237E-1	1.212109E+1
3.098305E+3	4.285100E+2	2.705654E+1	-9.883051E-1	9.911100E-5	NaN	9.911100E-4	4.484623E-1	1.213341E+1
3.110447E+3	4.283100E+2	2.706918E+1	-1.040377E+0	9.853100E-5	NaN	9.853100E-4	4.507743E-1	1.220158E+1
3.122558E+3	4.281000E+2	2.708246E+1	-9.852217E-1	9.796400E-5	NaN	9.796400E-4	4.547432E-1	1.231535E+1
3.131693E+3	4.279500E+2	2.709195E+1	-9.745955E-1	9.753600E-5	NaN	9.753600E-4	4.566947E-1	1.237360E+1
3.147084E+3	4.277000E+2	2.710779E+1	-1.052516E+0	9.681900E-5	NaN	9.681900E-4	4.599708E-1	1.246822E+1
3.156205E+3	4.275400E+2	2.711793E+1	-1.030506E+0	9.637100E-5	NaN	9.637100E-4	4.620601E-1	1.253000E+1
3.168432E+3	4.273300E+2	2.713126E+1	-9.381944E-1	9.579300E-5	NaN	9.579300E-4	4.613544E-1	1.251722E+1
3.180583E+3	4.271400E+2	2.714333E+1	-9.424603E-1	9.523900E-5	NaN	9.523900E-4	4.522390E-1	1.227535E+1
3.192679E+3	4.269500E+2	2.715540E+1	-1.038404E+0	9.472000E-5	NaN	9.472000E-4	4.460192E-1	1.211235E+1
3.204813E+3	4.267400E+2	2.716877E+1	-9.978380E-1	9.419600E-5	NaN	9.419600E-4	4.406370E-1	1.197153E+1
3.216839E+3	4.265400E+2	2.718151E+1	-9.937888E-1	9.365300E-5	NaN	9.365300E-4	4.429840E-1	1.204080E+1
3.228914E+3	4.263400E+2	2.719426E+1	-1.001502E+0	9.311700E-5	NaN	9.311700E-4	4.407650E-1	1.198678E+1
3.240896E+3	4.261400E+2	2.720702E+1	-1.103823E+0	9.258900E-5	NaN	9.258900E-4	4.349249E-1	1.183298E+1
3.253398E+3	4.259100E+2	2.722171E+1	-1.059369E+0	9.203000E-5	NaN	9.203000E-4	4.389139E-1	1.194686E+1
3.262460E+3	4.257500E+2	2.723194E+1	-9.879796E-1	9.161100E-5	NaN	9.161100E-4	4.474072E-1	1.218387E+1
3.274606E+3	4.255500E+2	2.724474E+1	-9.686794E-1	9.106000E-5	NaN	9.106000E-4	4.559171E-1	1.242254E+1
3.286994E+3	4.253500E+2	2.725755E+1	-9.639199E-1	9.053100E-5	NaN	9.053100E-4	4.539801E-1	1.237493E+1
3.301933E+3	4.251100E+2	2.727294E+1	-9.565363E-1	8.991300E-5	NaN	8.991300E-4	4.458704E-1	1.215959E+1
3.313851E+3	4.249200E+2	2.728514E+1	-1.036696E+0	8.941900E-5	NaN	8.941900E-4	4.433256E-1	1.209595E+1
3.326005E+3	4.247100E+2	2.729863E+1	-9.743423E-1	8.890100E-5	NaN	8.890100E-4	4.458043E-1	1.216981E+1
3.338321E+3	4.245100E+2	2.731149E+1	-9.905076E-1	8.838900E-5	NaN	8.838900E-4	4.476201E-1	1.222444E+1
3.350436E+3	4.243100E+2	2.732436E+1	-1.065483E+0	8.786800E-5	NaN	8.786800E-4	4.527401E-1	1.237050E+1
3.359446E+3	4.241500E+2	2.733467E+1	-1.080285E+0	8.746500E-5	NaN	8.746500E-4	4.526971E-1	1.237545E+1
3.371665E+3	4.239300E+2	2.734885E+1	-1.051665E+0	8.690300E-5	NaN	8.690300E-4	4.556814E-1	1.246246E+1
3.383646E+3	4.237200E+2	2.736241E+1	-8.849558E-1	8.637300E-5	NaN	8.637300E-4	4.635501E-1	1.268257E+1
3.395850E+3	4.235400E+2	2.737404E+1	-8.576474E-1	8.589800E-5	NaN	8.589800E-4	4.577452E-1	1.253023E+1
3.407743E+3	4.233700E+2	2.738503E+1	-1.047033E+0	8.544300E-5	NaN	8.544300E-4	4.462380E-1	1.222141E+1
3.419777E+3	4.231600E+2	2.739862E+1	-1.054835E+0	8.496400E-5	NaN	8.496400E-4	4.392398E-1	1.203513E+1
3.431722E+3	4.229500E+2	2.741222E+1	-1.020326E+0	8.446900E-5	NaN	8.446900E-4	4.350304E-1	1.192512E+1
3.444071E+3	4.227400E+2	2.742584E+1	-1.038062E+0	8.394400E-5	NaN	8.394400E-4	4.430350E-1	1.215032E+1
3.456209E+3	4.225300E+2	2.743947E+1	-9.509510E-1	8.345300E-5	NaN	8.345300E-4	4.478453E-1	1.228831E+1
3.468197E+3	4.223400E+2	2.745182E+1	-1.016621E+0	8.298600E-5	NaN	8.298600E-4	4.512295E-1	1.238735E+1
3.480591E+3	4.221300E+2	2.746547E+1	-1.016949E+0	8.247200E-5	NaN	8.247200E-4	4.613718E-1	1.267192E+1
3.492981E+3	4.219200E+2	2.747914E+1	-9.775967E-1	8.195300E-5	NaN	8.195300E-4	4.639122E-1	1.274759E+1
3.505256E+3	4.217200E+2	2.749217E+1	-9.834453E-1	8.144500E-5	NaN	8.144500E-4	4.615865E-1	1.268991E+1
3.517458E+3	4.215200E+2	2.750522E+1	-1.011208E+0	8.096100E-5	NaN	8.096100E-4	4.573333E-1	1.257895E+1
3.529325E+3	4.213200E+2	2.751828E+1	-9.485771E-1	8.049200E-5	NaN	8.049200E-4	4.576966E-1	1.259453E+1
3.541343E+3	4.211300E+2	2.753069E+1	-9.326425E-1	8.003700E-5	NaN	8.003700E-4	4.572015E-1	1.258707E+1
3.552923E+3	4.209500E+2	2.754246E+1	-1.052983E+0	7.958400E-5	NaN	7.958400E-4	4.576474E-1	1.260557E+1
3.564889E+3	4.207400E+2	2.755621E+1	-1.025641E+0	7.910600E-5	NaN	7.910600E-4	4.539224E-1	1.250885E+1
3.577174E+3	4.205300E+2	2.756997E+1	-1.031941E+0	7.861000E-5	NaN	7.861000E-4	4.498741E-1	1.240286E+1
3.589384E+3	4.203200E+2	2.758375E+1	-1.006289E+0	7.812500E-5	NaN	7.812500E-4	4.521152E-1	1.247073E+1
3.601309E+3	4.201200E+2	2.759688E+1	-9.816754E-1	7.766300E-5	NaN	7.766300E-4	4.482994E-1	1.237096E+1
3.613533E+3	4.199200E+2	2.761002E+1	-1.051709E+0	7.720300E-5	NaN	7.720300E-4	4.566963E-1	1.260900E+1
3.622661E+3	4.197600E+2	2.762055E+1	-8.866797E-1	7.685200E-5	NaN	7.685200E-4	4.585421E-1	1.266632E+1
3.637548E+3	4.195400E+2	2.763503E+1	-1.053512E+0	7.630600E-5	NaN	7.630600E-4	4.613743E-1	1.275067E+1
3.649508E+3	4.193300E+2	2.764887E+1	-1.046425E+0	7.584300E-5	NaN	7.584300E-4	4.603807E-1	1.272891E+1
3.661549E+3	4.191200E+2	2.766272E+1	-1.027481E+0	7.535500E-5	NaN	7.535500E-4	4.514103E-1	1.248696E+1
3.673812E+3	4.189100E+2	2.767659E+1	-9.820813E-1	7.488700E-5	NaN	7.488700E-4	4.508646E-1	1.247810E+1
3.685420E+3	4.187200E+2	2.768915E+1	-1.025975E+0	7.447100E-5	NaN	7.447100E-4	4.466394E-1	1.236667E+1
3.697701E+3	4.185100E+2	2.770304E+1	-1.047921E+0	7.400900E-5	NaN	7.400900E-4	4.513744E-1	1.250374E+1
3.706862E+3	4.183500E+2	2.771364E+1	-9.790324E-1	7.366000E-5	NaN	7.366000E-4	4.586792E-1	1.271215E+1
3.719119E+3	4.181500E+2	2.772689E+1	-9.509470E-1	7.320200E-5	NaN	7.320200E-4	4.538690E-1	1.258517E+1
3.731738E+3	4.179500E+2	2.774016E+1	-1.040978E+0	7.275000E-5	NaN	7.275000E-4	4.544677E-1	1.260706E+1
3.743842E+3	4.177400E+2	2.775411E+1	-9.122189E-1	7.232700E-5	NaN	7.232700E-4	4.490109E-1	1.246172E+1
3.756339E+3	4.175500E+2	2.776673E+1	-1.027397E+0	7.189100E-5	NaN	7.189100E-4	4.519838E-1	1.255026E+1
3.768603E+3	4.173400E+2	2.778071E+1	-9.914897E-1	7.145200E-5	NaN	7.145200E-4	4.575514E-1	1.271126E+1
3.780706E+3	4.171400E+2	2.779403E+1	-1.041150E+0	7.100500E-5	NaN	7.100500E-4	4.576695E-1	1.272047E+1
3.792808E+3	4.169300E+2	2.780803E+1	-9.791922E-1	7.056100E-5	NaN	7.056100E-4	4.529397E-1	1.259496E+1
3.805063E+3	4.167300E+2	2.782137E+1	-1.155451E+0	7.011700E-5	NaN	7.011700E-4	4.489096E-1	1.248882E+1
3.814410E+3	4.165500E+2	2.783339E+1	-9.607686E-1	6.977500E-5	NaN	6.977500E-4	4.560028E-1	1.269302E+1
3.826900E+3	4.163500E+2	2.784676E+1	-9.451920E-1	6.933800E-5	NaN	6.933800E-4	4.646895E-1	1.294012E+1
3.842135E+3	4.161100E+2	2.786282E+1	-8.823529E-1	6.880800E-5	NaN	6.880800E-4	4.635988E-1	1.291605E+1
3.851655E+3	4.159700E+2	2.787220E+1	-1.125336E+0	6.849000E-5	NaN	6.849000E-4	4.630719E-1	1.290745E+1
3.863918E+3	4.157400E+2	2.788762E+1	-9.025572E-1	6.805900E-5	NaN	6.805900E-4	4.558833E-1	1.271431E+1
3.875884E+3	4.155600E+2	2.789970E+1	-1.004756E+0	6.763900E-5	NaN	6.763900E-4	4.512604E-1	1.259074E+1
3.890813E+3	4.153100E+2	2.791650E+1	-9.923917E-1	6.714100E-5	NaN	6.714100E-4	4.506218E-1	1.257890E+1
3.902905E+3	4.151100E+2	2.792995E+1	-1.098428E+0	6.674500E-5	NaN	6.674500E-4	4.450295E-1	1.242848E+1
3.912191E+3	4.149400E+2	2.794139E+1	-9.862242E-1	6.641900E-5	NaN	6.641900E-4	4.570582E-1	1.277160E+1
3.924967E+3	4.147300E+2	2.795554E+1	-1.028487E+0	6.597000E-5	NaN	6.597000E-4	4.666566E-1	1.304607E+1
3.937218E+3	4.145200E+2	2.796970E+1	-9.967605E-1	6.552900E-5	NaN	6.552900E-4	4.679512E-1	1.308818E+1
3.949257E+3	4.143200E+2	2.798320E+1	-9.972575E-1	6.511700E-5	NaN	6.511700E-4	4.588265E-1	1.283918E+1
3.961290E+3	4.141200E+2	2.799672E+1	-9.557344E-1	6.472400E-5	NaN	6.472400E-4	4.531706E-1	1.268714E+1
3.973218E+3	4.139300E+2	2.800957E+1	-9.728415E-1	6.435400E-5	NaN	6.435400E-4	4.520593E-1	1.266214E+1
3.985553E+3	4.137300E+2	2.802311E+1	-1.005446E+0	6.395700E-5	NaN	6.395700E-4	4.568001E-1	1.280125E+1
3.997488E+3	4.135300E+2	2.803666E+1	-1.020656E+0	6.356200E-5	NaN	6.356200E-4	4.649726E-1	1.303626E+1
4.009833E+3	4.133200E+2	2.805090E+1	-9.139009E-1	6.314200E-5	NaN	6.314200E-4	4.568286E-1	1.281466E+1
4.022307E+3	4.131300E+2	2.806381E+1	-1.136457E+0	6.274800E-5	NaN	6.274800E-4	4.518711E-1	1.268122E+1
4.034450E+3	4.129000E+2	2.807944E+1	-1.035040E+0	6.234600E-5	NaN	6.234600E-4	4.499259E-1	1.263279E+1
4.043725E+3	4.127400E+2	2.809032E+1	-1.001033E+0	6.203200E-5	NaN	6.203200E-4	4.603568E-1	1.293149E+1
4.056312E+3	4.125300E+2	2.810462E+1	-8.780488E-1	6.161900E-5	NaN	6.161900E-4	4.717320E-1	1.325797E+1
4.068612E+3	4.123500E+2	2.811689E+1	-1.008065E+0	6.123500E-5	NaN	6.123500E-4	4.577542E-1	1.287126E+1
4.080516E+3	4.121500E+2	2.813053E+1	-1.066408E+0	6.087300E-5	NaN	6.087300E-4	4.512596E-1	1.269486E+1
4.092894E+3	4.119300E+2	2.814556E+1	-9.915716E-1	6.049100E-5	NaN	6.049100E-4	4.483076E-1	1.261761E+1
4.104996E+3	4.117300E+2	2.815923E+1	-9.936125E-1	6.009600E-5	NaN	6.009600E-4	4.601742E-1	1.295795E+1
4.117677E+3	4.115200E+2	2.817360E+1	-9.779154E-1	5.969700E-5	NaN	5.969700E-4	4.653657E-1	1.311106E+1
4.129948E+3	4.113200E+2	2.818730E+1	-1.053159E+0	5.931200E-5	NaN	5.931200E-4	4.636619E-1	1.306940E+1
4.141912E+3	4.111100E+2	2.820170E+1	-1.001586E+0	5.893300E-5	NaN	5.893300E-4	4.587505E-1	1.293694E+1
4.153893E+3	4.109100E+2	2.821542E+1	-1.097837E+0	5.854600E-5	NaN	5.854600E-4	4.568417E-1	1.288915E+1
4.163184E+3	4.107400E+2	2.822710E+1	-9.425382E-1	5.825300E-5	NaN	5.825300E-4	4.664005E-1	1.316578E+1
4.175279E+3	4.105500E+2	2.824017E+1	-8.612815E-1	5.789700E-5	NaN	5.789700E-4	4.532889E-1	1.280246E+1
4.190605E+3	4.103300E+2	2.825531E+1	-1.115783E+0	5.746800E-5	NaN	5.746800E-4	4.479962E-1	1.265812E+1
4.202973E+3	4.101000E+2	2.827115E+1	-1.069519E+0	5.710700E-5	NaN	5.710700E-4	4.454741E-1	1.259272E+1
4.211949E+3	4.099400E+2	2.828219E+1	-1.006953E+0	5.682900E-5	NaN	5.682900E-4	4.550349E-1	1.286942E+1
4.224462E+3	4.097300E+2	2.829668E+1	-9.306882E-1	5.643500E-5	NaN	5.643500E-4	4.762216E-1	1.347559E+1
4.236711E+3	4.095400E+2	2.830981E+1	-9.767801E-1	5.606500E-5	NaN	5.606500E-4	4.659511E-1	1.319129E+1
4.248382E+3	4.093500E+2	2.832295E+1	-1.079048E+0	5.572700E-5	NaN	5.572700E-4	4.544969E-1	1.287360E+1
4.260615E+3	4.091300E+2	2.833818E+1	-1.046251E+0	5.537500E-5	NaN	5.537500E-4	4.513238E-1	1.278947E+1
4.272658E+3	4.089200E+2	2.835273E+1	-9.907874E-1	5.500000E-5	NaN	5.500000E-4	4.599811E-1	1.304080E+1
4.284164E+3	4.087300E+2	2.836591E+1	-9.420709E-1	5.465400E-5	NaN	5.465400E-4	4.671295E-1	1.325044E+1
4.296265E+3	4.085400E+2	2.837911E+1	-9.942005E-1	5.431400E-5	NaN	5.431400E-4	4.655896E-1	1.321323E+1
4.308335E+3	4.083400E+2	2.839301E+1	-9.372688E-1	5.398100E-5	NaN	5.398100E-4	4.557961E-1	1.294161E+1
4.320498E+3	4.081500E+2	2.840622E+1	-1.053248E+0	5.364100E-5	NaN	5.364100E-4	4.588111E-1	1.303326E+1
4.332461E+3	4.079400E+2	2.842085E+1	-9.482615E-1	5.330500E-5	NaN	5.330500E-4	4.613737E-1	1.311260E+1
4.344483E+3	4.077500E+2	2.843409E+1	-1.031097E+0	5.295600E-5	NaN	5.295600E-4	4.590211E-1	1.305204E+1
4.356703E+3	4.075400E+2	2.844874E+1	-1.018676E+0	5.261000E-5	NaN	5.261000E-4	4.645765E-1	1.321679E+1
4.368483E+3	4.073400E+2	2.846271E+1	-1.023641E+0	5.227600E-5	NaN	5.227600E-4	4.608087E-1	1.311602E+1
4.380792E+3	4.071300E+2	2.847739E+1	-1.036866E+0	5.191300E-5	NaN	5.191300E-4	4.693124E-1	1.336461E+1
4.392944E+3	4.069200E+2	2.849209E+1	-9.238250E-1	5.156300E-5	NaN	5.156300E-4	4.637322E-1	1.321257E+1
4.405284E+3	4.067300E+2	2.850540E+1	-1.052548E+0	5.122800E-5	NaN	5.122800E-4	4.584675E-1	1.306921E+1
4.417825E+3	4.065100E+2	2.852082E+1	-9.690705E-1	5.089300E-5	NaN	5.089300E-4	4.550540E-1	1.297834E+1
4.430208E+3	4.063100E+2	2.853486E+1	-9.955202E-1	5.056000E-5	NaN	5.056000E-4	4.515229E-1	1.288380E+1
4.442262E+3	4.061100E+2	2.854892E+1	-1.003428E+0	5.023900E-5	NaN	5.023900E-4	4.599799E-1	1.313193E+1
4.454221E+3	4.059100E+2	2.856298E+1	-9.796718E-1	4.991900E-5	NaN	4.991900E-4	4.721894E-1	1.348671E+1
4.466470E+3	4.057100E+2	2.857706E+1	-9.118541E-1	4.958900E-5	NaN	4.958900E-4	4.752016E-1	1.357984E+1
4.478314E+3	4.055300E+2	2.858975E+1	-1.117035E+0	4.925900E-5	NaN	4.925900E-4	4.791408E-1	1.369864E+1
4.490131E+3	4.053100E+2	2.860527E+1	-1.046322E+0	4.892500E-5	NaN	4.892500E-4	4.754498E-1	1.359964E+1
4.499306E+3	4.051500E+2	2.861656E+1	-1.021711E+0	4.865200E-5	NaN	4.865200E-4	4.626478E-1	1.323978E+1
4.511051E+3	4.049500E+2	2.863070E+1	-1.004184E+0	4.833100E-5	NaN	4.833100E-4	4.632373E-1	1.326417E+1
4.523001E+3	4.047500E+2	2.864484E+1	-9.462479E-1	4.802900E-5	NaN	4.802900E-4	4.576998E-1	1.311146E+1
4.538219E+3	4.045100E+2	2.866184E+1	-9.870044E-1	4.765300E-5	NaN	4.765300E-4	4.599545E-1	1.318240E+1
4.550377E+3	4.043100E+2	2.867602E+1	-9.639328E-1	4.734300E-5	NaN	4.734300E-4	4.659624E-1	1.336126E+1
4.562826E+3	4.041100E+2	2.869021E+1	-9.921455E-1	4.702700E-5	NaN	4.702700E-4	4.710340E-1	1.351404E+1
4.574921E+3	4.039100E+2	2.870441E+1	-9.857072E-1	4.671400E-5	NaN	4.671400E-4	4.703202E-1	1.350046E+1
4.587095E+3	4.037100E+2	2.871863E+1	-1.078213E+0	4.639500E-5	NaN	4.639500E-4	4.692949E-1	1.347707E+1
4.598781E+3	4.035000E+2	2.873358E+1	-1.074667E+0	4.608200E-5	NaN	4.608200E-4	4.723504E-1	1.357155E+1
4.607714E+3	4.033400E+2	2.874498E+1	-9.984152E-1	4.583200E-5	NaN	4.583200E-4	4.725605E-1	1.358448E+1
4.620334E+3	4.031300E+2	2.875995E+1	-1.000667E+0	4.549900E-5	NaN	4.549900E-4	4.704608E-1	1.353079E+1
4.632326E+3	4.029300E+2	2.877423E+1	-9.718670E-1	4.519800E-5	NaN	4.519800E-4	4.731195E-1	1.361279E+1
4.644056E+3	4.027400E+2	2.878780E+1	-8.562794E-1	4.492500E-5	NaN	4.492500E-4	4.626511E-1	1.331944E+1
4.655968E+3	4.025700E+2	2.879996E+1	-1.062236E+0	4.464400E-5	NaN	4.464400E-4	4.604712E-1	1.326338E+1
4.670654E+3	4.023100E+2	2.881857E+1	-9.992506E-1	4.428900E-5	NaN	4.428900E-4	4.642438E-1	1.337806E+1
4.682663E+3	4.021100E+2	2.883291E+1	-9.941571E-1	4.399300E-5	NaN	4.399300E-4	4.650180E-1	1.340650E+1
4.694130E+3	4.019200E+2	2.884654E+1	-1.041124E+0	4.370100E-5	NaN	4.370100E-4	4.738102E-1	1.366734E+1
4.705656E+3	4.017200E+2	2.886090E+1	-1.059720E+0	4.340200E-5	NaN	4.340200E-4	4.730110E-1	1.365081E+1
4.714715E+3	4.015600E+2	2.887240E+1	-9.398186E-1	4.318000E-5	NaN	4.318000E-4	4.642651E-1	1.340574E+1
4.726845E+3	4.013700E+2	2.888607E+1	-9.928296E-1	4.289600E-5	NaN	4.289600E-4	4.646837E-1	1.342411E+1
4.741349E+3	4.011300E+2	2.890335E+1	-9.255292E-1	4.256400E-5	NaN	4.256400E-4	4.610842E-1	1.332617E+1
4.753018E+3	4.009500E+2	2.891632E+1	-1.077199E+0	4.229800E-5	NaN	4.229800E-4	4.594938E-1	1.328673E+1
4.764715E+3	4.007400E+2	2.893148E+1	-1.008403E+0	4.202100E-5	NaN	4.202100E-4	4.675915E-1	1.352822E+1
4.776615E+3	4.005400E+2	2.894592E+1	-1.045661E+0	4.173000E-5	NaN	4.173000E-4	4.681433E-1	1.355081E+1
4.788091E+3	4.003400E+2	2.896038E+1	-1.072980E+0	4.143700E-5	NaN	4.143700E-4	4.762489E-1	1.379223E+1
4.799834E+3	4.001300E+2	2.897558E+1	-9.392938E-1	4.115000E-5	NaN	4.115000E-4	4.738935E-1	1.373132E+1
4.811332E+3	3.999500E+2	2.898862E+1	-9.506751E-1	4.089000E-5	NaN	4.089000E-4	4.709391E-1	1.365265E+1
4.825848E+3	3.997200E+2	2.900530E+1	-9.880609E-1	4.057000E-5	NaN	4.057000E-4	4.751196E-1	1.378060E+1
4.837993E+3	3.995200E+2	2.901982E+1	-9.785408E-1	4.029700E-5	NaN	4.029700E-4	4.707554E-1	1.366072E+1
4.849643E+3	3.993300E+2	2.903363E+1	-1.073894E+0	4.002600E-5	NaN	4.002600E-4	4.770857E-1	1.385154E+1
4.861376E+3	3.991200E+2	2.904891E+1	-9.418331E-1	3.974900E-5	NaN	3.974900E-4	4.689869E-1	1.362341E+1
4.872843E+3	3.989400E+2	2.906201E+1	-1.085178E+0	3.948300E-5	NaN	3.948300E-4	4.698890E-1	1.365597E+1
4.884454E+3	3.987300E+2	2.907732E+1	-9.307135E-1	3.923100E-5	NaN	3.923100E-4	4.783427E-1	1.390848E+1
4.896058E+3	3.985500E+2	2.909045E+1	-9.902710E-1	3.896600E-5	NaN	3.896600E-4	4.794620E-1	1.394863E+1
4.907570E+3	3.983600E+2	2.910433E+1	-1.013582E+0	3.870000E-5	NaN	3.870000E-4	4.850273E-1	1.411799E+1
4.922369E+3	3.981100E+2	2.912260E+1	-1.017639E+0	3.836500E-5	NaN	3.836500E-4	4.735235E-1	1.378951E+1
4.934161E+3	3.979100E+2	2.913724E+1	-1.005193E+0	3.810500E-5	NaN	3.810500E-4	4.650460E-1	1.354933E+1
4.946099E+3	3.977100E+2	2.915189E+1	-1.005446E+0	3.784700E-5	NaN	3.784700E-4	4.704152E-1	1.371310E+1
4.958034E+3	3.975100E+2	2.916656E+1	-9.091674E-1	3.759600E-5	NaN	3.759600E-4	4.743203E-1	1.383388E+1
4.969913E+3	3.973300E+2	2.917977E+1	-1.006289E+0	3.734000E-5	NaN	3.734000E-4	4.740450E-1	1.383295E+1
4.981838E+3	3.971300E+2	2.919447E+1	-1.038332E+0	3.708900E-5	NaN	3.708900E-4	4.670841E-1	1.363706E+1
4.993395E+3	3.969300E+2	2.920918E+1	-1.096437E+0	3.683900E-5	NaN	3.683900E-4	4.744525E-1	1.385830E+1
5.005434E+3	3.967100E+2	2.922538E+1	-9.048257E-1	3.657200E-5	NaN	3.657200E-4	4.803528E-1	1.403785E+1
5.017370E+3	3.965300E+2	2.923865E+1	-1.072249E+0	3.629900E-5	NaN	3.629900E-4	4.831846E-1	1.412776E+1
5.029121E+3	3.963200E+2	2.925414E+1	-9.524605E-1	3.605100E-5	NaN	3.605100E-4	4.810600E-1	1.407287E+1
5.041090E+3	3.961300E+2	2.926817E+1	-9.735269E-1	3.581100E-5	NaN	3.581100E-4	4.673882E-1	1.367921E+1
5.052800E+3	3.959400E+2	2.928221E+1	-9.771987E-1	3.557300E-5	NaN	3.557300E-4	4.771546E-1	1.397213E+1
5.064466E+3	3.957500E+2	2.929627E+1	-9.721985E-1	3.533800E-5	NaN	3.533800E-4	4.780420E-1	1.400595E+1
5.076192E+3	3.955600E+2	2.931034E+1	-1.036699E+0	3.509500E-5	NaN	3.509500E-4	4.819828E-1	1.412742E+1
5.090661E+3	3.953100E+2	2.932888E+1	-9.533538E-1	3.478800E-5	NaN	3.478800E-4	4.751933E-1	1.393611E+1
5.099472E+3	3.951700E+2	2.933927E+1	-1.068274E+0	3.460700E-5	NaN	3.460700E-4	4.688344E-1	1.375671E+1
5.114075E+3	3.949100E+2	2.935859E+1	-1.021537E+0	3.431000E-5	NaN	3.431000E-4	4.652127E-1	1.365701E+1
5.125822E+3	3.947100E+2	2.937346E+1	-1.030220E+0	3.406900E-5	NaN	3.406900E-4	4.647000E-1	1.364867E+1
5.134558E+3	3.945600E+2	2.938463E+1	-9.906875E-1	3.389200E-5	NaN	3.389200E-4	4.773662E-1	1.402880E+1
5.149699E+3	3.943100E+2	2.940326E+1	-9.161082E-1	3.359500E-5	NaN	3.359500E-4	4.760383E-1	1.399657E+1
5.161488E+3	3.941300E+2	2.941669E+1	-1.026870E+0	3.336800E-5	NaN	3.336800E-4	4.776395E-1	1.404988E+1
5.173174E+3	3.939300E+2	2.943162E+1	-9.652837E-1	3.314400E-5	NaN	3.314400E-4	4.788546E-1	1.409345E+1
5.184984E+3	3.937400E+2	2.944583E+1	-9.789609E-1	3.291500E-5	NaN	3.291500E-4	4.697512E-1	1.383242E+1
5.196629E+3	3.935500E+2	2.946004E+1	-1.072980E+0	3.268900E-5	NaN	3.268900E-4	4.710731E-1	1.387845E+1
5.208372E+3	3.933400E+2	2.947577E+1	-9.973404E-1	3.246200E-5	NaN	3.246200E-4	4.687874E-1	1.381784E+1
5.220404E+3	3.931400E+2	2.949077E+1	-1.048126E+0	3.222900E-5	NaN	3.222900E-4	4.769883E-1	1.406631E+1
5.231853E+3	3.929400E+2	2.950578E+1	-9.764454E-1	3.199900E-5	NaN	3.199900E-4	4.895278E-1	1.444348E+1
5.243528E+3	3.927500E+2	2.952005E+1	-9.833520E-1	3.176700E-5	NaN	3.176700E-4	4.910799E-1	1.449729E+1
5.255121E+3	3.925600E+2	2.953434E+1	-9.548191E-1	3.154600E-5	NaN	3.154600E-4	4.832727E-1	1.427422E+1
5.269574E+3	3.923300E+2	2.955165E+1	-1.021972E+0	3.128300E-5	NaN	3.128300E-4	4.776723E-1	1.411526E+1
5.281316E+3	3.921300E+2	2.956673E+1	-9.538108E-1	3.107100E-5	NaN	3.107100E-4	4.696983E-1	1.388673E+1
5.292639E+3	3.919500E+2	2.958030E+1	-1.077015E+0	3.086100E-5	NaN	3.086100E-4	4.732443E-1	1.399891E+1
5.304338E+3	3.917400E+2	2.959616E+1	-9.211873E-1	3.064500E-5	NaN	3.064500E-4	4.809580E-1	1.423500E+1
5.316062E+3	3.915600E+2	2.960977E+1	-9.985438E-1	3.043200E-5	NaN	3.043200E-4	4.825369E-1	1.428879E+1
5.330483E+3	3.913200E+2	2.962793E+1	-1.031282E+0	3.016700E-5	NaN	3.016700E-4	4.858241E-1	1.439375E+1
5.342119E+3	3.911200E+2	2.964308E+1	-1.076555E+0	2.994600E-5	NaN	2.994600E-4	4.805934E-1	1.424556E+1
5.353823E+3	3.909100E+2	2.965900E+1	-9.985985E-1	2.972200E-5	NaN	2.972200E-4	4.790754E-1	1.420833E+1
5.365239E+3	3.907200E+2	2.967342E+1	-9.773663E-1	2.951400E-5	NaN	2.951400E-4	4.854368E-1	1.440471E+1
5.376903E+3	3.905300E+2	2.968786E+1	-9.212730E-1	2.931300E-5	NaN	2.931300E-4	4.865143E-1	1.444438E+1
5.391231E+3	3.903100E+2	2.970459E+1	-1.039861E+0	2.906300E-5	NaN	2.906300E-4	4.843045E-1	1.438588E+1
5.402771E+3	3.901100E+2	2.971982E+1	-1.021711E+0	2.885900E-5	NaN	2.885900E-4	4.837991E-1	1.437791E+1
5.414516E+3	3.899100E+2	2.973507E+1	-9.915630E-1	2.864800E-5	NaN	2.864800E-4	4.813236E-1	1.431177E+1
5.426013E+3	3.897200E+2	2.974956E+1	-9.720327E-1	2.844600E-5	NaN	2.844600E-4	4.858737E-1	1.445435E+1
5.437741E+3	3.895300E+2	2.976407E+1	-9.861592E-1	2.824400E-5	NaN	2.824400E-4	4.769621E-1	1.419679E+1
5.449301E+3	3.893400E+2	2.977860E+1	-1.084524E+0	2.804800E-5	NaN	2.804800E-4	4.736455E-1	1.410493E+1
5.460919E+3	3.891300E+2	2.979467E+1	-9.897552E-1	2.784800E-5	NaN	2.784800E-4	4.784877E-1	1.425591E+1
5.472437E+3	3.889400E+2	2.980923E+1	-9.585470E-1	2.764800E-5	NaN	2.764800E-4	4.897987E-1	1.459986E+1
5.484330E+3	3.887500E+2	2.982379E+1	-9.431491E-1	2.744400E-5	NaN	2.744400E-4	4.944656E-1	1.474789E+1
5.495781E+3	3.885700E+2	2.983761E+1	-1.027327E+0	2.725300E-5	NaN	2.725300E-4	4.819516E-1	1.438219E+1
5.510382E+3	3.883200E+2	2.985682E+1	-1.058379E+0	2.700900E-5	NaN	2.700900E-4	4.789677E-1	1.429965E+1
5.522287E+3	3.881100E+2	2.987297E+1	-9.253706E-1	2.681100E-5	NaN	2.681100E-4	4.772850E-1	1.425633E+1
5.533958E+3	3.879300E+2	2.988684E+1	-1.008573E+0	2.661900E-5	NaN	2.661900E-4	4.814692E-1	1.438982E+1
5.545856E+3	3.877300E+2	2.990225E+1	-1.021364E+0	2.642700E-5	NaN	2.642700E-4	4.826445E-1	1.443277E+1
5.557605E+3	3.875300E+2	2.991768E+1	-1.074169E+0	2.623300E-5	NaN	2.623300E-4	4.822998E-1	1.442926E+1
5.569335E+3	3.873200E+2	2.993390E+1	-9.621065E-1	2.603000E-5	NaN	2.603000E-4	4.896285E-1	1.465585E+1
5.581184E+3	3.871300E+2	2.994860E+1	-9.830976E-1	2.583600E-5	NaN	2.583600E-4	4.937923E-1	1.478781E+1
5.592780E+3	3.869400E+2	2.996330E+1	-9.431491E-1	2.565000E-5	NaN	2.565000E-4	4.843530E-1	1.451310E+1
5.604231E+3	3.867600E+2	2.997725E+1	-1.070882E+0	2.547500E-5	NaN	2.547500E-4	4.782404E-1	1.433772E+1
5.615997E+3	3.865500E+2	2.999353E+1	-9.509372E-1	2.529100E-5	NaN	2.529100E-4	4.736619E-1	1.420774E+1
5.630509E+3	3.863200E+2	3.001139E+1	-1.081917E+0	2.506700E-5	NaN	2.506700E-4	4.840560E-1	1.452613E+1
5.642155E+3	3.861100E+2	3.002771E+1	-9.018789E-1	2.487900E-5	NaN	2.487900E-4	4.901606E-1	1.471721E+1
5.654130E+3	3.859300E+2	3.004172E+1	-1.060164E+0	2.469000E-5	NaN	2.469000E-4	4.883752E-1	1.467187E+1
5.665449E+3	3.857300E+2	3.005729E+1	-9.945301E-1	2.451600E-5	NaN	2.451600E-4	4.913709E-1	1.476970E+1
5.677515E+3	3.855300E+2	3.007289E+1	-1.026080E+0	2.432800E-5	NaN	2.432800E-4	4.843211E-1	1.456528E+1
5.689210E+3	3.853300E+2	3.008850E+1	-1.057523E+0	2.414000E-5	NaN	2.414000E-4	4.933259E-1	1.484367E+1
5.701692E+3	3.851100E+2	3.010568E+1	-9.546939E-1	2.394100E-5	NaN	2.394100E-4	4.938574E-1	1.486708E+1
5.713633E+3	3.849200E+2	3.012054E+1	-9.642223E-1	2.376100E-5	NaN	2.376100E-4	4.861748E-1	1.464353E+1
5.725456E+3	3.847300E+2	3.013542E+1	-1.028366E+0	2.358800E-5	NaN	2.358800E-4	4.865977E-1	1.466388E+1
5.737125E+3	3.845300E+2	3.015109E+1	-9.332066E-1	2.342100E-5	NaN	2.342100E-4	4.815241E-1	1.451825E+1
5.748698E+3	3.843500E+2	3.016521E+1	-1.026518E+0	2.325200E-5	NaN	2.325200E-4	4.879469E-1	1.471998E+1
5.760388E+3	3.841500E+2	3.018092E+1	-9.515273E-1	2.308000E-5	NaN	2.308000E-4	4.897488E-1	1.478232E+1
5.774891E+3	3.839200E+2	3.019900E+1	-1.083591E+0	2.286900E-5	NaN	2.286900E-4	4.899446E-1	1.479521E+1
5.786519E+3	3.837100E+2	3.021553E+1	-9.765290E-1	2.269400E-5	NaN	2.269400E-4	4.899443E-1	1.480314E+1
5.798193E+3	3.835200E+2	3.023050E+1	-1.069700E+0	2.251900E-5	NaN	2.251900E-4	4.862912E-1	1.470106E+1
5.809972E+3	3.833100E+2	3.024706E+1	-9.998334E-1	2.234400E-5	NaN	2.234400E-4	4.860188E-1	1.470067E+1
5.821974E+3	3.831100E+2	3.026285E+1	-1.014113E+0	2.217200E-5	NaN	2.217200E-4	4.875906E-1	1.475525E+1
5.833807E+3	3.829100E+2	3.027866E+1	-9.086320E-1	2.200600E-5	NaN	2.200600E-4	4.891588E-1	1.481066E+1
5.845693E+3	3.827300E+2	3.029290E+1	-1.022059E+0	2.184200E-5	NaN	2.184200E-4	4.963169E-1	1.503489E+1
5.857434E+3	3.825300E+2	3.030873E+1	-9.209516E-1	2.168300E-5	NaN	2.168300E-4	5.018275E-1	1.520971E+1
5.869161E+3	3.823500E+2	3.032300E+1	-1.017639E+0	2.151800E-5	NaN	2.151800E-4	4.937751E-1	1.497340E+1
5.880953E+3	3.821500E+2	3.033887E+1	-1.057047E+0	2.134900E-5	NaN	2.134900E-4	4.939268E-1	1.498587E+1
5.892873E+3	3.819400E+2	3.035555E+1	-1.044841E+0	2.118300E-5	NaN	2.118300E-4	4.880394E-1	1.481447E+1
5.904358E+3	3.817400E+2	3.037146E+1	-1.007641E+0	2.101700E-5	NaN	2.101700E-4	4.899452E-1	1.488012E+1
5.916267E+3	3.815400E+2	3.038738E+1	-1.033058E+0	2.085000E-5	NaN	2.085000E-4	5.009067E-1	1.522082E+1
5.927883E+3	3.813400E+2	3.040331E+1	-9.115463E-1	2.068800E-5	NaN	2.068800E-4	4.941817E-1	1.502543E+1
5.939731E+3	3.811600E+2	3.041767E+1	-1.030149E+0	2.053200E-5	NaN	2.053200E-4	4.993265E-1	1.518929E+1
5.954292E+3	3.809100E+2	3.043764E+1	-8.734372E-1	2.034400E-5	NaN	2.034400E-4	4.865629E-1	1.480919E+1
5.965970E+3	3.807400E+2	3.045123E+1	-1.129111E+0	2.019100E-5	NaN	2.019100E-4	4.778517E-1	1.455131E+1
5.978192E+3	3.805100E+2	3.046963E+1	-9.640592E-1	2.003400E-5	NaN	2.003400E-4	4.757957E-1	1.449709E+1
5.990017E+3	3.803200E+2	3.048485E+1	-1.022495E+0	1.988300E-5	NaN	1.988300E-4	4.779913E-1	1.457059E+1
6.001753E+3	3.801200E+2	3.050089E+1	-9.245784E-1	1.973360E-5	NaN	1.973360E-4	4.918615E-1	1.500220E+1
6.013434E+3	3.799400E+2	3.051534E+1	-1.087519E+0	1.958200E-5	NaN	1.958200E-4	4.925460E-1	1.503087E+1
6.025020E+3	3.797300E+2	3.053222E+1	-9.965122E-1	1.942890E-5	NaN	1.942890E-4	4.950341E-1	1.511469E+1
6.037062E+3	3.795300E+2	3.054831E+1	-1.004016E+0	1.927220E-5	NaN	1.927220E-4	4.862465E-1	1.485402E+1
6.049014E+3	3.793300E+2	3.056442E+1	-1.031772E+0	1.911890E-5	NaN	1.911890E-4	4.908962E-1	1.500401E+1
6.061226E+3	3.791200E+2	3.058135E+1	-9.617818E-1	1.896750E-5	NaN	1.896750E-4	4.891970E-1	1.495986E+1
6.073079E+3	3.789300E+2	3.059668E+1	-9.865987E-1	1.882100E-5	NaN	1.882100E-4	4.920358E-1	1.505445E+1
6.085242E+3	3.787300E+2	3.061284E+1	-9.800550E-1	1.867250E-5	NaN	1.867250E-4	4.984784E-1	1.525962E+1
6.096874E+3	3.785400E+2	3.062820E+1	-9.746922E-1	1.852970E-5	NaN	1.852970E-4	4.976942E-1	1.524453E+1
6.108570E+3	3.783500E+2	3.064358E+1	-1.018192E+0	1.838700E-5	NaN	1.838700E-4	4.964904E-1	1.521504E+1
6.123302E+3	3.781000E+2	3.066385E+1	-1.084133E+0	1.820320E-5	NaN	1.820320E-4	4.964425E-1	1.522106E+1
6.132157E+3	3.779400E+2	3.067683E+1	-1.030397E+0	1.808940E-5	NaN	1.808940E-4	5.051648E-1	1.549618E+1
6.143803E+3	3.777400E+2	3.069307E+1	-9.211873E-1	1.794090E-5	NaN	1.794090E-4	5.045541E-1	1.548777E+1
6.155527E+3	3.775600E+2	3.070770E+1	-1.019922E+0	1.779840E-5	NaN	1.779840E-4	5.023768E-1	1.542830E+1
6.170234E+3	3.773100E+2	3.072805E+1	-9.661836E-1	1.762810E-5	NaN	1.762810E-4	4.951364E-1	1.521350E+1
6.182033E+3	3.771200E+2	3.074353E+1	-9.881252E-1	1.749270E-5	NaN	1.749270E-4	4.852901E-1	1.491850E+1
6.193570E+3	3.769300E+2	3.075903E+1	-1.024765E+0	1.736040E-5	NaN	1.736040E-4	4.936482E-1	1.518415E+1
6.205280E+3	3.767300E+2	3.077536E+1	-9.351459E-1	1.722560E-5	NaN	1.722560E-4	4.926405E-1	1.516115E+1
6.216829E+3	3.765500E+2	3.079007E+1	-1.076463E+0	1.709370E-5	NaN	1.709370E-4	4.990968E-1	1.536767E+1
6.228534E+3	3.763400E+2	3.080725E+1	-9.921671E-1	1.695360E-5	NaN	1.695360E-4	5.000039E-1	1.540394E+1
6.240024E+3	3.761500E+2	3.082281E+1	-1.066260E+0	1.681630E-5	NaN	1.681630E-4	5.053125E-1	1.557492E+1
6.251841E+3	3.759400E+2	3.084003E+1	-9.162637E-1	1.667720E-5	NaN	1.667720E-4	5.035656E-1	1.553064E+1
6.263628E+3	3.757600E+2	3.085480E+1	-1.046901E+0	1.654220E-5	NaN	1.654220E-4	4.935028E-1	1.522837E+1
6.277956E+3	3.755100E+2	3.087534E+1	-1.006796E+0	1.638400E-5	NaN	1.638400E-4	4.989074E-1	1.540281E+1
6.289875E+3	3.753100E+2	3.089180E+1	-9.101635E-1	1.625530E-5	NaN	1.625530E-4	4.957567E-1	1.531321E+1
6.301741E+3	3.751300E+2	3.090662E+1	-1.010867E+0	1.612350E-5	NaN	1.612350E-4	5.133037E-1	1.586448E+1
6.313612E+3	3.749300E+2	3.092311E+1	-9.254499E-1	1.599460E-5	NaN	1.599460E-4	5.085083E-1	1.572494E+1
6.325282E+3	3.747500E+2	3.093796E+1	-1.085645E+0	1.586630E-5	NaN	1.586630E-4	5.024952E-1	1.554666E+1
6.336888E+3	3.745400E+2	3.095531E+1	-9.808983E-1	1.573940E-5	NaN	1.573940E-4	4.968243E-1	1.537979E+1
6.348510E+3	3.743500E+2	3.097102E+1	-1.133923E+0	1.560910E-5	NaN	1.560910E-4	4.936882E-1	1.529026E+1
6.360151E+3	3.741300E+2	3.098923E+1	-9.766127E-1	1.547660E-5	NaN	1.547660E-4	5.044089E-1	1.563137E+1
6.371824E+3	3.739400E+2	3.100497E+1	-9.413370E-1	1.535040E-5	NaN	1.535040E-4	4.971710E-1	1.541528E+1
6.386484E+3	3.737100E+2	3.102406E+1	-1.031548E+0	1.519970E-5	NaN	1.519970E-4	5.028721E-1	1.560030E+1
6.398117E+3	3.735100E+2	3.104067E+1	-9.241037E-1	1.508340E-5	NaN	1.508340E-4	4.998298E-1	1.551374E+1
6.409804E+3	3.733300E+2	3.105563E+1	-9.670852E-1	1.496530E-5	NaN	1.496530E-4	4.997737E-1	1.552098E+1
6.421592E+3	3.731400E+2	3.107145E+1	-1.001669E+0	1.484690E-5	NaN	1.484690E-4	5.073263E-1	1.576384E+1
6.433572E+3	3.729400E+2	3.108811E+1	-9.832672E-1	1.472380E-5	NaN	1.472380E-4	4.978869E-1	1.547861E+1
6.445166E+3	3.727500E+2	3.110396E+1	-1.086113E+0	1.460520E-5	NaN	1.460520E-4	4.943447E-1	1.537657E+1
6.456767E+3	3.725400E+2	3.112149E+1	-1.047669E+0	1.448410E-5	NaN	1.448410E-4	4.943912E-1	1.538616E+1
6.468221E+3	3.723400E+2	3.113821E+1	-1.006965E+0	1.436420E-5	NaN	1.436420E-4	4.937517E-1	1.537431E+1
6.480138E+3	3.721400E+2	3.115494E+1	-1.015830E+0	1.424310E-5	NaN	1.424310E-4	4.999795E-1	1.557748E+1
6.491951E+3	3.719400E+2	3.117169E+1	-9.619406E-1	1.412660E-5	NaN	1.412660E-4	5.020919E-1	1.565154E+1
6.506297E+3	3.717100E+2	3.119098E+1	-9.728623E-1	1.398910E-5	NaN	1.398910E-4	4.966664E-1	1.549085E+1
6.518015E+3	3.715200E+2	3.120693E+1	-1.046772E+0	1.387630E-5	NaN	1.387630E-4	5.012102E-1	1.564064E+1
6.530052E+3	3.713100E+2	3.122458E+1	-9.325620E-1	1.376150E-5	NaN	1.376150E-4	5.031972E-1	1.571139E+1
6.541633E+3	3.711300E+2	3.123973E+1	-9.729453E-1	1.364990E-5	NaN	1.364990E-4	5.032111E-1	1.571998E+1
6.553350E+3	3.709400E+2	3.125573E+1	-9.931179E-1	1.354010E-5	NaN	1.354010E-4	5.065096E-1	1.583161E+1
6.564829E+3	3.707500E+2	3.127175E+1	-9.862445E-1	1.343450E-5	NaN	1.343450E-4	4.887126E-1	1.528362E+1
6.576388E+3	3.705600E+2	3.128778E+1	-1.137539E+0	1.332580E-5	NaN	1.332580E-4	4.903415E-1	1.534237E+1
6.587992E+3	3.703400E+2	3.130637E+1	-9.775339E-1	1.321410E-5	NaN	1.321410E-4	5.054561E-1	1.582295E+1
6.599654E+3	3.701500E+2	3.132244E+1	-9.027081E-1	1.310130E-5	NaN	1.310130E-4	5.136176E-1	1.608812E+1
6.611618E+3	3.699700E+2	3.133768E+1	-1.025501E+0	1.299010E-5	NaN	1.299010E-4	5.248362E-1	1.644894E+1
6.626245E+3	3.697200E+2	3.135887E+1	-9.695526E-1	1.285400E-5	NaN	1.285400E-4	5.125287E-1	1.607140E+1
6.638003E+3	3.695300E+2	3.137499E+1	-1.036807E+0	1.274570E-5	NaN	1.274570E-4	5.066101E-1	1.589358E+1
6.649577E+3	3.693300E+2	3.139198E+1	-9.460406E-1	1.264150E-5	NaN	1.264150E-4	5.045183E-1	1.583762E+1
6.660993E+3	3.691500E+2	3.140729E+1	-1.024853E+0	1.253910E-5	NaN	1.253910E-4	5.002222E-1	1.571111E+1
6.672702E+3	3.689500E+2	3.142431E+1	-1.029866E+0	1.243670E-5	NaN	1.243670E-4	5.033689E-1	1.581846E+1
6.684354E+3	3.687500E+2	3.144136E+1	-1.017639E+0	1.233040E-5	NaN	1.233040E-4	4.987225E-1	1.568072E+1
6.696146E+3	3.685500E+2	3.145842E+1	-1.056072E+0	1.222340E-5	NaN	1.222340E-4	5.073076E-1	1.595889E+1
6.708077E+3	3.683400E+2	3.147635E+1	-9.341752E-1	1.211630E-5	NaN	1.211630E-4	5.065368E-1	1.594412E+1
6.719638E+3	3.681600E+2	3.149174E+1	-9.812606E-1	1.201690E-5	NaN	1.201690E-4	5.010426E-1	1.577997E+1
6.734313E+3	3.679200E+2	3.151229E+1	-1.014713E+0	1.189600E-5	NaN	1.189600E-4	4.989131E-1	1.572143E+1
6.746139E+3	3.677200E+2	3.152942E+1	-9.863554E-1	1.179800E-5	NaN	1.179800E-4	4.988790E-1	1.572822E+1
6.758305E+3	3.675200E+2	3.154658E+1	-9.706258E-1	1.169650E-5	NaN	1.169650E-4	5.051875E-1	1.593667E+1
6.770050E+3	3.673300E+2	3.156290E+1	-1.015314E+0	1.159640E-5	NaN	1.159640E-4	5.115121E-1	1.614506E+1
6.781869E+3	3.671300E+2	3.158009E+1	-1.018330E+0	1.149720E-5	NaN	1.149720E-4	5.111256E-1	1.614164E+1
6.793653E+3	3.669300E+2	3.159731E+1	-1.029689E+0	1.139560E-5	NaN	1.139560E-4	5.041696E-1	1.593066E+1
6.805307E+3	3.667300E+2	3.161454E+1	-1.055630E+0	1.129650E-5	NaN	1.129650E-4	5.059636E-1	1.599585E+1
6.817243E+3	3.665200E+2	3.163265E+1	-9.609711E-1	1.119700E-5	NaN	1.119700E-4	4.999808E-1	1.581528E+1
6.829106E+3	3.663300E+2	3.164906E+1	-1.016432E+0	1.110120E-5	NaN	1.110120E-4	5.042984E-1	1.596123E+1
6.840912E+3	3.661300E+2	3.166635E+1	-9.462425E-1	1.100990E-5	NaN	1.100990E-4	5.053362E-1	1.600311E+1
6.855496E+3	3.659000E+2	3.168625E+1	-1.019281E+0	1.089460E-5	NaN	1.089460E-4	5.109564E-1	1.618806E+1
6.867269E+3	3.657000E+2	3.170358E+1	-8.718006E-1	1.080280E-5	NaN	1.080280E-4	5.157316E-1	1.634935E+1
6.876216E+3	3.655700E+2	3.171486E+1	-1.014885E+0	1.073340E-5	NaN	1.073340E-4	5.073795E-1	1.609464E+1
6.890996E+3	3.653200E+2	3.173656E+1	-1.062126E+0	1.061870E-5	NaN	1.061870E-4	5.113696E-1	1.622937E+1
6.902859E+3	3.651100E+2	3.175481E+1	-9.772825E-1	1.052380E-5	NaN	1.052380E-4	5.029587E-1	1.596997E+1
6.914524E+3	3.649200E+2	3.177135E+1	-1.084057E+0	1.043040E-5	NaN	1.043040E-4	5.019368E-1	1.594753E+1
6.926147E+3	3.647100E+2	3.178964E+1	-1.011293E+0	1.033900E-5	NaN	1.033900E-4	5.050645E-1	1.605538E+1
6.938013E+3	3.645100E+2	3.180708E+1	-9.231558E-1	1.025050E-5	NaN	1.025050E-4	5.011695E-1	1.593977E+1
6.949712E+3	3.643300E+2	3.182280E+1	-9.808139E-1	1.016510E-5	NaN	1.016510E-4	5.002967E-1	1.592115E+1
6.961335E+3	3.641400E+2	3.183940E+1	-1.011975E+0	1.008220E-5	NaN	1.008220E-4	4.993507E-1	1.590042E+1
6.973193E+3	3.639400E+2	3.185690E+1	-9.671315E-1	9.998700E-6	NaN	9.998700E-5	4.888609E-1	1.557371E+1
6.987462E+3	3.637100E+2	3.187704E+1	-1.098650E+0	9.895900E-6	NaN	9.895900E-5	5.002161E-1	1.594431E+1
6.996200E+3	3.635500E+2	3.189107E+1	-9.279806E-1	9.832900E-6	NaN	9.832900E-5	5.127630E-1	1.635353E+1
7.011071E+3	3.633200E+2	3.191126E+1	-1.021972E+0	9.724800E-6	NaN	9.724800E-5	5.154525E-1	1.644908E+1
7.022813E+3	3.631200E+2	3.192884E+1	-1.052368E+0	9.636500E-6	NaN	9.636500E-5	5.207884E-1	1.662758E+1
7.034786E+3	3.629100E+2	3.194731E+1	-9.555742E-1	9.547700E-6	NaN	9.547700E-5	5.088705E-1	1.625660E+1
7.046716E+3	3.627200E+2	3.196405E+1	-1.004016E+0	9.464500E-6	NaN	9.464500E-5	5.066566E-1	1.619461E+1
7.058668E+3	3.625200E+2	3.198168E+1	-9.854772E-1	9.382900E-6	NaN	9.382900E-5	5.077620E-1	1.623908E+1
7.070236E+3	3.623300E+2	3.199845E+1	-1.003261E+0	9.302500E-6	NaN	9.302500E-5	5.004879E-1	1.601535E+1
7.082197E+3	3.621300E+2	3.201613E+1	-1.075177E+0	9.218900E-6	NaN	9.218900E-5	5.045223E-1	1.615311E+1
7.093916E+3	3.619200E+2	3.203470E+1	-9.597575E-1	9.137400E-6	NaN	9.137400E-5	5.024193E-1	1.609436E+1
7.105794E+3	3.617300E+2	3.205153E+1	-1.015572E+0	9.056200E-6	NaN	9.056200E-5	5.042127E-1	1.616056E+1
7.117610E+3	3.615300E+2	3.206926E+1	-9.702953E-1	8.977400E-6	NaN	8.977400E-5	5.086714E-1	1.631250E+1
7.129359E+3	3.613400E+2	3.208612E+1	-9.727792E-1	8.900200E-6	NaN	8.900200E-5	5.048081E-1	1.619826E+1
7.141078E+3	3.611500E+2	3.210300E+1	-9.875866E-1	8.824400E-6	NaN	8.824400E-5	5.097718E-1	1.636645E+1
7.155659E+3	3.609100E+2	3.212435E+1	-9.569378E-1	8.730000E-6	NaN	8.730000E-5	5.097495E-1	1.637435E+1
7.167572E+3	3.607200E+2	3.214127E+1	-1.033681E+0	8.653000E-6	NaN	8.653000E-5	5.079604E-1	1.632608E+1
7.179181E+3	3.605200E+2	3.215910E+1	-1.087144E+0	8.575600E-6	NaN	8.575600E-5	5.133452E-1	1.650896E+1
7.190771E+3	3.603100E+2	3.217785E+1	-9.754428E-1	8.496000E-6	NaN	8.496000E-5	5.162203E-1	1.661007E+1
7.202458E+3	3.601200E+2	3.219482E+1	-9.836066E-1	8.417800E-6	NaN	8.417800E-5	5.108139E-1	1.644566E+1
7.214048E+3	3.599300E+2	3.221182E+1	-1.057846E+0	8.344000E-6	NaN	8.344000E-5	5.079238E-1	1.636175E+1
7.225959E+3	3.597200E+2	3.223062E+1	-9.542144E-1	8.270700E-6	NaN	8.270700E-5	5.027385E-1	1.620305E+1
7.237906E+3	3.595300E+2	3.224766E+1	-9.600000E-1	8.197600E-6	NaN	8.197600E-5	5.089619E-1	1.641228E+1
7.249781E+3	3.593400E+2	3.226471E+1	-9.578222E-1	8.125800E-6	NaN	8.125800E-5	5.140943E-1	1.658835E+1
7.261683E+3	3.591500E+2	3.228178E+1	-1.010739E+0	8.053300E-6	NaN	8.053300E-5	5.041378E-1	1.627625E+1
7.275930E+3	3.589100E+2	3.230336E+1	-1.069791E+0	7.967800E-6	NaN	7.967800E-5	4.993409E-1	1.612886E+1
7.287708E+3	3.587000E+2	3.232227E+1	-1.010441E+0	7.895300E-6	NaN	7.895300E-5	5.057404E-1	1.634506E+1
7.296615E+3	3.585500E+2	3.233580E+1	-9.805924E-1	7.840700E-6	NaN	7.840700E-5	5.183851E-1	1.676324E+1
7.311300E+3	3.583100E+2	3.235746E+1	-9.783672E-1	7.749600E-6	NaN	7.749600E-5	5.193676E-1	1.680554E+1
7.320499E+3	3.581600E+2	3.237101E+1	-1.024660E+0	7.694800E-6	NaN	7.694800E-5	5.088153E-1	1.647260E+1
7.335138E+3	3.579100E+2	3.239362E+1	-1.021190E+0	7.609800E-6	NaN	7.609800E-5	5.039134E-1	1.632294E+1
7.346889E+3	3.577100E+2	3.241173E+1	-9.211873E-1	7.542700E-6	NaN	7.542700E-5	5.027351E-1	1.629280E+1
7.358613E+3	3.575300E+2	3.242805E+1	-1.027573E+0	7.476400E-6	NaN	7.476400E-5	5.075579E-1	1.645964E+1
7.370291E+3	3.573300E+2	3.244620E+1	-1.001586E+0	7.410500E-6	NaN	7.410500E-5	5.199583E-1	1.687062E+1
7.382272E+3	3.571300E+2	3.246437E+1	-9.006004E-1	7.342000E-6	NaN	7.342000E-5	5.163822E-1	1.676372E+1
7.394264E+3	3.569500E+2	3.248074E+1	-1.075820E+0	7.274000E-6	NaN	7.274000E-5	5.131882E-1	1.666987E+1
7.405976E+3	3.567400E+2	3.249986E+1	-1.074902E+0	7.206800E-6	NaN	7.206800E-5	5.115460E-1	1.662545E+1
7.417698E+3	3.565300E+2	3.251900E+1	-9.600000E-1	7.139800E-6	NaN	7.139800E-5	5.041177E-1	1.639261E+1
7.429573E+3	3.563400E+2	3.253634E+1	-1.026080E+0	7.073000E-6	NaN	7.073000E-5	5.111028E-1	1.662920E+1
7.441268E+3	3.561400E+2	3.255461E+1	-9.698001E-1	7.009200E-6	NaN	7.009200E-5	5.145258E-1	1.675093E+1
7.453023E+3	3.559500E+2	3.257199E+1	-9.577347E-1	6.946800E-6	NaN	6.946800E-5	5.159903E-1	1.680735E+1
7.467432E+3	3.557200E+2	3.259305E+1	-9.304730E-1	6.871700E-6	NaN	6.871700E-5	5.105706E-1	1.664033E+1
7.479039E+3	3.555400E+2	3.260955E+1	-1.098709E+0	6.810700E-6	NaN	6.810700E-5	5.018463E-1	1.636516E+1
7.490507E+3	3.553300E+2	3.262882E+1	-1.022059E+0	6.750600E-6	NaN	6.750600E-5	5.007176E-1	1.633778E+1
7.502248E+3	3.551300E+2	3.264720E+1	-9.777015E-1	6.688900E-6	NaN	6.688900E-5	5.038367E-1	1.644825E+1
7.513908E+3	3.549400E+2	3.266468E+1	-1.010867E+0	6.626800E-6	NaN	6.626800E-5	5.145275E-1	1.680740E+1
7.525779E+3	3.547400E+2	3.268309E+1	-1.054923E+0	6.564300E-6	NaN	6.564300E-5	5.141795E-1	1.680553E+1
7.537723E+3	3.545300E+2	3.270245E+1	-1.004184E+0	6.500700E-6	NaN	6.500700E-5	5.189858E-1	1.697130E+1
7.549673E+3	3.543300E+2	3.272091E+1	-9.116232E-1	6.439400E-6	NaN	6.439400E-5	5.203561E-1	1.702574E+1
7.561520E+3	3.541500E+2	3.273754E+1	-1.016432E+0	6.379400E-6	NaN	6.379400E-5	5.180719E-1	1.696102E+1
7.573326E+3	3.539500E+2	3.275604E+1	-1.015486E+0	6.321500E-6	NaN	6.321500E-5	5.168888E-1	1.693247E+1
7.585143E+3	3.537500E+2	3.277456E+1	-9.380098E-1	6.263100E-6	NaN	6.263100E-5	5.094069E-1	1.669634E+1
7.599855E+3	3.535200E+2	3.279588E+1	-1.018503E+0	6.192300E-6	NaN	6.192300E-5	5.100253E-1	1.672601E+1
7.611637E+3	3.533200E+2	3.281445E+1	-1.009167E+0	6.135500E-6	NaN	6.135500E-5	5.053919E-1	1.658377E+1
7.623528E+3	3.531200E+2	3.283303E+1	-1.047730E+0	6.078900E-6	NaN	6.078900E-5	5.046992E-1	1.656967E+1
7.635554E+3	3.529100E+2	3.285257E+1	-9.514101E-1	6.020200E-6	NaN	6.020200E-5	5.058449E-1	1.661801E+1
7.644383E+3	3.527700E+2	3.286561E+1	-1.070840E+0	5.977100E-6	NaN	5.977100E-5	5.094934E-1	1.674747E+1
7.658951E+3	3.525100E+2	3.288985E+1	-9.638962E-1	5.906800E-6	NaN	5.906800E-5	5.173062E-1	1.701311E+1
7.670778E+3	3.523200E+2	3.290758E+1	-9.185236E-1	5.852100E-6	NaN	5.852100E-5	5.116194E-1	1.683438E+1
7.682536E+3	3.521400E+2	3.292441E+1	-1.046664E+0	5.798500E-6	NaN	5.798500E-5	5.116020E-1	1.684507E+1
7.694001E+3	3.519400E+2	3.294312E+1	-9.985853E-1	5.746800E-6	NaN	5.746800E-5	5.152865E-1	1.697510E+1
7.706018E+3	3.517400E+2	3.296185E+1	-8.940397E-1	5.693000E-6	NaN	5.693000E-5	5.131354E-1	1.691455E+1
7.718098E+3	3.515600E+2	3.297872E+1	-1.020200E+0	5.638700E-6	NaN	5.638700E-5	5.115676E-1	1.687305E+1
7.732801E+3	3.513100E+2	3.300219E+1	-1.077476E+0	5.573500E-6	NaN	5.573500E-5	5.103868E-1	1.684224E+1
7.744495E+3	3.511000E+2	3.302193E+1	-9.753983E-1	5.521000E-6	NaN	5.521000E-5	5.057301E-1	1.669853E+1
7.753722E+3	3.509500E+2	3.303605E+1	-1.029937E+0	5.478500E-6	NaN	5.478500E-5	5.200386E-1	1.718097E+1
7.768286E+3	3.507000E+2	3.305960E+1	-9.322974E-1	5.412700E-6	NaN	5.412700E-5	5.339988E-1	1.765272E+1
7.777296E+3	3.505600E+2	3.307280E+1	-9.453350E-1	5.372900E-6	NaN	5.372900E-5	5.216259E-1	1.725313E+1
7.791894E+3	3.503300E+2	3.309451E+1	-1.069973E+0	5.310500E-6	NaN	5.310500E-5	5.157726E-1	1.706996E+1
7.803670E+3	3.501200E+2	3.311436E+1	-9.717013E-1	5.261200E-6	NaN	5.261200E-5	5.047598E-1	1.671360E+1
7.815402E+3	3.499300E+2	3.313234E+1	-1.025290E+0	5.212000E-6	NaN	5.212000E-5	5.085829E-1	1.684997E+1
7.827106E+3	3.497300E+2	3.315129E+1	-9.051291E-1	5.163300E-6	NaN	5.163300E-5	5.148765E-1	1.706882E+1
7.839038E+3	3.495500E+2	3.316836E+1	-1.050525E+0	5.114600E-6	NaN	5.114600E-5	5.094770E-1	1.689938E+1
7.851032E+3	3.493400E+2	3.318830E+1	-1.029601E+0	5.065400E-6	NaN	5.065400E-5	5.137926E-1	1.705188E+1
7.862687E+3	3.491400E+2	3.320731E+1	-9.785408E-1	5.017300E-6	NaN	5.017300E-5	5.086427E-1	1.689161E+1
7.874337E+3	3.489500E+2	3.322539E+1	-1.053840E+0	4.968300E-6	NaN	4.968300E-5	5.210664E-1	1.731291E+1
7.889140E+3	3.486900E+2	3.325016E+1	-9.014215E-1	4.907300E-6	NaN	4.907300E-5	5.186125E-1	1.724202E+1
7.897793E+3	3.485600E+2	3.326257E+1	-1.024590E+0	4.872400E-6	NaN	4.872400E-5	5.122559E-1	1.704043E+1
7.912433E+3	3.483100E+2	3.328644E+1	-9.652837E-1	4.815700E-6	NaN	4.815700E-5	5.120857E-1	1.704553E+1
7.924243E+3	3.481200E+2	3.330461E+1	-9.874105E-1	4.771000E-6	NaN	4.771000E-5	5.087239E-1	1.694156E+1
7.936396E+3	3.479200E+2	3.332375E+1	-9.787088E-1	4.724300E-6	NaN	4.724300E-5	5.161185E-1	1.719898E+1
7.948044E+3	3.477300E+2	3.334196E+1	-1.020669E+0	4.679800E-6	NaN	4.679800E-5	5.222430E-1	1.741260E+1
7.959801E+3	3.475300E+2	3.336115E+1	-9.842010E-1	4.633600E-6	NaN	4.633600E-5	5.209630E-1	1.738019E+1
7.971384E+3	3.473400E+2	3.337940E+1	-1.060695E+0	4.587900E-6	NaN	4.587900E-5	5.183803E-1	1.730383E+1
7.983263E+3	3.471300E+2	3.339959E+1	-1.010526E+0	4.542000E-6	NaN	4.542000E-5	5.157399E-1	1.722527E+1
7.995138E+3	3.469300E+2	3.341885E+1	-9.913043E-1	4.497000E-6	NaN	4.497000E-5	5.074730E-1	1.695867E+1
8.006638E+3	3.467400E+2	3.343716E+1	-1.023629E+0	4.454700E-6	NaN	4.454700E-5	5.142163E-1	1.719370E+1
8.018361E+3	3.465400E+2	3.345646E+1	-8.983530E-1	4.412700E-6	NaN	4.412700E-5	5.144142E-1	1.721017E+1
8.030383E+3	3.463600E+2	3.347384E+1	-9.938711E-1	4.370900E-6	NaN	4.370900E-5	5.119105E-1	1.713620E+1
8.042457E+3	3.461600E+2	3.349318E+1	-1.016432E+0	4.328500E-6	NaN	4.328500E-5	5.150008E-1	1.725057E+1
8.054263E+3	3.459600E+2	3.351254E+1	-9.733018E-1	4.287000E-6	NaN	4.287000E-5	5.125574E-1	1.717840E+1
8.069058E+3	3.457200E+2	3.353581E+1	-1.032618E+0	4.234800E-6	NaN	4.234800E-5	5.145381E-1	1.725370E+1
8.081260E+3	3.455100E+2	3.355619E+1	-1.083155E+0	4.190400E-6	NaN	4.190400E-5	5.254223E-1	1.762816E+1
8.090123E+3	3.453500E+2	3.357174E+1	-9.352269E-1	4.157800E-6	NaN	4.157800E-5	5.210596E-1	1.749483E+1
8.101671E+3	3.451700E+2	3.358925E+1	-1.048176E+0	4.116500E-6	NaN	4.116500E-5	5.174150E-1	1.738258E+1
8.116554E+3	3.449100E+2	3.361457E+1	-9.777854E-1	4.065500E-6	NaN	4.065500E-5	5.142284E-1	1.728395E+1
8.128213E+3	3.447200E+2	3.363309E+1	-9.715357E-1	4.027300E-6	NaN	4.027300E-5	5.060298E-1	1.701752E+1
8.139947E+3	3.445300E+2	3.365164E+1	-9.827586E-1	3.989000E-6	NaN	3.989000E-5	5.061314E-1	1.703246E+1
8.151547E+3	3.443400E+2	3.367021E+1	-1.034840E+0	3.951600E-6	NaN	3.951600E-5	5.122119E-1	1.724754E+1
8.163143E+3	3.441400E+2	3.368978E+1	-9.538291E-1	3.914000E-6	NaN	3.914000E-5	5.206402E-1	1.754100E+1
8.177611E+3	3.439100E+2	3.371231E+1	-9.846260E-1	3.866200E-6	NaN	3.866200E-5	5.256330E-1	1.771941E+1
8.189189E+3	3.437200E+2	3.373094E+1	-1.051577E+0	3.827600E-6	NaN	3.827600E-5	5.193710E-1	1.751810E+1
8.201171E+3	3.435100E+2	3.375156E+1	-1.139665E+0	3.787500E-6	NaN	3.787500E-5	5.094990E-1	1.719534E+1
8.210121E+3	3.433400E+2	3.376828E+1	-9.591923E-1	3.758200E-6	NaN	3.758200E-5	5.148635E-1	1.738571E+1
8.222006E+3	3.431500E+2	3.378697E+1	-9.143244E-1	3.720600E-6	NaN	3.720600E-5	5.252657E-1	1.774863E+1
8.233818E+3	3.429700E+2	3.380471E+1	-9.560483E-1	3.684200E-6	NaN	3.684200E-5	5.268380E-1	1.781170E+1
8.248880E+3	3.427300E+2	3.382838E+1	-1.031016E+0	3.639200E-6	NaN	3.639200E-5	5.159410E-1	1.745294E+1
8.260519E+3	3.425300E+2	3.384813E+1	-1.025378E+0	3.603800E-6	NaN	3.603800E-5	5.099576E-1	1.725983E+1
8.272222E+3	3.423300E+2	3.386791E+1	-9.656107E-1	3.567800E-6	NaN	3.567800E-5	5.106461E-1	1.729421E+1
8.284028E+3	3.421400E+2	3.388671E+1	-1.022059E+0	3.532700E-6	NaN	3.532700E-5	5.200322E-1	1.762218E+1
8.295769E+3	3.419400E+2	3.390653E+1	-9.791291E-1	3.497200E-6	NaN	3.497200E-5	5.196620E-1	1.762021E+1
8.307412E+3	3.417500E+2	3.392538E+1	-1.063291E+0	3.461700E-6	NaN	3.461700E-5	5.164725E-1	1.752214E+1
8.319262E+3	3.415400E+2	3.394624E+1	-1.034215E+0	3.425800E-6	NaN	3.425800E-5	5.175192E-1	1.756757E+1
8.330865E+3	3.413400E+2	3.396613E+1	-9.620253E-1	3.390900E-6	NaN	3.390900E-5	5.156939E-1	1.751661E+1
8.342715E+3	3.411500E+2	3.398505E+1	-9.835394E-1	3.357200E-6	NaN	3.357200E-5	5.155658E-1	1.752300E+1
8.357356E+3	3.409100E+2	3.400898E+1	-1.013171E+0	3.316000E-6	NaN	3.316000E-5	5.155942E-1	1.753373E+1
8.369200E+3	3.407100E+2	3.402894E+1	-9.484982E-1	3.283200E-6	NaN	3.283200E-5	5.215520E-1	1.774590E+1
8.381219E+3	3.405200E+2	3.404793E+1	-9.189143E-1	3.250300E-6	NaN	3.250300E-5	5.176447E-1	1.762476E+1
8.392972E+3	3.403400E+2	3.406593E+1	-1.087238E+0	3.217900E-6	NaN	3.217900E-5	5.207182E-1	1.773968E+1
8.404561E+3	3.401300E+2	3.408697E+1	-9.659380E-1	3.186200E-6	NaN	3.186200E-5	5.080145E-1	1.731749E+1
8.416363E+3	3.399400E+2	3.410602E+1	-1.126439E+0	3.153300E-6	NaN	3.153300E-5	5.065944E-1	1.727873E+1
8.428614E+3	3.397100E+2	3.412911E+1	-9.828010E-1	3.118700E-6	NaN	3.118700E-5	5.154587E-1	1.759154E+1
8.440824E+3	3.395100E+2	3.414922E+1	-1.011975E+0	3.085000E-6	NaN	3.085000E-5	5.196964E-1	1.774481E+1
8.452682E+3	3.393100E+2	3.416934E+1	-9.206488E-1	3.053100E-6	NaN	3.053100E-5	5.286099E-1	1.806169E+1
8.461806E+3	3.391700E+2	3.418345E+1	-9.858287E-1	3.029200E-6	NaN	3.029200E-5	5.167649E-1	1.766777E+1
8.476413E+3	3.389300E+2	3.420765E+1	-1.024940E+0	2.992000E-6	NaN	2.992000E-5	5.165726E-1	1.767058E+1
8.488121E+3	3.387300E+2	3.422785E+1	-9.288725E-1	2.962600E-6	NaN	2.962600E-5	5.115406E-1	1.750728E+1
8.499748E+3	3.385500E+2	3.424605E+1	-1.029689E+0	2.933300E-6	NaN	2.933300E-5	5.172783E-1	1.771529E+1
8.511402E+3	3.383500E+2	3.426629E+1	-9.768010E-1	2.903700E-6	NaN	2.903700E-5	5.171631E-1	1.772212E+1
8.523687E+3	3.381500E+2	3.428656E+1	-1.069791E+0	2.872600E-6	NaN	2.872600E-5	5.203979E-1	1.784395E+1
8.535465E+3	3.379400E+2	3.430787E+1	-9.611534E-1	2.842400E-6	NaN	2.842400E-5	5.265074E-1	1.806294E+1
8.550447E+3	3.377000E+2	3.433225E+1	-1.011122E+0	2.804300E-6	NaN	2.804300E-5	5.203006E-1	1.786055E+1
8.559348E+3	3.375500E+2	3.434750E+1	-1.070973E+0	2.782200E-6	NaN	2.782200E-5	5.206184E-1	1.788352E+1
8.571113E+3	3.373400E+2	3.436889E+1	-9.610028E-1	2.753300E-6	NaN	2.753300E-5	5.091845E-1	1.750190E+1
8.585473E+3	3.371100E+2	3.439233E+1	-1.015916E+0	2.719200E-6	NaN	2.719200E-5	5.195601E-1	1.786688E+1
8.597285E+3	3.369100E+2	3.441275E+1	-8.683068E-1	2.691800E-6	NaN	2.691800E-5	5.230679E-1	1.799854E+1
8.609032E+3	3.367400E+2	3.443012E+1	-1.028190E+0	2.664900E-6	NaN	2.664900E-5	5.204550E-1	1.791998E+1
8.620703E+3	3.365400E+2	3.445059E+1	-9.880395E-1	2.638600E-6	NaN	2.638600E-5	5.225165E-1	1.800155E+1
8.632241E+3	3.363500E+2	3.447005E+1	-1.017898E+0	2.611700E-6	NaN	2.611700E-5	5.119968E-1	1.764910E+1
8.644030E+3	3.361500E+2	3.449055E+1	-1.084524E+0	2.583600E-6	NaN	2.583600E-5	5.192040E-1	1.790930E+1
8.655648E+3	3.359400E+2	3.451212E+1	-9.828681E-1	2.556100E-6	NaN	2.556100E-5	5.185127E-1	1.789459E+1
8.670299E+3	3.357000E+2	3.453679E+1	-1.007613E+0	2.522700E-6	NaN	2.522700E-5	5.151898E-1	1.779014E+1
8.679231E+3	3.355500E+2	3.455223E+1	-1.030839E+0	2.502600E-6	NaN	2.502600E-5	5.236199E-1	1.809343E+1
8.690872E+3	3.353500E+2	3.457283E+1	-9.316770E-1	2.477000E-6	NaN	2.477000E-5	5.277096E-1	1.824601E+1
8.705684E+3	3.351200E+2	3.459656E+1	-9.414226E-1	2.444900E-6	NaN	2.444900E-5	5.249513E-1	1.816008E+1
8.717156E+3	3.349400E+2	3.461515E+1	-1.049961E+0	2.420500E-6	NaN	2.420500E-5	5.239970E-1	1.813786E+1
8.728585E+3	3.347400E+2	3.463584E+1	-9.756933E-1	2.396200E-6	NaN	2.396200E-5	5.139623E-1	1.780315E+1
8.740269E+3	3.345500E+2	3.465551E+1	-1.020408E+0	2.371500E-6	NaN	2.371500E-5	5.125202E-1	1.776212E+1
8.754969E+3	3.343000E+2	3.468142E+1	-1.016031E+0	2.340200E-6	NaN	2.340200E-5	5.229352E-1	1.813313E+1
8.763827E+3	3.341500E+2	3.469699E+1	-9.706258E-1	2.321400E-6	NaN	2.321400E-5	5.212941E-1	1.808854E+1
8.775572E+3	3.339600E+2	3.471673E+1	-1.032418E+0	2.296500E-6	NaN	2.296500E-5	5.246282E-1	1.821496E+1
8.790101E+3	3.337100E+2	3.474274E+1	-9.641873E-1	2.266500E-6	NaN	2.266500E-5	5.163060E-1	1.793641E+1
8.798813E+3	3.335700E+2	3.475732E+1	-1.042173E+0	2.248700E-6	NaN	2.248700E-5	5.095151E-1	1.771125E+1
8.813206E+3	3.333200E+2	3.478339E+1	-9.756098E-1	2.220100E-6	NaN	2.220100E-5	5.129710E-1	1.784314E+1
8.825506E+3	3.331200E+2	3.480427E+1	-9.592691E-1	2.196200E-6	NaN	2.196200E-5	5.142934E-1	1.789742E+1
8.838641E+3	3.329100E+2	3.482623E+1	-9.845144E-1	2.170900E-6	NaN	2.170900E-5	5.168346E-1	1.799883E+1
8.848392E+3	3.327500E+2	3.484298E+1	-1.046565E+0	2.152100E-6	NaN	2.152100E-5	5.155246E-1	1.796480E+1
8.861578E+3	3.325200E+2	3.486708E+1	-1.006098E+0	2.126400E-6	NaN	2.126400E-5	5.123584E-1	1.786439E+1
8.874698E+3	3.323000E+2	3.489016E+1	-1.045510E+0	2.100700E-6	NaN	2.100700E-5	5.139266E-1	1.792921E+1
8.884454E+3	3.321300E+2	3.490802E+1	-9.972801E-1	2.081800E-6	NaN	2.081800E-5	5.165379E-1	1.803285E+1
8.897690E+3	3.319100E+2	3.493116E+1	-9.989405E-1	2.056900E-6	NaN	2.056900E-5	5.227568E-1	1.825968E+1
8.910904E+3	3.316900E+2	3.495432E+1	-8.868243E-1	2.032600E-6	NaN	2.032600E-5	5.208104E-1	1.820252E+1
8.920376E+3	3.315500E+2	3.496908E+1	-1.029236E+0	2.015400E-6	NaN	2.015400E-5	5.151503E-1	1.801712E+1
8.933784E+3	3.313200E+2	3.499336E+1	-9.823621E-1	1.991800E-6	NaN	1.991800E-5	5.144543E-1	1.800245E+1
8.947221E+3	3.311000E+2	3.501661E+1	-9.547046E-1	1.968320E-6	NaN	1.968320E-5	5.151986E-1	1.803887E+1
8.956648E+3	3.309500E+2	3.503248E+1	-9.887937E-1	1.951520E-6	NaN	1.951520E-5	5.200009E-1	1.821837E+1
8.971818E+3	3.307000E+2	3.505897E+1	-1.077320E+0	1.924400E-6	NaN	1.924400E-5	5.296799E-1	1.856802E+1
8.980729E+3	3.305400E+2	3.507594E+1	-9.160305E-1	1.908620E-6	NaN	1.908620E-5	5.239323E-1	1.837837E+1
8.992519E+3	3.303600E+2	3.509505E+1	-1.071061E+0	1.887450E-6	NaN	1.887450E-5	5.222724E-1	1.833141E+1
9.007084E+3	3.301000E+2	3.512269E+1	-9.952449E-1	1.861810E-6	NaN	1.861810E-5	5.270835E-1	1.851093E+1
9.016127E+3	3.299500E+2	3.513866E+1	-9.464966E-1	1.846270E-6	NaN	1.846270E-5	5.158101E-1	1.812505E+1
9.031341E+3	3.297100E+2	3.516424E+1	-1.042199E+0	1.820910E-6	NaN	1.820910E-5	5.185485E-1	1.823420E+1
9.041128E+3	3.295400E+2	3.518238E+1	-9.983361E-1	1.805010E-6	NaN	1.805010E-5	5.205179E-1	1.831371E+1
9.054350E+3	3.293200E+2	3.520588E+1	-9.441738E-1	1.783170E-6	NaN	1.783170E-5	5.171505E-1	1.820640E+1
9.067695E+3	3.291100E+2	3.522834E+1	-1.028848E+0	1.761480E-6	NaN	1.761480E-5	5.270955E-1	1.856688E+1
9.077609E+3	3.289400E+2	3.524655E+1	-9.546539E-1	1.745640E-6	NaN	1.745640E-5	5.231368E-1	1.843977E+1
9.090179E+3	3.287400E+2	3.526799E+1	-1.067978E+0	1.725240E-6	NaN	1.725240E-5	5.162079E-1	1.820677E+1
9.101977E+3	3.285300E+2	3.529054E+1	-1.019195E+0	1.705970E-6	NaN	1.705970E-5	5.126549E-1	1.809195E+1
9.113751E+3	3.283300E+2	3.531203E+1	-1.051577E+0	1.687240E-6	NaN	1.687240E-5	5.136431E-1	1.813719E+1
9.125733E+3	3.281200E+2	3.533463E+1	-9.214231E-1	1.668300E-6	NaN	1.668300E-5	5.253888E-1	1.856369E+1
9.137454E+3	3.279400E+2	3.535403E+1	-9.607320E-1	1.650350E-6	NaN	1.650350E-5	5.309618E-1	1.877257E+1
9.150569E+3	3.277300E+2	3.537668E+1	-9.703504E-1	1.630490E-6	NaN	1.630490E-5	5.306437E-1	1.877309E+1
9.163554E+3	3.275200E+2	3.539936E+1	-9.947774E-1	1.611250E-6	NaN	1.611250E-5	5.219677E-1	1.847680E+1
9.175617E+3	3.273200E+2	3.542099E+1	-9.671180E-1	1.593480E-6	NaN	1.593480E-5	5.175792E-1	1.833182E+1
9.188025E+3	3.271200E+2	3.544265E+1	-1.017488E+0	1.575620E-6	NaN	1.575620E-5	5.080121E-1	1.800476E+1
9.197460E+3	3.269600E+2	3.546000E+1	-1.090549E+0	1.561650E-6	NaN	1.561650E-5	5.098428E-1	1.808057E+1
9.209564E+3	3.267400E+2	3.548387E+1	-9.670852E-1	1.543800E-6	NaN	1.543800E-5	5.133190E-1	1.821463E+1
9.221352E+3	3.265500E+2	3.550452E+1	-9.912440E-1	1.526560E-6	NaN	1.526560E-5	5.169527E-1	1.835386E+1
9.233458E+3	3.263500E+2	3.552628E+1	-1.019195E+0	1.509310E-6	NaN	1.509310E-5	5.212773E-1	1.851941E+1
9.245232E+3	3.261500E+2	3.554806E+1	-1.000250E+0	1.492620E-6	NaN	1.492620E-5	5.136075E-1	1.825923E+1
9.257229E+3	3.259500E+2	3.556987E+1	-9.897070E-1	1.475950E-6	NaN	1.475950E-5	5.138861E-1	1.828013E+1
9.272385E+3	3.257000E+2	3.559718E+1	-9.566969E-1	1.455570E-6	NaN	1.455570E-5	5.148904E-1	1.832680E+1
9.284301E+3	3.255100E+2	3.561795E+1	-1.004520E+0	1.439770E-6	NaN	1.439770E-5	5.193865E-1	1.849801E+1
9.296247E+3	3.253100E+2	3.563985E+1	-9.582248E-1	1.423750E-6	NaN	1.423750E-5	5.200455E-1	1.853464E+1
9.308144E+3	3.251200E+2	3.566068E+1	-1.043911E+0	1.407880E-6	NaN	1.407880E-5	5.177778E-1	1.846497E+1
9.320214E+3	3.249100E+2	3.568373E+1	-1.013685E+0	1.391620E-6	NaN	1.391620E-5	5.170606E-1	1.845066E+1
9.332052E+3	3.247100E+2	3.570571E+1	-1.003344E+0	1.375880E-6	NaN	1.375880E-5	5.158401E-1	1.841812E+1
9.344012E+3	3.245100E+2	3.572771E+1	-9.940358E-1	1.360310E-6	NaN	1.360310E-5	5.228531E-1	1.868003E+1
9.356084E+3	3.243100E+2	3.574975E+1	-9.587889E-1	1.344700E-6	NaN	1.344700E-5	5.264374E-1	1.881967E+1
9.367974E+3	3.241200E+2	3.577070E+1	-9.859502E-1	1.329680E-6	NaN	1.329680E-5	5.299644E-1	1.895723E+1
9.380145E+3	3.239200E+2	3.579279E+1	-9.539749E-1	1.314320E-6	NaN	1.314320E-5	5.259029E-1	1.882358E+1
9.392095E+3	3.237300E+2	3.581380E+1	-1.016949E+0	1.299670E-6	NaN	1.299670E-5	5.151804E-1	1.845129E+1
9.403895E+3	3.235300E+2	3.583593E+1	-1.047033E+0	1.285210E-6	NaN	1.285210E-5	5.142330E-1	1.842835E+1
9.415929E+3	3.233200E+2	3.585921E+1	-9.694702E-1	1.270500E-6	NaN	1.270500E-5	5.125564E-1	1.837949E+1
9.427688E+3	3.231300E+2	3.588030E+1	-1.046599E+0	1.256060E-6	NaN	1.256060E-5	5.214615E-1	1.871020E+1
9.439727E+3	3.229200E+2	3.590363E+1	-9.526197E-1	1.241300E-6	NaN	1.241300E-5	5.309176E-1	1.906120E+1
9.451694E+3	3.227300E+2	3.592477E+1	-9.533367E-1	1.227070E-6	NaN	1.227070E-5	5.311138E-1	1.907982E+1
9.463652E+3	3.225400E+2	3.594593E+1	-1.004689E+0	1.213160E-6	NaN	1.213160E-5	5.243458E-1	1.884918E+1
9.475596E+3	3.223400E+2	3.596823E+1	-1.060249E+0	1.199010E-6	NaN	1.199010E-5	5.177334E-1	1.862234E+1
9.487480E+3	3.221300E+2	3.599168E+1	-9.462151E-1	1.185460E-6	NaN	1.185460E-5	5.171676E-1	1.861276E+1
9.499528E+3	3.219400E+2	3.601292E+1	-9.738596E-1	1.171960E-6	NaN	1.171960E-5	5.219547E-1	1.879645E+1
9.511234E+3	3.217500E+2	3.603419E+1	-9.607281E-1	1.158840E-6	NaN	1.158840E-5	5.241897E-1	1.889069E+1
9.523100E+3	3.215600E+2	3.605548E+1	-1.025501E+0	1.145910E-6	NaN	1.145910E-5	5.195420E-1	1.873431E+1
9.537727E+3	3.213100E+2	3.608353E+1	-9.848812E-1	1.129780E-6	NaN	1.129780E-5	5.185629E-1	1.870994E+1
9.549302E+3	3.211200E+2	3.610488E+1	-1.012658E+0	1.117120E-6	NaN	1.117120E-5	5.214519E-1	1.882543E+1
9.561152E+3	3.209200E+2	3.612738E+1	-9.826739E-1	1.104050E-6	NaN	1.104050E-5	5.230075E-1	1.889492E+1
9.572753E+3	3.207300E+2	3.614879E+1	-1.028190E+0	1.091550E-6	NaN	1.091550E-5	5.091256E-1	1.840505E+1
9.584424E+3	3.205300E+2	3.617134E+1	-1.082102E+0	1.079170E-6	NaN	1.079170E-5	5.150880E-1	1.863113E+1
9.596068E+3	3.203200E+2	3.619505E+1	-8.596713E-1	1.067190E-6	NaN	1.067190E-5	5.144765E-1	1.862015E+1
9.607933E+3	3.201500E+2	3.621427E+1	-1.029336E+0	1.055000E-6	NaN	1.055000E-5	5.316514E-1	1.925455E+1
9.619591E+3	3.199500E+2	3.623691E+1	-9.011469E-1	1.043400E-6	NaN	1.043400E-5	5.317602E-1	1.927135E+1
9.634239E+3	3.197300E+2	3.626185E+1	-1.081638E+0	1.028610E-6	NaN	1.028610E-5	5.192746E-1	1.882930E+1
9.645888E+3	3.195200E+2	3.628568E+1	-9.888108E-1	1.016950E-6	NaN	1.016950E-5	5.193065E-1	1.884226E+1
9.657417E+3	3.193300E+2	3.630727E+1	-1.010441E+0	1.005460E-6	NaN	1.005460E-5	5.034989E-1	1.828101E+1
9.669293E+3	3.191300E+2	3.633002E+1	-1.070155E+0	9.937600E-7	NaN	9.937600E-6	5.092433E-1	1.850119E+1
9.681067E+3	3.189200E+2	3.635394E+1	-9.747755E-1	9.823500E-7	NaN	9.823500E-6	5.198946E-1	1.889882E+1
9.692762E+3	3.187300E+2	3.637562E+1	-8.874281E-1	9.711600E-7	NaN	9.711600E-6	5.218059E-1	1.898066E+1
9.704932E+3	3.185500E+2	3.639617E+1	-1.079137E+0	9.596600E-7	NaN	9.596600E-6	5.283510E-1	1.923228E+1
9.716608E+3	3.183400E+2	3.642018E+1	-9.433962E-1	9.486800E-7	NaN	9.486800E-6	5.196889E-1	1.892879E+1
9.731236E+3	3.181100E+2	3.644651E+1	-1.055276E+0	9.353600E-7	NaN	9.353600E-6	5.127528E-1	1.868708E+1
9.743176E+3	3.179000E+2	3.647059E+1	-1.003764E+0	9.241200E-7	NaN	9.241200E-6	5.137351E-1	1.873397E+1
9.755131E+3	3.177000E+2	3.649355E+1	-1.079137E+0	9.131000E-7	NaN	9.131000E-6	5.198435E-1	1.896829E+1
9.764027E+3	3.175400E+2	3.651194E+1	-8.609775E-1	9.050100E-7	NaN	9.050100E-6	5.379259E-1	1.964058E+1
9.775874E+3	3.173700E+2	3.653149E+1	-9.330496E-1	8.946300E-7	NaN	8.946300E-6	5.338153E-1	1.950470E+1
9.788092E+3	3.171800E+2	3.655338E+1	-1.030857E+0	8.838800E-7	NaN	8.838800E-6	5.206396E-1	1.903458E+1
9.802643E+3	3.169300E+2	3.658221E+1	-1.072158E+0	8.714600E-7	NaN	8.714600E-6	5.110168E-1	1.869284E+1
9.814395E+3	3.167200E+2	3.660647E+1	-9.418374E-1	8.613300E-7	NaN	8.613300E-6	5.112811E-1	1.871388E+1
9.826499E+3	3.165300E+2	3.662844E+1	-1.019281E+0	8.507900E-7	NaN	8.507900E-6	5.206381E-1	1.907018E+1
9.838272E+3	3.163300E+2	3.665160E+1	-1.011208E+0	8.406800E-7	NaN	8.406800E-6	5.305076E-1	1.944369E+1
9.850139E+3	3.161300E+2	3.667479E+1	-9.379071E-1	8.307600E-7	NaN	8.307600E-6	5.189081E-1	1.903180E+1
9.861654E+3	3.159500E+2	3.669568E+1	-1.028595E+0	8.211900E-7	NaN	8.211900E-6	5.247378E-1	1.925596E+1
9.876237E+3	3.157000E+2	3.672474E+1	-8.873720E-1	8.095200E-7	NaN	8.095200E-6	5.234273E-1	1.922096E+1
9.885027E+3	3.155700E+2	3.673987E+1	-1.019853E+0	8.024300E-7	NaN	8.024300E-6	5.184405E-1	1.904985E+1
9.899735E+3	3.153200E+2	3.676900E+1	-9.897724E-1	7.907000E-7	NaN	7.907000E-6	5.184607E-1	1.906367E+1
9.911859E+3	3.151200E+2	3.679233E+1	-1.025203E+0	7.812100E-7	NaN	7.812100E-6	5.146269E-1	1.893244E+1
9.923564E+3	3.149200E+2	3.681570E+1	-9.702128E-1	7.720100E-7	NaN	7.720100E-6	5.240818E-1	1.929373E+1
9.935314E+3	3.147300E+2	3.683792E+1	-9.559748E-1	7.628800E-7	NaN	7.628800E-6	5.242495E-1	1.931229E+1
9.947239E+3	3.145400E+2	3.686018E+1	-1.030131E+0	7.537400E-7	NaN	7.537400E-6	5.242841E-1	1.932594E+1
9.958888E+3	3.143400E+2	3.688363E+1	-9.824791E-1	7.449300E-7	NaN	7.449300E-6	5.175057E-1	1.908785E+1
9.971102E+3	3.141400E+2	3.690711E+1	-1.002758E+0	7.358200E-7	NaN	7.358200E-6	5.121916E-1	1.890353E+1
9.983069E+3	3.139400E+2	3.693062E+1	-1.005109E+0	7.270600E-7	NaN	7.270600E-6	5.096641E-1	1.882260E+1
9.995008E+3	3.137400E+2	3.695417E+1	-1.032618E+0	7.183900E-7	NaN	7.183900E-6	5.169207E-1	1.910202E+1
1.000721E+4	3.135300E+2	3.697892E+1	-8.799087E-1	7.096100E-7	NaN	7.096100E-6	5.171446E-1	1.912276E+1
1.001948E+4	3.133500E+2	3.700016E+1	-1.053071E+0	7.010100E-7	NaN	7.010100E-6	5.259821E-1	1.946305E+1
1.003145E+4	3.131400E+2	3.702497E+1	-9.369272E-1	6.926600E-7	NaN	6.926600E-6	5.244156E-1	1.941816E+1
1.004618E+4	3.129100E+2	3.705219E+1	-1.048951E+0	6.822700E-7	NaN	6.822700E-6	5.148618E-1	1.907438E+1
1.005819E+4	3.127000E+2	3.707707E+1	-1.030928E+0	6.739300E-7	NaN	6.739300E-6	5.145112E-1	1.907536E+1
1.006692E+4	3.125500E+2	3.709486E+1	-1.000133E+0	6.678700E-7	NaN	6.678700E-6	5.119074E-1	1.899033E+1
1.008192E+4	3.123000E+2	3.712456E+1	-9.144350E-1	6.578800E-7	NaN	6.578800E-6	5.275098E-1	1.958247E+1
1.009110E+4	3.121600E+2	3.714121E+1	-9.381719E-1	6.517800E-7	NaN	6.517800E-6	5.289148E-1	1.964638E+1
1.010645E+4	3.119200E+2	3.716979E+1	-1.012317E+0	6.417400E-7	NaN	6.417400E-6	5.285679E-1	1.964696E+1
1.011831E+4	3.117200E+2	3.719364E+1	-9.683173E-1	6.341400E-7	NaN	6.341400E-6	5.152398E-1	1.916218E+1
1.013008E+4	3.115300E+2	3.721632E+1	-1.053001E+0	6.266300E-7	NaN	6.266300E-6	5.138930E-1	1.912488E+1
1.014148E+4	3.113300E+2	3.724023E+1	-9.340944E-1	6.193400E-7	NaN	6.193400E-6	5.224663E-1	1.945602E+1
1.015304E+4	3.111500E+2	3.726177E+1	-9.746922E-1	6.120000E-7	NaN	6.120000E-6	5.194493E-1	1.935762E+1
1.016473E+4	3.109600E+2	3.728454E+1	-1.040222E+0	6.046800E-7	NaN	6.046800E-6	5.263292E-1	1.962608E+1
1.017915E+4	3.107100E+2	3.731454E+1	-9.259259E-1	5.957100E-7	NaN	5.957100E-6	5.266856E-1	1.965052E+1
1.019082E+4	3.105300E+2	3.733617E+1	-9.458226E-1	5.885700E-7	NaN	5.885700E-6	5.255927E-1	1.962232E+1
1.020287E+4	3.103400E+2	3.735903E+1	-1.020582E+0	5.813500E-7	NaN	5.813500E-6	5.202349E-1	1.943665E+1
1.021463E+4	3.101400E+2	3.738312E+1	-1.024678E+0	5.744100E-7	NaN	5.744100E-6	5.193681E-1	1.941649E+1
1.022634E+4	3.099400E+2	3.740724E+1	-8.966782E-1	5.676200E-7	NaN	5.676200E-6	5.214934E-1	1.950822E+1
1.024106E+4	3.097200E+2	3.743381E+1	-9.955202E-1	5.591600E-7	NaN	5.591600E-6	5.226489E-1	1.956413E+1
1.025312E+4	3.095200E+2	3.745800E+1	-1.029689E+0	5.522500E-7	NaN	5.522500E-6	5.192917E-1	1.945118E+1
1.026477E+4	3.093200E+2	3.748222E+1	-1.003596E+0	5.456800E-7	NaN	5.456800E-6	5.176028E-1	1.940016E+1
1.027673E+4	3.091200E+2	3.750647E+1	-9.095503E-1	5.389300E-7	NaN	5.389300E-6	5.217486E-1	1.956820E+1
1.028860E+4	3.089400E+2	3.752832E+1	-1.029160E+0	5.322700E-7	NaN	5.322700E-6	5.246547E-1	1.968989E+1
1.030026E+4	3.087400E+2	3.755263E+1	-9.861592E-1	5.258500E-7	NaN	5.258500E-6	5.191924E-1	1.949874E+1
1.031182E+4	3.085500E+2	3.757576E+1	-9.805924E-1	5.196300E-7	NaN	5.196300E-6	5.131947E-1	1.928506E+1
1.032651E+4	3.083100E+2	3.760501E+1	-9.578222E-1	5.118800E-7	NaN	5.118800E-6	5.148435E-1	1.935931E+1
1.033841E+4	3.081200E+2	3.762820E+1	-9.975892E-1	5.056900E-7	NaN	5.056900E-6	5.230878E-1	1.968087E+1
1.035044E+4	3.079200E+2	3.765264E+1	-8.726153E-1	4.995100E-7	NaN	4.995100E-6	5.247904E-1	1.975902E+1
1.036212E+4	3.077500E+2	3.767344E+1	-1.016691E+0	4.936100E-7	NaN	4.936100E-6	5.230037E-1	1.970414E+1
1.037393E+4	3.075500E+2	3.769794E+1	-9.830128E-1	4.876100E-7	NaN	4.876100E-6	5.129601E-1	1.933994E+1
1.038553E+4	3.073600E+2	3.772124E+1	-1.033485E+0	4.817600E-7	NaN	4.817600E-6	5.130366E-1	1.935346E+1
1.040004E+4	3.071100E+2	3.775195E+1	-8.651399E-1	4.746000E-7	NaN	4.746000E-6	5.165674E-1	1.949892E+1
1.041183E+4	3.069400E+2	3.777285E+1	-1.019541E+0	4.688800E-7	NaN	4.688800E-6	5.131538E-1	1.938275E+1
1.042360E+4	3.067400E+2	3.779748E+1	-1.007134E+0	4.632400E-7	NaN	4.632400E-6	5.200011E-1	1.965510E+1
1.043551E+4	3.065400E+2	3.782214E+1	-9.048257E-1	4.576200E-7	NaN	4.576200E-6	5.191729E-1	1.963636E+1
1.044745E+4	3.063600E+2	3.784437E+1	-9.334416E-1	4.520100E-7	NaN	4.520100E-6	5.248047E-1	1.986239E+1
1.046223E+4	3.061300E+2	3.787280E+1	-9.907874E-1	4.452200E-7	NaN	4.452200E-6	5.269183E-1	1.995518E+1
1.047374E+4	3.059400E+2	3.789632E+1	-9.399969E-1	4.400200E-7	NaN	4.400200E-6	5.106814E-1	1.935280E+1
1.048651E+4	3.057400E+2	3.792111E+1	-1.059002E+0	4.342600E-7	NaN	4.342600E-6	5.113419E-1	1.939066E+1
1.049840E+4	3.055300E+2	3.794717E+1	-8.898410E-1	4.289500E-7	NaN	4.289500E-6	5.143181E-1	1.951585E+1
1.051054E+4	3.053500E+2	3.796954E+1	-9.837678E-1	4.236100E-7	NaN	4.236100E-6	5.258589E-1	1.996751E+1
1.052274E+4	3.051500E+2	3.799443E+1	-8.732469E-1	4.183400E-7	NaN	4.183400E-6	5.302272E-1	2.014716E+1
1.053786E+4	3.049300E+2	3.802184E+1	-1.015572E+0	4.119000E-7	NaN	4.119000E-6	5.203942E-1	1.978541E+1
1.054967E+4	3.047300E+2	3.804680E+1	-9.566166E-1	4.069400E-7	NaN	4.069400E-6	5.242721E-1	1.994492E+1
1.056159E+4	3.045400E+2	3.807053E+1	-8.765146E-1	4.020100E-7	NaN	4.020100E-6	5.144153E-1	1.958467E+1
1.057323E+4	3.043700E+2	3.809180E+1	-9.754776E-1	3.972800E-7	NaN	3.972800E-6	5.216456E-1	1.987266E+1
1.058799E+4	3.041300E+2	3.812186E+1	-9.044469E-1	3.914000E-7	NaN	3.914000E-6	5.202619E-1	1.983318E+1
1.059993E+4	3.039500E+2	3.814443E+1	-9.247470E-1	3.867100E-7	NaN	3.867100E-6	5.152714E-1	1.965455E+1
1.061485E+4	3.037200E+2	3.817332E+1	-9.331260E-1	3.809800E-7	NaN	3.809800E-6	5.204763E-1	1.986785E+1
1.062643E+4	3.035400E+2	3.819595E+1	-8.960087E-1	3.766000E-7	NaN	3.766000E-6	5.194873E-1	1.984210E+1
1.064116E+4	3.033200E+2	3.822366E+1	-8.930786E-1	3.711400E-7	NaN	3.711400E-6	5.288545E-1	2.021257E+1
1.065325E+4	3.031400E+2	3.824635E+1	-8.179262E-1	3.667700E-7	NaN	3.667700E-6	5.243143E-1	2.005430E+1
1.066499E+4	3.029800E+2	3.826655E+1	-9.278351E-1	3.626000E-7	NaN	3.626000E-6	5.231950E-1	2.002430E+1
1.068245E+4	3.027100E+2	3.830068E+1	-8.130770E-1	3.565800E-7	NaN	3.565800E-6	5.191240E-1	1.988047E+1
1.069425E+4	3.025500E+2	3.832094E+1	-8.553971E-1	3.526400E-7	NaN	3.526400E-6	5.198959E-1	1.992183E+1
1.070898E+4	3.023400E+2	3.834756E+1	-7.805546E-1	3.479000E-7	NaN	3.479000E-6	5.260800E-1	2.017451E+1
1.072359E+4	3.021500E+2	3.837167E+1	-8.152728E-1	3.433300E-7	NaN	3.433300E-6	5.208285E-1	1.998480E+1
1.073831E+4	3.019500E+2	3.839709E+1	-7.769902E-1	3.389500E-7	NaN	3.389500E-6	5.256605E-1	2.018414E+1
1.075298E+4	3.017600E+2	3.842126E+1	-7.084622E-1	3.347300E-7	NaN	3.347300E-6	5.181943E-1	1.991010E+1
1.077077E+4	3.015500E+2	3.844802E+1	-7.711561E-1	3.298900E-7	NaN	3.298900E-6	5.193520E-1	1.996806E+1
1.078555E+4	3.013600E+2	3.847226E+1	-6.810443E-1	3.260100E-7	NaN	3.260100E-6	5.204500E-1	2.002297E+1
1.080405E+4	3.011500E+2	3.849909E+1	-6.439950E-1	3.214500E-7	NaN	3.214500E-6	5.251413E-1	2.021726E+1
1.082175E+4	3.009600E+2	3.852339E+1	-6.063814E-1	3.173000E-7	NaN	3.173000E-6	5.267679E-1	2.029305E+1
1.084253E+4	3.007500E+2	3.855029E+1	-6.515403E-1	3.126800E-7	NaN	3.126800E-6	5.231336E-1	2.016666E+1
1.086003E+4	3.005600E+2	3.857466E+1	-5.775617E-1	3.090000E-7	NaN	3.090000E-6	5.190132E-1	2.002049E+1
1.088080E+4	3.003600E+2	3.860035E+1	-5.580303E-1	3.048200E-7	NaN	3.048200E-6	5.225976E-1	2.017229E+1
1.090123E+4	3.001700E+2	3.862478E+1	-5.098139E-1	3.009600E-7	NaN	3.009600E-6	5.317997E-1	2.054103E+1
1.092477E+4	2.999700E+2	3.865053E+1	-4.994589E-1	2.967500E-7	NaN	2.967500E-6	5.322913E-1	2.057337E+1
1.094880E+4	2.997700E+2	3.867632E+1	-4.747626E-1	2.927600E-7	NaN	2.927600E-6	5.267716E-1	2.037369E+1
1.097281E+4	2.995800E+2	3.870085E+1	-4.745763E-1	2.889700E-7	NaN	2.889700E-6	5.208087E-1	2.015619E+1
1.099936E+4	2.993700E+2	3.872800E+1	-4.259294E-1	2.850400E-7	NaN	2.850400E-6	5.163281E-1	1.999635E+1
1.102612E+4	2.991800E+2	3.875259E+1	-4.235579E-1	2.813600E-7	NaN	2.813600E-6	5.201779E-1	2.015858E+1
1.105587E+4	2.989700E+2	3.877981E+1	-3.688222E-1	2.775200E-7	NaN	2.775200E-6	5.254938E-1	2.037850E+1
1.108841E+4	2.987700E+2	3.880577E+1	-3.656084E-1	2.735900E-7	NaN	2.735900E-6	5.295884E-1	2.055003E+1
1.112123E+4	2.985700E+2	3.883176E+1	-3.300128E-1	2.699200E-7	NaN	2.699200E-6	5.344292E-1	2.075211E+1
1.115396E+4	2.983900E+2	3.885519E+1	-3.122154E-1	2.665100E-7	NaN	2.665100E-6	5.333892E-1	2.072569E+1
1.119239E+4	2.981900E+2	3.888125E+1	-2.883784E-1	2.628500E-7	NaN	2.628500E-6	5.335546E-1	2.074673E+1
1.123400E+4	2.979900E+2	3.890735E+1	-2.794893E-1	2.591800E-7	NaN	2.591800E-6	5.300522E-1	2.062306E+1
1.128123E+4	2.977700E+2	3.893609E+1	-2.429696E-1	2.553100E-7	NaN	2.553100E-6	5.242317E-1	2.041047E+1
1.132568E+4	2.975900E+2	3.895964E+1	-2.378121E-1	2.521600E-7	NaN	2.521600E-6	5.181969E-1	2.018892E+1
1.137867E+4	2.973800E+2	3.898715E+1	-2.128057E-1	2.486600E-7	NaN	2.486600E-6	5.200354E-1	2.027427E+1
1.143224E+4	2.971900E+2	3.901208E+1	-1.855408E-1	2.454800E-7	NaN	2.454800E-6	5.098915E-1	1.989239E+1
1.149368E+4	2.970000E+2	3.903704E+1	-1.930813E-1	2.422000E-7	NaN	2.422000E-6	4.993931E-1	1.949611E+1
1.156204E+4	2.967800E+2	3.906597E+1	-1.665790E-1	2.389500E-7	NaN	2.389500E-6	4.983376E-1	1.946696E+1
1.163048E+4	2.965900E+2	3.909100E+1	-1.337024E-1	2.360900E-7	NaN	2.360900E-6	4.898403E-1	1.914765E+1
1.171574E+4	2.964000E+2	3.911606E+1	-1.354463E-1	2.329200E-7	NaN	2.329200E-6	4.964344E-1	1.941930E+1
1.180434E+4	2.962000E+2	3.914247E+1	-1.069519E-1	2.301200E-7	NaN	2.301200E-6	NaN	NaN
1.191654E+4	2.960000E+2	3.916892E+1	NaN	2.270500E-7	NaN	2.270500E-6	NaN	NaN
--------------------
6/25/2024 7:24 PM
