7/24/2024
4:42 PM
fast cool down 460_2024.07.24_COND_FILE END.txt

Data taken by: Akshat Sharma
ammeter is Keithley 6517A at GPIB0::27::INSTR
voltage source is Keithley 6517A at GPIB0::27::INSTR
temperature controller is Lake Shore 330 at GPIB0::12::INSTR with the settings: control sensor=A;sample sensor=;loop=1
Readings: 1
Voltage (V): 100
Geo Factor: 1000
Ea Window (pts): 5
Shut off V when done?: TRUE
Mconnect?: TRUE
Use Abs(Cond)?: TRUE
Rate (K/min): 1
Heater: Off
DESCRIPTION
********************
Time (s)	Temperature (K)	1/kT (1/eV)	Rate (K/min)	Current (A)	Current Std Dev/Mean	Conductivity (Ohm-cm)^-1	Ea (eV)	Reduced Ea	
7.554000E+0	4.592800E+2	2.524386E+1	NaN	2.247700E-4	NaN	2.247700E-3	NaN	NaN
1.301800E+1	4.577500E+2	2.532824E+1	NaN	2.196100E-4	NaN	2.196100E-3	NaN	NaN
1.975300E+1	4.543900E+2	2.551553E+1	NaN	2.088900E-4	NaN	2.088900E-3	NaN	NaN
2.816000E+1	4.505800E+2	2.573128E+1	NaN	1.894220E-4	NaN	1.894220E-3	NaN	NaN
3.207700E+1	4.476000E+2	2.590259E+1	NaN	1.756880E-4	NaN	1.756880E-3	NaN	NaN
3.851100E+1	4.402300E+2	2.633623E+1	NaN	1.518490E-4	NaN	1.518490E-3	NaN	NaN
4.778600E+1	4.352700E+2	2.663634E+1	NaN	1.211550E-4	NaN	1.211550E-3	NaN	NaN
5.335800E+1	4.277000E+2	2.710779E+1	NaN	1.056300E-4	NaN	1.056300E-3	NaN	NaN
6.353400E+1	4.212500E+2	2.752285E+1	NaN	8.251100E-5	NaN	8.251100E-4	NaN	NaN
7.236300E+1	4.176800E+2	2.775809E+1	NaN	6.679300E-5	NaN	6.679300E-4	NaN	NaN
7.810200E+1	4.105000E+2	2.824361E+1	NaN	5.840900E-5	NaN	5.840900E-4	NaN	NaN
8.859900E+1	4.067600E+2	2.850329E+1	NaN	4.589900E-5	NaN	4.589900E-4	NaN	NaN
9.403900E+1	4.001500E+2	2.897413E+1	NaN	4.062000E-5	NaN	4.062000E-4	NaN	NaN
1.058030E+2	3.967800E+2	2.922022E+1	NaN	3.133500E-5	NaN	3.133500E-4	NaN	NaN
1.116440E+2	3.908900E+2	2.966052E+1	NaN	2.763000E-5	NaN	2.763000E-4	NaN	NaN
1.236390E+2	3.877300E+2	2.990225E+1	NaN	2.145100E-5	NaN	2.145100E-4	NaN	NaN
1.296950E+2	3.828600E+2	3.028261E+1	NaN	1.892530E-5	NaN	1.892530E-4	NaN	NaN
1.392560E+2	3.800600E+2	3.050571E+1	NaN	1.561630E-5	NaN	1.561630E-4	NaN	NaN
1.454500E+2	3.746600E+2	3.094539E+1	NaN	1.381770E-5	NaN	1.381770E-4	NaN	NaN
1.574340E+2	3.721300E+2	3.115578E+1	NaN	1.097540E-5	NaN	1.097540E-4	NaN	NaN
1.640260E+2	3.676200E+2	3.153800E+1	NaN	9.712000E-6	NaN	9.712000E-5	NaN	NaN
1.747970E+2	3.653100E+2	3.173743E+1	NaN	7.986000E-6	NaN	7.986000E-5	NaN	NaN
1.819010E+2	3.609300E+2	3.212257E+1	NaN	7.046300E-6	NaN	7.046300E-5	NaN	NaN
1.929420E+2	3.587600E+2	3.231687E+1	NaN	5.832800E-6	NaN	5.832800E-5	NaN	NaN
1.984060E+2	3.554200E+2	3.262056E+1	NaN	5.325200E-6	NaN	5.325200E-5	NaN	NaN
2.070060E+2	3.541300E+2	3.273939E+1	NaN	4.630400E-6	NaN	4.630400E-5	NaN	NaN
2.129370E+2	3.522500E+2	3.291412E+1	NaN	4.216200E-6	NaN	4.216200E-5	NaN	NaN
2.191240E+2	3.491800E+2	3.320351E+1	NaN	3.831600E-6	NaN	3.831600E-5	NaN	NaN
2.288240E+2	3.474600E+2	3.336787E+1	NaN	3.307800E-6	NaN	3.307800E-5	NaN	NaN
2.344350E+2	3.460700E+2	3.350189E+1	NaN	3.048400E-6	NaN	3.048400E-5	NaN	NaN
2.401390E+2	3.436100E+2	3.374174E+1	-3.108180E+1	2.809200E-6	NaN	2.809200E-5	NaN	NaN
2.494640E+2	3.420600E+2	3.389464E+1	-3.061905E+1	2.468600E-6	NaN	2.468600E-5	NaN	NaN
2.549410E+2	3.393500E+2	3.416532E+1	-3.009677E+1	2.291400E-6	NaN	2.291400E-5	NaN	NaN
2.668040E+2	3.378900E+2	3.431294E+1	-2.966557E+1	1.963860E-6	NaN	1.963860E-5	NaN	NaN
2.728680E+2	3.356400E+2	3.454296E+1	-2.912792E+1	1.819860E-6	NaN	1.819860E-5	NaN	NaN
2.824520E+2	3.343500E+2	3.467624E+1	-2.865732E+1	1.618020E-6	NaN	1.618020E-5	NaN	NaN
2.882550E+2	3.324200E+2	3.487756E+1	-2.814477E+1	1.511410E-6	NaN	1.511410E-5	NaN	NaN
2.970200E+2	3.314200E+2	3.498280E+1	-2.769069E+1	1.366580E-6	NaN	1.366580E-5	NaN	NaN
3.021200E+2	3.294800E+2	3.518878E+1	-2.720926E+1	1.290890E-6	NaN	1.290890E-5	NaN	NaN
3.132300E+2	3.283700E+2	3.530773E+1	-2.679252E+1	1.143340E-6	NaN	1.143340E-5	NaN	NaN
3.192030E+2	3.263500E+2	3.552628E+1	-2.632069E+1	1.073670E-6	NaN	1.073670E-5	NaN	NaN
3.302750E+2	3.253100E+2	3.563985E+1	-2.590253E+1	9.585700E-7	NaN	9.585700E-6	NaN	NaN
3.364210E+2	3.236100E+2	3.582708E+1	-2.543998E+1	9.012500E-7	NaN	9.012500E-6	NaN	NaN
3.466260E+2	3.226400E+2	3.593479E+1	-2.502150E+1	8.166000E-7	NaN	8.166000E-6	NaN	NaN
3.511770E+2	3.210700E+2	3.611051E+1	-2.457746E+1	7.821100E-7	NaN	7.821100E-6	NaN	NaN
3.626200E+2	3.201500E+2	3.621427E+1	-2.419059E+1	7.038600E-7	NaN	7.038600E-6	NaN	NaN
3.676160E+2	3.186600E+2	3.638361E+1	-2.376751E+1	6.731400E-7	NaN	6.731400E-6	NaN	NaN
3.785040E+2	3.178100E+2	3.648092E+1	-2.339216E+1	6.119800E-7	NaN	6.119800E-6	NaN	NaN
3.834310E+2	3.164200E+2	3.664117E+1	-2.299092E+1	5.868400E-7	NaN	5.868400E-6	NaN	NaN
3.945910E+2	3.156400E+2	3.673172E+1	-2.263306E+1	5.350900E-7	NaN	5.350900E-6	NaN	NaN
4.008200E+2	3.142400E+2	3.689537E+1	-2.225000E+1	5.094100E-7	NaN	5.094100E-6	NaN	NaN
4.107310E+2	3.136100E+2	3.696948E+1	-2.189791E+1	4.719800E-7	NaN	4.719800E-6	NaN	NaN
4.158060E+2	3.130200E+2	3.703917E+1	-2.153287E+1	4.544700E-7	NaN	4.544700E-6	NaN	NaN
4.212930E+2	3.118700E+2	3.717575E+1	-2.119280E+1	4.366300E-7	NaN	4.366300E-6	NaN	NaN
4.299210E+2	3.114100E+2	3.723066E+1	-2.087993E+1	4.107100E-7	NaN	4.107100E-6	NaN	NaN
4.352490E+2	3.108800E+2	3.729413E+1	-2.056111E+1	3.961800E-7	NaN	3.961800E-6	NaN	NaN
4.394690E+2	3.103500E+2	3.735782E+1	-2.025943E+1	3.850900E-7	NaN	3.850900E-6	NaN	NaN
4.455320E+2	3.093600E+2	3.747737E+1	-1.997917E+1	3.702000E-7	NaN	3.702000E-6	NaN	NaN
4.554980E+2	3.088600E+2	3.753804E+1	-1.971351E+1	3.477300E-7	NaN	3.477300E-6	NaN	NaN
4.608040E+2	3.078300E+2	3.766365E+1	-1.943498E+1	3.368100E-7	NaN	3.368100E-6	NaN	NaN
4.717260E+2	3.073900E+2	3.771756E+1	-1.917597E+1	3.161300E-7	NaN	3.161300E-6	NaN	NaN
4.767430E+2	3.064500E+2	3.783325E+1	-1.855049E+1	3.074200E-7	NaN	3.074200E-6	NaN	NaN
4.879240E+2	3.059700E+2	3.789260E+1	-1.790907E+1	2.896600E-7	NaN	2.896600E-6	NaN	NaN
4.935650E+2	3.052100E+2	3.798696E+1	-1.723605E+1	2.814600E-7	NaN	2.814600E-6	NaN	NaN
5.037260E+2	3.048300E+2	3.803431E+1	-1.656496E+1	2.679000E-7	NaN	2.679000E-6	NaN	NaN
5.098870E+2	3.040000E+2	3.813816E+1	-1.586797E+1	2.603800E-7	NaN	2.603800E-6	NaN	NaN
5.220370E+2	3.036100E+2	3.818715E+1	-1.522226E+1	2.467800E-7	NaN	2.467800E-6	NaN	NaN
5.280660E+2	3.029700E+2	3.826782E+1	-1.456423E+1	2.406300E-7	NaN	2.406300E-6	NaN	NaN
5.387090E+2	3.025600E+2	3.831967E+1	-1.396572E+1	2.307100E-7	NaN	2.307100E-6	NaN	NaN
5.447660E+2	3.020500E+2	3.838437E+1	-1.338704E+1	2.254800E-7	NaN	2.254800E-6	NaN	NaN
5.534620E+2	3.017700E+2	3.841999E+1	-1.281412E+1	2.184800E-7	NaN	2.184800E-6	NaN	NaN
5.591340E+2	3.011500E+2	3.849909E+1	-1.228801E+1	2.142500E-7	NaN	2.142500E-6	NaN	NaN
5.714210E+2	3.008700E+2	3.853492E+1	-1.177384E+1	2.058400E-7	NaN	2.058400E-6	NaN	NaN
5.768780E+2	3.004100E+2	3.859392E+1	-1.129238E+1	2.024000E-7	NaN	2.024000E-6	NaN	NaN
5.867800E+2	3.002000E+2	3.862092E+1	-1.082011E+1	1.964070E-7	NaN	1.964070E-6	NaN	NaN
5.913010E+2	3.000000E+2	3.864667E+1	-1.038249E+1	1.939580E-7	NaN	1.939580E-6	NaN	NaN
5.970220E+2	2.996400E+2	3.869310E+1	-9.954198E+0	1.909650E-7	NaN	1.909650E-6	NaN	NaN
6.061070E+2	2.994100E+2	3.872282E+1	-9.563605E+0	1.865220E-7	NaN	1.865220E-6	NaN	NaN
6.114970E+2	2.990100E+2	3.877462E+1	-9.170280E+0	1.840740E-7	NaN	1.840740E-6	NaN	NaN
6.235150E+2	2.988100E+2	3.880058E+1	-8.825502E+0	1.789840E-7	NaN	1.789840E-6	NaN	NaN
6.289550E+2	2.985300E+2	3.883697E+1	-8.468381E+0	1.768610E-7	NaN	1.768610E-6	NaN	NaN
6.379510E+2	2.983700E+2	3.885779E+1	-8.149471E+0	1.735720E-7	NaN	1.735720E-6	NaN	NaN
6.433110E+2	2.982300E+2	3.887604E+1	-7.827428E+0	1.717180E-7	NaN	1.717180E-6	NaN	NaN
6.484830E+2	2.979600E+2	3.891126E+1	-7.541842E+0	1.700190E-7	NaN	1.700190E-6	NaN	NaN
6.584110E+2	2.978200E+2	3.892955E+1	-7.263306E+0	1.669290E-7	NaN	1.669290E-6	NaN	NaN
6.643200E+2	2.975400E+2	3.896619E+1	-7.001309E+0	1.652300E-7	NaN	1.652300E-6	NaN	NaN
6.756290E+2	2.973900E+2	3.898584E+1	-6.737634E+0	1.622040E-7	NaN	1.622040E-6	NaN	NaN
6.811480E+2	2.971500E+2	3.901733E+1	-6.470611E+0	1.608010E-7	NaN	1.608010E-6	NaN	NaN
6.904020E+2	2.970700E+2	3.902784E+1	-6.228527E+0	1.586220E-7	NaN	1.586220E-6	NaN	NaN
6.946390E+2	2.969800E+2	3.903967E+1	-5.983334E+0	1.576820E-7	NaN	1.576820E-6	NaN	NaN
6.999270E+2	2.967700E+2	3.906729E+1	-5.742827E+0	1.565480E-7	NaN	1.565480E-6	NaN	NaN
7.117940E+2	2.965900E+2	3.909100E+1	-5.520394E+0	1.541720E-7	NaN	1.541720E-6	NaN	NaN
7.226630E+2	2.965700E+2	3.909364E+1	-5.292011E+0	1.529980E-7	NaN	1.529980E-6	NaN	NaN
7.290520E+2	2.965600E+2	3.909496E+1	-5.076433E+0	1.529150E-7	NaN	1.529150E-6	NaN	NaN
7.404220E+2	2.964800E+2	3.910550E+1	-4.861345E+0	1.522690E-7	NaN	1.522690E-6	NaN	NaN
7.461800E+2	2.963000E+2	3.912926E+1	-4.655107E+0	1.514680E-7	NaN	1.514680E-6	NaN	NaN
7.571660E+2	2.962200E+2	3.913983E+1	-4.453536E+0	1.497640E-7	NaN	1.497640E-6	NaN	NaN
7.622880E+2	2.960700E+2	3.915966E+1	-4.259138E+0	1.489720E-7	NaN	1.489720E-6	NaN	NaN
7.731190E+2	2.960000E+2	3.916892E+1	-4.067589E+0	1.473870E-7	NaN	1.473870E-6	NaN	NaN
7.780320E+2	2.960000E+2	3.916892E+1	-3.885064E+0	1.467070E-7	NaN	1.467070E-6	NaN	NaN
