5/29/2024									
4:27 PM									
slow cooling at 450K at 1k per minute_2024.05.29_COND_FILE END.txt									
									
Data taken by: Akshat Sharma									
ammeter is Keithley 6517A at GPIB0::27::INSTR									
voltage source is Keithley 6517A at GPIB0::27::INSTR									
temperature controller is Lake Shore 330 at GPIB0::12::INSTR with the settings: control sensor=A;sample sensor=;loop=1									
Readings: 5									
Voltage (V): 100									
Geo Factor: 1000									
Ea Window (pts): 5									
Shut off V when done?: TRUE									
Mconnect?: TRUE									
Use Abs(Cond)?: TRUE									
Rate (K/min): 1									
Heater: High									
DESCRIPTION									
********************
Time (s)	Temperature (K)	1/kT (1/eV)	Rate (K/min)	Current (A)	Current Std Dev/Mean	Conductivity (Ohm-cm)^-1	Ea (eV)	Reduced Ea
5.003400E+1	4.498300E+2	2.577418E+1	-1.386322E+0	2.201920E-4	1.293488E-3	2.201920E-3	NaN	NaN
5.869000E+1	4.496300E+2	2.578565E+1	-1.490419E+0	2.189340E-4	1.553181E-3	2.189340E-3	NaN	NaN
6.714400E+1	4.494200E+2	2.579769E+1	-1.219512E+0	2.176000E-4	1.500092E-3	2.176000E-3	5.179069E-1	1.336020E+1
7.550800E+1	4.492500E+2	2.580746E+1	-1.208338E+0	2.162560E-4	1.881637E-3	2.162560E-3	5.157685E-1	1.331051E+1
8.543900E+1	4.490500E+2	2.581895E+1	-9.291521E-1	2.152480E-4	1.256688E-3	2.152480E-3	4.982058E-1	1.286290E+1
9.577100E+1	4.488900E+2	2.582815E+1	-9.967649E-1	2.141720E-4	1.019970E-3	2.141720E-3	4.835044E-1	1.248826E+1
1.072080E+2	4.487000E+2	2.583909E+1	-8.724935E-1	2.130840E-4	8.777262E-4	2.130840E-3	4.866987E-1	1.257693E+1
1.202740E+2	4.485100E+2	2.585004E+1	-1.100654E+0	2.118840E-4	9.858128E-4	2.118840E-3	4.676510E-1	1.209013E+1
1.328120E+2	4.482800E+2	2.586330E+1	-1.110169E+0	2.106500E-4	1.066275E-3	2.106500E-3	4.619791E-1	1.194825E+1
1.457830E+2	4.480400E+2	2.587715E+1	-1.005124E+0	2.093300E-4	1.179384E-3	2.093300E-3	4.624007E-1	1.196411E+1
1.559310E+2	4.478700E+2	2.588698E+1	-1.031194E+0	2.083760E-4	9.773985E-4	2.083760E-3	4.836731E-1	1.252062E+1
1.675680E+2	4.476700E+2	2.589854E+1	-1.184600E+0	2.071680E-4	1.237446E-3	2.071680E-3	4.997290E-1	1.294279E+1
1.776980E+2	4.474700E+2	2.591012E+1	-9.494386E-1	2.059340E-4	1.322560E-3	2.059340E-3	4.977705E-1	1.289709E+1
1.909690E+2	4.472600E+2	2.592228E+1	-1.006016E+0	2.046880E-4	9.966867E-4	2.046880E-3	4.884018E-1	1.266008E+1
2.011080E+2	4.470900E+2	2.593214E+1	-9.741013E-1	2.037700E-4	7.996354E-4	2.037700E-3	4.741137E-1	1.229543E+1
2.140430E+2	4.468800E+2	2.594433E+1	-1.100533E+0	2.025700E-4	8.740648E-4	2.025700E-3	4.624359E-1	1.199815E+1
2.254920E+2	4.466700E+2	2.595652E+1	-1.071702E+0	2.014480E-4	1.387009E-3	2.014480E-3	4.637447E-1	1.203708E+1
2.372490E+2	4.464600E+2	2.596873E+1	-1.021190E+0	2.003560E-4	8.749413E-4	2.003560E-3	4.620626E-1	1.199874E+1
2.490000E+2	4.462600E+2	2.598037E+1	-1.007958E+0	1.992298E-4	1.268721E-3	1.992298E-3	4.594046E-1	1.193539E+1
2.603100E+2	4.460700E+2	2.599144E+1	-1.112779E+0	1.982122E-4	1.052900E-3	1.982122E-3	4.659694E-1	1.211125E+1
2.716330E+2	4.458600E+2	2.600368E+1	-9.410945E-1	1.971622E-4	8.857619E-4	1.971622E-3	4.629814E-1	1.203889E+1
2.831090E+2	4.456800E+2	2.601418E+1	-1.029689E+0	1.961136E-4	9.618070E-4	1.961136E-3	4.715286E-1	1.226684E+1
2.947630E+2	4.454800E+2	2.602586E+1	-9.955502E-1	1.950868E-4	1.093904E-3	1.950868E-3	4.799185E-1	1.249102E+1
3.080220E+2	4.452600E+2	2.603872E+1	-1.047556E+0	1.938534E-4	1.191966E-3	1.938534E-3	4.772571E-1	1.242686E+1
3.200500E+2	4.450500E+2	2.605101E+1	-9.379628E-1	1.927162E-4	1.066366E-3	1.927162E-3	4.740794E-1	1.234946E+1
3.322040E+2	4.448600E+2	2.606213E+1	-1.039061E+0	1.916988E-4	1.102916E-3	1.916988E-3	4.581554E-1	1.194072E+1
3.425980E+2	4.446800E+2	2.607268E+1	-1.081674E+0	1.908158E-4	1.177874E-3	1.908158E-3	4.496279E-1	1.172363E+1
3.553560E+2	4.444500E+2	2.608617E+1	-1.055925E+0	1.896812E-4	1.038634E-3	1.896812E-3	4.566101E-1	1.191040E+1
3.655840E+2	4.442700E+2	2.609674E+1	-9.457093E-1	1.887706E-4	1.246984E-3	1.887706E-3	4.713141E-1	1.229954E+1
3.770040E+2	4.440900E+2	2.610732E+1	-9.921082E-1	1.877602E-4	1.136439E-3	1.877602E-3	4.917767E-1	1.283984E+1
3.903090E+2	4.438700E+2	2.612026E+1	-1.027133E+0	1.866012E-4	1.089579E-3	1.866012E-3	4.846961E-1	1.266087E+1
4.019920E+2	4.436700E+2	2.613204E+1	-1.050788E+0	1.854526E-4	1.459122E-3	1.854526E-3	4.873049E-1	1.273390E+1
4.151250E+2	4.434400E+2	2.614559E+1	-9.128078E-1	1.843842E-4	1.143137E-3	1.843842E-3	4.652764E-1	1.216401E+1
4.256420E+2	4.432800E+2	2.615503E+1	-1.025641E+0	1.834018E-4	1.160472E-3	1.834018E-3	4.154967E-1	1.086799E+1
4.373420E+2	4.430800E+2	2.616683E+1	-1.005714E+0	1.826362E-4	4.488197E-4	1.826362E-3	3.824947E-1	1.000932E+1
4.504670E+2	4.428600E+2	2.617983E+1	-1.057683E+0	1.818550E-4	1.167598E-3	1.818550E-3	3.781664E-1	9.899546E+0
4.606780E+2	4.426800E+2	2.619048E+1	-9.732776E-1	1.811354E-4	9.924090E-4	1.811354E-3	4.231920E-1	1.108333E+1
4.723910E+2	4.424900E+2	2.620172E+1	-9.841443E-1	1.801212E-4	9.377757E-4	1.801212E-3	4.523594E-1	1.185342E+1
4.851940E+2	4.422800E+2	2.621416E+1	-1.141770E+0	1.790396E-4	1.741327E-3	1.790396E-3	4.640293E-1	1.216422E+1
4.967550E+2	4.420600E+2	2.622721E+1	-9.370120E-1	1.780826E-4	7.284914E-4	1.780826E-3	4.405261E-1	1.155342E+1
5.082810E+2	4.418800E+2	2.623789E+1	-1.014136E+0	1.771508E-4	8.295269E-4	1.771508E-3	4.217220E-1	1.106534E+1
5.212970E+2	4.416600E+2	2.625096E+1	-9.600808E-1	1.762668E-4	9.263377E-4	1.762668E-3	4.227500E-1	1.109757E+1
5.331710E+2	4.414700E+2	2.626226E+1	-1.064639E+0	1.754620E-4	9.767173E-4	1.754620E-3	4.133978E-1	1.085661E+1
5.450060E+2	4.412600E+2	2.627476E+1	-9.885536E-1	1.744726E-4	1.089800E-3	1.744726E-3	4.107876E-1	1.079340E+1
5.565380E+2	4.410700E+2	2.628608E+1	-1.068159E+0	1.736904E-4	1.030502E-3	1.736904E-3	4.147923E-1	1.090330E+1
5.683340E+2	4.408600E+2	2.629860E+1	-9.667571E-1	1.728824E-4	8.817810E-4	1.728824E-3	4.197291E-1	1.103803E+1
5.801260E+2	4.406700E+2	2.630994E+1	-1.023541E+0	1.719626E-4	1.096169E-3	1.719626E-3	4.437518E-1	1.167471E+1
5.918500E+2	4.404700E+2	2.632188E+1	-9.473684E-1	1.710528E-4	1.083845E-3	1.710528E-3	4.486240E-1	1.180883E+1
6.032500E+2	4.402900E+2	2.633264E+1	-1.031008E+0	1.701596E-4	9.324429E-4	1.701596E-3	4.360538E-1	1.148297E+1
6.160530E+2	4.400700E+2	2.634581E+1	-9.621877E-1	1.692848E-4	9.692533E-4	1.692848E-3	4.342409E-1	1.144025E+1
6.279010E+2	4.398800E+2	2.635719E+1	-9.462230E-1	1.684486E-4	9.381369E-4	1.684486E-3	4.209003E-1	1.109376E+1
6.405830E+2	4.396800E+2	2.636918E+1	-1.093181E+0	1.675264E-4	9.160314E-4	1.675264E-3	4.299400E-1	1.133758E+1
6.521090E+2	4.394700E+2	2.638178E+1	-9.472972E-1	1.667250E-4	9.295682E-4	1.667250E-3	4.319129E-1	1.139435E+1
6.654100E+2	4.392600E+2	2.639439E+1	-1.089039E+0	1.657608E-4	9.803923E-4	1.657608E-3	4.425451E-1	1.168030E+1
6.753270E+2	4.390800E+2	2.640521E+1	-9.966777E-1	1.649648E-4	1.023846E-3	1.649648E-3	4.690756E-1	1.238660E+1
6.885710E+2	4.388600E+2	2.641845E+1	-1.048340E+0	1.639326E-4	1.127049E-3	1.639326E-3	4.717387E-1	1.246230E+1
7.005900E+2	4.386500E+2	2.643110E+1	-1.021635E+0	1.628988E-4	1.209725E-3	1.628988E-3	4.696562E-1	1.241269E+1
7.105740E+2	4.384800E+2	2.644134E+1	-9.165903E-1	1.621644E-4	1.122924E-3	1.621644E-3	4.537325E-1	1.199757E+1
7.236660E+2	4.382800E+2	2.645341E+1	-1.002462E+0	1.612834E-4	9.445958E-4	1.612834E-3	4.362138E-1	1.153989E+1
7.350380E+2	4.380900E+2	2.646488E+1	-1.003192E+0	1.605040E-4	9.096667E-4	1.605040E-3	4.356419E-1	1.152952E+1
7.481960E+2	4.378700E+2	2.647818E+1	-9.746922E-1	1.595880E-4	9.970739E-4	1.595880E-3	4.326416E-1	1.145525E+1
7.598920E+2	4.376800E+2	2.648967E+1	-1.039951E+0	1.587678E-4	1.013496E-3	1.587678E-3	4.333184E-1	1.147863E+1
7.714310E+2	4.374800E+2	2.650178E+1	-1.029802E+0	1.579548E-4	9.673107E-4	1.579548E-3	4.399394E-1	1.165944E+1
7.842490E+2	4.372600E+2	2.651512E+1	-9.726133E-1	1.570520E-4	9.911155E-4	1.570520E-3	4.451070E-1	1.180157E+1
7.959700E+2	4.370700E+2	2.652664E+1	-1.019888E+0	1.561948E-4	1.052597E-3	1.561948E-3	4.555189E-1	1.208309E+1
8.077360E+2	4.368700E+2	2.653879E+1	-1.002462E+0	1.553440E-4	1.036919E-3	1.553440E-3	4.520005E-1	1.199574E+1
8.191080E+2	4.366800E+2	2.655033E+1	-1.068430E+0	1.545100E-4	1.097164E-3	1.545100E-3	4.443885E-1	1.179913E+1
8.309010E+2	4.364700E+2	2.656311E+1	-9.398076E-1	1.536908E-4	1.053606E-3	1.536908E-3	4.391471E-1	1.166527E+1
8.443080E+2	4.362600E+2	2.657590E+1	-1.028542E+0	1.528040E-4	1.037612E-3	1.528040E-3	4.354629E-1	1.157240E+1
8.559750E+2	4.360600E+2	2.658808E+1	-9.813205E-1	1.520072E-4	9.334757E-4	1.520072E-3	4.421556E-1	1.175565E+1
8.675920E+2	4.358700E+2	2.659967E+1	-9.760274E-1	1.512360E-4	9.786365E-4	1.512360E-3	4.338322E-1	1.154024E+1
8.792720E+2	4.356800E+2	2.661127E+1	-1.036737E+0	1.504372E-4	9.392508E-4	1.504372E-3	4.297465E-1	1.143648E+1
8.925830E+2	4.354500E+2	2.662533E+1	-9.808635E-1	1.495834E-4	1.104770E-3	1.495834E-3	4.187611E-1	1.114925E+1
9.029820E+2	4.352800E+2	2.663573E+1	-1.029079E+0	1.489220E-4	6.288770E-4	1.489220E-3	4.149496E-1	1.105265E+1
9.158090E+2	4.350600E+2	2.664920E+1	-1.003168E+0	1.481216E-4	9.135188E-4	1.481216E-3	4.255758E-1	1.134103E+1
9.271730E+2	4.348700E+2	2.666084E+1	-9.683996E-1	1.473670E-4	1.000839E-3	1.473670E-3	4.352555E-1	1.160421E+1
9.389450E+2	4.346800E+2	2.667249E+1	-1.005868E+0	1.465956E-4	1.009679E-3	1.465956E-3	4.508837E-1	1.202649E+1
9.520680E+2	4.344600E+2	2.668600E+1	-9.347412E-1	1.457134E-4	1.003465E-3	1.457134E-3	4.572989E-1	1.220270E+1
9.636220E+2	4.342800E+2	2.669706E+1	-9.472022E-1	1.449546E-4	1.031035E-3	1.449546E-3	4.434723E-1	1.183995E+1
9.750240E+2	4.341000E+2	2.670813E+1	-1.167770E+0	1.442146E-4	9.709810E-4	1.442146E-3	4.362723E-1	1.165299E+1
9.878690E+2	4.338500E+2	2.672352E+1	-9.691211E-1	1.433454E-4	1.051221E-3	1.433454E-3	4.346152E-1	1.161376E+1
9.983940E+2	4.336800E+2	2.673400E+1	-9.883939E-1	1.426592E-4	1.074699E-3	1.426592E-3	4.395514E-1	1.175093E+1
1.011749E+3	4.334600E+2	2.674757E+1	-1.030308E+0	1.417750E-4	1.011743E-3	1.417750E-3	4.555516E-1	1.218486E+1
1.023396E+3	4.332600E+2	2.675991E+1	-9.416040E-1	1.409960E-4	1.101824E-3	1.409960E-3	4.492682E-1	1.202198E+1
1.035503E+3	4.330700E+2	2.677165E+1	-1.036538E+0	1.402308E-4	1.003250E-3	1.402308E-3	4.429634E-1	1.185919E+1
1.047080E+3	4.328700E+2	2.678402E+1	-9.726725E-1	1.394982E-4	1.024155E-3	1.394982E-3	4.396717E-1	1.177622E+1
1.060034E+3	4.326600E+2	2.679702E+1	-9.385591E-1	1.387022E-4	8.487004E-4	1.387022E-3	4.312546E-1	1.155619E+1
1.071541E+3	4.324800E+2	2.680818E+1	-1.054734E+0	1.380218E-4	9.857963E-4	1.380218E-3	4.426683E-1	1.186728E+1
1.084056E+3	4.322600E+2	2.682182E+1	-9.226038E-1	1.372442E-4	1.079666E-3	1.372442E-3	4.503232E-1	1.207809E+1
1.095762E+3	4.320800E+2	2.683299E+1	-1.039231E+0	1.364766E-4	1.063067E-3	1.364766E-3	4.617429E-1	1.239006E+1
1.107309E+3	4.318800E+2	2.684542E+1	-9.593422E-1	1.357156E-4	1.041059E-3	1.357156E-3	4.596076E-1	1.233904E+1
1.120443E+3	4.316700E+2	2.685848E+1	-1.134624E+0	1.348712E-4	1.051751E-3	1.348712E-3	4.504964E-1	1.209940E+1
1.131548E+3	4.314600E+2	2.687155E+1	-9.249743E-1	1.341478E-4	1.057489E-3	1.341478E-3	4.251480E-1	1.142412E+1
1.143224E+3	4.312800E+2	2.688277E+1	-1.083685E+0	1.334398E-4	1.030971E-3	1.334398E-3	4.151461E-1	1.116033E+1
1.154851E+3	4.310700E+2	2.689586E+1	-9.403570E-1	1.328584E-4	9.418082E-4	1.328584E-3	4.103575E-1	1.103677E+1
1.166336E+3	4.308900E+2	2.690710E+1	-1.031460E+0	1.321442E-4	1.095136E-3	1.321442E-3	4.148341E-1	1.116243E+1
1.177970E+3	4.306900E+2	2.691959E+1	-9.534996E-1	1.315104E-4	9.683429E-4	1.315104E-3	4.384889E-1	1.180438E+1
1.192443E+3	4.304600E+2	2.693398E+1	-9.452127E-1	1.306584E-4	1.067479E-3	1.306584E-3	4.371729E-1	1.177400E+1
1.203869E+3	4.302800E+2	2.694524E+1	-1.002758E+0	1.299802E-4	1.018441E-3	1.299802E-3	4.417871E-1	1.190415E+1
1.215836E+3	4.300800E+2	2.695778E+1	-1.084244E+0	1.292798E-4	1.071849E-3	1.292798E-3	4.426757E-1	1.193370E+1
1.227457E+3	4.298700E+2	2.697094E+1	-9.397024E-1	1.285664E-4	1.136194E-3	1.285664E-3	4.394276E-1	1.185159E+1
1.238950E+3	4.296900E+2	2.698224E+1	-1.128881E+0	1.278664E-4	1.035457E-3	1.278664E-3	4.506158E-1	1.215878E+1
1.250643E+3	4.294700E+2	2.699606E+1	-9.199319E-1	1.271234E-4	1.164430E-3	1.271234E-3	4.554677E-1	1.229565E+1
1.262383E+3	4.292900E+2	2.700738E+1	-9.828393E-1	1.264172E-4	9.837361E-4	1.264172E-3	4.503249E-1	1.216200E+1
1.275203E+3	4.290800E+2	2.702060E+1	-9.275960E-1	1.256856E-4	1.090248E-3	1.256856E-3	4.435505E-1	1.198550E+1
1.286846E+3	4.289000E+2	2.703194E+1	-1.096976E+0	1.250552E-4	9.476642E-4	1.250552E-3	4.386322E-1	1.185757E+1
1.299973E+3	4.286600E+2	2.704708E+1	-9.258465E-1	1.242712E-4	1.128240E-3	1.242712E-3	4.394316E-1	1.188468E+1
1.311638E+3	4.284800E+2	2.705844E+1	-1.045205E+0	1.235972E-4	1.034996E-3	1.235972E-3	4.439424E-1	1.201238E+1
1.323119E+3	4.282800E+2	2.707107E+1	-9.847072E-1	1.229316E-4	1.096372E-3	1.229316E-3	4.468090E-1	1.209595E+1
1.336524E+3	4.280600E+2	2.708499E+1	-1.024474E+0	1.221538E-4	1.136501E-3	1.221538E-3	4.394095E-1	1.190080E+1
1.347066E+3	4.278800E+2	2.709638E+1	-1.043206E+0	1.215560E-4	1.082564E-3	1.215560E-3	4.408392E-1	1.194547E+1
1.358569E+3	4.276800E+2	2.710905E+1	-1.005791E+0	1.208874E-4	1.069776E-3	1.208874E-3	4.428418E-1	1.200530E+1
1.371693E+3	4.274600E+2	2.712301E+1	-9.508716E-1	1.201388E-4	1.102952E-3	1.201388E-3	4.424089E-1	1.199915E+1
1.383051E+3	4.272800E+2	2.713443E+1	-1.034564E+0	1.195046E-4	9.696924E-4	1.195046E-3	4.524502E-1	1.227687E+1
1.395810E+3	4.270600E+2	2.714841E+1	-8.611228E-1	1.188056E-4	1.127887E-3	1.188056E-3	4.470550E-1	1.213651E+1
1.407655E+3	4.268900E+2	2.715922E+1	-1.073345E+0	1.181514E-4	1.112369E-3	1.181514E-3	4.399251E-1	1.194840E+1
1.419394E+3	4.266800E+2	2.717259E+1	-1.021190E+0	1.175198E-4	1.090912E-3	1.175198E-3	4.422177E-1	1.201676E+1
1.431145E+3	4.264800E+2	2.718533E+1	-9.909166E-1	1.168696E-4	1.095047E-3	1.168696E-3	4.344493E-1	1.181050E+1
1.444466E+3	4.262600E+2	2.719936E+1	-1.062156E+0	1.161190E-4	1.082716E-3	1.161190E-3	4.465109E-1	1.214447E+1
1.454634E+3	4.260800E+2	2.721085E+1	-1.007249E+0	1.155516E-4	1.086889E-3	1.155516E-3	4.509366E-1	1.227056E+1
1.467739E+3	4.258600E+2	2.722491E+1	-9.939838E-1	1.148040E-4	1.041679E-3	1.148040E-3	4.441853E-1	1.209289E+1
1.479208E+3	4.256700E+2	2.723706E+1	-9.964413E-1	1.141682E-4	1.021944E-3	1.141682E-3	4.482996E-1	1.221013E+1
1.491853E+3	4.254600E+2	2.725051E+1	-9.307135E-1	1.135340E-4	1.029511E-3	1.135340E-3	4.503330E-1	1.227128E+1
1.503457E+3	4.252800E+2	2.726204E+1	-9.420709E-1	1.129100E-4	1.060207E-3	1.129100E-3	4.505317E-1	1.228286E+1
1.515558E+3	4.250900E+2	2.727422E+1	-1.030543E+0	1.122716E-4	1.087701E-3	1.122716E-3	4.563204E-1	1.244661E+1
1.528949E+3	4.248600E+2	2.728899E+1	-9.859886E-1	1.115538E-4	1.035392E-3	1.115538E-3	4.452663E-1	1.215057E+1
1.540511E+3	4.246700E+2	2.730120E+1	-1.060071E+0	1.109238E-4	1.057767E-3	1.109238E-3	4.400431E-1	1.201333E+1
1.552397E+3	4.244600E+2	2.731471E+1	-1.037165E+0	1.102958E-4	1.151795E-3	1.102958E-3	4.336695E-1	1.184543E+1
1.562810E+3	4.242800E+2	2.732629E+1	-1.078213E+0	1.097294E-4	1.178981E-3	1.097294E-3	4.322441E-1	1.181206E+1
1.574496E+3	4.240700E+2	2.733983E+1	-9.544008E-1	1.091174E-4	1.066794E-3	1.091174E-3	4.431757E-1	1.211630E+1
1.587698E+3	4.238600E+2	2.735337E+1	-9.226826E-1	1.084440E-4	1.027032E-3	1.084440E-3	4.456964E-1	1.219066E+1
1.599403E+3	4.236800E+2	2.736499E+1	-1.019801E+0	1.078524E-4	1.079386E-3	1.078524E-3	4.515950E-1	1.235825E+1
1.611170E+3	4.234800E+2	2.737792E+1	-9.738754E-1	1.072562E-4	1.078049E-3	1.072562E-3	4.493089E-1	1.230145E+1
1.624108E+3	4.232700E+2	2.739150E+1	-9.865859E-1	1.065964E-4	1.047370E-3	1.065964E-3	4.456766E-1	1.220743E+1
1.635663E+3	4.230800E+2	2.740380E+1	-1.009506E+0	1.060036E-4	1.042804E-3	1.060036E-3	4.467393E-1	1.224240E+1
1.647550E+3	4.228800E+2	2.741676E+1	-1.016346E+0	1.054036E-4	1.132051E-3	1.054036E-3	4.488327E-1	1.230596E+1
1.659357E+3	4.226800E+2	2.742973E+1	-9.989405E-1	1.048002E-4	1.070199E-3	1.048002E-3	4.555687E-1	1.249583E+1
1.672571E+3	4.224600E+2	2.744402E+1	-9.537055E-1	1.041022E-4	1.031497E-3	1.041022E-3	4.612791E-1	1.265866E+1
1.682637E+3	4.223000E+2	2.745442E+1	-1.036269E+0	1.035864E-4	1.123506E-3	1.035864E-3	4.526998E-1	1.242968E+1
1.695375E+3	4.220800E+2	2.746873E+1	-1.098810E+0	1.029198E-4	1.117024E-3	1.029198E-3	4.454207E-1	1.223559E+1
1.707388E+3	4.218600E+2	2.748305E+1	-9.522219E-1	1.023102E-4	1.181777E-3	1.023102E-3	4.436607E-1	1.219221E+1
1.719360E+3	4.216700E+2	2.749543E+1	-9.605662E-1	1.017242E-4	1.116366E-3	1.017242E-3	4.406217E-1	1.211509E+1
1.731228E+3	4.214800E+2	2.750783E+1	-1.013202E+0	1.011506E-4	1.167051E-3	1.011506E-3	4.507813E-1	1.240022E+1
1.744256E+3	4.212600E+2	2.752220E+1	-8.746356E-1	1.005458E-4	1.076377E-3	1.005458E-3	4.471953E-1	1.230743E+1
1.755918E+3	4.210900E+2	2.753331E+1	-1.016166E+0	9.999580E-5	1.065183E-3	9.999580E-4	4.415729E-1	1.215864E+1
1.768908E+3	4.208700E+2	2.754770E+1	-1.087238E+0	9.937660E-5	1.123440E-3	9.937660E-4	4.482576E-1	1.234819E+1
1.780497E+3	4.206600E+2	2.756145E+1	-9.708738E-1	9.880260E-5	1.155470E-3	9.880260E-4	4.376911E-1	1.206307E+1
1.790385E+3	4.205000E+2	2.757194E+1	-1.130454E+0	9.829480E-5	1.177696E-3	9.829480E-4	4.465497E-1	1.231295E+1
1.803654E+3	4.202500E+2	2.758834E+1	-9.230769E-1	9.762880E-5	1.121920E-3	9.762880E-4	4.567928E-1	1.260137E+1
1.814054E+3	4.200900E+2	2.759885E+1	-9.482240E-1	9.712520E-5	1.110283E-3	9.712520E-4	4.512028E-1	1.245270E+1
1.827342E+3	4.198800E+2	2.761265E+1	-1.013171E+0	9.649860E-5	1.103232E-3	9.649860E-4	4.575969E-1	1.263609E+1
1.839186E+3	4.196800E+2	2.762581E+1	-9.549795E-1	9.596280E-5	1.107280E-3	9.596280E-4	4.422164E-1	1.221681E+1
1.852380E+3	4.194700E+2	2.763964E+1	-1.061678E+0	9.534740E-5	1.109857E-3	9.534740E-4	4.439206E-1	1.226949E+1
1.864248E+3	4.192600E+2	2.765348E+1	-9.251328E-1	9.480980E-5	1.101018E-3	9.480980E-4	4.477112E-1	1.238029E+1
1.875922E+3	4.190800E+2	2.766536E+1	-1.070155E+0	9.425620E-5	1.156384E-3	9.425620E-4	4.501988E-1	1.245507E+1
1.887696E+3	4.188700E+2	2.767923E+1	-1.004228E+0	9.369340E-5	1.102373E-3	9.369340E-4	4.614218E-1	1.277177E+1
1.899048E+3	4.186800E+2	2.769179E+1	-1.035018E+0	9.314520E-5	1.159415E-3	9.314520E-4	4.559777E-1	1.262715E+1
1.910642E+3	4.184800E+2	2.770503E+1	-9.930038E-1	9.256500E-5	1.175890E-3	9.256500E-4	4.594760E-1	1.273002E+1
1.923935E+3	4.182600E+2	2.771960E+1	-9.453782E-1	9.196940E-5	1.090076E-3	9.196940E-4	4.458166E-1	1.235759E+1
1.935359E+3	4.180800E+2	2.773153E+1	-1.045959E+0	9.146480E-5	9.394066E-4	9.146480E-4	4.404055E-1	1.221320E+1
1.947979E+3	4.178600E+2	2.774614E+1	-9.394572E-1	9.092120E-5	1.095760E-3	9.092120E-4	4.505148E-1	1.249946E+1
1.959475E+3	4.176800E+2	2.775809E+1	-9.037577E-1	9.041560E-5	9.885781E-4	9.041560E-4	4.517226E-1	1.253909E+1
1.972089E+3	4.174900E+2	2.777073E+1	-1.037002E+0	8.985400E-5	1.150483E-3	8.985400E-4	4.580436E-1	1.272092E+1
1.984818E+3	4.172700E+2	2.778537E+1	-1.015228E+0	8.929620E-5	9.917129E-4	8.929620E-4	4.492761E-1	1.248316E+1
1.996047E+3	4.170800E+2	2.779802E+1	-1.087238E+0	8.878240E-5	1.245357E-3	8.878240E-4	4.420162E-1	1.228719E+1
2.007636E+3	4.168700E+2	2.781203E+1	-1.048584E+0	8.823820E-5	1.232675E-3	8.823820E-4	4.454925E-1	1.238990E+1
2.019080E+3	4.166700E+2	2.782538E+1	-1.007067E+0	8.771480E-5	1.163234E-3	8.771480E-4	4.512131E-1	1.255436E+1
2.030400E+3	4.164800E+2	2.783807E+1	-9.209101E-1	8.722000E-5	1.064542E-3	8.722000E-4	4.570344E-1	1.272308E+1
2.041476E+3	4.163100E+2	2.784944E+1	-9.849404E-1	8.673840E-5	1.035442E-3	8.673840E-4	4.622015E-1	1.287292E+1
2.055487E+3	4.160800E+2	2.786483E+1	-9.432314E-1	8.614180E-5	1.103181E-3	8.614180E-4	4.548371E-1	1.267411E+1
2.066937E+3	4.159000E+2	2.787689E+1	-1.058363E+0	8.565300E-5	1.131844E-3	8.565300E-4	4.457338E-1	1.242623E+1
2.079976E+3	4.156700E+2	2.789232E+1	-1.018017E+0	8.509620E-5	1.091281E-3	8.509620E-4	4.441972E-1	1.238951E+1
2.092353E+3	4.154600E+2	2.790642E+1	-9.907874E-1	8.456060E-5	1.055439E-3	8.456060E-4	4.468949E-1	1.247024E+1
2.103859E+3	4.152700E+2	2.791919E+1	-9.873549E-1	8.407400E-5	1.089058E-3	8.407400E-4	4.528090E-1	1.264192E+1
2.115405E+3	4.150800E+2	2.793196E+1	-1.074980E+0	8.357200E-5	1.115159E-3	8.357200E-4	4.576003E-1	1.278199E+1
2.126568E+3	4.148800E+2	2.794543E+1	-9.405126E-1	8.308180E-5	1.155344E-3	8.308180E-4	4.306658E-1	1.203577E+1
2.139327E+3	4.146800E+2	2.795891E+1	-1.041256E+0	8.254800E-5	1.086195E-3	8.254800E-4	4.325751E-1	1.209436E+1
2.152004E+3	4.144600E+2	2.797375E+1	-9.573619E-1	8.214740E-5	9.212979E-4	8.214740E-4	4.481192E-1	1.253476E+1
2.163285E+3	4.142800E+2	2.798590E+1	-9.394082E-1	8.160240E-5	1.216031E-3	8.160240E-4	4.578385E-1	1.281307E+1
2.176059E+3	4.140800E+2	2.799942E+1	-1.020408E+0	8.106760E-5	1.042088E-3	8.106760E-4	4.767618E-1	1.334954E+1
2.188407E+3	4.138700E+2	2.801363E+1	-9.929449E-1	8.056080E-5	1.130550E-3	8.056080E-4	4.568745E-1	1.279826E+1
2.199888E+3	4.136800E+2	2.802649E+1	-1.001669E+0	8.009040E-5	1.141609E-3	8.009040E-4	4.563613E-1	1.278970E+1
2.211269E+3	4.134900E+2	2.803937E+1	-9.693053E-1	7.962360E-5	1.166124E-3	7.962360E-4	4.630370E-1	1.298389E+1
2.222411E+3	4.133100E+2	2.805158E+1	-1.020915E+0	7.915780E-5	1.178849E-3	7.915780E-4	4.549044E-1	1.276219E+1
2.236516E+3	4.130700E+2	2.806788E+1	-1.113271E+0	7.856600E-5	1.173305E-3	7.856600E-4	4.460180E-1	1.251852E+1
2.247834E+3	4.128600E+2	2.808216E+1	-1.023064E+0	7.810200E-5	1.135897E-3	7.810200E-4	4.472483E-1	1.255854E+1
2.258977E+3	4.126700E+2	2.809509E+1	-9.066327E-1	7.766100E-5	1.081126E-3	7.766100E-4	4.506957E-1	1.266243E+1
2.271551E+3	4.124800E+2	2.810803E+1	-1.034321E+0	7.716080E-5	1.123015E-3	7.716080E-4	4.607348E-1	1.295073E+1
2.284313E+3	4.122600E+2	2.812303E+1	-9.574468E-1	7.665440E-5	1.073611E-3	7.665440E-4	4.646775E-1	1.306762E+1
2.295593E+3	4.120800E+2	2.813531E+1	-9.605379E-1	7.621860E-5	1.079072E-3	7.621860E-4	4.490671E-1	1.263536E+1
2.308086E+3	4.118800E+2	2.814898E+1	-1.140413E+0	7.572500E-5	1.077821E-3	7.572500E-4	4.510644E-1	1.269757E+1
2.320713E+3	4.116400E+2	2.816539E+1	-9.446194E-1	7.521680E-5	1.354006E-3	7.521680E-4	4.525559E-1	1.274503E+1
2.331511E+3	4.114700E+2	2.817702E+1	-1.019131E+0	7.479480E-5	1.201263E-3	7.479480E-4	4.569220E-1	1.287447E+1
2.342697E+3	4.112800E+2	2.819004E+1	-9.995240E-1	7.433860E-5	1.248629E-3	7.433860E-4	4.670132E-1	1.316615E+1
2.355303E+3	4.110700E+2	2.820444E+1	-1.000159E+0	7.384460E-5	1.139642E-3	7.384460E-4	4.667266E-1	1.316345E+1
2.367901E+3	4.108600E+2	2.821886E+1	-9.162774E-1	7.336000E-5	1.140933E-3	7.336000E-4	4.605547E-1	1.299583E+1
2.379033E+3	4.106900E+2	2.823054E+1	-1.062032E+0	7.294180E-5	1.075323E-3	7.294180E-4	4.559133E-1	1.287127E+1
2.391462E+3	4.104700E+2	2.824567E+1	-1.000088E+0	7.246740E-5	1.181941E-3	7.246740E-4	4.547901E-1	1.284596E+1
2.402861E+3	4.102800E+2	2.825875E+1	-1.003424E+0	7.203820E-5	1.117545E-3	7.203820E-4	4.588853E-1	1.296747E+1
2.415418E+3	4.100700E+2	2.827322E+1	-9.603073E-1	7.155440E-5	1.213390E-3	7.155440E-4	4.651759E-1	1.315185E+1
2.427914E+3	4.098700E+2	2.828702E+1	-1.032983E+0	7.107640E-5	1.141987E-3	7.107640E-4	4.589951E-1	1.298319E+1
2.438950E+3	4.096800E+2	2.830014E+1	-1.035422E+0	7.066500E-5	1.050583E-3	7.066500E-4	4.578081E-1	1.295589E+1
2.449960E+3	4.094900E+2	2.831327E+1	-8.826262E-1	7.026420E-5	1.116391E-3	7.026420E-4	4.518883E-1	1.279489E+1
2.462876E+3	4.093000E+2	2.832641E+1	-1.031008E+0	6.981500E-5	1.167744E-3	6.981500E-4	4.514257E-1	1.278829E+1
2.475679E+3	4.090800E+2	2.834164E+1	-1.038798E+0	6.935120E-5	1.099584E-3	6.935120E-4	4.565511E-1	1.293927E+1
2.488386E+3	4.088600E+2	2.835689E+1	-9.462893E-1	6.888580E-5	1.104774E-3	6.888580E-4	4.605756E-1	1.305954E+1
2.499799E+3	4.086800E+2	2.836938E+1	-1.006390E+0	6.846760E-5	1.159437E-3	6.846760E-4	4.699054E-1	1.333095E+1
2.512319E+3	4.084700E+2	2.838397E+1	-1.020317E+0	6.798840E-5	1.158822E-3	6.798840E-4	4.692780E-1	1.332001E+1
2.523492E+3	4.082800E+2	2.839718E+1	-1.064207E+0	6.757740E-5	1.175782E-3	6.757740E-4	4.645461E-1	1.319183E+1
2.534768E+3	4.080800E+2	2.841110E+1	-9.560229E-1	6.715700E-5	1.203138E-3	6.715700E-4	4.579013E-1	1.300997E+1
2.547320E+3	4.078800E+2	2.842503E+1	-1.043066E+0	6.671080E-5	1.133036E-3	6.671080E-4	4.606610E-1	1.309434E+1
2.559975E+3	4.076600E+2	2.844037E+1	-9.422439E-1	6.626000E-5	1.157523E-3	6.626000E-4	4.578999E-1	1.302234E+1
2.571437E+3	4.074800E+2	2.845293E+1	-1.018017E+0	6.586220E-5	1.065068E-3	6.586220E-4	4.548068E-1	1.294063E+1
2.583814E+3	4.072700E+2	2.846760E+1	-9.970264E-1	6.544200E-5	1.119253E-3	6.544200E-4	4.635719E-1	1.319671E+1
2.595248E+3	4.070800E+2	2.848089E+1	-9.195402E-1	6.503780E-5	1.153196E-3	6.503780E-4	4.574454E-1	1.302864E+1
2.608298E+3	4.068800E+2	2.849489E+1	-1.125100E+0	6.459420E-5	1.170982E-3	6.459420E-4	4.617951E-1	1.315901E+1
2.619497E+3	4.066700E+2	2.850960E+1	-1.017312E+0	6.419400E-5	1.264346E-3	6.419400E-4	4.645233E-1	1.324315E+1
2.630703E+3	4.064800E+2	2.852293E+1	-9.858384E-1	6.378420E-5	1.267699E-3	6.378420E-4	4.667807E-1	1.331376E+1
2.643484E+3	4.062700E+2	2.853767E+1	-9.737625E-1	6.333160E-5	1.226470E-3	6.333160E-4	4.730342E-1	1.349914E+1
2.654575E+3	4.060900E+2	2.855032E+1	-1.019170E+0	6.295700E-5	1.120291E-3	6.295700E-4	4.708682E-1	1.344384E+1
2.666938E+3	4.058800E+2	2.856509E+1	-9.555662E-1	6.253380E-5	1.170726E-3	6.253380E-4	4.688985E-1	1.339426E+1
2.679496E+3	4.056800E+2	2.857918E+1	-9.570141E-1	6.210980E-5	1.128438E-3	6.210980E-4	4.702033E-1	1.343753E+1
2.692035E+3	4.054800E+2	2.859327E+1	-9.637694E-1	6.170240E-5	1.148262E-3	6.170240E-4	4.653833E-1	1.330688E+1
2.703241E+3	4.053000E+2	2.860597E+1	-1.050370E+0	6.133500E-5	1.147255E-3	6.133500E-4	4.601172E-1	1.316300E+1
2.715808E+3	4.050800E+2	2.862151E+1	-9.926731E-1	6.091540E-5	1.207267E-3	6.091540E-4	4.557676E-1	1.304491E+1
2.728501E+3	4.048700E+2	2.863635E+1	-1.080400E+0	6.049200E-5	1.176674E-3	6.049200E-4	4.615708E-1	1.321682E+1
2.739608E+3	4.046700E+2	2.865051E+1	-9.484500E-1	6.011320E-5	1.210461E-3	6.011320E-4	4.760698E-1	1.363903E+1
2.750995E+3	4.044900E+2	2.866325E+1	-9.529103E-1	5.972940E-5	1.188730E-3	5.972940E-4	4.705746E-1	1.348879E+1
2.763588E+3	4.042900E+2	2.867743E+1	-1.125704E+0	5.931060E-5	1.245423E-3	5.931060E-4	4.732761E-1	1.357292E+1
2.774781E+3	4.040800E+2	2.869234E+1	-9.329083E-1	5.894060E-5	1.215225E-3	5.894060E-4	4.670174E-1	1.339947E+1
2.787644E+3	4.038800E+2	2.870655E+1	-9.945908E-1	5.852480E-5	1.215829E-3	5.852480E-4	4.678536E-1	1.343022E+1
2.799106E+3	4.036900E+2	2.872006E+1	-9.713977E-1	5.815780E-5	1.212640E-3	5.815780E-4	4.695505E-1	1.348597E+1
2.812077E+3	4.034800E+2	2.873501E+1	-1.047760E+0	5.774560E-5	1.191289E-3	5.774560E-4	4.598269E-1	1.321331E+1
2.823530E+3	4.032800E+2	2.874926E+1	-9.909556E-1	5.738720E-5	1.168314E-3	5.738720E-4	4.562053E-1	1.311593E+1
2.836245E+3	4.030700E+2	2.876423E+1	-1.050955E+0	5.699020E-5	1.187977E-3	5.699020E-4	4.540158E-1	1.305912E+1
2.848805E+3	4.028500E+2	2.877994E+1	-1.039226E+0	5.658580E-5	1.229551E-3	5.658580E-4	4.686398E-1	1.348610E+1
2.858620E+3	4.026800E+2	2.879209E+1	-8.886810E-1	5.627180E-5	1.237370E-3	5.627180E-4	4.702039E-1	1.353851E+1
2.871448E+3	4.024900E+2	2.880568E+1	-1.054734E+0	5.587800E-5	1.140870E-3	5.587800E-4	4.803121E-1	1.383661E+1
2.883963E+3	4.022700E+2	2.882144E+1	-8.980621E-1	5.549020E-5	1.177144E-3	5.549020E-4	4.798555E-1	1.382959E+1
2.896657E+3	4.020800E+2	2.883506E+1	-1.006178E+0	5.510400E-5	1.185228E-3	5.510400E-4	4.677566E-1	1.348748E+1
2.907987E+3	4.018900E+2	2.884869E+1	-1.074402E+0	5.475940E-5	1.212968E-3	5.475940E-4	4.644325E-1	1.339888E+1
2.919156E+3	4.016900E+2	2.886305E+1	-9.944751E-1	5.441180E-5	1.235417E-3	5.441180E-4	4.518309E-1	1.304190E+1
2.931826E+3	4.014800E+2	2.887815E+1	-1.035619E+0	5.403720E-5	1.199910E-3	5.403720E-4	4.549187E-1	1.313689E+1
2.944572E+3	4.012600E+2	2.889398E+1	-1.004332E+0	5.365520E-5	1.235107E-3	5.365520E-4	4.675144E-1	1.350719E+1
2.954728E+3	4.010900E+2	2.890623E+1	-9.430255E-1	5.334220E-5	1.251023E-3	5.334220E-4	4.695520E-1	1.357319E+1
2.967453E+3	4.008900E+2	2.892065E+1	-1.069423E+0	5.296020E-5	1.212240E-3	5.296020E-4	4.728139E-1	1.367533E+1
2.978674E+3	4.006900E+2	2.893509E+1	-9.851543E-1	5.262460E-5	1.250244E-3	5.262460E-4	4.711320E-1	1.363236E+1
2.993291E+3	4.004500E+2	2.895243E+1	-9.892828E-1	5.218960E-5	1.239297E-3	5.218960E-4	4.677270E-1	1.354102E+1
3.002995E+3	4.002900E+2	2.896400E+1	-1.022219E+0	5.190160E-5	1.188227E-3	5.190160E-4	4.682056E-1	1.356180E+1
3.017082E+3	4.000500E+2	2.898138E+1	-1.018221E+0	5.148500E-5	1.243915E-3	5.148500E-4	4.648927E-1	1.347263E+1
3.028278E+3	3.998600E+2	2.899515E+1	-9.787041E-1	5.116640E-5	1.183716E-3	5.116640E-4	4.741836E-1	1.374786E+1
3.039313E+3	3.996800E+2	2.900821E+1	-8.847497E-1	5.084780E-5	1.244163E-3	5.084780E-4	4.721160E-1	1.369617E+1
3.052198E+3	3.994900E+2	2.902200E+1	-1.118496E+0	5.048540E-5	1.221720E-3	5.048540E-4	4.760019E-1	1.381534E+1
3.064536E+3	3.992600E+2	2.903872E+1	-9.495340E-1	5.012640E-5	1.220728E-3	5.012640E-4	4.686100E-1	1.360763E+1
3.075910E+3	3.990800E+2	2.905182E+1	-1.084906E+0	4.979700E-5	1.302439E-3	4.979700E-4	4.647263E-1	1.350102E+1
3.088630E+3	3.988500E+2	2.906857E+1	-1.010802E+0	4.942200E-5	1.398557E-3	4.942200E-4	4.772284E-1	1.387171E+1
3.098721E+3	3.986800E+2	2.908097E+1	-9.585394E-1	4.912600E-5	1.239534E-3	4.912600E-4	4.833906E-1	1.405725E+1
3.111866E+3	3.984700E+2	2.909629E+1	-9.406027E-1	4.875880E-5	1.264799E-3	4.875880E-4	4.860864E-1	1.414349E+1
3.123348E+3	3.982900E+2	2.910944E+1	-1.002068E+0	4.843040E-5	1.304403E-3	4.843040E-4	4.769883E-1	1.388519E+1
3.135922E+3	3.980800E+2	2.912480E+1	-1.001493E+0	4.809900E-5	1.249332E-3	4.809900E-4	4.647452E-1	1.353634E+1
3.147305E+3	3.978900E+2	2.913871E+1	-1.024328E+0	4.779180E-5	1.240836E-3	4.779180E-4	4.681275E-1	1.364066E+1
3.161363E+3	3.976500E+2	2.915629E+1	-9.695990E-1	4.740900E-5	1.274166E-3	4.740900E-4	4.811139E-1	1.402623E+1
3.171264E+3	3.974900E+2	2.916803E+1	-1.011804E+0	4.711140E-5	1.138390E-3	4.711140E-4	4.844361E-1	1.413030E+1
3.183717E+3	3.972800E+2	2.918345E+1	-1.049961E+0	4.676440E-5	1.336410E-3	4.676440E-4	4.991727E-1	1.456719E+1
3.195146E+3	3.970800E+2	2.919815E+1	-7.844504E-1	4.644600E-5	1.318373E-3	4.644600E-4	4.821068E-1	1.407646E+1
3.206619E+3	3.969300E+2	2.920918E+1	-1.160362E+0	4.615240E-5	7.658418E-4	4.615240E-4	4.785018E-1	1.397831E+1
3.219546E+3	3.966800E+2	2.922759E+1	-9.496175E-1	4.579140E-5	1.219285E-3	4.579140E-4	4.691624E-1	1.371240E+1
3.230919E+3	3.965000E+2	2.924086E+1	-1.031895E+0	4.549560E-5	1.285096E-3	4.549560E-4	4.667421E-1	1.364753E+1
3.243711E+3	3.962800E+2	2.925709E+1	-9.197257E-1	4.516320E-5	1.398223E-3	4.516320E-4	4.715951E-1	1.379750E+1
3.256106E+3	3.960900E+2	2.927113E+1	-1.126811E+0	4.483580E-5	1.306085E-3	4.483580E-4	4.661236E-1	1.364439E+1
3.267288E+3	3.958800E+2	2.928665E+1	-1.017263E+0	4.454020E-5	1.366915E-3	4.454020E-4	4.665862E-1	1.366480E+1
3.280264E+3	3.956600E+2	2.930294E+1	-9.356320E-1	4.419980E-5	1.367466E-3	4.419980E-4	4.697439E-1	1.376399E+1
3.291807E+3	3.954800E+2	2.931627E+1	-9.992862E-1	4.392020E-5	1.478239E-3	4.392020E-4	4.797369E-1	1.406433E+1
3.304416E+3	3.952700E+2	2.933185E+1	-1.054111E+0	4.357660E-5	1.288429E-3	4.357660E-4	4.777954E-1	1.401465E+1
3.315800E+3	3.950700E+2	2.934670E+1	-1.012433E+0	4.328260E-5	1.198359E-3	4.328260E-4	4.738689E-1	1.390617E+1
3.327060E+3	3.948800E+2	2.936082E+1	-9.594627E-1	4.299620E-5	1.291430E-3	4.299620E-4	4.799877E-1	1.409240E+1
3.339567E+3	3.946800E+2	2.937570E+1	-8.957583E-1	4.269420E-5	1.157383E-3	4.269420E-4	4.758766E-1	1.397942E+1
3.350954E+3	3.945100E+2	2.938836E+1	-1.098027E+0	4.240460E-5	1.305321E-3	4.240460E-4	4.772964E-1	1.402800E+1
3.363522E+3	3.942800E+2	2.940550E+1	-9.253247E-1	4.210200E-5	1.217036E-3	4.210200E-4	4.746038E-1	1.395589E+1
3.375842E+3	3.940900E+2	2.941968E+1	-1.005185E+0	4.179780E-5	1.263985E-3	4.179780E-4	4.613182E-1	1.357187E+1
3.388377E+3	3.938800E+2	2.943536E+1	-1.129032E+0	4.149100E-5	1.284528E-3	4.149100E-4	4.699431E-1	1.383301E+1
3.399537E+3	3.936700E+2	2.945106E+1	-9.871839E-1	4.121180E-5	1.362663E-3	4.121180E-4	4.766579E-1	1.403720E+1
3.411085E+3	3.934800E+2	2.946528E+1	-8.953114E-1	4.092200E-5	1.341018E-3	4.092200E-4	4.867528E-1	1.434186E+1
3.423818E+3	3.932900E+2	2.947952E+1	-1.036929E+0	4.061180E-5	1.246026E-3	4.061180E-4	4.889583E-1	1.441494E+1
3.434812E+3	3.931000E+2	2.949377E+1	-1.052128E+0	4.034360E-5	1.277869E-3	4.034360E-4	4.842865E-1	1.428426E+1
3.447358E+3	3.928800E+2	2.951028E+1	-9.423590E-1	4.004060E-5	1.248058E-3	4.004060E-4	4.685313E-1	1.382630E+1
3.460092E+3	3.926800E+2	2.952531E+1	-1.073826E+0	3.973420E-5	1.249573E-3	3.973420E-4	4.743087E-1	1.400357E+1
3.471267E+3	3.924800E+2	2.954036E+1	-9.085837E-1	3.947920E-5	1.221542E-3	3.947920E-4	4.832511E-1	1.427518E+1
3.483814E+3	3.922900E+2	2.955467E+1	-9.599232E-1	3.919180E-5	1.263264E-3	3.919180E-4	4.715150E-1	1.393606E+1
3.496315E+3	3.920900E+2	2.956974E+1	-1.162279E+0	3.889780E-5	1.353712E-3	3.889780E-4	4.799410E-1	1.419237E+1
3.507672E+3	3.918700E+2	2.958634E+1	-9.375732E-1	3.862520E-5	1.310752E-3	3.862520E-4	4.762397E-1	1.408958E+1
3.520471E+3	3.916700E+2	2.960145E+1	-1.020956E+0	3.832520E-5	1.328848E-3	3.832520E-4	4.738571E-1	1.402609E+1
3.531637E+3	3.914800E+2	2.961582E+1	-1.014686E+0	3.806100E-5	1.405086E-3	3.806100E-4	4.839117E-1	1.433131E+1
3.542872E+3	3.912900E+2	2.963020E+1	-9.397412E-1	3.781280E-5	1.365037E-3	3.781280E-4	4.838823E-1	1.433803E+1
3.555003E+3	3.911000E+2	2.964459E+1	-9.477312E-1	3.754340E-5	1.280683E-3	3.754340E-4	4.793755E-1	1.421170E+1
3.568931E+3	3.908800E+2	2.966128E+1	-1.079719E+0	3.722800E-5	1.314431E-3	3.722800E-4	4.830225E-1	1.432707E+1
3.580045E+3	3.906800E+2	2.967646E+1	-9.574468E-1	3.698340E-5	1.325415E-3	3.698340E-4	4.759397E-1	1.412407E+1
3.593205E+3	3.904700E+2	2.969242E+1	-1.068757E+0	3.668660E-5	1.284539E-3	3.668660E-4	4.809807E-1	1.428120E+1
3.604433E+3	3.902700E+2	2.970764E+1	-9.269272E-1	3.643080E-5	1.389027E-3	3.643080E-4	4.927247E-1	1.463730E+1
3.617379E+3	3.900700E+2	2.972287E+1	-1.019496E+0	3.614240E-5	1.277786E-3	3.614240E-4	4.907867E-1	1.458720E+1
3.628561E+3	3.898800E+2	2.973736E+1	-1.035234E+0	3.588920E-5	1.349211E-3	3.588920E-4	4.907224E-1	1.459268E+1
3.639573E+3	3.896900E+2	2.975185E+1	-1.014867E+0	3.563900E-5	1.388999E-3	3.563900E-4	4.795652E-1	1.426836E+1
3.650806E+3	3.895000E+2	2.976637E+1	-1.008969E+0	3.539260E-5	1.309437E-3	3.539260E-4	4.754655E-1	1.415386E+1
3.663294E+3	3.892900E+2	2.978242E+1	-1.039370E+0	3.512500E-5	1.293103E-3	3.512500E-4	4.777858E-1	1.423016E+1
3.675994E+3	3.890700E+2	2.979926E+1	-9.734240E-1	3.484780E-5	1.353659E-3	3.484780E-4	4.769872E-1	1.421367E+1
3.688938E+3	3.888600E+2	2.981536E+1	-1.036866E+0	3.457040E-5	1.473633E-3	3.457040E-4	4.808523E-1	1.433605E+1
3.701090E+3	3.886500E+2	2.983147E+1	-9.478673E-1	3.431400E-5	1.423968E-3	3.431400E-4	4.917263E-1	1.466767E+1
3.712484E+3	3.884700E+2	2.984529E+1	-9.223674E-1	3.407800E-5	1.429620E-3	3.407800E-4	4.864116E-1	1.451693E+1
3.724193E+3	3.882900E+2	2.985913E+1	-1.060727E+0	3.382980E-5	1.350948E-3	3.382980E-4	4.927871E-1	1.471522E+1
3.735506E+3	3.880900E+2	2.987451E+1	-9.716974E-1	3.360180E-5	1.416885E-3	3.360180E-4	4.917015E-1	1.468991E+1
3.748473E+3	3.878800E+2	2.989069E+1	-1.056245E+0	3.332120E-5	1.371568E-3	3.332120E-4	4.883621E-1	1.459762E+1
3.759834E+3	3.876800E+2	2.990611E+1	-1.021672E+0	3.306780E-5	1.368280E-3	3.306780E-4	5.001088E-1	1.495619E+1
3.772754E+3	3.874600E+2	2.992309E+1	-9.153318E-1	3.279920E-5	1.393730E-3	3.279920E-4	4.961216E-1	1.484483E+1
3.784553E+3	3.872800E+2	2.993700E+1	-1.000635E+0	3.256100E-5	1.345539E-3	3.256100E-4	5.148477E-1	1.541162E+1
3.797145E+3	3.870700E+2	2.995324E+1	-6.502890E-1	3.230460E-5	1.356148E-3	3.230460E-4	4.959382E-1	1.485491E+1
3.808217E+3	3.869500E+2	2.996253E+1	-1.369382E+0	3.211140E-5	4.239147E-4	3.211140E-4	4.762647E-1	1.427308E+1
3.819609E+3	3.866900E+2	2.998267E+1	-9.951821E-1	3.185680E-5	1.345659E-3	3.185680E-4	4.707615E-1	1.411465E+1
3.832270E+3	3.864800E+2	2.999897E+1	-9.605123E-1	3.160600E-5	1.376775E-3	3.160600E-4	4.601167E-1	1.380174E+1
3.843514E+3	3.863000E+2	3.001294E+1	-1.100830E+0	3.138280E-5	1.361144E-3	3.138280E-4	4.777739E-1	1.434067E+1
3.856050E+3	3.860700E+2	3.003082E+1	-1.025561E+0	3.113160E-5	1.407246E-3	3.113160E-4	4.790899E-1	1.438724E+1
3.868921E+3	3.858500E+2	3.004795E+1	-9.725349E-1	3.087640E-5	1.393139E-3	3.087640E-4	4.820032E-1	1.448173E+1
3.880026E+3	3.856700E+2	3.006197E+1	-9.555662E-1	3.065760E-5	1.397763E-3	3.065760E-4	4.899221E-1	1.472770E+1
3.892584E+3	3.854700E+2	3.007757E+1	-9.476178E-1	3.042420E-5	1.305549E-3	3.042420E-4	4.909622E-1	1.476713E+1
3.903981E+3	3.852900E+2	3.009162E+1	-9.951035E-1	3.022160E-5	1.113431E-3	3.022160E-4	4.799876E-1	1.444409E+1
3.916643E+3	3.850800E+2	3.010803E+1	-9.936372E-1	2.997540E-5	1.007912E-3	2.997540E-4	4.715078E-1	1.419620E+1
3.928116E+3	3.848900E+2	3.012289E+1	-1.058014E+0	2.977780E-5	1.375308E-3	2.977780E-4	4.685776E-1	1.411552E+1
3.939458E+3	3.846900E+2	3.013855E+1	-1.033089E+0	2.956260E-5	1.460350E-3	2.956260E-4	4.762277E-1	1.435313E+1
3.952816E+3	3.844600E+2	3.015658E+1	-9.331260E-1	2.930940E-5	1.408117E-3	2.930940E-4	4.877469E-1	1.470807E+1
3.964390E+3	3.842800E+2	3.017071E+1	-1.045793E+0	2.909100E-5	1.429558E-3	2.909100E-4	4.974819E-1	1.500925E+1
3.977012E+3	3.840600E+2	3.018799E+1	-9.486166E-1	2.885240E-5	1.426004E-3	2.885240E-4	4.991535E-1	1.506800E+1
3.988397E+3	3.838800E+2	3.020215E+1	-1.067711E+0	2.864260E-5	1.448702E-3	2.864260E-4	4.980419E-1	1.504193E+1
3.999636E+3	3.836800E+2	3.021789E+1	-9.319664E-1	2.842340E-5	1.445388E-3	2.842340E-4	4.933768E-1	1.490967E+1
4.012512E+3	3.834800E+2	3.023365E+1	-1.039206E+0	2.819420E-5	1.272516E-3	2.819420E-4	4.857539E-1	1.468622E+1
4.025214E+3	3.832600E+2	3.025100E+1	-9.603415E-1	2.797180E-5	1.302655E-3	2.797180E-4	4.905127E-1	1.483762E+1
4.036460E+3	3.830800E+2	3.026522E+1	-9.339975E-1	2.777720E-5	1.469078E-3	2.777720E-4	4.898707E-1	1.482622E+1
4.049308E+3	3.828800E+2	3.028103E+1	-1.117913E+0	2.754820E-5	1.406221E-3	2.754820E-4	4.949674E-1	1.498878E+1
4.060579E+3	3.826700E+2	3.029765E+1	-1.051801E+0	2.733120E-5	1.464078E-3	2.733120E-4	4.933026E-1	1.494554E+1
4.071988E+3	3.824700E+2	3.031349E+1	-9.835217E-1	2.712160E-5	1.621192E-3	2.712160E-4	4.836323E-1	1.466020E+1
4.083579E+3	3.822800E+2	3.032855E+1	-1.054852E+0	2.691720E-5	1.488683E-3	2.691720E-4	4.875445E-1	1.478674E+1
4.094955E+3	3.820800E+2	3.034443E+1	-9.420631E-1	2.672040E-5	1.333597E-3	2.672040E-4	4.896618E-1	1.485850E+1
4.107693E+3	3.818800E+2	3.036032E+1	-9.793814E-1	2.650620E-5	1.414487E-3	2.650620E-4	4.975378E-1	1.510491E+1
4.119333E+3	3.816900E+2	3.037544E+1	-9.011145E-1	2.630900E-5	1.376511E-3	2.630900E-4	5.018218E-1	1.524330E+1
4.131984E+3	3.815000E+2	3.039056E+1	-1.002466E+0	2.610040E-5	1.400570E-3	2.610040E-4	4.987005E-1	1.515666E+1
4.144553E+3	3.812900E+2	3.040730E+1	-1.003185E+0	2.589360E-5	1.368572E-3	2.589360E-4	4.839758E-1	1.471711E+1
4.157113E+3	3.810800E+2	3.042406E+1	-1.150126E+0	2.567700E-5	1.545841E-3	2.567700E-4	4.761107E-1	1.448508E+1
4.168590E+3	3.808600E+2	3.044163E+1	-1.013604E+0	2.548060E-5	1.415454E-3	2.548060E-4	4.788499E-1	1.457613E+1
4.179837E+3	3.806700E+2	3.045683E+1	-1.034394E+0	2.528620E-5	1.463623E-3	2.528620E-4	4.865577E-1	1.481832E+1
4.191438E+3	3.804700E+2	3.047284E+1	-9.296720E-1	2.508880E-5	1.527779E-3	2.508880E-4	5.042098E-1	1.536444E+1
4.203055E+3	3.802900E+2	3.048726E+1	-9.419152E-1	2.490240E-5	1.435176E-3	2.490240E-4	4.959432E-1	1.512087E+1
4.215795E+3	3.800900E+2	3.050330E+1	-1.053135E+0	2.469980E-5	1.357162E-3	2.469980E-4	4.902939E-1	1.495668E+1
4.228329E+3	3.798700E+2	3.052097E+1	-9.807737E-1	2.450020E-5	1.452097E-3	2.450020E-4	4.886847E-1	1.491451E+1
4.241176E+3	3.796600E+2	3.053785E+1	-9.428197E-1	2.429800E-5	1.431602E-3	2.429800E-4	4.845766E-1	1.479748E+1
4.252631E+3	3.794800E+2	3.055233E+1	-1.063092E+0	2.411660E-5	1.409695E-3	2.411660E-4	4.889295E-1	1.493830E+1
4.265612E+3	3.792500E+2	3.057086E+1	-1.017152E+0	2.391060E-5	1.429202E-3	2.391060E-4	4.871295E-1	1.489188E+1
4.275640E+3	3.790800E+2	3.058457E+1	-1.016231E+0	2.374880E-5	1.491517E-3	2.374880E-4	4.871882E-1	1.490055E+1
4.289810E+3	3.788400E+2	3.060395E+1	-9.833043E-1	2.352380E-5	1.405859E-3	2.352380E-4	4.965366E-1	1.519500E+1
4.299573E+3	3.786800E+2	3.061688E+1	-9.734992E-1	2.337180E-5	1.468335E-3	2.337180E-4	5.001960E-1	1.531490E+1
4.312516E+3	3.784700E+2	3.063387E+1	-9.999206E-1	2.317360E-5	1.433029E-3	2.317360E-4	4.971414E-1	1.523019E+1
4.325117E+3	3.782600E+2	3.065088E+1	-1.005278E+0	2.297440E-5	1.666738E-3	2.297440E-4	4.946534E-1	1.516079E+1
4.337054E+3	3.780600E+2	3.066709E+1	-9.538951E-1	2.279960E-5	1.449585E-3	2.279960E-4	4.883886E-1	1.497727E+1
4.348376E+3	3.778800E+2	3.068170E+1	-1.036839E+0	2.263260E-5	1.411333E-3	2.263260E-4	4.891154E-1	1.500734E+1
4.361107E+3	3.776600E+2	3.069957E+1	-9.477009E-1	2.244100E-5	1.465789E-3	2.244100E-4	4.954517E-1	1.520986E+1
4.372503E+3	3.774800E+2	3.071421E+1	-9.905660E-1	2.227300E-5	1.448246E-3	2.227300E-4	4.884437E-1	1.500267E+1
4.385223E+3	3.772700E+2	3.073131E+1	-1.112288E+0	2.208440E-5	1.467825E-3	2.208440E-4	4.933925E-1	1.516262E+1
4.396551E+3	3.770600E+2	3.074842E+1	-9.497845E-1	2.191220E-5	1.494000E-3	2.191220E-4	4.977226E-1	1.530323E+1
4.407922E+3	3.768800E+2	3.076311E+1	-9.513239E-1	2.174200E-5	1.498513E-3	2.174200E-4	4.976272E-1	1.530880E+1
4.420536E+3	3.766800E+2	3.077944E+1	-1.069996E+0	2.155880E-5	1.423038E-3	2.155880E-4	5.050239E-1	1.554482E+1
4.431751E+3	3.764800E+2	3.079579E+1	-9.396288E-1	2.139540E-5	1.500242E-3	2.139540E-4	4.940946E-1	1.521649E+1
4.444522E+3	3.762800E+2	3.081216E+1	-1.034969E+0	2.121320E-5	1.461126E-3	2.121320E-4	4.922153E-1	1.516626E+1
4.457276E+3	3.760600E+2	3.083019E+1	-9.692183E-1	2.103300E-5	1.458457E-3	2.103300E-4	4.958229E-1	1.528566E+1
4.468419E+3	3.758800E+2	3.084495E+1	-1.009534E+0	2.087620E-5	1.454264E-3	2.087620E-4	4.982228E-1	1.536744E+1
4.480900E+3	3.756700E+2	3.086219E+1	-9.454609E-1	2.069980E-5	1.512485E-3	2.069980E-4	4.963445E-1	1.531829E+1
4.492323E+3	3.754900E+2	3.087699E+1	-1.116823E+0	2.053880E-5	1.478555E-3	2.053880E-4	4.950364E-1	1.528593E+1
4.503605E+3	3.752800E+2	3.089427E+1	-9.813848E-1	2.037820E-5	1.529285E-3	2.037820E-4	4.987473E-1	1.540840E+1
4.516444E+3	3.750700E+2	3.091156E+1	-9.712230E-1	2.019660E-5	1.444651E-3	2.019660E-4	4.946040E-1	1.528829E+1
4.527564E+3	3.748900E+2	3.092641E+1	-1.007597E+0	2.004260E-5	1.484118E-3	2.004260E-4	5.051733E-1	1.562370E+1
4.540069E+3	3.746800E+2	3.094374E+1	-9.409551E-1	1.987854E-5	1.444542E-3	1.987854E-4	5.017508E-1	1.552602E+1
4.552822E+3	3.744800E+2	3.096026E+1	-1.016133E+0	1.970614E-5	1.432571E-3	1.970614E-4	5.032153E-1	1.557880E+1
4.564041E+3	3.742900E+2	3.097598E+1	-9.806592E-1	1.955356E-5	1.470254E-3	1.955356E-4	5.075502E-1	1.572233E+1
4.575054E+3	3.741100E+2	3.099089E+1	-9.799744E-1	1.940504E-5	1.509352E-3	1.940504E-4	4.905103E-1	1.520298E+1
4.589136E+3	3.738800E+2	3.100995E+1	-1.118310E+0	1.922018E-5	1.477744E-3	1.922018E-4	4.885873E-1	1.515067E+1
4.600403E+3	3.736700E+2	3.102738E+1	-9.651475E-1	1.907262E-5	1.513920E-3	1.907262E-4	4.926329E-1	1.528393E+1
4.611593E+3	3.734900E+2	3.104233E+1	-9.770471E-1	1.892430E-5	1.548337E-3	1.892430E-4	4.933555E-1	1.531576E+1
4.624489E+3	3.732800E+2	3.105979E+1	-1.063744E+0	1.875290E-5	1.493835E-3	1.875290E-4	5.066517E-1	1.573617E+1
4.636898E+3	3.730600E+2	3.107811E+1	-9.127789E-1	1.859280E-5	1.505513E-3	1.859280E-4	4.982196E-1	1.548239E+1
4.646758E+3	3.729100E+2	3.109061E+1	-1.046373E+0	1.846644E-5	1.502736E-3	1.846644E-4	4.889457E-1	1.520323E+1
4.659373E+3	3.726900E+2	3.110896E+1	-1.037736E+0	1.830616E-5	1.485339E-3	1.830616E-4	4.939814E-1	1.536824E+1
4.672093E+3	3.724700E+2	3.112734E+1	-9.381596E-1	1.814686E-5	1.491904E-3	1.814686E-4	4.987214E-1	1.552227E+1
4.684884E+3	3.722700E+2	3.114406E+1	-9.042553E-1	1.798982E-5	1.481189E-3	1.798982E-4	5.065529E-1	1.577540E+1
4.696164E+3	3.721000E+2	3.115829E+1	-1.024368E+0	1.785180E-5	1.469930E-3	1.785180E-4	5.057627E-1	1.575977E+1
4.709050E+3	3.718800E+2	3.117672E+1	-1.006889E+0	1.769418E-5	1.491799E-3	1.769418E-4	4.923203E-1	1.534937E+1
4.720372E+3	3.716900E+2	3.119266E+1	-1.058795E+0	1.755714E-5	1.485497E-3	1.755714E-4	4.873124E-1	1.520041E+1
4.732839E+3	3.714700E+2	3.121113E+1	-9.836066E-1	1.740250E-5	1.514649E-3	1.740250E-4	4.995192E-1	1.558976E+1
4.743819E+3	3.712900E+2	3.122627E+1	-9.566327E-1	1.726868E-5	1.524559E-3	1.726868E-4	5.070614E-1	1.583340E+1
4.756363E+3	3.710900E+2	3.124309E+1	-1.010012E+0	1.711508E-5	1.501710E-3	1.711508E-4	5.088927E-1	1.590008E+1
4.767650E+3	3.709000E+2	3.125910E+1	-1.015385E+0	1.697908E-5	1.519981E-3	1.697908E-4	5.046256E-1	1.577511E+1
4.780650E+3	3.706800E+2	3.127765E+1	-9.853758E-1	1.682476E-5	1.468018E-3	1.682476E-4	4.985310E-1	1.559265E+1
4.793437E+3	3.704700E+2	3.129538E+1	-1.009475E+0	1.667388E-5	1.523485E-3	1.667388E-4	4.989637E-1	1.561417E+1
4.804730E+3	3.702800E+2	3.131144E+1	-9.888108E-1	1.654218E-5	1.511623E-3	1.654218E-4	4.981524E-1	1.559791E+1
4.816259E+3	3.700900E+2	3.132751E+1	-1.002068E+0	1.640990E-5	1.479113E-3	1.640990E-4	5.014015E-1	1.570830E+1
4.828833E+3	3.698800E+2	3.134530E+1	-9.594627E-1	1.626684E-5	1.502606E-3	1.626684E-4	5.002702E-1	1.568112E+1
4.841340E+3	3.696800E+2	3.136226E+1	-1.060071E+0	1.612254E-5	1.566328E-3	1.612254E-4	5.037641E-1	1.579918E+1
4.852660E+3	3.694800E+2	3.137924E+1	-9.675190E-1	1.599282E-5	1.567169E-3	1.599282E-4	5.050050E-1	1.584630E+1
4.865683E+3	3.692700E+2	3.139708E+1	-1.028848E+0	1.584396E-5	1.571074E-3	1.584396E-4	4.995942E-1	1.568532E+1
4.875597E+3	3.691000E+2	3.141154E+1	-1.047453E+0	1.573052E-5	1.545045E-3	1.573052E-4	5.024129E-1	1.578279E+1
4.888199E+3	3.688800E+2	3.143028E+1	-9.875382E-1	1.558696E-5	1.559435E-3	1.558696E-4	4.984532E-1	1.566732E+1
4.900958E+3	3.686700E+2	3.144818E+1	-1.010642E+0	1.544582E-5	1.599167E-3	1.544582E-4	4.990761E-1	1.569424E+1
4.914019E+3	3.684500E+2	3.146696E+1	-1.004629E+0	1.530170E-5	1.631163E-3	1.530170E-4	5.040702E-1	1.586037E+1
4.924172E+3	3.682800E+2	3.148148E+1	-9.652953E-1	1.519218E-5	1.573669E-3	1.519218E-4	4.993037E-1	1.571935E+1
4.937225E+3	3.680700E+2	3.149944E+1	-1.062511E+0	1.505120E-5	1.548712E-3	1.505120E-4	5.057397E-1	1.593089E+1
4.948519E+3	3.678700E+2	3.151657E+1	-9.433221E-1	1.492944E-5	1.598463E-3	1.492944E-4	5.007568E-1	1.578219E+1
4.961240E+3	3.676700E+2	3.153371E+1	-1.107595E+0	1.479160E-5	1.586869E-3	1.479160E-4	5.011726E-1	1.580364E+1
4.972616E+3	3.674600E+2	3.155173E+1	-9.400296E-1	1.466872E-5	1.609684E-3	1.466872E-4	5.099804E-1	1.609003E+1
4.984105E+3	3.672800E+2	3.156720E+1	-9.631592E-1	1.454848E-5	1.542251E-3	1.454848E-4	5.082345E-1	1.604396E+1
4.996564E+3	3.670800E+2	3.158440E+1	-9.996826E-1	1.441804E-5	1.568291E-3	1.441804E-4	5.123501E-1	1.618282E+1
5.009168E+3	3.668700E+2	3.160247E+1	-9.997369E-1	1.428796E-5	1.620261E-3	1.428796E-4	5.064202E-1	1.600390E+1
5.020571E+3	3.666800E+2	3.161885E+1	-9.880803E-1	1.417270E-5	1.547695E-3	1.417270E-4	5.064363E-1	1.601273E+1
5.033323E+3	3.664700E+2	3.163697E+1	-9.560907E-1	1.404142E-5	1.597126E-3	1.404142E-4	5.032254E-1	1.592074E+1
5.044619E+3	3.662900E+2	3.165252E+1	-1.061783E+0	1.392862E-5	1.603123E-3	1.392862E-4	5.050503E-1	1.598629E+1
5.057616E+3	3.660600E+2	3.167240E+1	-9.737296E-1	1.379666E-5	1.625300E-3	1.379666E-4	5.042842E-1	1.597085E+1
5.067475E+3	3.659000E+2	3.168625E+1	-1.001192E+0	1.369592E-5	1.589573E-3	1.369592E-4	5.026891E-1	1.592929E+1
5.080060E+3	3.656900E+2	3.170445E+1	-1.033511E+0	1.357018E-5	1.590457E-3	1.357018E-4	5.059423E-1	1.604154E+1
5.092832E+3	3.654700E+2	3.172353E+1	-9.847961E-1	1.344276E-5	1.616244E-3	1.344276E-4	5.058840E-1	1.604746E+1
5.104408E+3	3.652800E+2	3.174004E+1	-9.570141E-1	1.333090E-5	1.577893E-3	1.333090E-4	5.017966E-1	1.592688E+1
5.116947E+3	3.650800E+2	3.175742E+1	-1.080108E+0	1.321008E-5	1.514747E-3	1.321008E-4	5.042401E-1	1.601361E+1
5.128057E+3	3.648800E+2	3.177483E+1	-9.455520E-1	1.310222E-5	1.646325E-3	1.310222E-4	5.004244E-1	1.590137E+1
5.140748E+3	3.646800E+2	3.179226E+1	-1.022622E+0	1.298332E-5	1.563748E-3	1.298332E-4	5.032670E-1	1.599999E+1
5.153656E+3	3.644600E+2	3.181145E+1	-9.432314E-1	1.286212E-5	1.594921E-3	1.286212E-4	5.102189E-1	1.622961E+1
5.165106E+3	3.642800E+2	3.182717E+1	-1.010191E+0	1.275474E-5	1.624049E-3	1.275474E-4	5.135847E-1	1.634591E+1
5.176391E+3	3.640900E+2	3.184377E+1	-9.814613E-1	1.264888E-5	1.616695E-3	1.264888E-4	5.059208E-1	1.611193E+1
5.189229E+3	3.638800E+2	3.186215E+1	-1.129847E+0	1.252612E-5	1.680478E-3	1.252612E-4	4.975450E-1	1.585316E+1
5.200912E+3	3.636600E+2	3.188143E+1	-9.985985E-1	1.241662E-5	1.649081E-3	1.241662E-4	4.969762E-1	1.584359E+1
5.212328E+3	3.634700E+2	3.189809E+1	-9.915794E-1	1.231108E-5	1.673776E-3	1.231108E-4	5.024836E-1	1.602774E+1
5.225035E+3	3.632600E+2	3.191653E+1	-9.319986E-1	1.219624E-5	1.660197E-3	1.219624E-4	5.114624E-1	1.632409E+1
5.236623E+3	3.630800E+2	3.193236E+1	-1.035213E+0	1.209314E-5	1.603038E-3	1.209314E-4	5.112963E-1	1.632724E+1
5.249374E+3	3.628600E+2	3.195172E+1	-9.463722E-1	1.198000E-5	1.634153E-3	1.198000E-4	5.055828E-1	1.615421E+1
5.260786E+3	3.626800E+2	3.196757E+1	-1.038552E+0	1.188062E-5	1.553188E-3	1.188062E-4	5.023941E-1	1.606062E+1
5.273496E+3	3.624600E+2	3.198698E+1	-9.981613E-1	1.176878E-5	1.659445E-3	1.176878E-4	5.117432E-1	1.636901E+1
5.284917E+3	3.622700E+2	3.200375E+1	-9.689326E-1	1.166730E-5	1.684854E-3	1.166730E-4	5.126497E-1	1.640672E+1
5.297921E+3	3.620600E+2	3.202232E+1	-1.030839E+0	1.155254E-5	1.686293E-3	1.155254E-4	5.128015E-1	1.642115E+1
5.309562E+3	3.618600E+2	3.204002E+1	-1.050236E+0	1.144988E-5	1.680014E-3	1.144988E-4	5.059036E-1	1.620902E+1
5.320988E+3	3.616600E+2	3.205773E+1	-1.011804E+0	1.135066E-5	1.710974E-3	1.135066E-4	5.058042E-1	1.621444E+1
5.332848E+3	3.614600E+2	3.207547E+1	-9.313556E-1	1.125002E-5	1.668404E-3	1.125002E-4	5.166970E-1	1.657270E+1
5.344444E+3	3.612800E+2	3.209145E+1	-9.380130E-1	1.115358E-5	1.656592E-3	1.115358E-4	5.113513E-1	1.641085E+1
5.357237E+3	3.610800E+2	3.210923E+1	-1.117120E+0	1.104804E-5	1.627319E-3	1.104804E-4	5.039905E-1	1.618401E+1
5.368516E+3	3.608700E+2	3.212791E+1	-1.015385E+0	1.095492E-5	1.701782E-3	1.095492E-4	5.052150E-1	1.623125E+1
5.381516E+3	3.606500E+2	3.214751E+1	-9.290323E-1	1.084626E-5	1.692632E-3	1.084626E-4	5.020112E-1	1.613737E+1
5.393141E+3	3.604700E+2	3.216356E+1	-1.102941E+0	1.074932E-5	1.691333E-3	1.074932E-4	5.097684E-1	1.639612E+1
5.404565E+3	3.602600E+2	3.218231E+1	-9.940705E-1	1.065530E-5	1.713977E-3	1.065530E-4	5.079794E-1	1.634816E+1
5.416033E+3	3.600700E+2	3.219929E+1	-9.717723E-1	1.056344E-5	1.648287E-3	1.056344E-4	5.078817E-1	1.635315E+1
5.428999E+3	3.598600E+2	3.221808E+1	-9.446340E-1	1.046044E-5	1.632501E-3	1.046044E-4	5.147368E-1	1.658382E+1
5.440432E+3	3.596800E+2	3.223421E+1	-1.016636E+0	1.037182E-5	1.619090E-3	1.037182E-4	5.157058E-1	1.662373E+1
5.453416E+3	3.594600E+2	3.225394E+1	-9.410945E-1	1.027124E-5	1.682296E-3	1.027124E-4	5.112864E-1	1.649024E+1
5.464892E+3	3.592800E+2	3.227010E+1	-9.969392E-1	1.018338E-5	1.625744E-3	1.018338E-4	5.025450E-1	1.621773E+1
5.476327E+3	3.590900E+2	3.228717E+1	-1.041981E+0	1.009722E-5	1.629250E-3	1.009722E-4	5.020197E-1	1.621006E+1
5.489571E+3	3.588600E+2	3.230786E+1	-1.018312E+0	9.996600E-6	1.632839E-3	9.996600E-5	5.060824E-1	1.634957E+1
5.500766E+3	3.586700E+2	3.232498E+1	-9.361835E-1	9.908900E-6	1.744227E-3	9.908900E-5	5.152547E-1	1.665460E+1
5.513584E+3	3.584700E+2	3.234301E+1	-9.543165E-1	9.812760E-6	1.629170E-3	9.812760E-5	5.196547E-1	1.680723E+1
5.524901E+3	3.582900E+2	3.235926E+1	-1.001510E+0	9.730920E-6	1.610488E-3	9.730920E-5	5.203547E-1	1.683864E+1
5.537482E+3	3.580800E+2	3.237824E+1	-9.378256E-1	9.639060E-6	1.657002E-3	9.639060E-5	5.106352E-1	1.653368E+1
5.548998E+3	3.579000E+2	3.239452E+1	-1.050286E+0	9.554420E-6	1.648417E-3	9.554420E-5	5.066424E-1	1.641374E+1
5.561566E+3	3.576800E+2	3.241445E+1	-1.026758E+0	9.462500E-6	1.635947E-3	9.462500E-5	5.047209E-1	1.636051E+1
5.574422E+3	3.574600E+2	3.243440E+1	-1.015771E+0	9.367900E-6	1.681129E-3	9.367900E-5	5.057303E-1	1.640131E+1
5.585645E+3	3.572700E+2	3.245165E+1	-9.609396E-1	9.286360E-6	1.673773E-3	9.286360E-5	5.112570E-1	1.659040E+1
5.596884E+3	3.570900E+2	3.246801E+1	-1.044386E+0	9.205460E-6	1.719920E-3	9.205460E-5	5.128808E-1	1.665323E+1
5.608374E+3	3.568900E+2	3.248620E+1	-1.001590E+0	9.122980E-6	1.729849E-3	9.122980E-5	5.050407E-1	1.640835E+1
5.620954E+3	3.566800E+2	3.250533E+1	-1.065473E+0	9.033300E-6	1.771484E-3	9.033300E-5	5.019742E-1	1.631647E+1
5.633906E+3	3.564500E+2	3.252630E+1	-9.734334E-1	8.942600E-6	1.731255E-3	8.942600E-5	5.110626E-1	1.662088E+1
5.643768E+3	3.562900E+2	3.254091E+1	-9.277155E-1	8.873780E-6	1.755664E-3	8.873780E-5	5.156002E-1	1.677858E+1
5.656703E+3	3.560900E+2	3.255918E+1	-9.866875E-1	8.787020E-6	1.644764E-3	8.787020E-5	5.198652E-1	1.692741E+1
5.669473E+3	3.558800E+2	3.257840E+1	-9.905292E-1	8.701640E-6	1.701015E-3	8.701640E-5	5.137321E-1	1.673635E+1
5.680982E+3	3.556900E+2	3.259580E+1	-9.894770E-1	8.625580E-6	1.628007E-3	8.625580E-5	5.038449E-1	1.642402E+1
5.693716E+3	3.554800E+2	3.261506E+1	-1.021830E+0	8.540980E-6	1.706866E-3	8.540980E-5	5.010713E-1	1.634276E+1
5.706634E+3	3.552600E+2	3.263525E+1	-1.027027E+0	8.457260E-6	1.690495E-3	8.457260E-5	5.089324E-1	1.660806E+1
5.717734E+3	3.550700E+2	3.265272E+1	-9.439899E-1	8.383260E-6	1.707231E-3	8.383260E-5	5.117534E-1	1.670987E+1
5.730446E+3	3.548700E+2	3.267112E+1	-1.052262E+0	8.298880E-6	1.762601E-3	8.298880E-5	5.173682E-1	1.690304E+1
5.741850E+3	3.546700E+2	3.268954E+1	-1.001318E+0	8.223700E-6	1.740555E-3	8.223700E-5	5.173713E-1	1.691266E+1
5.753235E+3	3.544800E+2	3.270706E+1	-9.647779E-1	8.149500E-6	1.762009E-3	8.149500E-5	5.165628E-1	1.689525E+1
5.766295E+3	3.542700E+2	3.272645E+1	-9.533057E-1	8.067740E-6	1.668333E-3	8.067740E-5	5.166169E-1	1.690704E+1
5.777624E+3	3.540900E+2	3.274309E+1	-1.030767E+0	7.996300E-6	1.702969E-3	7.996300E-5	5.172759E-1	1.693805E+1
5.790430E+3	3.538700E+2	3.276344E+1	-9.419892E-1	7.916980E-6	1.656006E-3	7.916980E-5	5.102642E-1	1.671801E+1
5.803169E+3	3.536700E+2	3.278197E+1	-1.066667E+0	7.838600E-6	1.714741E-3	7.838600E-5	5.013581E-1	1.643510E+1
5.814419E+3	3.534700E+2	3.280052E+1	-1.039141E+0	7.768720E-6	1.846700E-3	7.768720E-5	5.042024E-1	1.653767E+1
5.825967E+3	3.532700E+2	3.281909E+1	-9.691314E-1	7.698560E-6	1.762299E-3	7.698560E-5	5.085976E-1	1.669131E+1
5.837111E+3	3.530900E+2	3.283582E+1	-9.438202E-1	7.630600E-6	1.759824E-3	7.630600E-5	5.140064E-1	1.687911E+1
5.850461E+3	3.528800E+2	3.285536E+1	-1.042078E+0	7.551340E-6	1.694070E-3	7.551340E-5	5.191904E-1	1.705850E+1
5.863128E+3	3.526600E+2	3.287586E+1	-9.391304E-1	7.476040E-6	1.740652E-3	7.476040E-5	5.066632E-1	1.665606E+1
5.874628E+3	3.524800E+2	3.289265E+1	-1.102652E+0	7.408760E-6	1.746004E-3	7.408760E-5	5.014815E-1	1.649513E+1
5.886055E+3	3.522700E+2	3.291225E+1	-9.642223E-1	7.341320E-6	1.787729E-3	7.341320E-5	5.068145E-1	1.668058E+1
5.897878E+3	3.520800E+2	3.293002E+1	-9.865330E-1	7.273480E-6	1.717400E-3	7.273480E-5	5.010041E-1	1.649834E+1
5.910650E+3	3.518700E+2	3.294967E+1	-1.054018E+0	7.199620E-6	1.836227E-3	7.199620E-5	5.078701E-1	1.673442E+1
5.922035E+3	3.516700E+2	3.296841E+1	-9.757609E-1	7.135440E-6	1.771015E-3	7.135440E-5	5.109519E-1	1.684477E+1
5.934948E+3	3.514600E+2	3.298811E+1	-9.337714E-1	7.062680E-6	1.724032E-3	7.062680E-5	5.196851E-1	1.714203E+1
5.946514E+3	3.512800E+2	3.300501E+1	-9.389671E-1	6.998420E-6	1.728649E-3	6.998420E-5	5.237913E-1	1.728807E+1
5.958016E+3	3.511000E+2	3.302193E+1	-1.030043E+0	6.935340E-6	1.696278E-3	6.935340E-5	5.214768E-1	1.722131E+1
5.970831E+3	3.508800E+2	3.304264E+1	-9.513742E-1	6.864800E-6	1.727687E-3	6.864800E-5	5.101743E-1	1.685773E+1
5.982183E+3	3.507000E+2	3.305960E+1	-1.048632E+0	6.802880E-6	1.759740E-3	6.802880E-5	5.069563E-1	1.676038E+1
5.995343E+3	3.504700E+2	3.308129E+1	-9.883822E-1	6.731320E-6	1.837138E-3	6.731320E-5	5.072174E-1	1.677934E+1
6.006877E+3	3.502800E+2	3.309923E+1	-1.038307E+0	6.668800E-6	1.802015E-3	6.668800E-5	5.064749E-1	1.676372E+1
6.019590E+3	3.500600E+2	3.312004E+1	-9.995616E-1	6.599720E-6	1.811282E-3	6.599720E-5	5.112286E-1	1.693186E+1
6.030995E+3	3.498700E+2	3.313802E+1	-1.027877E+0	6.538240E-6	1.804268E-3	6.538240E-5	5.095045E-1	1.688359E+1
6.043837E+3	3.496500E+2	3.315887E+1	-9.920249E-1	6.469340E-6	1.838133E-3	6.469340E-5	5.178141E-1	1.716899E+1
6.054119E+3	3.494800E+2	3.317500E+1	-9.219422E-1	6.416780E-6	1.739723E-3	6.416780E-5	5.268176E-1	1.747739E+1
6.067135E+3	3.492800E+2	3.319400E+1	-9.267841E-1	6.350460E-6	1.797996E-3	6.350460E-5	5.240502E-1	1.739614E+1
6.080083E+3	3.490800E+2	3.321302E+1	-1.061289E+0	6.285100E-6	1.759008E-3	6.285100E-5	5.159582E-1	1.713719E+1
6.091390E+3	3.488800E+2	3.323206E+1	-1.011882E+0	6.228460E-6	1.744226E-3	6.228460E-5	5.070647E-1	1.685113E+1
6.104435E+3	3.486600E+2	3.325303E+1	-1.011715E+0	6.162760E-6	1.783313E-3	6.162760E-5	5.063674E-1	1.683713E+1
6.115703E+3	3.484700E+2	3.327116E+1	-9.877827E-1	6.104840E-6	1.914082E-3	6.104840E-5	5.112366E-1	1.700897E+1
6.127244E+3	3.482800E+2	3.328931E+1	-1.050144E+0	6.047600E-6	1.819805E-3	6.047600E-5	5.185958E-1	1.726419E+1
6.138671E+3	3.480800E+2	3.330843E+1	-9.391141E-1	5.990860E-6	1.794831E-3	5.990860E-5	5.252674E-1	1.749551E+1
6.151449E+3	3.478800E+2	3.332758E+1	-9.455437E-1	5.927600E-6	1.856914E-3	5.927600E-5	5.271576E-1	1.756886E+1
6.162871E+3	3.477000E+2	3.334484E+1	-1.024845E+0	5.872860E-6	1.782509E-3	5.872860E-5	5.210097E-1	1.737425E+1
6.175751E+3	3.474800E+2	3.336595E+1	-1.042028E+0	5.810100E-6	1.812476E-3	5.810100E-5	5.132203E-1	1.712405E+1
6.187267E+3	3.472800E+2	3.338516E+1	-9.564039E-1	5.756040E-6	1.752553E-3	5.756040E-5	5.059054E-1	1.688975E+1
6.199814E+3	3.470800E+2	3.340440E+1	-1.040845E+0	5.696660E-6	1.843461E-3	5.696660E-5	5.062457E-1	1.691115E+1
6.212496E+3	3.468600E+2	3.342559E+1	-1.005823E+0	5.638480E-6	1.839961E-3	5.638480E-5	5.062765E-1	1.692185E+1
6.223830E+3	3.466700E+2	3.344391E+1	-1.035018E+0	5.585700E-6	1.809031E-3	5.585700E-5	5.089540E-1	1.702060E+1
6.235424E+3	3.464700E+2	3.346321E+1	-9.228403E-1	5.532080E-6	1.903753E-3	5.532080E-5	5.142611E-1	1.720906E+1
6.247127E+3	3.462900E+2	3.348061E+1	-1.038961E+0	5.479500E-6	1.826899E-3	5.479500E-5	5.123405E-1	1.715436E+1
6.259832E+3	3.460700E+2	3.350189E+1	-1.013514E+0	5.422300E-6	1.773106E-3	5.422300E-5	5.133992E-1	1.719980E+1
6.271080E+3	3.458800E+2	3.352030E+1	-9.800871E-1	5.371840E-6	1.760213E-3	5.371840E-5	5.094812E-1	1.707772E+1
6.283936E+3	3.456700E+2	3.354066E+1	-9.894116E-1	5.314940E-6	1.818466E-3	5.314940E-5	5.239701E-1	1.757318E+1
6.295458E+3	3.454800E+2	3.355911E+1	-8.729887E-1	5.265300E-6	1.856051E-3	5.265300E-5	5.210310E-1	1.748592E+1
6.307142E+3	3.453100E+2	3.357563E+1	-1.049979E+0	5.215880E-6	1.782573E-3	5.215880E-5	5.159872E-1	1.732689E+1
6.321428E+3	3.450600E+2	3.359995E+1	-9.986859E-1	5.154680E-6	1.843567E-3	5.154680E-5	5.130230E-1	1.723643E+1
6.332843E+3	3.448700E+2	3.361846E+1	-1.008493E+0	5.105880E-6	1.846289E-3	5.105880E-5	4.983686E-1	1.675341E+1
6.344147E+3	3.446800E+2	3.363700E+1	-1.116230E+0	5.057120E-6	1.888577E-3	5.057120E-5	5.098926E-1	1.715202E+1
6.355435E+3	3.444700E+2	3.365750E+1	-9.183439E-1	5.008840E-6	1.938613E-3	5.008840E-5	5.098646E-1	1.716071E+1
6.368502E+3	3.442700E+2	3.367706E+1	-1.051156E+0	4.954160E-6	1.860784E-3	4.954160E-5	5.112637E-1	1.721735E+1
6.379918E+3	3.440700E+2	3.369663E+1	-9.836066E-1	4.906720E-6	1.881912E-3	4.906720E-5	5.197277E-1	1.751285E+1
6.391508E+3	3.438800E+2	3.371525E+1	-9.529103E-1	4.860200E-6	1.818674E-3	4.860200E-5	5.126865E-1	1.728611E+1
6.404101E+3	3.436800E+2	3.373487E+1	-1.025482E+0	4.809760E-6	1.824503E-3	4.809760E-5	5.205378E-1	1.756059E+1
6.416973E+3	3.434600E+2	3.375648E+1	-9.311148E-1	4.757340E-6	1.984629E-3	4.757340E-5	5.145427E-1	1.736890E+1
6.428572E+3	3.432800E+2	3.377418E+1	-1.057066E+0	4.712400E-6	1.831991E-3	4.712400E-5	5.169761E-1	1.746080E+1
6.441627E+3	3.430500E+2	3.379682E+1	-9.410125E-1	4.660840E-6	1.862518E-3	4.660840E-5	5.133767E-1	1.734991E+1
6.453104E+3	3.428700E+2	3.381457E+1	-1.083219E+0	4.614620E-6	1.908546E-3	4.614620E-5	5.115114E-1	1.729634E+1
6.464736E+3	3.426600E+2	3.383529E+1	-9.881252E-1	4.569080E-6	1.854941E-3	4.569080E-5	5.161897E-1	1.746515E+1
6.476273E+3	3.424700E+2	3.385406E+1	-9.828433E-1	4.524060E-6	1.898092E-3	4.524060E-5	5.167925E-1	1.749516E+1
6.487872E+3	3.422800E+2	3.387285E+1	-9.560991E-1	4.480100E-6	1.891888E-3	4.480100E-5	5.209843E-1	1.764783E+1
6.500423E+3	3.420800E+2	3.389266E+1	-1.047212E+0	4.432600E-6	1.908632E-3	4.432600E-5	5.135650E-1	1.740617E+1
6.511882E+3	3.418800E+2	3.391248E+1	-9.960682E-1	4.389640E-6	1.898390E-3	4.389640E-5	5.123159E-1	1.737390E+1
6.523327E+3	3.416900E+2	3.393134E+1	-9.761388E-1	4.348120E-6	1.796633E-3	4.348120E-5	5.226201E-1	1.773335E+1
6.536235E+3	3.414800E+2	3.395221E+1	-8.905554E-1	4.300400E-6	1.893924E-3	4.300400E-5	5.238107E-1	1.778454E+1
6.549036E+3	3.412900E+2	3.397111E+1	-1.097657E+0	4.254060E-6	1.892171E-3	4.254060E-5	5.206777E-1	1.768845E+1
6.560515E+3	3.410800E+2	3.399203E+1	-1.007049E+0	4.212640E-6	1.985687E-3	4.212640E-5	5.059279E-1	1.719839E+1
6.572431E+3	3.408800E+2	3.401197E+1	-1.059176E+0	4.169060E-6	2.008164E-3	4.169060E-5	5.055155E-1	1.719355E+1
6.585460E+3	3.406500E+2	3.403493E+1	-9.200886E-1	4.122960E-6	1.937365E-3	4.122960E-5	5.200245E-1	1.769725E+1
6.597198E+3	3.404700E+2	3.405293E+1	-9.947644E-1	4.081200E-6	1.871524E-3	4.081200E-5	5.172625E-1	1.761382E+1
6.608658E+3	3.402800E+2	3.407194E+1	-1.056524E+0	4.040980E-6	1.886454E-3	4.040980E-5	5.227305E-1	1.781133E+1
6.620016E+3	3.400800E+2	3.409198E+1	-9.313155E-1	4.001780E-6	1.876780E-3	4.001780E-5	5.092082E-1	1.736020E+1
6.632901E+3	3.398800E+2	3.411204E+1	-1.056524E+0	3.958500E-6	1.850006E-3	3.958500E-5	5.122261E-1	1.747305E+1
6.644259E+3	3.396800E+2	3.413212E+1	-9.363296E-1	3.920280E-6	1.919953E-3	3.920280E-5	5.120620E-1	1.747783E+1
6.657075E+3	3.394800E+2	3.415223E+1	-1.056989E+0	3.878180E-6	1.875550E-3	3.878180E-5	5.207615E-1	1.778477E+1
6.668428E+3	3.392800E+2	3.417237E+1	-8.791548E-1	3.840240E-6	1.939642E-3	3.840240E-5	5.263137E-1	1.798512E+1
6.681395E+3	3.390900E+2	3.419151E+1	-1.068947E+0	3.797340E-6	1.907241E-3	3.797340E-5	5.193850E-1	1.775946E+1
6.692621E+3	3.388900E+2	3.421169E+1	-1.042407E+0	3.760200E-6	1.884073E-3	3.760200E-5	5.132348E-1	1.755962E+1
6.705284E+3	3.386700E+2	3.423392E+1	-1.037434E+0	3.718180E-6	2.003750E-3	3.718180E-5	5.077392E-1	1.738124E+1
6.716851E+3	3.384700E+2	3.425414E+1	-9.247130E-1	3.681000E-6	1.976167E-3	3.681000E-5	5.195245E-1	1.779473E+1
6.729828E+3	3.382700E+2	3.427440E+1	-9.705248E-1	3.640340E-6	1.902639E-3	3.640340E-5	5.244081E-1	1.797347E+1
6.740956E+3	3.380900E+2	3.429264E+1	-9.880028E-1	3.605480E-6	1.881873E-3	3.605480E-5	5.140432E-1	1.762976E+1
6.753709E+3	3.378800E+2	3.431396E+1	-1.085674E+0	3.566280E-6	1.857813E-3	3.566280E-5	5.087651E-1	1.745833E+1
6.766420E+3	3.376500E+2	3.433733E+1	-9.323204E-1	3.527080E-6	1.927774E-3	3.527080E-5	5.159269E-1	1.771321E+1
6.778004E+3	3.374700E+2	3.435565E+1	-9.410945E-1	3.491460E-6	1.906918E-3	3.491460E-5	5.191999E-1	1.783659E+1
6.789480E+3	3.372900E+2	3.437398E+1	-1.066193E+0	3.456500E-6	1.926140E-3	3.456500E-5	5.216374E-1	1.793257E+1
6.800735E+3	3.370900E+2	3.439438E+1	-1.030043E+0	3.422260E-6	1.931271E-3	3.422260E-5	5.107269E-1	1.756701E+1
6.813550E+3	3.368700E+2	3.441684E+1	-9.979865E-1	3.383300E-6	2.010415E-3	3.383300E-5	5.141824E-1	1.769555E+1
6.824973E+3	3.366800E+2	3.443626E+1	-9.377198E-1	3.349760E-6	1.954578E-3	3.349760E-5	5.229855E-1	1.800912E+1
6.837770E+3	3.364800E+2	3.445673E+1	-1.001142E+0	3.312280E-6	1.947989E-3	3.312280E-5	5.248225E-1	1.808396E+1
6.849157E+3	3.362900E+2	3.447620E+1	-9.911115E-1	3.279460E-6	1.957677E-3	3.279460E-5	5.257935E-1	1.812746E+1
6.861870E+3	3.360800E+2	3.449774E+1	-9.571922E-1	3.243060E-6	1.916072E-3	3.243060E-5	5.171277E-1	1.783970E+1
6.873153E+3	3.359000E+2	3.451623E+1	-1.027557E+0	3.211120E-6	1.915840E-3	3.211120E-5	5.211107E-1	1.798716E+1
6.885999E+3	3.356800E+2	3.453885E+1	-9.491168E-1	3.175100E-6	1.957134E-3	3.175100E-5	5.126123E-1	1.770530E+1
6.897378E+3	3.355000E+2	3.455738E+1	-1.089531E+0	3.143180E-6	1.921763E-3	3.143180E-5	5.132683E-1	1.773811E+1
6.910044E+3	3.352700E+2	3.458108E+1	-9.498931E-1	3.107740E-6	1.943705E-3	3.107740E-5	5.126204E-1	1.772665E+1
6.922677E+3	3.350700E+2	3.460173E+1	-1.058574E+0	3.072800E-6	1.914687E-3	3.072800E-5	5.089604E-1	1.760983E+1
6.934013E+3	3.348700E+2	3.462239E+1	-1.002991E+0	3.041780E-6	1.929234E-3	3.041780E-5	5.142722E-1	1.780537E+1
6.945379E+3	3.346800E+2	3.464205E+1	-9.969143E-1	3.011200E-6	1.927716E-3	3.011200E-5	5.162822E-1	1.788503E+1
6.958018E+3	3.344700E+2	3.466380E+1	-9.344177E-1	2.977600E-6	1.948891E-3	2.977600E-5	5.240187E-1	1.816412E+1
6.969576E+3	3.342900E+2	3.468246E+1	-9.885454E-1	2.947240E-6	1.937076E-3	2.947240E-5	5.360317E-1	1.859118E+1
6.982322E+3	3.340800E+2	3.470426E+1	-8.887503E-1	2.914440E-6	1.959177E-3	2.914440E-5	5.227764E-1	1.814324E+1
6.995149E+3	3.338900E+2	3.472401E+1	-1.163508E+0	2.881360E-6	1.942690E-3	2.881360E-5	5.129807E-1	1.781322E+1
7.006494E+3	3.336700E+2	3.474691E+1	-9.957202E-1	2.852100E-6	1.962526E-3	2.852100E-5	5.071103E-1	1.762049E+1
7.017943E+3	3.334800E+2	3.476670E+1	-1.021277E+0	2.822140E-6	2.034393E-3	2.822140E-5	5.066193E-1	1.761314E+1
7.030868E+3	3.332600E+2	3.478965E+1	-9.560907E-1	2.789600E-6	1.961153E-3	2.789600E-5	5.206229E-1	1.811195E+1
7.042164E+3	3.330800E+2	3.480845E+1	-1.015228E+0	2.761260E-6	1.982042E-3	2.761260E-5	5.161322E-1	1.796618E+1
7.055166E+3	3.328600E+2	3.483146E+1	-9.896692E-1	2.729320E-6	1.993285E-3	2.729320E-5	5.083956E-1	1.770847E+1
7.066685E+3	3.326700E+2	3.485135E+1	-1.058625E+0	2.701820E-6	1.866892E-3	2.701820E-5	5.109375E-1	1.780636E+1
7.079154E+3	3.324500E+2	3.487442E+1	-8.926227E-1	2.671800E-6	1.982622E-3	2.671800E-5	5.102760E-1	1.779465E+1
7.090581E+3	3.322800E+2	3.489226E+1	-1.061142E+0	2.644540E-6	2.057048E-3	2.644540E-5	5.151265E-1	1.797402E+1
7.102455E+3	3.320700E+2	3.491433E+1	-9.523810E-1	2.616940E-6	1.981829E-3	2.616940E-5	5.143713E-1	1.795948E+1
7.113795E+3	3.318900E+2	3.493326E+1	-1.035294E+0	2.590320E-6	1.996755E-3	2.590320E-5	5.184994E-1	1.811338E+1
7.126545E+3	3.316700E+2	3.495643E+1	-8.850245E-1	2.560820E-6	1.963481E-3	2.560820E-5	5.259171E-1	1.838384E+1
7.139426E+3	3.314800E+2	3.497647E+1	-1.049777E+0	2.531300E-6	2.005264E-3	2.531300E-5	5.250466E-1	1.836431E+1
7.150857E+3	3.312800E+2	3.499759E+1	-9.779572E-1	2.505180E-6	1.963144E-3	2.505180E-5	5.299667E-1	1.854764E+1
7.163741E+3	3.310700E+2	3.501978E+1	-9.623095E-1	2.475680E-6	2.012444E-3	2.475680E-5	5.236465E-1	1.833730E+1
7.174964E+3	3.308900E+2	3.503883E+1	-1.004865E+0	2.450460E-6	1.955327E-3	2.450460E-5	5.198937E-1	1.821753E+1
7.187503E+3	3.306800E+2	3.506109E+1	-1.049475E+0	2.422160E-6	2.161206E-3	2.422160E-5	5.129326E-1	1.798485E+1
7.199509E+3	3.304700E+2	3.508337E+1	-9.871514E-1	2.396320E-6	1.999460E-3	2.396320E-5	5.050602E-1	1.771846E+1
7.212273E+3	3.302600E+2	3.510567E+1	-1.039061E+0	2.368340E-6	2.143574E-3	2.368340E-5	5.174780E-1	1.816479E+1
7.222667E+3	3.300800E+2	3.512482E+1	-8.931369E-1	2.346280E-6	1.981609E-3	2.346280E-5	5.275922E-1	1.853216E+1
7.235431E+3	3.298900E+2	3.514505E+1	-1.033754E+0	2.318700E-6	2.039804E-3	2.318700E-5	5.219519E-1	1.834559E+1
7.248200E+3	3.296700E+2	3.516850E+1	-1.064396E+0	2.291520E-6	2.049508E-3	2.291520E-5	5.200597E-1	1.828925E+1
7.259474E+3	3.294700E+2	3.518985E+1	-9.698826E-1	2.267420E-6	2.147820E-3	2.267420E-5	5.122700E-1	1.802605E+1
7.271228E+3	3.292800E+2	3.521016E+1	-9.816907E-1	2.243340E-6	2.051144E-3	2.243340E-5	5.191276E-1	1.827886E+1
7.284063E+3	3.290700E+2	3.523263E+1	-9.886393E-1	2.216860E-6	2.005341E-3	2.216860E-5	5.241441E-1	1.846695E+1
7.295594E+3	3.288800E+2	3.525298E+1	-9.828393E-1	2.193580E-6	1.975684E-3	2.193580E-5	5.243601E-1	1.848532E+1
7.308414E+3	3.286700E+2	3.527550E+1	-9.751925E-1	2.167860E-6	2.042349E-3	2.167860E-5	5.189261E-1	1.830510E+1
7.320104E+3	3.284800E+2	3.529591E+1	-1.035286E+0	2.144560E-6	2.057153E-3	2.144560E-5	5.242178E-1	1.850274E+1
7.331695E+3	3.282800E+2	3.531741E+1	-9.303047E-1	2.121780E-6	2.004670E-3	2.121780E-5	5.206810E-1	1.838942E+1
7.344594E+3	3.280800E+2	3.533894E+1	-1.068471E+0	2.096420E-6	2.044004E-3	2.096420E-5	5.102075E-1	1.803116E+1
7.355825E+3	3.278800E+2	3.536050E+1	-1.078884E+0	2.074320E-6	2.027742E-3	2.074320E-5	5.155611E-1	1.823064E+1
7.368616E+3	3.276500E+2	3.538532E+1	-8.979664E-1	2.049520E-6	2.067591E-3	2.049520E-5	5.208644E-1	1.842890E+1
7.379975E+3	3.274800E+2	3.540369E+1	-9.352350E-1	2.028060E-6	2.019410E-3	2.028060E-5	5.223240E-1	1.849261E+1
7.392806E+3	3.272800E+2	3.542532E+1	-1.100052E+0	2.004096E-6	2.022929E-3	2.004096E-5	5.228202E-1	1.852183E+1
7.404260E+3	3.270700E+2	3.544807E+1	-9.564293E-1	1.982948E-6	1.992062E-3	1.982948E-5	5.123647E-1	1.816171E+1
7.415552E+3	3.268900E+2	3.546759E+1	-9.887006E-1	1.962440E-6	1.971083E-3	1.962440E-5	5.111860E-1	1.813165E+1
7.428296E+3	3.266800E+2	3.549039E+1	-1.005638E+0	1.939292E-6	2.089789E-3	1.939292E-5	5.246851E-1	1.862160E+1
7.441422E+3	3.264600E+2	3.551430E+1	-9.415047E-1	1.915578E-6	2.098565E-3	1.915578E-5	5.251232E-1	1.864754E+1
7.452893E+3	3.262800E+2	3.553390E+1	-9.812360E-1	1.895278E-6	2.125052E-3	1.895278E-5	5.238479E-1	1.861472E+1
7.464511E+3	3.260900E+2	3.555460E+1	-1.025083E+0	1.874860E-6	2.029073E-3	1.874860E-5	5.122542E-1	1.821492E+1
7.477388E+3	3.258700E+2	3.557860E+1	-1.085458E+0	1.852026E-6	2.099030E-3	1.852026E-5	5.109713E-1	1.817879E+1
7.488996E+3	3.256600E+2	3.560155E+1	-9.081197E-1	1.831934E-6	2.082145E-3	1.831934E-5	5.151999E-1	1.834029E+1
7.500228E+3	3.254900E+2	3.562014E+1	-9.891663E-1	1.812744E-6	2.022888E-3	1.812744E-5	5.189025E-1	1.848404E+1
7.512966E+3	3.252800E+2	3.564314E+1	-1.018312E+0	1.791214E-6	2.037413E-3	1.791214E-5	5.251249E-1	1.871828E+1
7.524161E+3	3.250900E+2	3.566397E+1	-9.556125E-1	1.772524E-6	2.044877E-3	1.772524E-5	5.243918E-1	1.870224E+1
7.538602E+3	3.248600E+2	3.568922E+1	-9.356320E-1	1.748952E-6	2.023348E-3	1.748952E-5	5.257525E-1	1.876240E+1
7.550145E+3	3.246800E+2	3.570901E+1	-1.028807E+0	1.729950E-6	2.127359E-3	1.729950E-5	5.187004E-1	1.852309E+1
7.561809E+3	3.244800E+2	3.573102E+1	-1.060396E+0	1.710880E-6	2.157953E-3	1.710880E-5	5.153498E-1	1.841442E+1
7.574823E+3	3.242500E+2	3.575636E+1	-9.421001E-1	1.689808E-6	2.103997E-3	1.689808E-5	5.166515E-1	1.847156E+1
7.585013E+3	3.240900E+2	3.577401E+1	-9.759876E-1	1.673298E-6	2.141308E-3	1.673298E-5	5.244534E-1	1.876305E+1
7.597923E+3	3.238800E+2	3.579721E+1	-1.020487E+0	1.652798E-6	2.075293E-3	1.652798E-5	5.282166E-1	1.891021E+1
7.610858E+3	3.236600E+2	3.582154E+1	-1.003764E+0	1.632076E-6	2.230341E-3	1.632076E-5	5.208148E-1	1.865524E+1
7.622813E+3	3.234600E+2	3.584369E+1	-9.883822E-1	1.613442E-6	2.177836E-3	1.613442E-5	5.229738E-1	1.874436E+1
7.634347E+3	3.232700E+2	3.586476E+1	-9.472687E-1	1.595978E-6	2.096464E-3	1.595978E-5	5.295410E-1	1.899154E+1
7.647015E+3	3.230700E+2	3.588696E+1	-9.680889E-1	1.576820E-6	2.061993E-3	1.576820E-5	5.279507E-1	1.894626E+1
7.658171E+3	3.228900E+2	3.590697E+1	-1.046664E+0	1.559922E-6	2.084416E-3	1.559922E-5	5.209190E-1	1.870600E+1
7.669636E+3	3.226900E+2	3.592922E+1	-1.032702E+0	1.542638E-6	2.155861E-3	1.542638E-5	5.138551E-1	1.846336E+1
7.682418E+3	3.224700E+2	3.595373E+1	-9.810671E-1	1.523578E-6	2.226024E-3	1.523578E-5	5.221840E-1	1.877307E+1
7.694038E+3	3.222800E+2	3.597493E+1	-9.140475E-1	1.506760E-6	2.089625E-3	1.506760E-5	5.227216E-1	1.880462E+1
7.706510E+3	3.220900E+2	3.599615E+1	-1.090437E+0	1.488642E-6	2.167335E-3	1.488642E-5	5.221825E-1	1.879849E+1
7.718065E+3	3.218800E+2	3.601963E+1	-9.710104E-1	1.472138E-6	2.130996E-3	1.472138E-5	5.189927E-1	1.869379E+1
7.732277E+3	3.216500E+2	3.604539E+1	-9.834050E-1	1.452248E-6	2.057958E-3	1.452248E-5	5.176073E-1	1.865561E+1
7.742039E+3	3.214900E+2	3.606333E+1	-9.684890E-1	1.438576E-6	2.140129E-3	1.438576E-5	5.282668E-1	1.905216E+1
7.756288E+3	3.212600E+2	3.608915E+1	-9.784568E-1	1.418978E-6	2.095963E-3	1.418978E-5	5.260993E-1	1.898607E+1
7.767939E+3	3.210700E+2	3.611051E+1	-1.004140E+0	1.403184E-6	2.062729E-3	1.403184E-5	5.242291E-1	1.892992E+1
7.779292E+3	3.208800E+2	3.613189E+1	-1.012581E+0	1.387712E-6	2.151366E-3	1.387712E-5	5.153561E-1	1.862212E+1
7.792328E+3	3.206600E+2	3.615668E+1	-1.047486E+0	1.369798E-6	2.199788E-3	1.369798E-5	5.175825E-1	1.871313E+1
7.803784E+3	3.204600E+2	3.617924E+1	-9.357941E-1	1.354786E-6	2.101578E-3	1.354786E-5	5.252339E-1	1.900062E+1
7.815325E+3	3.202800E+2	3.619958E+1	-9.385591E-1	1.339612E-6	2.143883E-3	1.339612E-5	5.263117E-1	1.905288E+1
7.826832E+3	3.201000E+2	3.621993E+1	-1.027957E+0	1.324780E-6	2.105780E-3	1.324780E-5	5.279020E-1	1.912291E+1
7.839673E+3	3.198800E+2	3.624484E+1	-9.758364E-1	1.308286E-6	2.175609E-3	1.308286E-5	5.184933E-1	1.879273E+1
7.852585E+3	3.196700E+2	3.626865E+1	-1.019678E+0	1.292108E-6	2.079224E-3	1.292108E-5	5.144130E-1	1.865554E+1
7.863765E+3	3.194800E+2	3.629022E+1	-9.756098E-1	1.277902E-6	2.229781E-3	1.277902E-5	5.230981E-1	1.898300E+1
7.875450E+3	3.192900E+2	3.631182E+1	-9.348707E-1	1.263708E-6	2.095954E-3	1.263708E-5	5.191782E-1	1.885297E+1
7.888286E+3	3.190900E+2	3.633458E+1	-1.068186E+0	1.248076E-6	2.103124E-3	1.248076E-5	5.149077E-1	1.871055E+1
7.899520E+3	3.188900E+2	3.635736E+1	-1.021784E+0	1.234308E-6	2.132868E-3	1.234308E-5	5.101750E-1	1.854914E+1
7.913613E+3	3.186500E+2	3.638475E+1	-1.013211E+0	1.217214E-6	2.226673E-3	1.217214E-5	5.129144E-1	1.865988E+1
7.923680E+3	3.184800E+2	3.640417E+1	-9.363296E-1	1.205202E-6	2.165051E-3	1.205202E-5	5.275922E-1	1.920559E+1
7.936496E+3	3.182800E+2	3.642705E+1	-9.470361E-1	1.190146E-6	2.205356E-3	1.190146E-5	5.356652E-1	1.951325E+1
7.947900E+3	3.181000E+2	3.644766E+1	-9.704999E-1	1.176948E-6	2.101496E-3	1.176948E-5	5.295858E-1	1.930394E+1
7.960883E+3	3.178900E+2	3.647174E+1	-1.022226E+0	1.162056E-6	2.159387E-3	1.162056E-5	5.196133E-1	1.895191E+1
7.973796E+3	3.176700E+2	3.649699E+1	-9.940705E-1	1.147472E-6	2.206408E-3	1.147472E-5	5.196246E-1	1.896342E+1
7.985264E+3	3.174800E+2	3.651884E+1	-9.347978E-1	1.134536E-6	2.172874E-3	1.134536E-5	5.173904E-1	1.889421E+1
7.998101E+3	3.172800E+2	3.654186E+1	-1.045843E+0	1.120428E-6	2.212012E-3	1.120428E-5	5.278752E-1	1.928982E+1
8.009575E+3	3.170800E+2	3.656490E+1	-9.233610E-1	1.107710E-6	2.191178E-3	1.107710E-5	5.296314E-1	1.936623E+1
8.022571E+3	3.168800E+2	3.658798E+1	-9.959687E-1	1.093450E-6	2.160485E-3	1.093450E-5	5.243021E-1	1.918354E+1
8.035222E+3	3.166700E+2	3.661225E+1	-1.045843E+0	1.079742E-6	2.189368E-3	1.079742E-5	5.283813E-1	1.934467E+1
8.046696E+3	3.164700E+2	3.663538E+1	-9.413708E-1	1.067212E-6	2.390371E-3	1.067212E-5	5.183591E-1	1.898967E+1
8.058806E+3	3.162800E+2	3.665739E+1	-1.040132E+0	1.054476E-6	2.231485E-3	1.054476E-5	5.188387E-1	1.901993E+1
8.070343E+3	3.160800E+2	3.668059E+1	-9.839906E-1	1.042340E-6	2.201238E-3	1.042340E-5	5.276500E-1	1.935511E+1
8.083148E+3	3.158700E+2	3.670497E+1	-9.256402E-1	1.029086E-6	2.214584E-3	1.029086E-5	5.259781E-1	1.930474E+1
8.096112E+3	3.156700E+2	3.672823E+1	-1.016240E+0	1.015816E-6	2.241699E-3	1.015816E-5	5.232566E-1	1.921775E+1
8.106149E+3	3.155000E+2	3.674802E+1	-1.041996E+0	1.005756E-6	2.182326E-3	1.005756E-5	5.177187E-1	1.902720E+1
8.118817E+3	3.152800E+2	3.677366E+1	-9.810028E-1	9.929940E-7	2.256350E-3	9.929940E-6	5.161121E-1	1.897919E+1
8.131661E+3	3.150700E+2	3.679817E+1	-9.522130E-1	9.802100E-7	2.234273E-3	9.802100E-6	5.286885E-1	1.945300E+1
8.143003E+3	3.148900E+2	3.681921E+1	-9.442128E-1	9.691400E-7	2.205888E-3	9.691400E-6	5.298558E-1	1.950934E+1
8.155712E+3	3.146900E+2	3.684261E+1	-1.049043E+0	9.567760E-7	2.198074E-3	9.567760E-6	5.280818E-1	1.945659E+1
8.167151E+3	3.144900E+2	3.686604E+1	-9.439899E-1	9.458620E-7	2.220202E-3	9.458620E-6	5.258238E-1	1.938535E+1
8.179863E+3	3.142900E+2	3.688950E+1	-9.702010E-1	9.338540E-7	2.204711E-3	9.338540E-6	5.177906E-1	1.910141E+1
8.192850E+3	3.140800E+2	3.691416E+1	-1.040673E+0	9.217540E-7	2.202852E-3	9.217540E-6	5.215823E-1	1.925352E+1
8.204381E+3	3.138800E+2	3.693768E+1	-9.557945E-1	9.112280E-7	2.164081E-3	9.112280E-6	5.126979E-1	1.893761E+1
8.216936E+3	3.136800E+2	3.696123E+1	-1.033414E+0	8.997720E-7	2.300602E-3	8.997720E-6	5.120091E-1	1.892478E+1
8.228548E+3	3.134800E+2	3.698482E+1	-9.853758E-1	8.893180E-7	2.235103E-3	8.893180E-6	5.160468E-1	1.908597E+1
8.241335E+3	3.132700E+2	3.700961E+1	-9.869275E-1	8.778840E-7	2.235655E-3	8.778840E-6	5.106498E-1	1.889892E+1
8.252886E+3	3.130800E+2	3.703207E+1	-1.026998E+0	8.677620E-7	2.201493E-3	8.677620E-6	5.230785E-1	1.937102E+1
8.265739E+3	3.128600E+2	3.705811E+1	-8.832417E-1	8.565160E-7	2.263343E-3	8.565160E-6	5.306640E-1	1.966396E+1
8.278646E+3	3.126700E+2	3.708063E+1	-9.631678E-1	8.455240E-7	2.175243E-3	8.455240E-6	5.369395E-1	1.990936E+1
8.289859E+3	3.124900E+2	3.710199E+1	-9.646302E-1	8.359400E-7	2.209227E-3	8.359400E-6	5.301956E-1	1.967289E+1
8.302921E+3	3.122800E+2	3.712694E+1	-1.040222E+0	8.249540E-7	2.266414E-3	8.249540E-6	5.175283E-1	1.921489E+1
8.314457E+3	3.120800E+2	3.715073E+1	-9.671477E-1	8.154740E-7	2.236418E-3	8.154740E-6	5.204284E-1	1.933426E+1
8.327485E+3	3.118700E+2	3.717575E+1	-9.399969E-1	8.047260E-7	2.281533E-3	8.047260E-6	5.224207E-1	1.942007E+1
8.340251E+3	3.116700E+2	3.719960E+1	-1.002851E+0	7.943060E-7	2.277564E-3	7.943060E-6	5.231653E-1	1.946098E+1
8.350422E+3	3.115000E+2	3.721990E+1	-1.021909E+0	7.861480E-7	2.286912E-3	7.861480E-6	5.145592E-1	1.915396E+1
8.363339E+3	3.112800E+2	3.724621E+1	-9.950249E-1	7.758400E-7	2.195037E-3	7.758400E-6	5.097829E-1	1.898831E+1
8.376002E+3	3.110700E+2	3.727135E+1	-9.940828E-1	7.659060E-7	2.166357E-3	7.659060E-6	5.198395E-1	1.937439E+1
8.388677E+3	3.108600E+2	3.729653E+1	-9.212345E-1	7.559600E-7	2.403425E-3	7.559600E-6	5.297136E-1	1.975512E+1
8.401703E+3	3.106600E+2	3.732054E+1	-9.434786E-1	7.459880E-7	2.319099E-3	7.459880E-6	5.229244E-1	1.951498E+1
8.413150E+3	3.104800E+2	3.734218E+1	-1.076716E+0	7.374800E-7	2.135576E-3	7.374800E-6	5.234866E-1	1.954858E+1
8.424295E+3	3.102800E+2	3.736625E+1	-8.966494E-1	7.291500E-7	2.230636E-3	7.291500E-6	5.233328E-1	1.955516E+1
8.437009E+3	3.100900E+2	3.738915E+1	-9.555662E-1	7.197860E-7	2.221028E-3	7.197860E-6	5.289658E-1	1.977818E+1
8.449567E+3	3.098900E+2	3.741328E+1	-9.761388E-1	7.105460E-7	2.276864E-3	7.105460E-6	5.306297E-1	1.985409E+1
8.462475E+3	3.096800E+2	3.743865E+1	-1.006481E+0	7.011300E-7	2.329670E-3	7.011300E-6	5.249644E-1	1.965371E+1
8.475590E+3	3.094600E+2	3.746526E+1	-9.287127E-1	6.918000E-7	2.278883E-3	6.918000E-6	5.237870E-1	1.962241E+1
8.487219E+3	3.092800E+2	3.748707E+1	-9.832995E-1	6.835160E-7	2.297660E-3	6.835160E-6	5.272411E-1	1.976446E+1
8.500033E+3	3.090700E+2	3.751254E+1	-9.504532E-1	6.745600E-7	2.288114E-3	6.745600E-6	5.267128E-1	1.975867E+1
8.511396E+3	3.088900E+2	3.753440E+1	-9.979587E-1	6.667000E-7	2.293880E-3	6.667000E-6	5.133292E-1	1.926869E+1
8.524623E+3	3.086700E+2	3.756115E+1	-1.026255E+0	6.577040E-7	2.329790E-3	6.577040E-6	5.183687E-1	1.947010E+1
8.536316E+3	3.084700E+2	3.758550E+1	-8.767882E-1	6.499400E-7	2.291900E-3	6.499400E-6	5.185513E-1	1.948863E+1
8.549318E+3	3.082800E+2	3.760867E+1	-1.009475E+0	6.414220E-7	2.184109E-3	6.414220E-6	5.241354E-1	1.971237E+1
8.560611E+3	3.080900E+2	3.763186E+1	-9.433256E-1	6.339600E-7	2.357177E-3	6.339600E-6	5.264247E-1	1.981180E+1
8.573968E+3	3.078800E+2	3.765753E+1	-9.753832E-1	6.254860E-7	2.242669E-3	6.254860E-6	5.263809E-1	1.982148E+1
8.586886E+3	3.076700E+2	3.768323E+1	-8.735868E-1	6.171640E-7	2.334676E-3	6.171640E-6	5.245765E-1	1.976675E+1
8.598562E+3	3.075000E+2	3.770407E+1	-1.026279E+0	6.099340E-7	2.269734E-3	6.099340E-6	5.167795E-1	1.948658E+1
8.611424E+3	3.072800E+2	3.773106E+1	-9.952607E-1	6.020220E-7	2.151177E-3	6.020220E-6	5.161927E-1	1.947708E+1
8.624084E+3	3.070700E+2	3.775686E+1	-9.162404E-1	5.941920E-7	2.268481E-3	5.941920E-6	5.220400E-1	1.970907E+1
8.637181E+3	3.068700E+2	3.778147E+1	-8.778009E-1	5.862960E-7	2.263491E-3	5.862960E-6	5.375007E-1	2.030681E+1
8.650168E+3	3.066800E+2	3.780488E+1	-9.402915E-1	5.786760E-7	2.194141E-3	5.786760E-6	5.298585E-1	2.003182E+1
8.662930E+3	3.064800E+2	3.782955E+1	-1.032525E+0	5.711580E-7	2.238269E-3	5.711580E-6	5.091583E-1	1.926244E+1
8.674552E+3	3.062800E+2	3.785425E+1	-1.032945E+0	5.644940E-7	2.266085E-3	5.644940E-6	5.071527E-1	1.919730E+1
8.687331E+3	3.060600E+2	3.788146E+1	-8.360185E-1	5.570760E-7	2.327966E-3	5.570760E-6	5.160337E-1	1.954579E+1
8.698814E+3	3.059000E+2	3.790127E+1	-9.234321E-1	5.506480E-7	2.234559E-3	5.506480E-6	5.268250E-1	1.996914E+1
8.711809E+3	3.057000E+2	3.792607E+1	-9.678098E-1	5.435100E-7	2.184945E-3	5.435100E-6	5.288558E-1	2.005991E+1
8.726068E+3	3.054700E+2	3.795463E+1	-9.147039E-1	5.356840E-7	2.216771E-3	5.356840E-6	5.219368E-1	1.980851E+1
8.739187E+3	3.052700E+2	3.797949E+1	-9.066327E-1	5.287080E-7	2.189351E-3	5.287080E-6	5.245001E-1	1.991885E+1
8.751761E+3	3.050800E+2	3.800315E+1	-9.442871E-1	5.220540E-7	2.183791E-3	5.220540E-6	5.288609E-1	2.009877E+1
8.764469E+3	3.048800E+2	3.802808E+1	-8.905380E-1	5.152680E-7	2.461120E-3	5.152680E-6	5.290941E-1	2.012046E+1
8.777944E+3	3.046800E+2	3.805304E+1	-8.913910E-1	5.085300E-7	2.210969E-3	5.085300E-6	5.294213E-1	2.014539E+1
8.790733E+3	3.044900E+2	3.807678E+1	-8.972139E-1	5.021420E-7	2.141287E-3	5.021420E-6	5.370406E-1	2.044872E+1
8.803439E+3	3.043000E+2	3.810056E+1	-8.536672E-1	4.958160E-7	2.165660E-3	4.958160E-6	5.228926E-1	1.992407E+1
8.817496E+3	3.041000E+2	3.812562E+1	-1.024209E+0	4.889240E-7	2.205834E-3	4.889240E-6	5.271764E-1	2.009966E+1
8.830384E+3	3.038800E+2	3.815322E+1	-7.760910E-1	4.828240E-7	2.227548E-3	4.828240E-6	5.189713E-1	1.979973E+1
8.845073E+3	3.036900E+2	3.817709E+1	-9.656652E-1	4.759680E-7	2.149500E-3	4.759680E-6	5.141419E-1	1.962816E+1
8.858121E+3	3.034800E+2	3.820351E+1	-8.690349E-1	4.700340E-7	2.183395E-3	4.700340E-6	5.266110E-1	2.011741E+1
8.871239E+3	3.032900E+2	3.822744E+1	-8.245534E-1	4.641960E-7	2.125669E-3	4.641960E-6	5.175915E-1	1.978640E+1
8.884337E+3	3.031100E+2	3.825014E+1	-8.534323E-1	4.584480E-7	2.145723E-3	4.584480E-6	5.306650E-1	2.029987E+1
8.900507E+3	3.028800E+2	3.827919E+1	-8.040626E-1	4.516440E-7	1.992511E-3	4.516440E-6	5.388530E-1	2.062529E+1
8.914685E+3	3.026900E+2	3.830321E+1	-7.390680E-1	4.457920E-7	2.110837E-3	4.457920E-6	5.328116E-1	2.040703E+1
8.929298E+3	3.025100E+2	3.832601E+1	-8.502799E-1	4.400320E-7	1.940574E-3	4.400320E-6	5.308490E-1	2.034655E+1
8.943411E+3	3.023100E+2	3.835136E+1	-7.640392E-1	4.346020E-7	1.891996E-3	4.346020E-6	5.324972E-1	2.042196E+1
8.959117E+3	3.021100E+2	3.837675E+1	-6.776683E-1	4.288060E-7	1.876878E-3	4.288060E-6	5.241866E-1	2.011651E+1
8.975054E+3	3.019300E+2	3.839963E+1	-7.727432E-1	4.232200E-7	1.767633E-3	4.232200E-6	5.361501E-1	2.058882E+1
8.992136E+3	3.017100E+2	3.842763E+1	-6.246024E-1	4.174480E-7	1.773356E-3	4.174480E-6	5.349327E-1	2.055574E+1
9.009427E+3	3.015300E+2	3.845057E+1	-6.629485E-1	4.119820E-7	1.677765E-3	4.119820E-6	5.310069E-1	2.041723E+1
9.028433E+3	3.013200E+2	3.847737E+1	-6.240971E-1	4.062500E-7	1.572690E-3	4.062500E-6	5.366574E-1	2.064882E+1
9.045738E+3	3.011400E+2	3.850037E+1	-6.025911E-1	4.013180E-7	1.520849E-3	4.013180E-6	5.297679E-1	2.039735E+1
9.065652E+3	3.009400E+2	3.852595E+1	-5.789982E-1	3.958880E-7	1.469996E-3	3.958880E-6	5.346969E-1	2.060078E+1
9.088450E+3	3.007200E+2	3.855414E+1	-5.289041E-1	3.900060E-7	1.411353E-3	3.900060E-6	5.254074E-1	2.025566E+1
9.110004E+3	3.005300E+2	3.857851E+1	-5.869406E-1	3.848320E-7	1.339495E-3	3.848320E-6	5.164926E-1	1.992537E+1
9.130449E+3	3.003300E+2	3.860420E+1	-5.174421E-1	3.801480E-7	1.306356E-3	3.801480E-6	5.209231E-1	2.010941E+1
9.153640E+3	3.001300E+2	3.862993E+1	-4.372116E-1	3.751440E-7	1.264650E-3	3.751440E-6	5.255457E-1	2.030123E+1
9.178342E+3	2.999500E+2	3.865311E+1	-4.585820E-1	3.701580E-7	1.170491E-3	3.701580E-6	5.406464E-1	2.089847E+1
9.205818E+3	2.997400E+2	3.868019E+1	-4.186098E-1	3.649680E-7	1.053088E-3	3.649680E-6	5.408640E-1	2.092074E+1
9.233051E+3	2.995500E+2	3.870472E+1	-4.118051E-1	3.600920E-7	1.071495E-3	3.600920E-6	5.350481E-1	2.070857E+1
9.262191E+3	2.993500E+2	3.873058E+1	-3.759398E-1	3.551980E-7	1.002195E-3	3.551980E-6	5.372614E-1	2.080810E+1
9.292515E+3	2.991600E+2	3.875518E+1	-3.565285E-1	3.505120E-7	9.563620E-4	3.505120E-6	5.284925E-1	2.048298E+1
9.324490E+3	2.989700E+2	3.877981E+1	-3.534021E-1	3.459220E-7	8.731058E-4	3.459220E-6	5.327843E-1	2.066180E+1
9.363539E+3	2.987400E+2	3.880967E+1	-2.869183E-1	3.407300E-7	8.215029E-4	3.407300E-6	5.290336E-1	2.053004E+1
9.396998E+3	2.985800E+2	3.883046E+1	-3.091045E-1	3.366500E-7	7.657180E-4	3.366500E-6	5.312787E-1	2.063101E+1
9.439702E+3	2.983600E+2	3.885910E+1	-2.642066E-1	3.318060E-7	7.053859E-4	3.318060E-6	5.366143E-1	2.085227E+1
9.485121E+3	2.981600E+2	3.888516E+1	-2.454545E-1	3.271200E-7	6.477629E-4	3.271200E-6	5.247639E-1	2.040484E+1
9.529121E+3	2.979800E+2	3.890865E+1	-2.488266E-1	3.229860E-7	6.217709E-4	3.229860E-6	5.295974E-1	2.060682E+1
9.582170E+3	2.977600E+2	3.893740E+1	-2.025506E-1	3.184180E-7	5.414106E-4	3.184180E-6	5.326337E-1	2.073809E+1
9.635490E+3	2.975800E+2	3.896095E+1	-1.858342E-1	3.142620E-7	5.387930E-4	3.142620E-6	5.382028E-1	2.096845E+1
9.696835E+3	2.973900E+2	3.898584E+1	-1.737192E-1	3.099540E-7	4.645178E-4	3.099540E-6	5.456180E-1	2.127258E+1
9.765912E+3	2.971900E+2	3.901208E+1	-1.549667E-1	3.056180E-7	4.506659E-4	3.056180E-6	5.351104E-1	2.087660E+1
9.843348E+3	2.969900E+2	3.903835E+1	-1.067878E-1	3.013480E-7	3.936214E-4	3.013480E-6	5.336495E-1	2.083284E+1
9.961339E+3	2.967800E+2	3.906597E+1	-1.202088E-1	2.970920E-7	3.301388E-4	2.970920E-6	5.351112E-1	2.090349E+1
1.005617E+4	2.965900E+2	3.909100E+1	-1.095038E-1	2.929680E-7	3.241777E-4	2.929680E-6	5.299998E-1	2.071796E+1
1.016028E+4	2.964000E+2	3.911606E+1	-1.006551E-1	2.890780E-7	2.684004E-4	2.890780E-6	5.251156E-1	2.054135E+1
1.027950E+4	2.962000E+2	3.914247E+1	-8.232034E-2	2.852800E-7	2.058914E-4	2.852800E-6	NaN	NaN
1.042527E+4	2.960000E+2	3.916892E+1	NaN	2.813920E-7	2.210771E-4	2.813920E-6	NaN	NaN
--------------------
5/29/2024 7:21 PM
