5/28/2024
3:17 PM
slow cooling at 470 at 1k per minute_2024.05.28_COND_FILE END.txt

Data taken by: Akshat Sharma
ammeter is Keithley 6517A at GPIB0::27::INSTR
voltage source is Keithley 6517A at GPIB0::27::INSTR
temperature controller is Lake Shore 330 at GPIB0::12::INSTR with the settings: control sensor=A;sample sensor=;loop=1
Readings: 5
Voltage (V): 100
Geo Factor: 1000
Ea Window (pts): 5
Shut off V when done?: TRUE
Mconnect?: TRUE
Use Abs(Cond)?: TRUE
Rate (K/min): 1
Heater: High
DESCRIPTION
********************
Time (s)	Temperature (K)	1/kT (1/eV)	Rate (K/min)	Current (A)	Current Std Dev/Mean	Conductivity (Ohm-cm)^-1	Ea (eV)	Reduced Ea	
1.478000E+0	4.700100E+2	2.466756E+1	NaN	3.769480E-4	4.172687E-3	3.769480E-3	NaN	NaN
3.550100E+1	4.696500E+2	2.468647E+1	NaN	3.764140E-4	1.252942E-3	3.764140E-3	NaN	NaN
4.569100E+1	4.694300E+2	2.469804E+1	NaN	3.740840E-4	1.297616E-3	3.740840E-3	NaN	NaN
5.572100E+1	4.692200E+2	2.470909E+1	NaN	3.718580E-4	1.284694E-3	3.718580E-3	NaN	NaN
6.438000E+1	4.690700E+2	2.471699E+1	NaN	3.699860E-4	8.629104E-4	3.699860E-3	NaN	NaN
7.609100E+1	4.688800E+2	2.472701E+1	-1.005890E+0	3.679140E-4	8.703204E-4	3.679140E-3	NaN	NaN
8.927100E+1	4.686800E+2	2.473756E+1	-1.023056E+0	3.658420E-4	9.252134E-4	3.658420E-3	NaN	NaN
1.011920E+2	4.684800E+2	2.474812E+1	-1.023015E+0	3.639280E-4	1.193853E-3	3.639280E-3	NaN	NaN
1.144160E+2	4.682600E+2	2.475975E+1	-1.016782E+0	3.615100E-4	7.289803E-4	3.615100E-3	NaN	NaN
1.261780E+2	4.680500E+2	2.477086E+1	-1.015667E+0	3.600500E-4	9.740690E-4	3.600500E-3	NaN	NaN
1.365520E+2	4.678600E+2	2.478092E+1	-1.019032E+0	3.583880E-4	1.121918E-3	3.583880E-3	NaN	NaN
1.467210E+2	4.676900E+2	2.478992E+1	-1.022880E+0	3.566980E-4	9.330618E-4	3.566980E-3	NaN	NaN
1.598980E+2	4.674800E+2	2.480106E+1	-1.023219E+0	3.545140E-4	8.466049E-4	3.545140E-3	NaN	NaN
1.729270E+2	4.672800E+2	2.481168E+1	-1.038767E+0	3.528880E-4	1.000562E-3	3.528880E-3	NaN	NaN
1.857610E+2	4.670500E+2	2.482389E+1	-1.033754E+0	3.503360E-4	2.550629E-3	3.503360E-3	NaN	NaN
1.959560E+2	4.668800E+2	2.483293E+1	-1.027461E+0	3.489520E-4	1.829625E-3	3.489520E-3	NaN	NaN
2.089590E+2	4.666500E+2	2.484517E+1	-1.009328E+0	3.474380E-4	1.058775E-3	3.474380E-3	NaN	NaN
2.206890E+2	4.664800E+2	2.485423E+1	-9.979423E-1	3.454120E-4	1.710116E-3	3.454120E-3	NaN	NaN
2.327530E+2	4.662700E+2	2.486542E+1	-9.983389E-1	3.436540E-4	9.000967E-4	3.436540E-3	NaN	NaN
2.446930E+2	4.660500E+2	2.487716E+1	-1.002126E+0	3.418820E-4	9.255165E-4	3.418820E-3	NaN	NaN
2.551310E+2	4.658800E+2	2.488624E+1	-1.007608E+0	3.402500E-4	1.125877E-3	3.402500E-3	NaN	NaN
2.666100E+2	4.656800E+2	2.489692E+1	-1.010961E+0	3.387320E-4	9.962044E-4	3.387320E-3	NaN	NaN
2.797760E+2	4.654800E+2	2.490762E+1	-1.010021E+0	3.367620E-4	1.066609E-3	3.367620E-3	NaN	NaN
2.932240E+2	4.652600E+2	2.491940E+1	-1.003658E+0	3.350660E-4	1.045550E-3	3.350660E-3	NaN	NaN
3.050330E+2	4.650600E+2	2.493012E+1	-1.001640E+0	3.334560E-4	1.174289E-3	3.334560E-3	NaN	NaN
3.155140E+2	4.648900E+2	2.493923E+1	-1.004524E+0	3.316760E-4	9.304067E-4	3.316760E-3	NaN	NaN
3.285380E+2	4.646600E+2	2.495158E+1	-1.005216E+0	3.299860E-4	8.945165E-4	3.299860E-3	NaN	NaN
3.401770E+2	4.644600E+2	2.496232E+1	-1.006295E+0	3.284800E-4	8.395386E-4	3.284800E-3	NaN	NaN
3.504330E+2	4.642900E+2	2.497146E+1	-1.007817E+0	3.270200E-4	1.117082E-3	3.270200E-3	NaN	NaN
3.637640E+2	4.640600E+2	2.498384E+1	-1.003589E+0	3.251980E-4	9.555936E-4	3.251980E-3	NaN	NaN
3.752480E+2	4.638800E+2	2.499353E+1	-1.003940E+0	3.236440E-4	9.046880E-4	3.236440E-3	NaN	NaN
3.868940E+2	4.636800E+2	2.500431E+1	-1.003717E+0	3.219400E-4	9.385566E-4	3.219400E-3	NaN	NaN
4.000670E+2	4.632900E+2	2.502536E+1	-9.999712E-1	3.192760E-4	3.484198E-3	3.192760E-3	NaN	NaN
4.173700E+2	4.631800E+2	2.503131E+1	-1.006996E+0	3.176280E-4	1.094109E-3	3.176280E-3	NaN	NaN
4.246920E+2	4.630600E+2	2.503779E+1	-1.007942E+0	3.165820E-4	8.247274E-4	3.165820E-3	NaN	NaN
4.362210E+2	4.628600E+2	2.504861E+1	-1.005077E+0	3.150960E-4	9.458820E-4	3.150960E-3	4.868526E-1	1.209360E+1
4.476900E+2	4.626800E+2	2.505836E+1	-1.007033E+0	3.136120E-4	1.028656E-3	3.136120E-3	4.863706E-1	1.208474E+1
4.593300E+2	4.624700E+2	2.506973E+1	-1.006694E+0	3.120440E-4	1.029395E-3	3.120440E-3	4.858778E-1	1.207549E+1
4.710900E+2	4.622800E+2	2.508004E+1	-1.004304E+0	3.102480E-4	1.019376E-3	3.102480E-3	4.854200E-1	1.206704E+1
4.830450E+2	4.620700E+2	2.509144E+1	-1.003121E+0	3.084960E-4	1.466162E-3	3.084960E-3	4.851687E-1	1.206365E+1
4.946990E+2	4.618700E+2	2.510230E+1	-1.002962E+0	3.066300E-4	1.515521E-3	3.066300E-3	4.850808E-1	1.206428E+1
5.079280E+2	4.616600E+2	2.511372E+1	-1.002503E+0	3.046980E-4	6.215786E-4	3.046980E-3	4.855262E-1	1.207870E+1
5.196570E+2	4.614800E+2	2.512352E+1	-9.974995E-1	3.036280E-4	1.295691E-3	3.036280E-3	4.855424E-1	1.208174E+1
5.312680E+2	4.612700E+2	2.513495E+1	-9.956928E-1	3.011540E-4	1.533689E-3	3.011540E-3	4.858585E-1	1.209218E+1
5.429160E+2	4.610800E+2	2.514531E+1	-9.976523E-1	2.999640E-4	7.705901E-4	2.999640E-3	4.864855E-1	1.211033E+1
5.544490E+2	4.608900E+2	2.515568E+1	-9.934564E-1	2.987200E-4	8.954483E-4	2.987200E-3	4.866276E-1	1.211645E+1
5.674940E+2	4.606600E+2	2.516824E+1	-9.934901E-1	2.972660E-4	7.724736E-4	2.972660E-3	4.865701E-1	1.211818E+1
5.791440E+2	4.604800E+2	2.517808E+1	-9.924402E-1	2.960420E-4	8.337323E-4	2.960420E-3	4.863010E-1	1.211402E+1
5.907420E+2	4.602800E+2	2.518902E+1	-9.855219E-1	2.946380E-4	8.864762E-4	2.946380E-3	4.858799E-1	1.210606E+1
6.035880E+2	4.600500E+2	2.520161E+1	-9.973270E-1	2.929780E-4	8.839529E-4	2.929780E-3	4.853741E-1	1.209658E+1
6.152590E+2	4.598700E+2	2.521147E+1	-9.978153E-1	2.914920E-4	1.009968E-3	2.914920E-3	4.849456E-1	1.208840E+1
6.270760E+2	4.596700E+2	2.522244E+1	-9.967240E-1	2.900840E-4	9.161589E-4	2.900840E-3	4.845743E-1	1.208163E+1
6.401790E+2	4.594500E+2	2.523452E+1	-9.945272E-1	2.885460E-4	8.885191E-4	2.885460E-3	4.840770E-1	1.207231E+1
6.505830E+2	4.592800E+2	2.524386E+1	-9.970227E-1	2.873760E-4	8.148143E-4	2.873760E-3	4.837130E-1	1.206509E+1
6.640130E+2	4.590600E+2	2.525596E+1	-9.969786E-1	2.857920E-4	9.631603E-4	2.857920E-3	4.831256E-1	1.205355E+1
6.744420E+2	4.588800E+2	2.526586E+1	-9.990279E-1	2.845420E-4	9.401976E-4	2.845420E-3	4.827520E-1	1.204611E+1
6.875860E+2	4.586600E+2	2.527798E+1	-9.972437E-1	2.828560E-4	9.342339E-4	2.828560E-3	4.822190E-1	1.203593E+1
6.993000E+2	4.584700E+2	2.528846E+1	-9.967486E-1	2.813580E-4	9.279774E-4	2.813580E-3	4.818044E-1	1.202808E+1
7.097380E+2	4.582800E+2	2.529894E+1	-9.996895E-1	2.801420E-4	8.535046E-4	2.801420E-3	4.814896E-1	1.202212E+1
7.230550E+2	4.580700E+2	2.531054E+1	-1.000115E+0	2.786280E-4	8.869297E-4	2.786280E-3	4.809735E-1	1.201241E+1
7.348270E+2	4.578700E+2	2.532160E+1	-1.000638E+0	2.772780E-4	9.553452E-4	2.772780E-3	4.805461E-1	1.200425E+1
7.467090E+2	4.576800E+2	2.533211E+1	-1.000763E+0	2.760200E-4	1.013125E-3	2.760200E-3	4.801238E-1	1.199622E+1
7.581940E+2	4.574800E+2	2.534318E+1	-1.000677E+0	2.744940E-4	1.112955E-3	2.744940E-3	4.796781E-1	1.198761E+1
7.715930E+2	4.572700E+2	2.535482E+1	-9.986696E-1	2.730580E-4	9.708007E-4	2.730580E-3	4.792062E-1	1.197894E+1
7.832860E+2	4.570600E+2	2.536647E+1	-9.979347E-1	2.716180E-4	1.134280E-3	2.716180E-3	4.788263E-1	1.197192E+1
7.953130E+2	4.568600E+2	2.537758E+1	-9.985181E-1	2.701720E-4	8.705641E-4	2.701720E-3	4.784778E-1	1.196570E+1
8.070260E+2	4.566700E+2	2.538814E+1	-9.993403E-1	2.690240E-4	9.076980E-4	2.690240E-3	4.780889E-1	1.195850E+1
8.186440E+2	4.564600E+2	2.539982E+1	-1.000944E+0	2.678540E-4	7.748894E-4	2.678540E-3	4.776226E-1	1.194937E+1
8.306880E+2	4.562800E+2	2.540984E+1	-1.002756E+0	2.666220E-4	1.092650E-3	2.666220E-3	4.770780E-1	1.193830E+1
8.422100E+2	4.560800E+2	2.542098E+1	-1.001369E+0	2.651880E-4	1.123832E-3	2.651880E-3	4.765963E-1	1.192878E+1
8.540450E+2	4.558900E+2	2.543157E+1	-1.000933E+0	2.636900E-4	1.032671E-3	2.636900E-3	4.761859E-1	1.192104E+1
8.671470E+2	4.556800E+2	2.544329E+1	-9.970936E-1	2.621680E-4	9.632267E-4	2.621680E-3	4.757855E-1	1.191414E+1
8.802220E+2	4.554600E+2	2.545558E+1	-9.942370E-1	2.607900E-4	8.869231E-4	2.607900E-3	4.751359E-1	1.190346E+1
8.920870E+2	4.552500E+2	2.546733E+1	-9.936942E-1	2.594340E-4	1.162962E-3	2.594340E-3	4.743691E-1	1.188889E+1
9.024550E+2	4.550700E+2	2.547740E+1	-9.958752E-1	2.582280E-4	9.859416E-4	2.582280E-3	4.738044E-1	1.187838E+1
9.140360E+2	4.548800E+2	2.548804E+1	-9.979394E-1	2.570320E-4	1.013565E-3	2.570320E-3	4.729760E-1	1.186264E+1
9.258320E+2	4.546800E+2	2.549925E+1	-9.993756E-1	2.558020E-4	1.193577E-3	2.558020E-3	4.720454E-1	1.184443E+1
9.390540E+2	4.544700E+2	2.551103E+1	-1.000198E+0	2.542880E-4	1.175628E-3	2.542880E-3	4.709967E-1	1.182441E+1
9.509920E+2	4.542700E+2	2.552227E+1	-9.989437E-1	2.530800E-4	1.045794E-3	2.530800E-3	4.702690E-1	1.181099E+1
9.641890E+2	4.540500E+2	2.553463E+1	-9.958967E-1	2.517080E-4	8.925234E-4	2.517080E-3	4.694806E-1	1.179723E+1
9.742110E+2	4.538800E+2	2.554420E+1	-9.973259E-1	2.506680E-4	8.895424E-4	2.506680E-3	4.690191E-1	1.178931E+1
9.871980E+2	4.536700E+2	2.555602E+1	-9.966734E-1	2.492180E-4	1.156840E-3	2.492180E-3	4.683113E-1	1.177767E+1
9.991290E+2	4.534700E+2	2.556729E+1	-9.987127E-1	2.477940E-4	9.380515E-4	2.477940E-3	4.679643E-1	1.177391E+1
1.011046E+3	4.532600E+2	2.557914E+1	-9.983341E-1	2.466060E-4	1.005048E-3	2.466060E-3	4.675098E-1	1.176742E+1
1.021451E+3	4.530800E+2	2.558930E+1	-1.001978E+0	2.454680E-4	1.396267E-3	2.454680E-3	4.670394E-1	1.175929E+1
1.034518E+3	4.528600E+2	2.560173E+1	-1.001655E+0	2.439120E-4	9.985445E-4	2.439120E-3	4.665513E-1	1.175310E+1
1.046195E+3	4.526800E+2	2.561191E+1	-1.001688E+0	2.427300E-4	1.116535E-3	2.427300E-3	4.661579E-1	1.174812E+1
1.057830E+3	4.524900E+2	2.562267E+1	-1.000702E+0	2.415840E-4	1.113631E-3	2.415840E-3	4.657024E-1	1.174161E+1
1.069933E+3	4.522800E+2	2.563456E+1	-9.986475E-1	2.403220E-4	9.357352E-4	2.403220E-3	4.653415E-1	1.173757E+1
1.083304E+3	4.520700E+2	2.564647E+1	-9.967568E-1	2.388300E-4	1.019190E-3	2.388300E-3	4.650175E-1	1.173565E+1
1.095061E+3	4.518700E+2	2.565782E+1	-9.970433E-1	2.376380E-4	8.823936E-4	2.376380E-3	4.645780E-1	1.172957E+1
1.106779E+3	4.516900E+2	2.566805E+1	-9.977383E-1	2.366620E-4	7.666575E-4	2.366620E-3	4.641535E-1	1.172389E+1
1.118633E+3	4.514800E+2	2.567999E+1	-9.976590E-1	2.356700E-4	8.804045E-4	2.356700E-3	4.637575E-1	1.171896E+1
1.130343E+3	4.512900E+2	2.569080E+1	-9.971189E-1	2.345400E-4	9.529077E-4	2.345400E-3	4.632283E-1	1.171066E+1
1.141912E+3	4.510800E+2	2.570276E+1	-9.974717E-1	2.333780E-4	9.772941E-4	2.333780E-3	4.626509E-1	1.170110E+1
1.153699E+3	4.508800E+2	2.571416E+1	-9.987307E-1	2.321440E-4	1.098076E-3	2.321440E-3	4.620384E-1	1.169067E+1
1.167234E+3	4.506700E+2	2.572614E+1	-9.976930E-1	2.309200E-4	7.673673E-4	2.309200E-3	4.614009E-1	1.168089E+1
1.179064E+3	4.504700E+2	2.573756E+1	-9.958774E-1	2.299040E-4	8.181490E-4	2.299040E-3	4.607994E-1	1.167081E+1
1.190694E+3	4.502600E+2	2.574957E+1	-9.954017E-1	2.288540E-4	9.053613E-4	2.288540E-3	4.601308E-1	1.165902E+1
1.202638E+3	4.500800E+2	2.575986E+1	-9.972096E-1	2.276540E-4	9.310927E-4	2.276540E-3	4.594774E-1	1.164760E+1
1.214472E+3	4.498800E+2	2.577132E+1	-9.977773E-1	2.265360E-4	9.922873E-4	2.265360E-3	4.588435E-1	1.163672E+1
1.226328E+3	4.496800E+2	2.578278E+1	-9.987094E-1	2.254660E-4	9.135987E-4	2.254660E-3	4.581362E-1	1.162396E+1
1.239523E+3	4.494500E+2	2.579597E+1	-9.975700E-1	2.241480E-4	1.060636E-3	2.241480E-3	4.572244E-1	1.160727E+1
1.249671E+3	4.492800E+2	2.580573E+1	-1.000270E+0	2.231540E-4	1.007326E-3	2.231540E-3	4.566438E-1	1.159643E+1
1.262930E+3	4.490600E+2	2.581838E+1	-1.000327E+0	2.219000E-4	9.339514E-4	2.219000E-3	4.557244E-1	1.157958E+1
1.274495E+3	4.488600E+2	2.582988E+1	-1.000799E+0	2.208280E-4	9.608345E-4	2.208280E-3	4.549900E-1	1.156615E+1
1.286380E+3	4.486800E+2	2.584024E+1	-1.000588E+0	2.197560E-4	9.428437E-4	2.197560E-3	4.542108E-1	1.155154E+1
1.298103E+3	4.484900E+2	2.585119E+1	-9.996724E-1	2.187120E-4	9.760384E-4	2.187120E-3	4.535524E-1	1.153966E+1
1.310049E+3	4.482900E+2	2.586272E+1	-9.986191E-1	2.176240E-4	9.603610E-4	2.176240E-3	4.528976E-1	1.152786E+1
1.351859E+3	4.475900E+2	2.590317E+1	-1.015620E+0	2.138140E-4	1.014265E-3	2.138140E-3	4.519173E-1	1.150800E+1
1.359295E+3	4.474400E+2	2.591185E+1	-1.016835E+0	2.131380E-4	1.018995E-3	2.131380E-3	4.517186E-1	1.150436E+1
1.366712E+3	4.473300E+2	2.591823E+1	-1.019465E+0	2.124760E-4	1.004795E-3	2.124760E-3	4.514741E-1	1.149957E+1
1.374044E+3	4.472100E+2	2.592518E+1	-1.023976E+0	2.118040E-4	9.929430E-4	2.118040E-3	4.512740E-1	1.149595E+1
1.381317E+3	4.470900E+2	2.593214E+1	-1.024972E+0	2.110820E-4	1.193529E-3	2.110820E-3	4.510714E-1	1.149229E+1
1.388432E+3	4.469800E+2	2.593852E+1	-1.025286E+0	2.104080E-4	9.394193E-4	2.104080E-3	4.508886E-1	1.148917E+1
1.395718E+3	4.468500E+2	2.594607E+1	-1.025218E+0	2.097540E-4	9.969640E-4	2.097540E-3	4.506958E-1	1.148578E+1
1.405978E+3	4.466900E+2	2.595536E+1	-1.020446E+0	2.088600E-4	1.009440E-3	2.088600E-3	4.502490E-1	1.147904E+1
1.419063E+3	4.464800E+2	2.596757E+1	-1.010464E+0	2.075660E-4	1.084046E-3	2.075660E-3	4.496402E-1	1.147103E+1
1.432226E+3	4.462500E+2	2.598095E+1	-1.003398E+0	2.064960E-4	1.050209E-3	2.064960E-3	4.493019E-1	1.146977E+1
1.444133E+3	4.460600E+2	2.599202E+1	-9.992998E-1	2.054280E-4	9.701636E-4	2.054280E-3	4.489190E-1	1.146578E+1
1.455782E+3	4.458600E+2	2.600368E+1	-9.956781E-1	2.043840E-4	1.013756E-3	2.043840E-3	4.487729E-1	1.146777E+1
1.467542E+3	4.456500E+2	2.601593E+1	-9.934303E-1	2.032700E-4	1.011207E-3	2.032700E-3	4.486888E-1	1.147130E+1
1.477980E+3	4.454800E+2	2.602586E+1	-9.933164E-1	2.023120E-4	1.016837E-3	2.023120E-3	4.485604E-1	1.147225E+1
1.489935E+3	4.452800E+2	2.603755E+1	-9.921729E-1	2.012960E-4	9.507872E-4	2.012960E-3	4.483748E-1	1.147310E+1
1.503074E+3	4.450700E+2	2.604983E+1	-9.886454E-1	2.001582E-4	9.008998E-4	2.001582E-3	4.480921E-1	1.147275E+1
1.515010E+3	4.448700E+2	2.606155E+1	-9.859589E-1	1.991838E-4	9.392300E-4	1.991838E-3	4.477980E-1	1.147063E+1
1.526918E+3	4.446700E+2	2.607327E+1	-9.805959E-1	1.981818E-4	1.016880E-3	1.981818E-3	4.475180E-1	1.146879E+1
1.538960E+3	4.444800E+2	2.608441E+1	-9.736889E-1	1.971508E-4	1.045448E-3	1.971508E-3	4.472297E-1	1.146673E+1
1.550432E+3	4.442900E+2	2.609557E+1	-9.615902E-1	1.961636E-4	9.687309E-4	1.961636E-3	4.469998E-1	1.146610E+1
1.563524E+3	4.440600E+2	2.610908E+1	-9.899774E-1	1.950676E-4	9.557565E-4	1.950676E-3	4.467269E-1	1.146561E+1
1.575199E+3	4.438500E+2	2.612144E+1	-9.978130E-1	1.940490E-4	1.017089E-3	1.940490E-3	4.464578E-1	1.146386E+1
1.585427E+3	4.436900E+2	2.613086E+1	-1.001072E+0	1.931440E-4	9.713821E-4	1.931440E-3	4.462272E-1	1.146178E+1
1.598456E+3	4.434600E+2	2.614441E+1	-9.996165E-1	1.920388E-4	9.579303E-4	1.920388E-3	4.459316E-1	1.146057E+1
1.610237E+3	4.432800E+2	2.615503E+1	-1.000927E+0	1.910842E-4	9.419306E-4	1.910842E-3	4.456944E-1	1.145951E+1
1.622040E+3	4.430900E+2	2.616624E+1	-9.994578E-1	1.901350E-4	9.658666E-4	1.901350E-3	4.454799E-1	1.145900E+1
1.633953E+3	4.428900E+2	2.617806E+1	-9.974910E-1	1.891922E-4	9.552700E-4	1.891922E-3	4.452795E-1	1.145881E+1
1.646931E+3	4.426700E+2	2.619107E+1	-9.961387E-1	1.881484E-4	9.488763E-4	1.881484E-3	4.450390E-1	1.145874E+1
1.658600E+3	4.424800E+2	2.620231E+1	-9.973248E-1	1.871472E-4	9.295145E-4	1.871472E-3	4.448270E-1	1.145814E+1
1.670166E+3	4.422900E+2	2.621357E+1	-9.978999E-1	1.862176E-4	9.302816E-4	1.862176E-3	4.446420E-1	1.145821E+1
1.683401E+3	4.420600E+2	2.622721E+1	-9.959928E-1	1.851270E-4	9.848955E-4	1.851270E-3	4.443933E-1	1.145778E+1
1.695199E+3	4.418500E+2	2.623967E+1	-9.959423E-1	1.841430E-4	1.040821E-3	1.841430E-3	4.442525E-1	1.145897E+1
1.705645E+3	4.416800E+2	2.624977E+1	-9.994302E-1	1.833744E-4	8.979093E-4	1.833744E-3	4.441105E-1	1.145893E+1
1.718666E+3	4.414800E+2	2.626167E+1	-9.981997E-1	1.833802E-4	9.908123E-4	1.833802E-3	4.438808E-1	1.145904E+1
1.730061E+3	4.412800E+2	2.627357E+1	-9.972398E-1	1.817420E-4	2.336556E-3	1.817420E-3	4.432615E-1	1.144786E+1
1.743243E+3	4.410700E+2	2.628608E+1	-9.946328E-1	1.805864E-4	9.651701E-4	1.805864E-3	4.428607E-1	1.144339E+1
1.754818E+3	4.408700E+2	2.629800E+1	-9.945581E-1	1.795968E-4	5.772034E-4	1.795968E-3	4.425376E-1	1.143969E+1
1.766625E+3	4.406900E+2	2.630874E+1	-9.954961E-1	1.788912E-4	1.048875E-3	1.788912E-3	4.421759E-1	1.143503E+1
1.778349E+3	4.404900E+2	2.632069E+1	-9.957494E-1	1.778918E-4	1.118456E-3	1.778918E-3	4.419230E-1	1.143316E+1
1.791551E+3	4.402700E+2	2.633384E+1	-9.941350E-1	1.765764E-4	1.110287E-3	1.765764E-3	4.417665E-1	1.143496E+1
1.803474E+3	4.400600E+2	2.634641E+1	-9.947228E-1	1.756528E-4	1.114591E-3	1.756528E-3	4.417199E-1	1.143849E+1
1.813809E+3	4.398800E+2	2.635719E+1	-9.973499E-1	1.749702E-4	8.569878E-4	1.749702E-3	4.416151E-1	1.143934E+1
1.826602E+3	4.396600E+2	2.637038E+1	-9.980535E-1	1.739696E-4	1.272537E-3	1.739696E-3	4.413911E-1	1.143949E+1
1.838244E+3	4.394900E+2	2.638058E+1	-9.994602E-1	1.729950E-4	1.194897E-3	1.729950E-3	4.412495E-1	1.144053E+1
1.851456E+3	4.392700E+2	2.639379E+1	-9.951638E-1	1.719586E-4	9.418503E-4	1.719586E-3	4.411532E-1	1.144386E+1
1.862933E+3	4.390700E+2	2.640581E+1	-9.951634E-1	1.710578E-4	9.415418E-4	1.710578E-3	4.411006E-1	1.144720E+1
1.874631E+3	4.388900E+2	2.641664E+1	-9.964868E-1	1.703360E-4	7.554243E-4	1.703360E-3	4.410259E-1	1.144999E+1
1.888039E+3	4.386600E+2	2.643049E+1	-9.951447E-1	1.694568E-4	8.789969E-4	1.694568E-3	4.409239E-1	1.145327E+1
1.899737E+3	4.384700E+2	2.644195E+1	-9.946955E-1	1.685800E-4	1.295527E-3	1.685800E-3	4.407513E-1	1.145354E+1
1.911351E+3	4.382500E+2	2.645522E+1	-9.946303E-1	1.677070E-4	1.165926E-3	1.677070E-3	4.405913E-1	1.145418E+1
1.921650E+3	4.380800E+2	2.646549E+1	-9.977063E-1	1.668456E-4	1.087461E-3	1.668456E-3	4.405370E-1	1.145644E+1
1.933521E+3	4.378700E+2	2.647818E+1	-9.999231E-1	1.659406E-4	1.032237E-3	1.659406E-3	4.405048E-1	1.146052E+1
1.946896E+3	4.376700E+2	2.649028E+1	-9.999783E-1	1.649432E-4	8.810889E-4	1.649432E-3	4.404231E-1	1.146449E+1
1.958609E+3	4.374800E+2	2.650178E+1	-9.991320E-1	1.641772E-4	1.012408E-3	1.641772E-3	4.404895E-1	1.147114E+1
1.970374E+3	4.372800E+2	2.651390E+1	-9.984094E-1	1.632890E-4	9.973186E-4	1.632890E-3	4.405155E-1	1.147678E+1
1.982095E+3	4.370900E+2	2.652543E+1	-9.988879E-1	1.624244E-4	1.062283E-3	1.624244E-3	4.405302E-1	1.148217E+1
1.994063E+3	4.368900E+2	2.653757E+1	-9.991640E-1	1.616226E-4	9.569923E-4	1.616226E-3	4.405998E-1	1.148900E+1
2.007093E+3	4.366700E+2	2.655094E+1	-9.990023E-1	1.607164E-4	1.030498E-3	1.607164E-3	4.407221E-1	1.149855E+1
2.020406E+3	4.364500E+2	2.656433E+1	-9.967617E-1	1.597326E-4	1.121799E-3	1.597326E-3	4.408657E-1	1.150869E+1
2.030798E+3	4.362700E+2	2.657529E+1	-9.980852E-1	1.589300E-4	1.114755E-3	1.589300E-3	4.409268E-1	1.151417E+1
2.042626E+3	4.360700E+2	2.658747E+1	-9.990055E-1	1.580730E-4	1.102537E-3	1.580730E-3	4.409892E-1	1.152104E+1
2.054597E+3	4.358700E+2	2.659967E+1	-9.988866E-1	1.570608E-4	1.096721E-3	1.570608E-3	4.410557E-1	1.152805E+1
2.066431E+3	4.356800E+2	2.661127E+1	-9.979207E-1	1.562302E-4	1.171527E-3	1.562302E-3	4.411340E-1	1.153541E+1
2.078262E+3	4.354900E+2	2.662288E+1	-9.961478E-1	1.553590E-4	1.132897E-3	1.553590E-3	4.412612E-1	1.154408E+1
2.091535E+3	4.352700E+2	2.663634E+1	-9.929428E-1	1.544920E-4	7.332745E-4	1.544920E-3	4.415214E-1	1.155767E+1
2.103441E+3	4.350700E+2	2.664859E+1	-9.936956E-1	1.536918E-4	1.075777E-3	1.536918E-3	4.416125E-1	1.156555E+1
2.115249E+3	4.348700E+2	2.666084E+1	-9.960165E-1	1.528906E-4	1.035596E-3	1.528906E-3	4.416629E-1	1.157242E+1
2.127052E+3	4.346700E+2	2.667311E+1	-9.965265E-1	1.520570E-4	1.024718E-3	1.520570E-3	4.417124E-1	1.157935E+1
2.139107E+3	4.344700E+2	2.668539E+1	-9.964189E-1	1.512060E-4	1.181967E-3	1.512060E-3	4.417676E-1	1.158650E+1
2.151018E+3	4.342700E+2	2.669768E+1	-9.984606E-1	1.502938E-4	1.099979E-3	1.502938E-3	4.418397E-1	1.159418E+1
2.162818E+3	4.340700E+2	2.670998E+1	-1.000167E+0	1.495622E-4	9.428274E-4	1.495622E-3	4.419181E-1	1.160215E+1
2.174820E+3	4.338800E+2	2.672167E+1	-1.000869E+0	1.488236E-4	1.146608E-3	1.488236E-3	4.418983E-1	1.160758E+1
2.188200E+3	4.336500E+2	2.673585E+1	-9.973095E-1	1.478862E-4	1.007003E-3	1.478862E-3	4.419738E-1	1.161712E+1
2.198468E+3	4.334900E+2	2.674572E+1	-9.954146E-1	1.471928E-4	1.004007E-3	1.471928E-3	4.420051E-1	1.162258E+1
2.211849E+3	4.332500E+2	2.676053E+1	-9.960794E-1	1.463104E-4	1.105552E-3	1.463104E-3	4.420446E-1	1.163140E+1
2.222278E+3	4.330900E+2	2.677042E+1	-9.986638E-1	1.456106E-4	9.641823E-4	1.456106E-3	4.420761E-1	1.163703E+1
2.235372E+3	4.328700E+2	2.678402E+1	-9.976903E-1	1.447858E-4	9.998753E-4	1.447858E-3	4.420700E-1	1.164494E+1
2.247465E+3	4.326600E+2	2.679702E+1	-9.990739E-1	1.438806E-4	1.036520E-3	1.438806E-3	4.417637E-1	1.164299E+1
2.259247E+3	4.324700E+2	2.680880E+1	-9.995022E-1	1.430962E-4	8.843369E-4	1.430962E-3	4.417030E-1	1.164679E+1
2.271182E+3	4.322700E+2	2.682120E+1	-9.994403E-1	1.422418E-4	1.203692E-3	1.422418E-3	4.417492E-1	1.165315E+1
2.283356E+3	4.320800E+2	2.683299E+1	-9.991711E-1	1.414562E-4	1.152619E-3	1.414562E-3	4.419064E-1	1.166242E+1
2.295026E+3	4.318800E+2	2.684542E+1	-9.986578E-1	1.407238E-4	1.015496E-3	1.407238E-3	4.420651E-1	1.167178E+1
2.308343E+3	4.316500E+2	2.685972E+1	-9.950065E-1	1.399122E-4	1.019886E-3	1.399122E-3	4.422763E-1	1.168384E+1
2.318706E+3	4.314800E+2	2.687031E+1	-9.964432E-1	1.391992E-4	1.247376E-3	1.391992E-3	4.423491E-1	1.168968E+1
2.330608E+3	4.312800E+2	2.688277E+1	-9.971807E-1	1.384926E-4	9.220288E-4	1.384926E-3	4.424880E-1	1.169858E+1
2.342359E+3	4.310800E+2	2.689524E+1	-9.987401E-1	1.377682E-4	1.102495E-3	1.377682E-3	4.425735E-1	1.170605E+1
2.355829E+3	4.308500E+2	2.690960E+1	-9.986974E-1	1.368314E-4	1.142249E-3	1.368314E-3	4.427241E-1	1.171651E+1
2.366278E+3	4.306700E+2	2.692084E+1	-9.973001E-1	1.362014E-4	1.341376E-3	1.362014E-3	4.427886E-1	1.172209E+1
2.378292E+3	4.304800E+2	2.693273E+1	-1.002347E+0	1.354796E-4	1.156453E-3	1.354796E-3	4.428962E-1	1.173019E+1
2.390267E+3	4.302800E+2	2.694524E+1	-9.991636E-1	1.347468E-4	9.781438E-4	1.347468E-3	4.430034E-1	1.173828E+1
2.402171E+3	4.300800E+2	2.695778E+1	-1.003062E+0	1.340048E-4	9.536931E-4	1.340048E-3	4.430761E-1	1.174545E+1
2.414344E+3	4.298900E+2	2.696969E+1	-9.995206E-1	1.332712E-4	1.023827E-3	1.332712E-3	4.431757E-1	1.175334E+1
2.426269E+3	4.296900E+2	2.698224E+1	-9.988096E-1	1.325930E-4	1.022349E-3	1.325930E-3	4.432745E-1	1.176121E+1
2.439825E+3	4.294800E+2	2.699544E+1	-9.991060E-1	1.317808E-4	1.272373E-3	1.317808E-3	4.433547E-1	1.176991E+1
2.451536E+3	4.292800E+2	2.700801E+1	-9.976339E-1	1.310478E-4	1.011814E-3	1.310478E-3	4.434339E-1	1.177723E+1
2.463407E+3	4.290500E+2	2.702249E+1	-9.962494E-1	1.302608E-4	1.123105E-3	1.302608E-3	4.435415E-1	1.178527E+1
2.473937E+3	4.288800E+2	2.703320E+1	-9.959761E-1	1.296080E-4	1.136837E-3	1.296080E-3	4.435815E-1	1.179029E+1
2.485761E+3	4.286800E+2	2.704582E+1	-9.959986E-1	1.288914E-4	1.112395E-3	1.288914E-3	4.436642E-1	1.179778E+1
2.497799E+3	4.284800E+2	2.705844E+1	-9.977926E-1	1.281778E-4	9.664683E-4	1.281778E-3	4.437476E-1	1.180530E+1
2.509758E+3	4.282900E+2	2.707044E+1	-9.980793E-1	1.277872E-4	1.512293E-3	1.277872E-3	4.437916E-1	1.181176E+1
2.522977E+3	4.280700E+2	2.708436E+1	-9.989986E-1	1.269210E-4	7.426271E-4	1.269210E-3	4.437075E-1	1.181615E+1
2.536361E+3	4.273500E+2	2.712999E+1	-9.965223E-1	1.246122E-4	7.147666E-3	1.246122E-3	4.437414E-1	1.182361E+1
2.573897E+3	4.272300E+2	2.713761E+1	-1.014116E+0	1.237934E-4	1.070608E-3	1.237934E-3	4.436607E-1	1.182301E+1
2.581233E+3	4.271000E+2	2.714587E+1	-1.014986E+0	1.233394E-4	1.259276E-3	1.233394E-3	4.436689E-1	1.182480E+1
2.588656E+3	4.269800E+2	2.715350E+1	-1.019510E+0	1.228496E-4	1.124233E-3	1.228496E-3	4.436407E-1	1.182562E+1
2.595978E+3	4.268600E+2	2.716113E+1	-1.020127E+0	1.224472E-4	8.872227E-4	1.224472E-3	4.436582E-1	1.182770E+1
2.603361E+3	4.267200E+2	2.717004E+1	-1.020902E+0	1.220556E-4	1.105410E-3	1.220556E-3	4.436697E-1	1.182965E+1
2.610768E+3	4.265900E+2	2.717832E+1	-1.021755E+0	1.216164E-4	1.129469E-3	1.216164E-3	4.436673E-1	1.183129E+1
2.618149E+3	4.264800E+2	2.718533E+1	-1.025365E+0	1.212056E-4	9.992340E-4	1.212056E-3	4.436572E-1	1.183274E+1
2.630176E+3	4.262800E+2	2.719809E+1	-1.018381E+0	1.205460E-4	1.066814E-3	1.205460E-3	4.436741E-1	1.184002E+1
2.642251E+3	4.260900E+2	2.721021E+1	-1.013830E+0	1.198546E-4	1.083758E-3	1.198546E-3	4.436760E-1	1.184669E+1
2.655830E+3	4.258600E+2	2.722491E+1	-1.006615E+0	1.191240E-4	1.049981E-3	1.191240E-3	4.436055E-1	1.185290E+1
2.667686E+3	4.256700E+2	2.723706E+1	-1.002644E+0	1.184744E-4	1.165643E-3	1.184744E-3	4.432736E-1	1.185033E+1
2.679599E+3	4.254700E+2	2.724986E+1	-9.984469E-1	1.177752E-4	1.197458E-3	1.177752E-3	4.432553E-1	1.185614E+1
2.691494E+3	4.252500E+2	2.726396E+1	-9.944854E-1	1.171034E-4	1.087225E-3	1.171034E-3	4.432422E-1	1.186201E+1
2.701733E+3	4.250900E+2	2.727422E+1	-9.913104E-1	1.164866E-4	1.246488E-3	1.164866E-3	4.431406E-1	1.186391E+1
2.713677E+3	4.248800E+2	2.728770E+1	-9.918789E-1	1.158098E-4	1.111942E-3	1.158098E-3	4.431030E-1	1.186902E+1
2.727155E+3	4.246700E+2	2.730120E+1	-9.891678E-1	1.150900E-4	1.201216E-3	1.150900E-3	4.431025E-1	1.187655E+1
2.739096E+3	4.244700E+2	2.731406E+1	-9.867766E-1	1.144312E-4	1.002487E-3	1.144312E-3	4.431973E-1	1.188504E+1
2.750962E+3	4.242800E+2	2.732629E+1	-9.825675E-1	1.137858E-4	1.072719E-3	1.137858E-3	4.432443E-1	1.189216E+1
2.764247E+3	4.240600E+2	2.734047E+1	-9.709605E-1	1.130872E-4	1.067051E-3	1.130872E-3	4.432627E-1	1.189979E+1
2.775893E+3	4.238700E+2	2.735273E+1	-9.809630E-1	1.124586E-4	1.068107E-3	1.124586E-3	4.432824E-1	1.190598E+1
2.787731E+3	4.236600E+2	2.736628E+1	-9.880907E-1	1.118174E-4	1.106290E-3	1.118174E-3	4.433600E-1	1.191370E+1
2.799589E+3	4.234600E+2	2.737921E+1	-9.971015E-1	1.111616E-4	1.118167E-3	1.111616E-3	4.434507E-1	1.192179E+1
2.809890E+3	4.232800E+2	2.739085E+1	-1.000084E+0	1.105756E-4	1.094080E-3	1.105756E-3	4.435082E-1	1.192756E+1
2.821906E+3	4.230800E+2	2.740380E+1	-1.001986E+0	1.099388E-4	1.104822E-3	1.099388E-3	4.435552E-1	1.193446E+1
2.835048E+3	4.228700E+2	2.741741E+1	-9.999502E-1	1.092526E-4	1.058690E-3	1.092526E-3	4.436160E-1	1.194307E+1
2.846687E+3	4.226600E+2	2.743103E+1	-9.983942E-1	1.086484E-4	1.066803E-3	1.086484E-3	4.436247E-1	1.194882E+1
2.858474E+3	4.224800E+2	2.744272E+1	-9.983522E-1	1.080286E-4	1.125846E-3	1.080286E-3	4.436012E-1	1.195367E+1
2.870137E+3	4.222900E+2	2.745507E+1	-9.984936E-1	1.074174E-4	1.095311E-3	1.074174E-3	4.436116E-1	1.195935E+1
2.883473E+3	4.220800E+2	2.746873E+1	-9.958148E-1	1.067312E-4	1.029101E-3	1.067312E-3	4.436756E-1	1.196772E+1
2.894982E+3	4.218800E+2	2.748175E+1	-9.962477E-1	1.061310E-4	1.105568E-3	1.061310E-3	4.437321E-1	1.197457E+1
2.906815E+3	4.216700E+2	2.749543E+1	-9.977279E-1	1.054900E-4	1.135750E-3	1.054900E-3	4.437485E-1	1.198032E+1
2.918675E+3	4.214700E+2	2.750848E+1	-9.993465E-1	1.048474E-4	1.129975E-3	1.048474E-3	4.437671E-1	1.198613E+1
2.930326E+3	4.212800E+2	2.752089E+1	-1.000052E+0	1.042480E-4	1.081702E-3	1.042480E-3	4.438240E-1	1.199297E+1
2.942135E+3	4.210900E+2	2.753331E+1	-1.000340E+0	1.036772E-4	1.133775E-3	1.036772E-3	4.438413E-1	1.199873E+1
2.953899E+3	4.208800E+2	2.754704E+1	-9.991810E-1	1.030992E-4	9.993768E-4	1.030992E-3	4.438426E-1	1.200407E+1
2.967024E+3	4.206700E+2	2.756080E+1	-9.967615E-1	1.024554E-4	1.143765E-3	1.024554E-3	4.438577E-1	1.201112E+1
2.978920E+3	4.204700E+2	2.757391E+1	-9.965227E-1	1.018636E-4	1.182834E-3	1.018636E-3	4.438733E-1	1.201678E+1
2.991100E+3	4.202700E+2	2.758703E+1	-9.978526E-1	1.012510E-4	1.124528E-3	1.012510E-3	4.439039E-1	1.202285E+1
3.004292E+3	4.200500E+2	2.760148E+1	-9.959340E-1	1.006062E-4	1.133902E-3	1.006062E-3	4.440343E-1	1.203293E+1
3.014581E+3	4.198800E+2	2.761265E+1	-9.972733E-1	1.000778E-4	1.183465E-3	1.000778E-3	4.441140E-1	1.203901E+1
3.026494E+3	4.196700E+2	2.762647E+1	-9.987353E-1	9.947160E-5	1.208668E-3	9.947160E-4	4.442415E-1	1.204776E+1
3.039937E+3	4.194600E+2	2.764030E+1	-9.992600E-1	9.877400E-5	1.149901E-3	9.877400E-4	4.444448E-1	1.205992E+1
3.051734E+3	4.192600E+2	2.765348E+1	-9.990042E-1	9.815120E-5	1.315076E-3	9.815120E-4	4.446086E-1	1.206967E+1
3.063442E+3	4.190600E+2	2.766668E+1	-9.963399E-1	9.755000E-5	1.157564E-3	9.755000E-4	4.448103E-1	1.208044E+1
3.075169E+3	4.188600E+2	2.767989E+1	-9.960094E-1	9.700500E-5	9.291893E-4	9.700500E-4	4.450174E-1	1.209139E+1
3.086904E+3	4.186700E+2	2.769245E+1	-9.963641E-1	9.647960E-5	1.134910E-3	9.647960E-4	4.452180E-1	1.210217E+1
3.098644E+3	4.184800E+2	2.770503E+1	-9.974688E-1	9.591180E-5	1.160043E-3	9.591180E-4	4.454111E-1	1.211278E+1
3.110458E+3	4.182900E+2	2.771761E+1	-9.977680E-1	9.534360E-5	1.076851E-3	9.534360E-4	4.455775E-1	1.212265E+1
3.123663E+3	4.180600E+2	2.773286E+1	-9.958652E-1	9.470740E-5	1.219662E-3	9.470740E-4	4.458187E-1	1.213593E+1
3.135492E+3	4.178500E+2	2.774680E+1	-9.978615E-1	9.412880E-5	1.210580E-3	9.412880E-4	4.459803E-1	1.214576E+1
3.145921E+3	4.176800E+2	2.775809E+1	-1.000379E+0	9.363380E-5	1.129154E-3	9.363380E-4	4.461176E-1	1.215358E+1
3.157783E+3	4.174800E+2	2.777139E+1	-1.002349E+0	9.309500E-5	1.082171E-3	9.309500E-4	4.462839E-1	1.216366E+1
3.171026E+3	4.172700E+2	2.778537E+1	-1.001628E+0	9.249320E-5	1.134740E-3	9.249320E-4	4.465007E-1	1.217648E+1
3.183217E+3	4.170500E+2	2.780002E+1	-1.000735E+0	9.193600E-5	1.238800E-3	9.193600E-4	4.466572E-1	1.218631E+1
3.194140E+3	4.168900E+2	2.781069E+1	-1.001924E+0	9.146840E-5	1.142735E-3	9.146840E-4	4.467900E-1	1.219417E+1
3.208389E+3	4.166500E+2	2.782671E+1	-9.995344E-1	9.081220E-5	1.219258E-3	9.081220E-4	4.470728E-1	1.220899E+1
3.219821E+3	4.164500E+2	2.784008E+1	-9.969927E-1	9.032900E-5	1.219480E-3	9.032900E-4	4.472356E-1	1.221775E+1
3.230587E+3	4.162700E+2	2.785212E+1	-9.985111E-1	8.983120E-5	1.137491E-3	8.983120E-4	4.473882E-1	1.222633E+1
3.242455E+3	4.160700E+2	2.786550E+1	-9.998491E-1	8.926140E-5	1.300992E-3	8.926140E-4	4.475745E-1	1.223737E+1
3.254877E+3	4.158800E+2	2.787823E+1	-1.000172E+0	8.870100E-5	1.165793E-3	8.870100E-4	4.478616E-1	1.225126E+1
3.266613E+3	4.156700E+2	2.789232E+1	-1.000326E+0	8.817800E-5	1.186743E-3	8.817800E-4	4.480585E-1	1.226267E+1
3.278657E+3	4.154700E+2	2.790575E+1	-1.000094E+0	8.764380E-5	1.210743E-3	8.764380E-4	4.482975E-1	1.227529E+1
3.290672E+3	4.152700E+2	2.791919E+1	-9.988998E-1	8.710960E-5	1.164693E-3	8.710960E-4	4.485058E-1	1.228713E+1
3.302772E+3	4.150600E+2	2.793331E+1	-9.980592E-1	8.658160E-5	1.172706E-3	8.658160E-4	4.487415E-1	1.229983E+1
3.314767E+3	4.148700E+2	2.794610E+1	-9.970300E-1	8.607200E-5	1.117401E-3	8.607200E-4	4.489021E-1	1.231048E+1
3.326643E+3	4.146900E+2	2.795823E+1	-9.965522E-1	8.557180E-5	1.129187E-3	8.557180E-4	4.490985E-1	1.232216E+1
3.338490E+3	4.144800E+2	2.797240E+1	-9.962605E-1	8.507660E-5	1.156320E-3	8.507660E-4	4.492968E-1	1.233396E+1
3.350442E+3	4.142600E+2	2.798725E+1	-9.974580E-1	8.454840E-5	1.164776E-3	8.454840E-4	4.494548E-1	1.234473E+1
3.362027E+3	4.140800E+2	2.799942E+1	-9.989663E-1	8.404320E-5	1.251435E-3	8.404320E-4	4.496191E-1	1.235577E+1
3.373964E+3	4.138800E+2	2.801295E+1	-9.999366E-1	8.352520E-5	1.175904E-3	8.352520E-4	4.497624E-1	1.236630E+1
3.387141E+3	4.136600E+2	2.802785E+1	-9.977700E-1	8.307900E-5	1.151350E-3	8.307900E-4	4.499318E-1	1.237932E+1
3.398968E+3	4.134700E+2	2.804073E+1	-9.960905E-1	8.262460E-5	1.070018E-3	8.262460E-4	4.500087E-1	1.238824E+1
3.412174E+3	4.132600E+2	2.805498E+1	-9.968324E-1	8.209240E-5	1.241684E-3	8.209240E-4	4.500933E-1	1.239914E+1
3.422451E+3	4.130800E+2	2.806720E+1	-9.988333E-1	8.158760E-5	1.332345E-3	8.158760E-4	4.501214E-1	1.240506E+1
3.434193E+3	4.128900E+2	2.808012E+1	-9.983725E-1	8.111460E-5	6.411039E-4	8.111460E-4	4.502159E-1	1.241465E+1
3.447395E+3	4.126800E+2	2.809441E+1	-9.955368E-1	8.055720E-5	1.506453E-3	8.055720E-4	4.503074E-1	1.242600E+1
3.460743E+3	4.124500E+2	2.811007E+1	-9.912605E-1	7.996320E-5	1.020097E-3	7.996320E-4	4.503394E-1	1.243580E+1
3.470899E+3	4.122700E+2	2.812235E+1	-9.925913E-1	7.954300E-5	1.173059E-3	7.954300E-4	4.503330E-1	1.244111E+1
3.482687E+3	4.120600E+2	2.813668E+1	-9.944475E-1	7.911700E-5	9.014017E-4	7.911700E-4	4.503376E-1	1.244853E+1
3.494083E+3	4.118800E+2	2.814898E+1	-9.971856E-1	7.865460E-5	1.359088E-3	7.865460E-4	4.502491E-1	1.245238E+1
3.505815E+3	4.116800E+2	2.816265E+1	-9.980968E-1	7.812280E-5	1.281935E-3	7.812280E-4	4.501483E-1	1.245542E+1
3.519069E+3	4.114600E+2	2.817771E+1	-9.962990E-1	7.761020E-5	9.555006E-4	7.761020E-4	4.501374E-1	1.246232E+1
3.530796E+3	4.112700E+2	2.819073E+1	-9.979945E-1	7.712260E-5	1.202857E-3	7.712260E-4	4.501353E-1	1.246801E+1
3.542496E+3	4.110900E+2	2.820307E+1	-9.990735E-1	7.669360E-5	1.408762E-3	7.669360E-4	4.501241E-1	1.247347E+1
3.555975E+3	4.108600E+2	2.821886E+1	-9.971779E-1	7.610980E-5	1.146230E-3	7.610980E-4	4.501645E-1	1.248177E+1
3.567861E+3	4.106800E+2	2.823123E+1	-9.970403E-1	7.609040E-5	7.666908E-4	7.609040E-4	4.501582E-1	1.248734E+1
3.579813E+3	4.104600E+2	2.824636E+1	-9.957213E-1	7.565260E-5	1.355010E-3	7.565260E-4	4.497384E-1	1.248146E+1
3.591496E+3	4.102500E+2	2.826082E+1	-9.962676E-1	7.500280E-5	1.382616E-3	7.500280E-4	4.494490E-1	1.247917E+1
3.601840E+3	4.100900E+2	2.827184E+1	-9.995030E-1	7.456560E-5	1.683271E-3	7.456560E-4	4.492550E-1	1.247808E+1
3.613990E+3	4.098800E+2	2.828633E+1	-9.995435E-1	7.412720E-5	1.970451E-3	7.412720E-4	4.490246E-1	1.247749E+1
3.627263E+3	4.096800E+2	2.830014E+1	-9.958649E-1	7.350400E-5	7.445390E-4	7.350400E-4	4.488812E-1	1.248072E+1
3.639079E+3	4.094800E+2	2.831396E+1	-9.933438E-1	7.306260E-5	1.890120E-3	7.306260E-4	4.487702E-1	1.248339E+1
3.652358E+3	4.092600E+2	2.832918E+1	-9.896573E-1	7.257980E-5	1.062662E-3	7.257980E-4	4.487268E-1	1.248939E+1
3.662761E+3	4.090900E+2	2.834095E+1	-9.923563E-1	7.211840E-5	1.395958E-3	7.211840E-4	4.486457E-1	1.249147E+1
3.676051E+3	4.088500E+2	2.835759E+1	-9.918066E-1	7.164840E-5	2.064265E-3	7.164840E-4	4.486903E-1	1.249991E+1
3.686384E+3	4.086800E+2	2.836938E+1	-9.953235E-1	7.115760E-5	1.291285E-3	7.115760E-4	4.486502E-1	1.250312E+1
3.699733E+3	4.084600E+2	2.838466E+1	-9.964452E-1	7.065280E-5	1.072484E-3	7.065280E-4	4.487530E-1	1.251315E+1
3.711604E+3	4.082600E+2	2.839857E+1	-9.979791E-1	7.022740E-5	1.184813E-3	7.022740E-4	4.487870E-1	1.251982E+1
3.723512E+3	4.080600E+2	2.841249E+1	-9.984663E-1	6.977280E-5	1.358481E-3	6.977280E-4	4.488357E-1	1.252695E+1
3.735438E+3	4.078800E+2	2.842503E+1	-9.982966E-1	6.935200E-5	1.433423E-3	6.935200E-4	4.488516E-1	1.253317E+1
3.747239E+3	4.076700E+2	2.843967E+1	-9.965773E-1	6.888000E-5	1.231679E-3	6.888000E-4	4.489152E-1	1.254073E+1
3.759146E+3	4.074800E+2	2.845293E+1	-9.949073E-1	6.853640E-5	3.271722E-4	6.853640E-4	4.490299E-1	1.254973E+1
3.771251E+3	4.072800E+2	2.846690E+1	-9.957932E-1	6.804820E-5	1.471691E-3	6.804820E-4	4.490363E-1	1.255581E+1
3.784666E+3	4.070700E+2	2.848159E+1	-9.941582E-1	6.749380E-5	1.471001E-3	6.749380E-4	4.491916E-1	1.256745E+1
3.796475E+3	4.068500E+2	2.849699E+1	-9.941113E-1	6.703960E-5	1.237157E-3	6.703960E-4	4.494126E-1	1.257944E+1
3.806532E+3	4.066800E+2	2.850890E+1	-9.966332E-1	6.666700E-5	1.178855E-3	6.666700E-4	4.495681E-1	1.258819E+1
3.819648E+3	4.064500E+2	2.852503E+1	-9.968569E-1	6.613640E-5	1.362360E-3	6.613640E-4	4.498809E-1	1.260429E+1
3.831726E+3	4.062600E+2	2.853837E+1	-9.978921E-1	6.572100E-5	1.251867E-3	6.572100E-4	4.501319E-1	1.261721E+1
3.843434E+3	4.060700E+2	2.855173E+1	-9.987819E-1	6.530240E-5	1.255538E-3	6.530240E-4	4.503943E-1	1.263044E+1
3.855303E+3	4.058900E+2	2.856439E+1	-9.988323E-1	6.488580E-5	1.279700E-3	6.488580E-4	4.506651E-1	1.264398E+1
3.867257E+3	4.056800E+2	2.857918E+1	-9.981316E-1	6.447020E-5	1.241145E-3	6.447020E-4	4.509627E-1	1.265827E+1
3.879677E+3	4.054700E+2	2.859398E+1	-9.991640E-1	6.404500E-5	1.316078E-3	6.404500E-4	4.512331E-1	1.267184E+1
3.892055E+3	4.047500E+2	2.864484E+1	-9.986206E-1	6.340660E-5	8.426211E-3	6.340660E-4	4.515394E-1	1.268648E+1
3.929689E+3	4.046300E+2	2.865334E+1	-1.017047E+0	6.230360E-5	1.294306E-3	6.230360E-4	4.513206E-1	1.268216E+1
3.937038E+3	4.045200E+2	2.866113E+1	-1.018545E+0	6.204880E-5	1.322886E-3	6.204880E-4	4.513916E-1	1.268596E+1
3.944430E+3	4.044000E+2	2.866963E+1	-1.019090E+0	6.179660E-5	1.261821E-3	6.179660E-4	4.514511E-1	1.268943E+1
3.951680E+3	4.042700E+2	2.867885E+1	-1.022626E+0	6.154520E-5	1.272008E-3	6.154520E-4	4.515386E-1	1.269373E+1
3.959066E+3	4.041500E+2	2.868737E+1	-1.023030E+0	6.128860E-5	1.177124E-3	6.128860E-4	4.516335E-1	1.269829E+1
3.966489E+3	4.040300E+2	2.869589E+1	-1.023277E+0	6.104420E-5	1.274419E-3	6.104420E-4	4.517268E-1	1.270283E+1
3.975307E+3	4.038800E+2	2.870655E+1	-1.021521E+0	6.075440E-5	1.231435E-3	6.075440E-4	4.519322E-1	1.271244E+1
3.988481E+3	4.036600E+2	2.872219E+1	-1.011730E+0	6.031000E-5	1.282699E-3	6.031000E-4	4.525666E-1	1.273989E+1
4.000440E+3	4.034600E+2	2.873643E+1	-1.007140E+0	5.992480E-5	1.200776E-3	5.992480E-4	4.530892E-1	1.276217E+1
4.012461E+3	4.032500E+2	2.875139E+1	-1.003253E+0	5.953100E-5	1.248486E-3	5.953100E-4	4.536133E-1	1.278441E+1
4.022732E+3	4.030900E+2	2.876281E+1	-9.998283E-1	5.918700E-5	1.253068E-3	5.918700E-4	4.539817E-1	1.280038E+1
4.034485E+3	4.028800E+2	2.877780E+1	-9.960122E-1	5.879560E-5	1.274959E-3	5.879560E-4	4.544883E-1	1.282205E+1
4.047831E+3	4.026600E+2	2.879352E+1	-9.950337E-1	5.836200E-5	1.257486E-3	5.836200E-4	4.550902E-1	1.284813E+1
4.059545E+3	4.024700E+2	2.880712E+1	-9.934609E-1	5.797840E-5	1.303870E-3	5.797840E-4	4.555953E-1	1.286957E+1
4.071623E+3	4.022800E+2	2.882072E+1	-9.916296E-1	5.759680E-5	1.246532E-3	5.759680E-4	4.561189E-1	1.289153E+1
4.083435E+3	4.020800E+2	2.883506E+1	-9.887154E-1	5.721220E-5	1.285458E-3	5.721220E-4	4.566128E-1	1.291255E+1
4.095509E+3	4.018800E+2	2.884941E+1	-9.848479E-1	5.682860E-5	1.266638E-3	5.682860E-4	4.571129E-1	1.293367E+1
4.107461E+3	4.016700E+2	2.886449E+1	-9.793271E-1	5.645560E-5	1.257725E-3	5.645560E-4	4.575800E-1	1.295382E+1
4.120593E+3	4.014600E+2	2.887959E+1	-9.679564E-1	5.605000E-5	1.266977E-3	5.605000E-4	4.581634E-1	1.297896E+1
4.132308E+3	4.012500E+2	2.889470E+1	-9.861242E-1	5.568780E-5	1.266553E-3	5.568780E-4	4.586151E-1	1.299858E+1
4.142563E+3	4.010800E+2	2.890695E+1	-9.939088E-1	5.536640E-5	1.262342E-3	5.536640E-4	4.589168E-1	1.301220E+1
4.155481E+3	4.008600E+2	2.892282E+1	-9.987384E-1	5.495760E-5	1.327087E-3	5.495760E-4	4.594717E-1	1.303636E+1
4.167102E+3	4.006800E+2	2.893581E+1	-9.998830E-1	5.459300E-5	1.272431E-3	5.459300E-4	4.598466E-1	1.305360E+1
4.179069E+3	4.004800E+2	2.895026E+1	-9.999401E-1	5.423580E-5	1.265350E-3	5.423580E-4	4.602189E-1	1.307064E+1
4.190892E+3	4.002800E+2	2.896472E+1	-1.001086E+0	5.387840E-5	1.273892E-3	5.387840E-4	4.606022E-1	1.308798E+1
4.204003E+3	4.000600E+2	2.898065E+1	-9.995894E-1	5.349180E-5	1.192744E-3	5.349180E-4	4.610831E-1	1.310961E+1
4.215610E+3	3.998700E+2	2.899442E+1	-1.000017E+0	5.315160E-5	1.279470E-3	5.315160E-4	4.614596E-1	1.312665E+1
4.227167E+3	3.996800E+2	2.900821E+1	-1.000346E+0	5.281700E-5	1.224898E-3	5.281700E-4	4.618358E-1	1.314364E+1
4.240198E+3	3.994700E+2	2.902346E+1	-9.974050E-1	5.242520E-5	1.303131E-3	5.242520E-4	4.623008E-1	1.316463E+1
4.251841E+3	3.992800E+2	2.903727E+1	-9.948725E-1	5.206920E-5	1.360551E-3	5.206920E-4	4.626787E-1	1.318154E+1
4.263423E+3	3.990600E+2	2.905328E+1	-9.940233E-1	5.171220E-5	1.333705E-3	5.171220E-4	4.630535E-1	1.319838E+1
4.275255E+3	3.988700E+2	2.906711E+1	-9.953454E-1	5.134960E-5	1.397995E-3	5.134960E-4	4.633978E-1	1.321436E+1
4.287177E+3	3.986700E+2	2.908170E+1	-9.968166E-1	5.099720E-5	1.324684E-3	5.099720E-4	4.637503E-1	1.323053E+1
4.298920E+3	3.984700E+2	2.909629E+1	-9.973189E-1	5.065140E-5	1.273724E-3	5.065140E-4	4.641019E-1	1.324668E+1
4.312130E+3	3.982500E+2	2.911237E+1	-9.958742E-1	5.027600E-5	1.270718E-3	5.027600E-4	4.645659E-1	1.326753E+1
4.324087E+3	3.980600E+2	2.912626E+1	-9.968747E-1	4.994140E-5	1.282643E-3	4.994140E-4	4.648696E-1	1.328230E+1
4.335831E+3	3.978800E+2	2.913944E+1	-9.977273E-1	4.961520E-5	1.223865E-3	4.961520E-4	4.651213E-1	1.329557E+1
4.347215E+3	3.976800E+2	2.915409E+1	-9.970109E-1	4.929380E-5	1.286348E-3	4.929380E-4	4.653815E-1	1.330912E+1
4.360266E+3	3.974500E+2	2.917096E+1	-9.961583E-1	4.891760E-5	1.315696E-3	4.891760E-4	4.657476E-1	1.332717E+1
4.370546E+3	3.972800E+2	2.918345E+1	-9.992439E-1	4.861740E-5	1.320701E-3	4.861740E-4	4.659273E-1	1.333688E+1
4.383777E+3	3.970600E+2	2.919962E+1	-9.995496E-1	4.824220E-5	1.301329E-3	4.824220E-4	4.662827E-1	1.335474E+1
4.395414E+3	3.968700E+2	2.921360E+1	-1.000726E+0	4.791500E-5	1.300254E-3	4.791500E-4	4.666213E-1	1.337063E+1
4.407216E+3	3.966800E+2	2.922759E+1	-1.000673E+0	4.759500E-5	1.285774E-3	4.759500E-4	4.669252E-1	1.338549E+1
4.420266E+3	3.964600E+2	2.924381E+1	-9.964010E-1	4.724560E-5	1.282125E-3	4.724560E-4	4.672712E-1	1.340306E+1
4.432136E+3	3.962600E+2	2.925857E+1	-9.952051E-1	4.692840E-5	1.317772E-3	4.692840E-4	4.674899E-1	1.341545E+1
4.443875E+3	3.960800E+2	2.927186E+1	-9.955603E-1	4.662160E-5	1.305819E-3	4.662160E-4	4.677244E-1	1.342833E+1
4.455564E+3	3.958800E+2	2.928665E+1	-9.945612E-1	4.630220E-5	1.386469E-3	4.630220E-4	4.679864E-1	1.344206E+1
4.468826E+3	3.956500E+2	2.930368E+1	-9.927392E-1	4.593360E-5	1.352984E-3	4.593360E-4	4.683327E-1	1.345980E+1
4.478874E+3	3.954800E+2	2.931627E+1	-9.948966E-1	4.565140E-5	1.354368E-3	4.565140E-4	4.685142E-1	1.346973E+1
4.490787E+3	3.952700E+2	2.933185E+1	-9.978642E-1	4.532480E-5	1.424165E-3	4.532480E-4	4.687938E-1	1.348419E+1
4.502941E+3	3.950700E+2	2.934670E+1	-1.001027E+0	4.500200E-5	1.342317E-3	4.500200E-4	4.689300E-1	1.349457E+1
4.515364E+3	3.948800E+2	2.936082E+1	-1.000900E+0	4.468640E-5	1.273945E-3	4.468640E-4	4.688306E-1	1.349812E+1
4.526956E+3	3.946800E+2	2.937570E+1	-1.000536E+0	4.438820E-5	1.286041E-3	4.438820E-4	4.688311E-1	1.350460E+1
4.538493E+3	3.944900E+2	2.938985E+1	-1.000230E+0	4.409500E-5	1.323528E-3	4.409500E-4	4.688302E-1	1.351102E+1
4.550349E+3	3.942900E+2	2.940475E+1	-1.001372E+0	4.379680E-5	1.260503E-3	4.379680E-4	4.687887E-1	1.351631E+1
4.563686E+3	3.940800E+2	2.942042E+1	-9.997487E-1	4.346140E-5	1.317108E-3	4.346140E-4	4.688702E-1	1.352686E+1
4.576728E+3	3.938500E+2	2.943760E+1	-9.973192E-1	4.312360E-5	1.368023E-3	4.312360E-4	4.689369E-1	1.353700E+1
4.588523E+3	3.936500E+2	2.945256E+1	-9.975497E-1	4.281480E-5	1.322208E-3	4.281480E-4	4.689715E-1	1.354468E+1
4.598634E+3	3.934800E+2	2.946528E+1	-1.000125E+0	4.255300E-5	1.334032E-3	4.255300E-4	4.690076E-1	1.355076E+1
4.611879E+3	3.932700E+2	2.948102E+1	-9.990367E-1	4.221080E-5	1.401296E-3	4.221080E-4	4.691698E-1	1.356396E+1
4.623886E+3	3.930700E+2	2.949602E+1	-9.972398E-1	4.191240E-5	1.399851E-3	4.191240E-4	4.693092E-1	1.357479E+1
4.635825E+3	3.928500E+2	2.951254E+1	-9.950127E-1	4.161120E-5	1.428883E-3	4.161120E-4	4.694859E-1	1.358683E+1
4.646241E+3	3.926800E+2	2.952531E+1	-9.930612E-1	4.135120E-5	1.354081E-3	4.135120E-4	4.695058E-1	1.359269E+1
4.658136E+3	3.924800E+2	2.954036E+1	-9.974137E-1	4.106540E-5	1.298594E-3	4.106540E-4	4.695861E-1	1.360215E+1
4.671528E+3	3.922700E+2	2.955617E+1	-9.985513E-1	4.074960E-5	1.338685E-3	4.074960E-4	4.696878E-1	1.361407E+1
4.683427E+3	3.920700E+2	2.957125E+1	-1.000747E+0	4.046320E-5	1.383466E-3	4.046320E-4	4.697841E-1	1.362412E+1
4.695071E+3	3.918800E+2	2.958559E+1	-1.000385E+0	4.018120E-5	1.330177E-3	4.018120E-4	4.698232E-1	1.363260E+1
4.706639E+3	3.916800E+2	2.960069E+1	-1.000880E+0	3.990040E-5	1.403897E-3	3.990040E-4	4.698401E-1	1.364051E+1
4.719885E+3	3.914600E+2	2.961733E+1	-1.000988E+0	3.958340E-5	1.390229E-3	3.958340E-4	4.699983E-1	1.365460E+1
4.731771E+3	3.912600E+2	2.963247E+1	-1.001193E+0	3.930020E-5	1.348041E-3	3.930020E-4	4.701645E-1	1.366711E+1
4.743533E+3	3.910700E+2	2.964687E+1	-1.000008E+0	3.902800E-5	1.397902E-3	3.902800E-4	4.703184E-1	1.367932E+1
4.755596E+3	3.908800E+2	2.966128E+1	-9.976702E-1	3.874840E-5	1.359324E-3	3.874840E-4	4.705087E-1	1.369275E+1
4.767297E+3	3.906700E+2	2.967722E+1	-9.962056E-1	3.847080E-5	1.471393E-3	3.847080E-4	4.707235E-1	1.370703E+1
4.779365E+3	3.904700E+2	2.969242E+1	-9.961843E-1	3.819220E-5	1.391221E-3	3.819220E-4	4.709467E-1	1.372172E+1
4.791262E+3	3.902700E+2	2.970764E+1	-9.954358E-1	3.790840E-5	1.436357E-3	3.790840E-4	4.711902E-1	1.373718E+1
4.802994E+3	3.900700E+2	2.972287E+1	-9.949488E-1	3.763340E-5	1.420131E-3	3.763340E-4	4.714303E-1	1.375270E+1
4.814947E+3	3.898700E+2	2.973812E+1	-9.957255E-1	3.735960E-5	1.396836E-3	3.735960E-4	4.716576E-1	1.376800E+1
4.826829E+3	3.896700E+2	2.975338E+1	-9.979920E-1	3.709320E-5	1.300117E-3	3.709320E-4	4.715875E-1	1.377409E+1
4.839959E+3	3.894600E+2	2.976942E+1	-9.987996E-1	3.680240E-5	1.349145E-3	3.680240E-4	4.717564E-1	1.378784E+1
4.851721E+3	3.892700E+2	2.978395E+1	-9.988457E-1	3.654400E-5	1.324131E-3	3.654400E-4	4.719722E-1	1.380089E+1
4.863464E+3	3.890900E+2	2.979773E+1	-9.978728E-1	3.628500E-5	1.429783E-3	3.628500E-4	4.721962E-1	1.381423E+1
4.876980E+3	3.888500E+2	2.981612E+1	-9.932876E-1	3.598460E-5	1.397602E-3	3.598460E-4	4.725076E-1	1.383177E+1
4.887282E+3	3.886800E+2	2.982917E+1	-9.950925E-1	3.575760E-5	1.428407E-3	3.575760E-4	4.726427E-1	1.384081E+1
4.900568E+3	3.884500E+2	2.984683E+1	-9.944355E-1	3.546200E-5	1.417974E-3	3.546200E-4	4.729230E-1	1.385746E+1
4.910974E+3	3.882800E+2	2.985989E+1	-9.974233E-1	3.523060E-5	1.396127E-3	3.523060E-4	4.730377E-1	1.386587E+1
4.922733E+3	3.880800E+2	2.987528E+1	-9.984391E-1	3.497440E-5	1.401696E-3	3.497440E-4	4.732491E-1	1.387890E+1
4.934591E+3	3.878700E+2	2.989146E+1	-9.979876E-1	3.471620E-5	1.430191E-3	3.471620E-4	4.734792E-1	1.389248E+1
4.947820E+3	3.876600E+2	2.990765E+1	-9.972489E-1	3.443280E-5	1.437421E-3	3.443280E-4	4.737833E-1	1.390996E+1
4.959902E+3	3.874600E+2	2.992309E+1	-9.972320E-1	3.418060E-5	1.424818E-3	3.418060E-4	4.740097E-1	1.392342E+1
4.972224E+3	3.872600E+2	2.993854E+1	-9.974930E-1	3.392460E-5	1.375449E-3	3.392460E-4	4.742366E-1	1.393689E+1
4.984015E+3	3.870700E+2	2.995324E+1	-9.982338E-1	3.367960E-5	1.403786E-3	3.367960E-4	4.744459E-1	1.394983E+1
4.996010E+3	3.868800E+2	2.996795E+1	-9.986455E-1	3.343180E-5	1.367358E-3	3.343180E-4	4.746765E-1	1.396345E+1
5.007875E+3	3.866700E+2	2.998422E+1	-9.995554E-1	3.318420E-5	1.486780E-3	3.318420E-4	4.748843E-1	1.397643E+1
5.019651E+3	3.864700E+2	2.999974E+1	-1.001120E+0	3.294000E-5	1.411249E-3	3.294000E-4	4.750672E-1	1.398863E+1
5.032806E+3	3.862500E+2	3.001683E+1	-9.990041E-1	3.265960E-5	1.447628E-3	3.265960E-4	4.753575E-1	1.400572E+1
5.043013E+3	3.860700E+2	3.003082E+1	-1.000190E+0	3.244420E-5	1.506097E-3	3.244420E-4	4.755102E-1	1.401534E+1
5.054929E+3	3.858700E+2	3.004639E+1	-9.958150E-1	3.220140E-5	1.414363E-3	3.220140E-4	4.757255E-1	1.402857E+1
5.068140E+3	3.856600E+2	3.006275E+1	-9.972596E-1	3.193680E-5	1.436664E-3	3.193680E-4	4.760070E-1	1.404543E+1
5.078409E+3	3.855000E+2	3.007523E+1	-9.959707E-1	3.173340E-5	1.430024E-3	3.173340E-4	4.761362E-1	1.405443E+1
5.091919E+3	3.852600E+2	3.009396E+1	-9.976798E-1	3.147100E-5	1.386874E-3	3.147100E-4	4.764085E-1	1.407107E+1
5.103783E+3	3.850800E+2	3.010803E+1	-9.973701E-1	3.123640E-5	1.468040E-3	3.123640E-4	4.766053E-1	1.408377E+1
5.115540E+3	3.848700E+2	3.012446E+1	-9.969169E-1	3.100360E-5	1.484154E-3	3.100360E-4	4.768337E-1	1.409747E+1
5.127242E+3	3.846800E+2	3.013934E+1	-9.981459E-1	3.077020E-5	1.464511E-3	3.077020E-4	4.770547E-1	1.411100E+1
5.139021E+3	3.844800E+2	3.015501E+1	-9.992043E-1	3.053480E-5	1.513120E-3	3.053480E-4	4.772715E-1	1.412438E+1
5.151154E+3	3.842700E+2	3.017149E+1	-1.001028E+0	3.029660E-5	1.482856E-3	3.029660E-4	4.774738E-1	1.413735E+1
5.163172E+3	3.840700E+2	3.018721E+1	-1.001467E+0	3.006980E-5	1.425048E-3	3.006980E-4	4.777100E-1	1.415134E+1
5.174968E+3	3.838800E+2	3.020215E+1	-1.001354E+0	2.984640E-5	1.414485E-3	2.984640E-4	4.779309E-1	1.416488E+1
5.188203E+3	3.836700E+2	3.021868E+1	-9.990885E-1	2.959760E-5	1.453135E-3	2.959760E-4	4.782618E-1	1.418343E+1
5.200050E+3	3.834700E+2	3.023444E+1	-9.981992E-1	2.937760E-5	1.464215E-3	2.937760E-4	4.785127E-1	1.419786E+1
5.211987E+3	3.832600E+2	3.025100E+1	-9.955527E-1	2.915240E-5	1.464520E-3	2.915240E-4	4.787817E-1	1.421283E+1
5.223893E+3	3.830800E+2	3.026522E+1	-9.958196E-1	2.892780E-5	1.547201E-3	2.892780E-4	4.790332E-1	1.422733E+1
5.235823E+3	3.828600E+2	3.028261E+1	-9.964061E-1	2.869960E-5	1.487626E-3	2.869960E-4	4.793327E-1	1.424334E+1
5.247661E+3	3.826600E+2	3.029844E+1	-9.982531E-1	2.847460E-5	1.483046E-3	2.847460E-4	4.795356E-1	1.425643E+1
5.257987E+3	3.824900E+2	3.031190E+1	-1.001833E+0	2.828280E-5	1.481926E-3	2.828280E-4	4.797400E-1	1.426785E+1
5.269862E+3	3.822900E+2	3.032776E+1	-9.996896E-1	2.806580E-5	1.493384E-3	2.806580E-4	4.800036E-1	1.428287E+1
5.281928E+3	3.820900E+2	3.034364E+1	-1.000155E+0	2.785240E-5	1.453451E-3	2.785240E-4	4.802689E-1	1.429797E+1
5.295232E+3	3.818800E+2	3.036032E+1	-1.000415E+0	2.761820E-5	1.448637E-3	2.761820E-4	4.806351E-1	1.431787E+1
5.307010E+3	3.816800E+2	3.037623E+1	-9.985606E-1	2.741260E-5	1.447876E-3	2.741260E-4	4.809172E-1	1.433345E+1
5.320436E+3	3.814600E+2	3.039375E+1	-9.961579E-1	2.717700E-5	1.413889E-3	2.717700E-4	4.812502E-1	1.435237E+1
5.332267E+3	3.812600E+2	3.040969E+1	-9.975477E-1	2.696600E-5	1.518849E-3	2.696600E-4	4.814978E-1	1.436696E+1
5.344148E+3	3.810700E+2	3.042486E+1	-9.981929E-1	2.675820E-5	1.453755E-3	2.675820E-4	4.817728E-1	1.438239E+1
5.355862E+3	3.808600E+2	3.044163E+1	-9.995178E-1	2.655020E-5	1.506910E-3	2.655020E-4	4.820356E-1	1.439752E+1
5.366132E+3	3.806900E+2	3.045523E+1	-9.992000E-1	2.636940E-5	1.541502E-3	2.636940E-4	4.821813E-1	1.440731E+1
5.379814E+3	3.804600E+2	3.047364E+1	-1.000936E+0	2.613960E-5	1.476112E-3	2.613960E-4	4.824750E-1	1.442515E+1
5.391840E+3	3.802600E+2	3.048966E+1	-9.994545E-1	2.593720E-5	1.500019E-3	2.593720E-4	4.827304E-1	1.444003E+1
5.402983E+3	3.800700E+2	3.050491E+1	-9.972227E-1	2.575440E-5	1.504215E-3	2.575440E-4	4.828820E-1	1.445002E+1
5.416277E+3	3.798700E+2	3.052097E+1	-9.973348E-1	2.553280E-5	1.474146E-3	2.553280E-4	4.831752E-1	1.446792E+1
5.428147E+3	3.796700E+2	3.053705E+1	-9.970473E-1	2.533760E-5	1.560970E-3	2.533760E-4	4.833869E-1	1.448152E+1
5.441659E+3	3.794600E+2	3.055395E+1	-9.940931E-1	2.511440E-5	1.517418E-3	2.511440E-4	4.837024E-1	1.450005E+1
5.453368E+3	3.792400E+2	3.057167E+1	-9.934432E-1	2.491500E-5	1.529668E-3	2.491500E-4	4.839688E-1	1.451532E+1
5.463519E+3	3.790700E+2	3.058538E+1	-9.969948E-1	2.473960E-5	1.540407E-3	2.473960E-4	4.841071E-1	1.452501E+1
5.475216E+3	3.788800E+2	3.060072E+1	-9.981855E-1	2.454220E-5	1.572136E-3	2.454220E-4	4.843473E-1	1.453963E+1
5.487122E+3	3.786700E+2	3.061769E+1	-9.984930E-1	2.434800E-5	1.519632E-3	2.434800E-4	4.845821E-1	1.455406E+1
5.498913E+3	3.784700E+2	3.063387E+1	-9.955547E-1	2.415780E-5	1.531708E-3	2.415780E-4	4.848505E-1	1.456958E+1
5.510873E+3	3.782800E+2	3.064925E+1	-9.964685E-1	2.397120E-5	1.503944E-3	2.397120E-4	4.851196E-1	1.458516E+1
5.524277E+3	3.780600E+2	3.066709E+1	-9.962152E-1	2.376380E-5	1.497095E-3	2.376380E-4	4.854584E-1	1.460460E+1
5.536084E+3	3.778700E+2	3.068251E+1	-9.970308E-1	2.358120E-5	1.488589E-3	2.358120E-4	4.856675E-1	1.461822E+1
5.547869E+3	3.776800E+2	3.069795E+1	-9.974113E-1	2.339920E-5	1.486714E-3	2.339920E-4	4.859086E-1	1.463281E+1
5.559630E+3	3.774800E+2	3.071421E+1	-9.973194E-1	2.321360E-5	1.553087E-3	2.321360E-4	4.861396E-1	1.464713E+1
5.571247E+3	3.772600E+2	3.073212E+1	-9.984313E-1	2.302740E-5	1.607251E-3	2.302740E-4	4.863482E-1	1.466083E+1
5.583262E+3	3.770600E+2	3.074842E+1	-1.001300E+0	2.283780E-5	1.585551E-3	2.283780E-4	4.865505E-1	1.467438E+1
5.595232E+3	3.768700E+2	3.076392E+1	-1.002238E+0	2.265220E-5	1.570562E-3	2.265220E-4	4.867613E-1	1.468818E+1
5.605684E+3	3.766900E+2	3.077862E+1	-1.001946E+0	2.249380E-5	1.553569E-3	2.249380E-4	4.868925E-1	1.469780E+1
5.619221E+3	3.764700E+2	3.079661E+1	-9.979942E-1	2.229340E-5	1.496683E-3	2.229340E-4	4.871957E-1	1.471637E+1
5.630947E+3	3.762800E+2	3.081216E+1	-9.955496E-1	2.212060E-5	1.472727E-3	2.212060E-4	4.874122E-1	1.473045E+1
5.644015E+3	3.760600E+2	3.083019E+1	-9.972932E-1	2.192720E-5	1.528770E-3	2.192720E-4	4.877052E-1	1.474871E+1
5.655832E+3	3.758800E+2	3.084495E+1	-9.975282E-1	2.175680E-5	1.483106E-3	2.175680E-4	4.879152E-1	1.476255E+1
5.667635E+3	3.756800E+2	3.086137E+1	-9.974236E-1	2.158440E-5	1.546193E-3	2.158440E-4	4.881442E-1	1.477694E+1
5.680659E+3	3.754600E+2	3.087945E+1	-9.954229E-1	2.139220E-5	1.619802E-3	2.139220E-4	4.884410E-1	1.479524E+1
5.692773E+3	3.752500E+2	3.089674E+1	-9.955155E-1	2.121200E-5	1.625242E-3	2.121200E-4	4.886594E-1	1.480928E+1
5.703219E+3	3.750600E+2	3.091239E+1	-9.971042E-1	2.105480E-5	1.652256E-3	2.105480E-4	4.888016E-1	1.481919E+1
5.715267E+3	3.748800E+2	3.092723E+1	-9.986141E-1	2.088180E-5	1.560022E-3	2.088180E-4	4.890036E-1	1.483286E+1
5.727021E+3	3.746800E+2	3.094374E+1	-9.978044E-1	2.071680E-5	1.488329E-3	2.071680E-4	4.892201E-1	1.484702E+1
5.740182E+3	3.744700E+2	3.096109E+1	-9.935638E-1	2.053260E-5	1.563284E-3	2.053260E-4	4.895515E-1	1.486656E+1
5.751984E+3	3.742600E+2	3.097846E+1	-9.931956E-1	2.036900E-5	1.521921E-3	2.036900E-4	4.898132E-1	1.488210E+1
5.763831E+3	3.740600E+2	3.099503E+1	-9.947179E-1	2.020600E-5	1.526596E-3	2.020600E-4	4.900472E-1	1.489688E+1
5.775646E+3	3.738700E+2	3.101078E+1	-9.956023E-1	2.004660E-5	1.538168E-3	2.004660E-4	4.902575E-1	1.491088E+1
5.787368E+3	3.736800E+2	3.102655E+1	-9.977597E-1	1.989332E-5	1.523043E-3	1.989332E-4	4.904316E-1	1.492384E+1
5.800701E+3	3.734500E+2	3.104566E+1	-9.964487E-1	1.971002E-5	1.614144E-3	1.971002E-4	4.906745E-1	1.494074E+1
5.811179E+3	3.732800E+2	3.105979E+1	-9.992064E-1	1.956684E-5	1.573700E-3	1.956684E-4	4.907806E-1	1.494968E+1
5.823099E+3	3.730800E+2	3.107644E+1	-1.000384E+0	1.940776E-5	1.581492E-3	1.940776E-4	4.909486E-1	1.496245E+1
5.835047E+3	3.728800E+2	3.109311E+1	-1.000477E+0	1.925136E-5	1.523754E-3	1.925136E-4	4.911137E-1	1.497520E+1
5.848264E+3	3.726700E+2	3.111063E+1	-9.971314E-1	1.907826E-5	1.554028E-3	1.907826E-4	4.913378E-1	1.499165E+1
5.860043E+3	3.724700E+2	3.112734E+1	-9.955188E-1	1.892356E-5	1.585200E-3	1.892356E-4	4.914950E-1	1.500412E+1
5.871804E+3	3.722900E+2	3.114239E+1	-9.941618E-1	1.877264E-5	1.573550E-3	1.877264E-4	4.916717E-1	1.501721E+1
5.883732E+3	3.720900E+2	3.115913E+1	-9.937850E-1	1.861878E-5	1.561075E-3	1.861878E-4	4.918467E-1	1.503025E+1
5.895396E+3	3.718900E+2	3.117589E+1	-9.945734E-1	1.846898E-5	1.580841E-3	1.846898E-4	4.919959E-1	1.504251E+1
5.908745E+3	3.716600E+2	3.119518E+1	-9.931690E-1	1.829400E-5	1.630705E-3	1.829400E-4	4.922070E-1	1.505859E+1
5.920694E+3	3.714500E+2	3.121281E+1	-9.936858E-1	1.813970E-5	1.605693E-3	1.813970E-4	4.923689E-1	1.507131E+1
5.931169E+3	3.712800E+2	3.122711E+1	-9.956944E-1	1.800770E-5	1.585032E-3	1.800770E-4	4.924680E-1	1.508013E+1
5.943057E+3	3.710900E+2	3.124309E+1	-9.973039E-1	1.786140E-5	1.549233E-3	1.786140E-4	4.926162E-1	1.509245E+1
5.956464E+3	3.708800E+2	3.126079E+1	-9.958113E-1	1.769806E-5	1.530473E-3	1.769806E-4	4.928114E-1	1.510820E+1
5.968124E+3	3.706800E+2	3.127765E+1	-9.956043E-1	1.755430E-5	1.612045E-3	1.755430E-4	4.929693E-1	1.512079E+1
5.981605E+3	3.704600E+2	3.129623E+1	-9.932223E-1	1.739156E-5	1.586626E-3	1.739156E-4	4.932000E-1	1.513763E+1
5.993505E+3	3.702600E+2	3.131313E+1	-9.931502E-1	1.724838E-5	1.569307E-3	1.724838E-4	4.933749E-1	1.515079E+1
6.003809E+3	3.700900E+2	3.132751E+1	-9.954140E-1	1.712158E-5	1.606146E-3	1.712158E-4	4.934619E-1	1.515931E+1
6.015483E+3	3.698800E+2	3.134530E+1	-9.958104E-1	1.697906E-5	1.591625E-3	1.697906E-4	4.936273E-1	1.517227E+1
6.028735E+3	3.696600E+2	3.136396E+1	-9.957429E-1	1.681700E-5	1.664355E-3	1.681700E-4	4.938161E-1	1.518791E+1
6.040777E+3	3.694600E+2	3.138093E+1	-9.964911E-1	1.667312E-5	1.657739E-3	1.667312E-4	4.939706E-1	1.520049E+1
6.052570E+3	3.692800E+2	3.139623E+1	-9.965361E-1	1.653348E-5	1.644014E-3	1.653348E-4	4.941154E-1	1.521279E+1
6.064555E+3	3.690700E+2	3.141409E+1	-9.963986E-1	1.639476E-5	1.602898E-3	1.639476E-4	4.942943E-1	1.522617E+1
6.076358E+3	3.688800E+2	3.143028E+1	-9.962243E-1	1.625826E-5	1.581624E-3	1.625826E-4	4.944618E-1	1.523928E+1
6.088165E+3	3.686900E+2	3.144647E+1	-9.943665E-1	1.612220E-5	1.616591E-3	1.612220E-4	4.946972E-1	1.525450E+1
6.101675E+3	3.684600E+2	3.146610E+1	-9.918238E-1	1.596576E-5	1.667746E-3	1.596576E-4	4.949920E-1	1.527352E+1
6.111958E+3	3.682800E+2	3.148148E+1	-9.953911E-1	1.584294E-5	1.729665E-3	1.584294E-4	4.951301E-1	1.528376E+1
6.123653E+3	3.680800E+2	3.149859E+1	-9.974311E-1	1.570684E-5	1.702604E-3	1.570684E-4	4.953341E-1	1.529807E+1
6.137094E+3	3.678600E+2	3.151743E+1	-9.971904E-1	1.555306E-5	1.675455E-3	1.555306E-4	4.956055E-1	1.531638E+1
6.147388E+3	3.676600E+2	3.153457E+1	-1.000249E+0	1.543510E-5	1.692613E-3	1.543510E-4	4.957790E-1	1.532773E+1
6.159372E+3	3.674800E+2	3.155002E+1	-9.990944E-1	1.530468E-5	1.609763E-3	1.530468E-4	4.959687E-1	1.534162E+1
6.171333E+3	3.672900E+2	3.156634E+1	-9.991580E-1	1.517564E-5	1.624354E-3	1.517564E-4	4.961910E-1	1.535651E+1
6.183162E+3	3.670800E+2	3.158440E+1	-1.002798E+0	1.504940E-5	1.592102E-3	1.504940E-4	4.964071E-1	1.537130E+1
6.196413E+3	3.668700E+2	3.160247E+1	-1.002183E+0	1.491190E-5	1.557689E-3	1.491190E-4	4.966838E-1	1.539001E+1
6.209656E+3	3.666600E+2	3.162057E+1	-9.999675E-1	1.477340E-5	1.642060E-3	1.477340E-4	4.969450E-1	1.540820E+1
6.219869E+3	3.664800E+2	3.163611E+1	-1.002397E+0	1.466356E-5	1.657370E-3	1.466356E-4	4.970674E-1	1.541805E+1
6.231683E+3	3.662800E+2	3.165338E+1	-1.002548E+0	1.453692E-5	1.650348E-3	1.453692E-4	4.972487E-1	1.543182E+1
6.245012E+3	3.660500E+2	3.167327E+1	-1.002322E+0	1.439418E-5	1.638966E-3	1.439418E-4	4.974339E-1	1.544766E+1
6.255331E+3	3.658800E+2	3.168799E+1	-1.005010E+0	1.428562E-5	1.682520E-3	1.428562E-4	4.975625E-1	1.545774E+1
6.267293E+3	3.656800E+2	3.170532E+1	-1.003848E+0	1.416486E-5	1.588733E-3	1.416486E-4	4.977083E-1	1.547045E+1
6.279000E+3	3.654800E+2	3.172267E+1	-9.987345E-1	1.404544E-5	1.667334E-3	1.404544E-4	4.978287E-1	1.548236E+1
6.292466E+3	3.652700E+2	3.174090E+1	-9.999897E-1	1.391192E-5	1.632085E-3	1.391192E-4	4.980043E-1	1.549795E+1
6.304241E+3	3.650700E+2	3.175829E+1	-9.987528E-1	1.379588E-5	1.640401E-3	1.379588E-4	4.981300E-1	1.550999E+1
6.316125E+3	3.648700E+2	3.177570E+1	-9.963734E-1	1.367798E-5	1.713186E-3	1.367798E-4	4.982948E-1	1.552325E+1
6.328053E+3	3.646800E+2	3.179226E+1	-9.974432E-1	1.355734E-5	1.677264E-3	1.355734E-4	4.984421E-1	1.553607E+1
6.339815E+3	3.644700E+2	3.181057E+1	-9.986750E-1	1.343944E-5	1.689702E-3	1.343944E-4	4.985721E-1	1.554834E+1
6.351891E+3	3.642700E+2	3.182804E+1	-9.995984E-1	1.331942E-5	1.671504E-3	1.331942E-4	4.987039E-1	1.556064E+1
6.363870E+3	3.640700E+2	3.184552E+1	-1.000989E+0	1.320138E-5	1.739073E-3	1.320138E-4	4.988413E-1	1.557311E+1
6.375801E+3	3.638700E+2	3.186303E+1	-1.001206E+0	1.308638E-5	1.690432E-3	1.308638E-4	4.989980E-1	1.558619E+1
6.387672E+3	3.636800E+2	3.187967E+1	-9.963561E-1	1.297368E-5	1.655277E-3	1.297368E-4	4.991340E-1	1.559863E+1
6.399490E+3	3.634800E+2	3.189722E+1	-9.987019E-1	1.286120E-5	1.662465E-3	1.286120E-4	4.992930E-1	1.561182E+1
6.411429E+3	3.632900E+2	3.191390E+1	-9.980745E-1	1.275110E-5	1.670665E-3	1.275110E-4	4.994276E-1	1.562430E+1
6.424986E+3	3.630600E+2	3.193412E+1	-9.952867E-1	1.262458E-5	1.684555E-3	1.262458E-4	4.996312E-1	1.564101E+1
6.436815E+3	3.628600E+2	3.195172E+1	-9.957824E-1	1.251266E-5	1.714954E-3	1.251266E-4	4.997861E-1	1.565414E+1
6.448528E+3	3.626600E+2	3.196934E+1	-9.977036E-1	1.240234E-5	1.720374E-3	1.240234E-4	4.999099E-1	1.566629E+1
6.460477E+3	3.624600E+2	3.198698E+1	-9.986098E-1	1.228988E-5	1.748606E-3	1.228988E-4	5.000458E-1	1.567879E+1
6.472592E+3	3.622600E+2	3.200464E+1	-9.987596E-1	1.217840E-5	1.721008E-3	1.217840E-4	5.002078E-1	1.569212E+1
6.484523E+3	3.620800E+2	3.202055E+1	-9.988623E-1	1.207048E-5	1.700563E-3	1.207048E-4	5.003314E-1	1.570419E+1
6.496249E+3	3.618700E+2	3.203913E+1	-9.960882E-1	1.196548E-5	1.696860E-3	1.196548E-4	5.005782E-1	1.572018E+1
6.509525E+3	3.616500E+2	3.205862E+1	-9.939818E-1	1.184708E-5	1.683122E-3	1.184708E-4	5.007768E-1	1.573668E+1
6.519784E+3	3.614800E+2	3.207370E+1	-9.958711E-1	1.175612E-5	1.679964E-3	1.175612E-4	5.009115E-1	1.574713E+1
6.531641E+3	3.612800E+2	3.209145E+1	-9.968073E-1	1.165342E-5	1.697418E-3	1.165342E-4	5.010785E-1	1.576073E+1
6.543471E+3	3.610800E+2	3.210923E+1	-9.979591E-1	1.154938E-5	1.746045E-3	1.154938E-4	5.012575E-1	1.577475E+1
6.556688E+3	3.608600E+2	3.212880E+1	-9.958721E-1	1.143382E-5	1.721975E-3	1.143382E-4	5.015324E-1	1.579386E+1
6.568682E+3	3.606600E+2	3.214662E+1	-9.972971E-1	1.132668E-5	1.839292E-3	1.132668E-4	5.017127E-1	1.580796E+1
6.581075E+3	3.604500E+2	3.216535E+1	-9.988722E-1	1.122228E-5	1.738716E-3	1.122228E-4	5.019050E-1	1.582244E+1
6.591526E+3	3.602700E+2	3.218142E+1	-1.001417E+0	1.113352E-5	1.735613E-3	1.113352E-4	5.020130E-1	1.583212E+1
6.603482E+3	3.600900E+2	3.219751E+1	-9.986511E-1	1.103560E-5	1.682102E-3	1.103560E-4	5.022024E-1	1.584654E+1
6.615297E+3	3.598900E+2	3.221540E+1	-9.983676E-1	1.093872E-5	1.710201E-3	1.093872E-4	5.024025E-1	1.586129E+1
6.628851E+3	3.596800E+2	3.223421E+1	-1.000619E+0	1.083048E-5	1.680575E-3	1.083048E-4	5.026803E-1	1.588069E+1
6.640709E+3	3.594700E+2	3.225304E+1	-9.995965E-1	1.073466E-5	1.725133E-3	1.073466E-4	5.028820E-1	1.589552E+1
6.651268E+3	3.592900E+2	3.226920E+1	-9.972248E-1	1.064906E-5	1.827684E-3	1.064906E-4	5.029994E-1	1.590559E+1
6.664677E+3	3.590700E+2	3.228897E+1	-9.980290E-1	1.054096E-5	1.786829E-3	1.054096E-4	5.032214E-1	1.592327E+1
6.676740E+3	3.588600E+2	3.230786E+1	-9.972731E-1	1.044370E-5	1.806369E-3	1.044370E-4	5.033514E-1	1.593589E+1
6.688798E+3	3.586600E+2	3.232588E+1	-9.939675E-1	1.034836E-5	1.739065E-3	1.034836E-4	5.034829E-1	1.594863E+1
6.700822E+3	3.584600E+2	3.234392E+1	-9.976522E-1	1.025382E-5	1.741073E-3	1.025382E-4	5.036098E-1	1.596118E+1
6.713011E+3	3.582600E+2	3.236197E+1	-9.980344E-1	1.015886E-5	1.799360E-3	1.015886E-4	5.037377E-1	1.597377E+1
6.725087E+3	3.580700E+2	3.237914E+1	-9.979417E-1	1.006748E-5	1.748674E-3	1.006748E-4	5.038584E-1	1.598614E+1
6.736971E+3	3.578600E+2	3.239814E+1	-9.913572E-1	9.978060E-6	1.738340E-3	9.978060E-5	5.040195E-1	1.599983E+1
6.748872E+3	3.576800E+2	3.241445E+1	-9.905255E-1	9.889340E-6	1.664546E-3	9.889340E-5	5.041578E-1	1.601283E+1
6.760639E+3	3.574800E+2	3.243258E+1	-9.892913E-1	9.801640E-6	1.714979E-3	9.801640E-5	5.043052E-1	1.602613E+1
6.773661E+3	3.572600E+2	3.245256E+1	-9.918481E-1	9.702200E-6	1.773243E-3	9.702200E-5	5.044809E-1	1.604245E+1
6.785432E+3	3.570600E+2	3.247073E+1	-9.923014E-1	9.614040E-6	1.774669E-3	9.614040E-5	5.046123E-1	1.605520E+1
6.795742E+3	3.568900E+2	3.248620E+1	-9.946296E-1	9.537340E-6	1.737518E-3	9.537340E-5	5.046747E-1	1.606369E+1
6.807676E+3	3.566900E+2	3.250442E+1	-9.914142E-1	9.449960E-6	1.779274E-3	9.449960E-5	5.047893E-1	1.607599E+1
6.821069E+3	3.564700E+2	3.252448E+1	-9.924462E-1	9.353440E-6	1.734598E-3	9.353440E-5	5.049498E-1	1.609186E+1
6.832817E+3	3.562700E+2	3.254273E+1	-9.924223E-1	9.268880E-6	1.789662E-3	9.268880E-5	5.050557E-1	1.610379E+1
6.844730E+3	3.560900E+2	3.255918E+1	-9.922669E-1	9.184300E-6	1.769851E-3	9.184300E-5	5.051618E-1	1.611581E+1
6.857998E+3	3.558800E+2	3.257840E+1	-9.909612E-1	9.091800E-6	1.728826E-3	9.091800E-5	5.053378E-1	1.613219E+1
6.868203E+3	3.556900E+2	3.259580E+1	-9.920945E-1	9.020500E-6	1.712559E-3	9.020500E-5	5.054338E-1	1.614177E+1
6.881506E+3	3.554700E+2	3.261597E+1	-9.925740E-1	8.926960E-6	1.806786E-3	8.926960E-5	5.055808E-1	1.615734E+1
6.893528E+3	3.552600E+2	3.263525E+1	-9.936700E-1	8.842820E-6	1.820395E-3	8.842820E-5	5.056848E-1	1.616928E+1
6.905291E+3	3.550700E+2	3.265272E+1	-9.953369E-1	8.761280E-6	1.765082E-3	8.761280E-5	5.057776E-1	1.618091E+1
6.917022E+3	3.548800E+2	3.267020E+1	-9.965818E-1	8.680500E-6	1.761536E-3	8.680500E-5	5.058784E-1	1.619286E+1
6.928815E+3	3.546800E+2	3.268862E+1	-9.968606E-1	8.601800E-6	1.759253E-3	8.601800E-5	5.059790E-1	1.620479E+1
6.942138E+3	3.544700E+2	3.270799E+1	-9.953119E-1	8.513720E-6	1.784840E-3	8.513720E-5	5.061264E-1	1.622040E+1
6.953912E+3	3.542600E+2	3.272738E+1	-9.936049E-1	8.436440E-6	1.805264E-3	8.436440E-5	5.062660E-1	1.623352E+1
6.965799E+3	3.540900E+2	3.274309E+1	-9.931349E-1	8.359280E-6	1.783742E-3	8.359280E-5	5.064023E-1	1.624660E+1
6.979182E+3	3.538500E+2	3.276530E+1	-9.898158E-1	8.272640E-6	1.783357E-3	8.272640E-5	5.066625E-1	1.626585E+1
6.989476E+3	3.536800E+2	3.278105E+1	-9.920562E-1	8.205920E-6	1.730338E-3	8.205920E-5	5.067395E-1	1.627489E+1
7.002426E+3	3.534500E+2	3.280238E+1	-9.915616E-1	8.119440E-6	1.912761E-3	8.119440E-5	5.069241E-1	1.629174E+1
7.014683E+3	3.532600E+2	3.282002E+1	-9.934241E-1	8.042040E-6	1.806893E-3	8.042040E-5	5.070756E-1	1.630537E+1
7.026509E+3	3.530700E+2	3.283768E+1	-9.930923E-1	7.967000E-6	1.825906E-3	7.967000E-5	5.072451E-1	1.631960E+1
7.036767E+3	3.528800E+2	3.285536E+1	-9.943801E-1	7.902380E-6	1.781115E-3	7.902380E-5	5.073171E-1	1.632846E+1
7.050058E+3	3.526600E+2	3.287586E+1	-9.930758E-1	7.820080E-6	1.805869E-3	7.820080E-5	5.075276E-1	1.634623E+1
7.061954E+3	3.524700E+2	3.289358E+1	-9.933498E-1	7.747620E-6	1.787970E-3	7.747620E-5	5.076570E-1	1.635917E+1
7.073849E+3	3.522700E+2	3.291225E+1	-9.944115E-1	7.676060E-6	1.829302E-3	7.676060E-5	5.077804E-1	1.637194E+1
7.086055E+3	3.520700E+2	3.293095E+1	-9.956309E-1	7.603500E-6	1.788553E-3	7.603500E-5	5.079036E-1	1.638480E+1
7.097878E+3	3.518800E+2	3.294873E+1	-9.972114E-1	7.534060E-6	1.754596E-3	7.534060E-5	5.080082E-1	1.639716E+1
7.109477E+3	3.516800E+2	3.296747E+1	-9.979288E-1	7.464460E-6	1.849649E-3	7.464460E-5	5.080993E-1	1.640902E+1
7.121525E+3	3.514800E+2	3.298623E+1	-9.995769E-1	7.392180E-6	1.856772E-3	7.392180E-5	5.081810E-1	1.642060E+1
7.134848E+3	3.512700E+2	3.300595E+1	-9.965563E-1	7.313180E-6	1.872367E-3	7.313180E-5	5.083371E-1	1.643685E+1
7.146756E+3	3.510600E+2	3.302569E+1	-9.959870E-1	7.242780E-6	1.908430E-3	7.242780E-5	5.084276E-1	1.644867E+1
7.158621E+3	3.508600E+2	3.304452E+1	-9.942022E-1	7.173480E-6	1.858197E-3	7.173480E-5	5.085174E-1	1.646048E+1
7.170836E+3	3.506800E+2	3.306148E+1	-9.936197E-1	7.104120E-6	1.818557E-3	7.104120E-5	5.086176E-1	1.647266E+1
7.182613E+3	3.504800E+2	3.308035E+1	-9.935233E-1	7.036920E-6	1.874081E-3	7.036920E-5	5.087179E-1	1.648492E+1
7.194731E+3	3.502700E+2	3.310018E+1	-9.937967E-1	6.969140E-6	1.837778E-3	6.969140E-5	5.088243E-1	1.649743E+1
7.206574E+3	3.500700E+2	3.311909E+1	-9.930095E-1	6.903860E-6	1.841563E-3	6.903860E-5	5.089023E-1	1.650903E+1
7.219767E+3	3.498600E+2	3.313897E+1	-9.918861E-1	6.830640E-6	1.852271E-3	6.830640E-5	5.090380E-1	1.652476E+1
7.231700E+3	3.496500E+2	3.315887E+1	-9.928112E-1	6.763680E-6	1.914892E-3	6.763680E-5	5.091154E-1	1.653629E+1
7.242180E+3	3.494800E+2	3.317500E+1	-9.949724E-1	6.706620E-6	1.801271E-3	6.706620E-5	5.091514E-1	1.654424E+1
7.253931E+3	3.492800E+2	3.319400E+1	-9.961313E-1	6.642220E-6	1.894846E-3	6.642220E-5	5.092315E-1	1.655596E+1
7.265905E+3	3.490800E+2	3.321302E+1	-9.968893E-1	6.578500E-6	1.841365E-3	6.578500E-5	5.093217E-1	1.656803E+1
7.279238E+3	3.488700E+2	3.323301E+1	-9.951469E-1	6.507820E-6	1.914560E-3	6.507820E-5	5.094614E-1	1.658398E+1
7.291235E+3	3.486700E+2	3.325207E+1	-9.949971E-1	6.445040E-6	1.886897E-3	6.445040E-5	5.095617E-1	1.659633E+1
7.303170E+3	3.484700E+2	3.327116E+1	-9.954902E-1	6.382280E-6	1.880513E-3	6.382280E-5	5.096457E-1	1.660819E+1
7.315177E+3	3.482700E+2	3.329026E+1	-9.943189E-1	6.319740E-6	1.906891E-3	6.319740E-5	5.097524E-1	1.662086E+1
7.327200E+3	3.480600E+2	3.331035E+1	-9.946463E-1	6.257940E-6	1.915452E-3	6.257940E-5	5.098442E-1	1.663304E+1
7.339106E+3	3.478800E+2	3.332758E+1	-9.958942E-1	6.197060E-6	1.908861E-3	6.197060E-5	5.099239E-1	1.664488E+1
7.351046E+3	3.476700E+2	3.334771E+1	-9.954563E-1	6.135760E-6	1.863335E-3	6.135760E-5	5.100448E-1	1.665807E+1
7.362716E+3	3.474700E+2	3.336691E+1	-9.960382E-1	6.077100E-6	1.852692E-3	6.077100E-5	5.101581E-1	1.667104E+1
7.374531E+3	3.472900E+2	3.338420E+1	-9.970136E-1	6.018160E-6	1.831333E-3	6.018160E-5	5.103040E-1	1.668511E+1
7.386409E+3	3.470900E+2	3.340344E+1	-9.980135E-1	5.959480E-6	1.910429E-3	5.959480E-5	5.104270E-1	1.669843E+1
7.399849E+3	3.468500E+2	3.342655E+1	-9.946820E-1	5.894620E-6	1.845810E-3	5.894620E-5	5.106294E-1	1.671672E+1
7.410250E+3	3.466800E+2	3.344294E+1	-9.936713E-1	5.845720E-6	1.807125E-3	5.845720E-5	5.106884E-1	1.672561E+1
7.423438E+3	3.464700E+2	3.346321E+1	-9.960074E-1	5.783920E-6	1.820984E-3	5.783920E-5	5.108342E-1	1.674204E+1
7.435228E+3	3.462800E+2	3.348158E+1	-9.962638E-1	5.728860E-6	1.832643E-3	5.728860E-5	5.109602E-1	1.675547E+1
7.447123E+3	3.460900E+2	3.349996E+1	-9.964285E-1	5.672600E-6	1.920830E-3	5.672600E-5	5.110666E-1	1.676832E+1
7.460465E+3	3.458500E+2	3.352320E+1	-9.930261E-1	5.609380E-6	1.970354E-3	5.609380E-5	5.112490E-1	1.678596E+1
7.472443E+3	3.456700E+2	3.354066E+1	-9.922742E-1	5.554260E-6	1.841918E-3	5.554260E-5	5.113300E-1	1.679782E+1
7.483964E+3	3.454600E+2	3.356105E+1	-9.915784E-1	5.500880E-6	1.911571E-3	5.500880E-5	5.114582E-1	1.681127E+1
7.495771E+3	3.452600E+2	3.358049E+1	-9.915018E-1	5.446820E-6	1.884378E-3	5.446820E-5	5.115656E-1	1.682406E+1
7.507696E+3	3.450700E+2	3.359898E+1	-9.923576E-1	5.393520E-6	1.847409E-3	5.393520E-5	5.116911E-1	1.683755E+1
7.519499E+3	3.448800E+2	3.361749E+1	-9.923606E-1	5.340980E-6	1.933450E-3	5.340980E-5	5.118041E-1	1.685062E+1
7.531510E+3	3.446800E+2	3.363700E+1	-9.921852E-1	5.288780E-6	1.907521E-3	5.288780E-5	5.118793E-1	1.686239E+1
7.543430E+3	3.444800E+2	3.365653E+1	-9.925383E-1	5.236640E-6	1.902524E-3	5.236640E-5	5.120023E-1	1.687580E+1
7.556859E+3	3.442600E+2	3.367803E+1	-9.919391E-1	5.177400E-6	1.924312E-3	5.177400E-5	5.120972E-1	1.689055E+1
7.568864E+3	3.440500E+2	3.369859E+1	-9.927571E-1	5.125220E-6	1.959284E-3	5.125220E-5	5.121779E-1	1.690253E+1
7.579264E+3	3.438900E+2	3.371427E+1	-9.955144E-1	5.079920E-6	1.957945E-3	5.079920E-5	5.122421E-1	1.691170E+1
7.591219E+3	3.436800E+2	3.373487E+1	-9.965611E-1	5.029300E-6	1.921201E-3	5.029300E-5	5.123371E-1	1.692421E+1
7.603077E+3	3.434800E+2	3.375451E+1	-9.981320E-1	4.978820E-6	2.033132E-3	4.978820E-5	5.124098E-1	1.693601E+1
7.615098E+3	3.432700E+2	3.377516E+1	-9.987878E-1	4.928900E-6	1.988894E-3	4.928900E-5	5.125131E-1	1.694887E+1
7.627352E+3	3.430800E+2	3.379387E+1	-1.000247E+0	4.879400E-6	1.905917E-3	4.879400E-5	5.125715E-1	1.696026E+1
7.639210E+3	3.428800E+2	3.381358E+1	-9.974089E-1	4.831300E-6	1.894946E-3	4.831300E-5	5.126349E-1	1.697184E+1
7.652380E+3	3.426700E+2	3.383430E+1	-9.974188E-1	4.778100E-6	1.985923E-3	4.778100E-5	5.127469E-1	1.698735E+1
7.664442E+3	3.424600E+2	3.385505E+1	-9.969563E-1	4.729000E-6	2.124475E-3	4.729000E-5	5.128287E-1	1.699951E+1
7.675515E+3	3.422700E+2	3.387384E+1	-9.956934E-1	4.684500E-6	2.028919E-3	4.684500E-5	5.128516E-1	1.700738E+1
7.687865E+3	3.420700E+2	3.389365E+1	-9.972966E-1	4.635320E-6	2.016250E-3	4.635320E-5	5.129099E-1	1.701886E+1
7.699965E+3	3.418800E+2	3.391248E+1	-9.982251E-1	4.588000E-6	1.999299E-3	4.588000E-5	5.129609E-1	1.703010E+1
7.712401E+3	3.416700E+2	3.393333E+1	-9.966404E-1	4.540100E-6	1.964450E-3	4.540100E-5	5.130481E-1	1.704258E+1
7.724602E+3	3.414800E+2	3.395221E+1	-9.955653E-1	4.493760E-6	1.949502E-3	4.493760E-5	5.131252E-1	1.705476E+1
7.736666E+3	3.412700E+2	3.397310E+1	-9.936651E-1	4.447880E-6	1.969662E-3	4.447880E-5	5.132172E-1	1.706744E+1
7.747168E+3	3.410900E+2	3.399103E+1	-9.943408E-1	4.408280E-6	1.965682E-3	4.408280E-5	5.132737E-1	1.707665E+1
7.760562E+3	3.408700E+2	3.401297E+1	-9.917474E-1	4.358360E-6	2.024485E-3	4.358360E-5	5.133805E-1	1.709231E+1
7.772782E+3	3.406700E+2	3.403294E+1	-9.907477E-1	4.313380E-6	1.939367E-3	4.313380E-5	5.134499E-1	1.710434E+1
7.784550E+3	3.404600E+2	3.405393E+1	-9.907774E-1	4.268960E-6	2.026803E-3	4.268960E-5	5.135093E-1	1.711601E+1
7.796684E+3	3.402600E+2	3.407394E+1	-9.919037E-1	4.224700E-6	2.048474E-3	4.224700E-5	5.135467E-1	1.712698E+1
7.808621E+3	3.400600E+2	3.409398E+1	-9.929344E-1	4.181760E-6	1.921541E-3	4.181760E-5	5.136130E-1	1.713888E+1
7.820404E+3	3.398600E+2	3.411405E+1	-9.946773E-1	4.139600E-6	2.029182E-3	4.139600E-5	5.136693E-1	1.715050E+1
7.833937E+3	3.396500E+2	3.413514E+1	-9.921750E-1	4.092620E-6	1.916444E-3	4.092620E-5	5.137699E-1	1.716602E+1
7.844078E+3	3.394800E+2	3.415223E+1	-9.928172E-1	4.056920E-6	1.956659E-3	4.056920E-5	5.138000E-1	1.717436E+1
7.857305E+3	3.392600E+2	3.417438E+1	-9.939419E-1	4.011200E-6	1.975158E-3	4.011200E-5	5.139310E-1	1.719092E+1
7.869050E+3	3.390600E+2	3.419454E+1	-9.943008E-1	3.970600E-6	1.987152E-3	3.970600E-5	5.140247E-1	1.720386E+1
7.879525E+3	3.388900E+2	3.421169E+1	-9.946048E-1	3.934920E-6	1.977146E-3	3.934920E-5	5.140283E-1	1.721133E+1
7.892862E+3	3.386700E+2	3.423392E+1	-9.960982E-1	3.889380E-6	2.036973E-3	3.889380E-5	5.141018E-1	1.722605E+1
7.904850E+3	3.384700E+2	3.425414E+1	-9.956193E-1	3.849180E-6	1.967718E-3	3.849180E-5	5.141521E-1	1.723752E+1
7.916587E+3	3.382700E+2	3.427440E+1	-9.950703E-1	3.810100E-6	1.996252E-3	3.810100E-5	5.142379E-1	1.725020E+1
7.928340E+3	3.380900E+2	3.429264E+1	-9.953669E-1	3.771180E-6	2.008417E-3	3.771180E-5	5.142775E-1	1.726126E+1
7.940111E+3	3.378800E+2	3.431396E+1	-9.949509E-1	3.732880E-6	2.003575E-3	3.732880E-5	5.143363E-1	1.727303E+1
7.953353E+3	3.376700E+2	3.433530E+1	-9.926278E-1	3.690240E-6	1.962407E-3	3.690240E-5	5.144208E-1	1.728807E+1
7.965091E+3	3.374700E+2	3.435565E+1	-9.929111E-1	3.653100E-6	1.935054E-3	3.653100E-5	5.144673E-1	1.729935E+1
7.976899E+3	3.372900E+2	3.437398E+1	-9.934153E-1	3.615560E-6	1.959308E-3	3.615560E-5	5.145051E-1	1.731035E+1
7.988688E+3	3.370900E+2	3.439438E+1	-9.928480E-1	3.578100E-6	2.037220E-3	3.578100E-5	5.145468E-1	1.732146E+1
8.000534E+3	3.368700E+2	3.441684E+1	-9.937843E-1	3.540800E-6	2.009667E-3	3.540800E-5	5.145812E-1	1.733235E+1
8.013578E+3	3.366500E+2	3.443933E+1	-9.932976E-1	3.499900E-6	2.060968E-3	3.499900E-5	5.146137E-1	1.734563E+1
8.025564E+3	3.364600E+2	3.445878E+1	-9.939308E-1	3.462940E-6	2.023218E-3	3.462940E-5	5.146666E-1	1.735719E+1
8.037522E+3	3.362700E+2	3.447825E+1	-9.933955E-1	3.426940E-6	2.021119E-3	3.426940E-5	5.147091E-1	1.736841E+1
8.049497E+3	3.360800E+2	3.449774E+1	-9.940284E-1	3.391240E-6	1.991088E-3	3.391240E-5	5.147575E-1	1.737983E+1
8.061266E+3	3.358800E+2	3.451828E+1	-9.949029E-1	3.356080E-6	2.058926E-3	3.356080E-5	5.148367E-1	1.739234E+1
8.074871E+3	3.356600E+2	3.454090E+1	-9.925756E-1	3.316320E-6	2.040843E-3	3.316320E-5	5.149368E-1	1.740794E+1
8.085263E+3	3.354800E+2	3.455944E+1	-9.943386E-1	3.286180E-6	2.030581E-3	3.286180E-5	5.149586E-1	1.741602E+1
8.098618E+3	3.352600E+2	3.458212E+1	-9.927324E-1	3.247040E-6	2.108613E-3	3.247040E-5	5.150509E-1	1.743142E+1
8.110718E+3	3.350600E+2	3.460276E+1	-9.927649E-1	3.212020E-6	2.033611E-3	3.212020E-5	5.151286E-1	1.744394E+1
8.120953E+3	3.348800E+2	3.462136E+1	-9.944905E-1	3.182740E-6	2.052944E-3	3.182740E-5	5.151720E-1	1.745285E+1
8.134207E+3	3.346600E+2	3.464412E+1	-9.947532E-1	3.144920E-6	2.051407E-3	3.144920E-5	5.152418E-1	1.746760E+1
8.146096E+3	3.344600E+2	3.466483E+1	-9.957206E-1	3.111500E-6	2.078615E-3	3.111500E-5	5.152932E-1	1.747921E+1
8.157931E+3	3.342600E+2	3.468557E+1	-9.964272E-1	3.079280E-6	2.029033E-3	3.079280E-5	5.153405E-1	1.749071E+1
8.168455E+3	3.340900E+2	3.470322E+1	-9.978362E-1	3.051060E-6	1.984826E-3	3.051060E-5	5.153755E-1	1.749943E+1
8.181848E+3	3.338600E+2	3.472713E+1	-9.967493E-1	3.015180E-6	2.092505E-3	3.015180E-5	5.154610E-1	1.751486E+1
8.195586E+3	3.336500E+2	3.474899E+1	-9.963035E-1	2.979200E-6	2.049042E-3	2.979200E-5	5.155494E-1	1.753033E+1
8.206067E+3	3.334800E+2	3.476670E+1	-9.976884E-1	2.951780E-6	2.035549E-3	2.951780E-5	5.155898E-1	1.753920E+1
8.217954E+3	3.332800E+2	3.478757E+1	-9.970882E-1	2.920320E-6	2.057620E-3	2.920320E-5	5.156450E-1	1.755110E+1
8.229734E+3	3.330800E+2	3.480845E+1	-9.964861E-1	2.889460E-6	2.046679E-3	2.889460E-5	5.157067E-1	1.756324E+1
8.241630E+3	3.328800E+2	3.482937E+1	-9.967952E-1	2.858620E-6	2.124183E-3	2.858620E-5	5.157568E-1	1.757501E+1
8.253708E+3	3.326800E+2	3.485031E+1	-9.920502E-1	2.827680E-6	2.096890E-3	2.827680E-5	5.158329E-1	1.758767E+1
8.267209E+3	3.324600E+2	3.487337E+1	-9.921301E-1	2.793540E-6	2.088925E-3	2.793540E-5	5.159383E-1	1.760381E+1
8.277631E+3	3.322900E+2	3.489121E+1	-9.901300E-1	2.767540E-6	2.039621E-3	2.767540E-5	5.159686E-1	1.761241E+1
8.289378E+3	3.320900E+2	3.491222E+1	-9.889784E-1	2.738760E-6	2.021211E-3	2.738760E-5	5.160487E-1	1.762535E+1
8.302801E+3	3.318700E+2	3.493537E+1	-9.902234E-1	2.705700E-6	2.051308E-3	2.705700E-5	5.161257E-1	1.764062E+1
8.314791E+3	3.316800E+2	3.495538E+1	-9.897019E-1	2.676740E-6	2.067536E-3	2.676740E-5	5.161935E-1	1.765308E+1
8.326868E+3	3.314800E+2	3.497647E+1	-9.896047E-1	2.647260E-6	2.114653E-3	2.647260E-5	5.162572E-1	1.766544E+1
8.338719E+3	3.312700E+2	3.499864E+1	-9.903898E-1	2.618660E-6	2.137578E-3	2.618660E-5	5.163241E-1	1.767794E+1
8.350980E+3	3.310600E+2	3.502084E+1	-9.924386E-1	2.589380E-6	2.088371E-3	2.589380E-5	5.163819E-1	1.769028E+1
8.362796E+3	3.308600E+2	3.504201E+1	-9.946113E-1	2.561600E-6	2.098638E-3	2.561600E-5	5.164500E-1	1.770301E+1
8.374866E+3	3.306600E+2	3.506321E+1	-9.923901E-1	2.533480E-6	2.103385E-3	2.533480E-5	5.164938E-1	1.771492E+1
8.387012E+3	3.304600E+2	3.508443E+1	-9.963532E-1	2.506020E-6	2.044350E-3	2.506020E-5	5.165325E-1	1.772668E+1
8.398806E+3	3.302700E+2	3.510461E+1	-9.967275E-1	2.479420E-6	2.053450E-3	2.479420E-5	5.165730E-1	1.773852E+1
8.410888E+3	3.300700E+2	3.512588E+1	-9.963752E-1	2.452320E-6	2.076142E-3	2.452320E-5	5.166335E-1	1.775107E+1
8.422957E+3	3.298800E+2	3.514611E+1	-9.968495E-1	2.425520E-6	2.093203E-3	2.425520E-5	5.166906E-1	1.776353E+1
8.435010E+3	3.296800E+2	3.516744E+1	-9.970398E-1	2.398940E-6	2.116026E-3	2.398940E-5	5.167207E-1	1.777511E+1
8.447131E+3	3.294800E+2	3.518878E+1	-9.927335E-1	2.372500E-6	2.059949E-3	2.372500E-5	5.168180E-1	1.778909E+1
8.458729E+3	3.292800E+2	3.521016E+1	-9.956176E-1	2.346780E-6	2.210346E-3	2.346780E-5	5.168745E-1	1.780165E+1
8.470844E+3	3.290800E+2	3.523155E+1	-9.956600E-1	2.320640E-6	2.133054E-3	2.320640E-5	5.168992E-1	1.781306E+1
8.482858E+3	3.288800E+2	3.525298E+1	-9.933998E-1	2.294820E-6	2.149735E-3	2.294820E-5	5.169482E-1	1.782537E+1
8.496357E+3	3.286600E+2	3.527658E+1	-9.932074E-1	2.266540E-6	2.058240E-3	2.266540E-5	5.170423E-1	1.784181E+1
8.508159E+3	3.284600E+2	3.529806E+1	-9.916960E-1	2.242100E-6	2.129904E-3	2.242100E-5	5.170925E-1	1.785406E+1
8.520041E+3	3.282700E+2	3.531849E+1	-9.905278E-1	2.217580E-6	2.139339E-3	2.217580E-5	5.171382E-1	1.786616E+1
8.532195E+3	3.280600E+2	3.534110E+1	-9.896236E-1	2.192540E-6	2.229399E-3	2.192540E-5	5.172073E-1	1.787907E+1
8.544306E+3	3.278500E+2	3.536373E+1	-9.899528E-1	2.167980E-6	2.166297E-3	2.167980E-5	5.172860E-1	1.789248E+1
8.556231E+3	3.276700E+2	3.538316E+1	-9.916860E-1	2.144000E-6	2.182965E-3	2.144000E-5	5.173306E-1	1.790475E+1
8.568031E+3	3.274700E+2	3.540477E+1	-9.930437E-1	2.120620E-6	2.147904E-3	2.120620E-5	5.173759E-1	1.791692E+1
8.579980E+3	3.272700E+2	3.542641E+1	-9.936137E-1	2.096980E-6	2.186726E-3	2.096980E-5	5.174253E-1	1.792921E+1
8.592009E+3	3.270700E+2	3.544807E+1	-9.943215E-1	2.073780E-6	2.143102E-3	2.073780E-5	5.174683E-1	1.794131E+1
8.603924E+3	3.268700E+2	3.546976E+1	-9.938868E-1	2.051140E-6	2.135876E-3	2.051140E-5	5.175413E-1	1.795445E+1
8.616128E+3	3.266700E+2	3.549147E+1	-9.949212E-1	2.028060E-6	2.136417E-3	2.028060E-5	5.175957E-1	1.796696E+1
8.628179E+3	3.264700E+2	3.551322E+1	-9.951646E-1	2.005388E-6	2.185614E-3	2.005388E-5	5.176255E-1	1.797862E+1
8.640278E+3	3.262600E+2	3.553608E+1	-9.947933E-1	1.983344E-6	2.187586E-3	1.983344E-5	5.176684E-1	1.799066E+1
8.652332E+3	3.260700E+2	3.555678E+1	-9.943773E-1	1.961116E-6	2.189106E-3	1.961116E-5	5.177001E-1	1.800239E+1
8.664603E+3	3.258600E+2	3.557970E+1	-9.962720E-1	1.938850E-6	2.170125E-3	1.938850E-5	5.177065E-1	1.801327E+1
8.678012E+3	3.256500E+2	3.560264E+1	-9.939770E-1	1.914630E-6	2.146356E-3	1.914630E-5	5.177462E-1	1.802787E+1
8.688591E+3	3.254600E+2	3.562343E+1	-9.919892E-1	1.895532E-6	2.199782E-3	1.895532E-5	5.177480E-1	1.803584E+1
8.700739E+3	3.252600E+2	3.564533E+1	-9.919886E-1	1.873968E-6	2.217448E-3	1.873968E-5	5.177640E-1	1.804704E+1
8.713029E+3	3.250700E+2	3.566616E+1	-9.913441E-1	1.852522E-6	2.162177E-3	1.852522E-5	5.177504E-1	1.805721E+1
8.725053E+3	3.248600E+2	3.568922E+1	-9.906467E-1	1.831950E-6	2.132798E-3	1.831950E-5	5.177789E-1	1.806894E+1
8.738613E+3	3.246500E+2	3.571231E+1	-9.916952E-1	1.808848E-6	2.161930E-3	1.808848E-5	5.178205E-1	1.808368E+1
8.749102E+3	3.244500E+2	3.573432E+1	-9.894151E-1	1.791102E-6	2.182983E-3	1.791102E-5	5.178314E-1	1.809209E+1
8.761009E+3	3.242800E+2	3.575305E+1	-9.899690E-1	1.771078E-6	2.182096E-3	1.771078E-5	5.178150E-1	1.810230E+1
8.772963E+3	3.240700E+2	3.577622E+1	-9.893388E-1	1.751114E-6	2.191672E-3	1.751114E-5	5.178224E-1	1.811319E+1
8.784877E+3	3.238700E+2	3.579831E+1	-9.897319E-1	1.731252E-6	2.219711E-3	1.731252E-5	5.177993E-1	1.812314E+1
8.796860E+3	3.236800E+2	3.581933E+1	-9.906938E-1	1.711748E-6	2.259757E-3	1.711748E-5	5.177802E-1	1.813322E+1
8.809067E+3	3.234800E+2	3.584147E+1	-9.909010E-1	1.692126E-6	2.188588E-3	1.692126E-5	5.177839E-1	1.814409E+1
8.821111E+3	3.232800E+2	3.586365E+1	-9.899576E-1	1.672796E-6	2.196042E-3	1.672796E-5	5.177980E-1	1.815532E+1
8.833037E+3	3.230800E+2	3.588585E+1	-9.889955E-1	1.653812E-6	2.252713E-3	1.653812E-5	5.178020E-1	1.816619E+1
8.845236E+3	3.228800E+2	3.590808E+1	-9.895121E-1	1.634596E-6	2.301648E-3	1.634596E-5	5.178449E-1	1.817853E+1
8.859278E+3	3.226600E+2	3.593256E+1	-9.865056E-1	1.613136E-6	2.156561E-3	1.613136E-5	5.178548E-1	1.819238E+1
8.869566E+3	3.224800E+2	3.595262E+1	-9.864149E-1	1.597304E-6	2.185024E-3	1.597304E-5	5.178980E-1	1.820203E+1
8.881417E+3	3.222800E+2	3.597493E+1	-9.865999E-1	1.578884E-6	2.296529E-3	1.578884E-5	5.179237E-1	1.821383E+1
8.893494E+3	3.220800E+2	3.599727E+1	-9.870429E-1	1.560670E-6	2.263727E-3	1.560670E-5	5.179637E-1	1.822612E+1
8.906769E+3	3.218700E+2	3.602075E+1	-9.880768E-1	1.540646E-6	2.205934E-3	1.540646E-5	5.180218E-1	1.824170E+1
8.920336E+3	3.216400E+2	3.604651E+1	-9.850111E-1	1.520342E-6	2.298495E-3	1.520342E-5	5.180726E-1	1.825697E+1
8.931005E+3	3.214600E+2	3.606670E+1	-9.869822E-1	1.504664E-6	2.242992E-3	1.504664E-5	5.181243E-1	1.826698E+1
8.943149E+3	3.212600E+2	3.608915E+1	-9.881755E-1	1.487152E-6	2.254004E-3	1.487152E-5	5.181608E-1	1.827921E+1
8.955419E+3	3.210600E+2	3.611163E+1	-9.878304E-1	1.469756E-6	2.258451E-3	1.469756E-5	5.182181E-1	1.829218E+1
8.967416E+3	3.208700E+2	3.613301E+1	-9.892706E-1	1.452806E-6	2.313035E-3	1.452806E-5	5.182740E-1	1.830513E+1
8.979494E+3	3.206600E+2	3.615668E+1	-9.898342E-1	1.435870E-6	2.271298E-3	1.435870E-5	5.183486E-1	1.831879E+1
8.992176E+3	3.204400E+2	3.618150E+1	-9.898693E-1	1.418166E-6	2.303241E-3	1.418166E-5	5.184262E-1	1.833253E+1
9.002799E+3	3.202800E+2	3.619958E+1	-9.890326E-1	1.403728E-6	2.223568E-3	1.403728E-5	5.184521E-1	1.834183E+1
9.014720E+3	3.200800E+2	3.622219E+1	-9.896172E-1	1.387662E-6	2.185558E-3	1.387662E-5	5.185287E-1	1.835575E+1
9.027770E+3	3.198600E+2	3.624711E+1	-9.922269E-1	1.369976E-6	2.243639E-3	1.369976E-5	5.186112E-1	1.837252E+1
9.039662E+3	3.196600E+2	3.626979E+1	-9.893819E-1	1.354304E-6	2.196267E-3	1.354304E-5	5.186639E-1	1.838547E+1
9.051711E+3	3.194800E+2	3.629022E+1	-9.923106E-1	1.338616E-6	2.190055E-3	1.338616E-5	5.187074E-1	1.839812E+1
9.063473E+3	3.192800E+2	3.631295E+1	-9.921798E-1	1.323452E-6	2.230596E-3	1.323452E-5	5.187683E-1	1.841136E+1
9.075438E+3	3.190700E+2	3.633685E+1	-9.921391E-1	1.308184E-6	2.266308E-3	1.308184E-5	5.188090E-1	1.842384E+1
9.087333E+3	3.188800E+2	3.635850E+1	-9.891653E-1	1.293128E-6	2.247654E-3	1.293128E-5	5.188097E-1	1.843502E+1
9.100914E+3	3.186600E+2	3.638361E+1	-9.857535E-1	1.276034E-6	2.247931E-3	1.276034E-5	5.188951E-1	1.845202E+1
9.112767E+3	3.184600E+2	3.640646E+1	-9.890504E-1	1.261272E-6	2.235405E-3	1.261272E-5	5.189320E-1	1.846441E+1
9.124631E+3	3.182700E+2	3.642819E+1	-9.893037E-1	1.246678E-6	2.229742E-3	1.246678E-5	5.189786E-1	1.847715E+1
9.136349E+3	3.180800E+2	3.644995E+1	-9.883323E-1	1.232364E-6	2.252019E-3	1.232364E-5	5.190227E-1	1.848978E+1
9.148192E+3	3.178800E+2	3.647288E+1	-9.883368E-1	1.217970E-6	2.334291E-3	1.217970E-5	5.190672E-1	1.850248E+1
9.161662E+3	3.176700E+2	3.649699E+1	-9.858086E-1	1.202056E-6	2.264170E-3	1.202056E-5	5.191498E-1	1.851932E+1
9.172129E+3	3.174900E+2	3.651769E+1	-9.865913E-1	1.189844E-6	2.267115E-3	1.189844E-5	5.191689E-1	1.852833E+1
9.185656E+3	3.172700E+2	3.654301E+1	-9.841985E-1	1.174166E-6	2.238119E-3	1.174166E-5	5.192211E-1	1.854402E+1
9.197501E+3	3.170700E+2	3.656606E+1	-9.842539E-1	1.160478E-6	2.286413E-3	1.160478E-5	5.192932E-1	1.855776E+1
9.209488E+3	3.168700E+2	3.658914E+1	-9.843200E-1	1.146768E-6	2.299878E-3	1.146768E-5	5.193444E-1	1.857081E+1
9.221486E+3	3.166700E+2	3.661225E+1	-9.840380E-1	1.133042E-6	2.325002E-3	1.133042E-5	5.194179E-1	1.858465E+1
9.233448E+3	3.164600E+2	3.663654E+1	-9.845191E-1	1.119546E-6	2.329133E-3	1.119546E-5	5.194801E-1	1.859814E+1
9.245409E+3	3.162900E+2	3.665623E+1	-9.855417E-1	1.106392E-6	2.248647E-3	1.106392E-5	5.194955E-1	1.860997E+1
9.257157E+3	3.160900E+2	3.667943E+1	-9.864176E-1	1.093614E-6	2.263093E-3	1.093614E-5	5.195430E-1	1.862291E+1
9.270732E+3	3.158600E+2	3.670614E+1	-9.859563E-1	1.079050E-6	2.236280E-3	1.079050E-5	5.195726E-1	1.863795E+1
9.282715E+3	3.156700E+2	3.672823E+1	-9.859529E-1	1.066298E-6	2.270371E-3	1.066298E-5	5.196001E-1	1.865014E+1
9.294660E+3	3.154800E+2	3.675035E+1	-9.862879E-1	1.053728E-6	2.346971E-3	1.053728E-5	5.196362E-1	1.866267E+1
9.306732E+3	3.152700E+2	3.677483E+1	-9.855579E-1	1.041238E-6	2.299975E-3	1.041238E-5	5.196824E-1	1.867560E+1
9.318568E+3	3.150800E+2	3.679700E+1	-9.864121E-1	1.028958E-6	2.325394E-3	1.028958E-5	5.197044E-1	1.868772E+1
9.330485E+3	3.148800E+2	3.682038E+1	-9.859430E-1	1.016770E-6	2.341045E-3	1.016770E-5	5.197444E-1	1.870042E+1
9.344201E+3	3.146600E+2	3.684612E+1	-9.841650E-1	1.002934E-6	2.308304E-3	1.002934E-5	5.198006E-1	1.871656E+1
9.356187E+3	3.144600E+2	3.686955E+1	-9.835922E-1	9.909680E-7	2.301073E-3	9.909680E-6	5.198440E-1	1.872941E+1
9.366857E+3	3.142800E+2	3.689067E+1	-9.844765E-1	9.803940E-7	2.330585E-3	9.803940E-6	5.198647E-1	1.873868E+1
9.378944E+3	3.140900E+2	3.691299E+1	-9.837598E-1	9.686320E-7	2.334288E-3	9.686320E-6	5.198953E-1	1.875117E+1
9.392538E+3	3.138800E+2	3.693768E+1	-9.803984E-1	9.554780E-7	2.358368E-3	9.554780E-6	5.200020E-1	1.876931E+1
9.406120E+3	3.136400E+2	3.696595E+1	-9.767033E-1	9.426900E-7	2.278128E-3	9.426900E-6	5.201179E-1	1.878776E+1
9.416545E+3	3.134700E+2	3.698600E+1	-9.796636E-1	9.327620E-7	2.354580E-3	9.327620E-6	5.201290E-1	1.879681E+1
9.428494E+3	3.132800E+2	3.700843E+1	-9.811230E-1	9.215900E-7	2.342079E-3	9.215900E-6	5.201788E-1	1.881021E+1
9.441943E+3	3.130600E+2	3.703443E+1	-9.794848E-1	9.092320E-7	2.315074E-3	9.092320E-6	5.202737E-1	1.882803E+1
9.453825E+3	3.128700E+2	3.705692E+1	-9.799745E-1	8.983960E-7	2.310853E-3	8.983960E-6	5.203203E-1	1.884124E+1
9.465586E+3	3.126600E+2	3.708181E+1	-9.801257E-1	8.876900E-7	2.385523E-3	8.876900E-6	5.203812E-1	1.885498E+1
9.477970E+3	3.124600E+2	3.710555E+1	-9.813035E-1	8.765580E-7	2.441426E-3	8.765580E-6	5.204108E-1	1.886767E+1
9.490314E+3	3.122700E+2	3.712813E+1	-9.827121E-1	8.658360E-7	2.396056E-3	8.658360E-6	5.204411E-1	1.888042E+1
9.502604E+3	3.120800E+2	3.715073E+1	-9.826732E-1	8.553180E-7	2.362814E-3	8.553180E-6	5.204969E-1	1.889411E+1
9.514787E+3	3.118500E+2	3.717813E+1	-9.822093E-1	8.448460E-7	2.406892E-3	8.448460E-6	5.205337E-1	1.890714E+1
9.526998E+3	3.116600E+2	3.720080E+1	-9.829634E-1	8.345760E-7	2.379586E-3	8.345760E-6	5.205406E-1	1.891914E+1
9.539121E+3	3.114700E+2	3.722349E+1	-9.827334E-1	8.243640E-7	2.367148E-3	8.243640E-6	5.205445E-1	1.893102E+1
9.551192E+3	3.112800E+2	3.724621E+1	-9.825664E-1	8.143020E-7	2.386399E-3	8.143020E-6	5.205501E-1	1.894299E+1
9.563241E+3	3.110800E+2	3.727016E+1	-9.824067E-1	8.044980E-7	2.268545E-3	8.044980E-6	5.205432E-1	1.895451E+1
9.575048E+3	3.108900E+2	3.729293E+1	-9.809378E-1	7.949260E-7	2.333213E-3	7.949260E-6	5.205562E-1	1.896688E+1
9.590217E+3	3.106400E+2	3.732295E+1	-9.753902E-1	7.827320E-7	2.353471E-3	7.827320E-6	5.205987E-1	1.898605E+1
9.600782E+3	3.104600E+2	3.734459E+1	-9.771044E-1	7.744620E-7	2.315487E-3	7.744620E-6	5.205686E-1	1.899369E+1
9.612918E+3	3.102600E+2	3.736866E+1	-9.769729E-1	7.649840E-7	2.325608E-3	7.649840E-6	5.205521E-1	1.900484E+1
9.625026E+3	3.100800E+2	3.739035E+1	-9.756937E-1	7.555940E-7	2.393923E-3	7.555940E-6	5.205300E-1	1.901580E+1
9.637341E+3	3.098800E+2	3.741448E+1	-9.738298E-1	7.462800E-7	2.396467E-3	7.462800E-6	5.205532E-1	1.902852E+1
9.651066E+3	3.096500E+2	3.744227E+1	-9.713053E-1	7.358400E-7	2.404589E-3	7.358400E-6	5.205331E-1	1.904252E+1
9.661710E+3	3.094800E+2	3.746284E+1	-9.732475E-1	7.279500E-7	2.395932E-3	7.279500E-6	5.205131E-1	1.905064E+1
9.675172E+3	3.092800E+2	3.748707E+1	-9.709464E-1	7.180140E-7	2.357042E-3	7.180140E-6	5.205016E-1	1.906500E+1
9.687015E+3	3.090900E+2	3.751011E+1	-9.685200E-1	7.093440E-7	2.452699E-3	7.093440E-6	5.204856E-1	1.907614E+1
9.700495E+3	3.088800E+2	3.753561E+1	-9.655347E-1	6.997100E-7	2.332516E-3	6.997100E-6	5.204828E-1	1.909063E+1
9.712465E+3	3.086700E+2	3.756115E+1	-9.642493E-1	6.911220E-7	2.388483E-3	6.911220E-6	5.204997E-1	1.910293E+1
9.724524E+3	3.084800E+2	3.758428E+1	-9.637521E-1	6.826580E-7	2.427397E-3	6.826580E-6	5.204972E-1	1.911457E+1
9.736782E+3	3.082700E+2	3.760989E+1	-9.635722E-1	6.742560E-7	2.413441E-3	6.742560E-6	5.204872E-1	1.912595E+1
9.748850E+3	3.080900E+2	3.763186E+1	-9.640509E-1	6.660260E-7	2.378889E-3	6.660260E-6	5.204986E-1	1.913821E+1
9.762523E+3	3.078600E+2	3.765998E+1	-9.631746E-1	6.567780E-7	2.371554E-3	6.567780E-6	5.204697E-1	1.915181E+1
9.774557E+3	3.076600E+2	3.768446E+1	-9.619836E-1	6.487760E-7	2.364264E-3	6.487760E-6	5.204835E-1	1.916401E+1
9.786335E+3	3.074700E+2	3.770774E+1	-9.635963E-1	6.410040E-7	2.353343E-3	6.410040E-6	5.204617E-1	1.917496E+1
9.800183E+3	3.072600E+2	3.773352E+1	-9.630013E-1	6.320440E-7	2.321845E-3	6.320440E-6	5.204915E-1	1.919085E+1
9.812304E+3	3.070700E+2	3.775686E+1	-9.624816E-1	6.243900E-7	2.266565E-3	6.243900E-6	5.204923E-1	1.920276E+1
9.824231E+3	3.068800E+2	3.778024E+1	-9.623490E-1	6.167780E-7	2.369371E-3	6.167780E-6	5.204887E-1	1.921440E+1
9.837859E+3	3.066800E+2	3.780488E+1	-9.631857E-1	6.084540E-7	2.297877E-3	6.084540E-6	5.205192E-1	1.923019E+1
9.849698E+3	3.064900E+2	3.782831E+1	-9.579510E-1	6.010960E-7	2.415115E-3	6.010960E-6	5.205428E-1	1.924273E+1
9.861833E+3	3.062900E+2	3.785302E+1	-9.560507E-1	5.938220E-7	2.385810E-3	5.938220E-6	5.205706E-1	1.925548E+1
9.875346E+3	3.060800E+2	3.787899E+1	-9.522599E-1	5.857520E-7	2.337702E-3	5.857520E-6	5.205917E-1	1.927092E+1
9.888852E+3	3.058700E+2	3.790499E+1	-9.504318E-1	5.779160E-7	2.254534E-3	5.779160E-6	5.205782E-1	1.928474E+1
9.902142E+3	3.056600E+2	3.793103E+1	-9.459359E-1	5.701240E-7	2.312979E-3	5.701240E-6	5.206108E-1	1.930021E+1
9.914173E+3	3.054700E+2	3.795463E+1	-9.453225E-1	5.632700E-7	2.321670E-3	5.632700E-6	5.206154E-1	1.931188E+1
9.926129E+3	3.052900E+2	3.797701E+1	-9.448739E-1	5.565360E-7	2.344039E-3	5.565360E-6	5.205977E-1	1.932274E+1
9.939797E+3	3.050900E+2	3.800190E+1	-9.406870E-1	5.490420E-7	2.321294E-3	5.490420E-6	5.206309E-1	1.933833E+1
9.953335E+3	3.048700E+2	3.802932E+1	-9.363843E-1	5.417040E-7	2.297862E-3	5.417040E-6	5.206678E-1	1.935400E+1
9.965560E+3	3.046900E+2	3.805179E+1	-9.358398E-1	5.351260E-7	2.325958E-3	5.351260E-6	5.206319E-1	1.936403E+1
9.979229E+3	3.044800E+2	3.807803E+1	-9.317908E-1	5.279180E-7	2.312416E-3	5.279180E-6	5.206561E-1	1.937922E+1
9.992936E+3	3.042800E+2	3.810306E+1	-9.268024E-1	5.208240E-7	2.307583E-3	5.208240E-6	5.206659E-1	1.939377E+1
1.000500E+4	3.041000E+2	3.812562E+1	-9.240699E-1	5.147820E-7	2.212458E-3	5.147820E-6	5.206919E-1	1.940613E+1
1.002010E+4	3.038800E+2	3.815322E+1	-9.176137E-1	5.072220E-7	2.244482E-3	5.072220E-6	5.207707E-1	1.942609E+1
1.003362E+4	3.036800E+2	3.817835E+1	-9.116000E-1	5.007000E-7	2.179241E-3	5.007000E-6	5.208236E-1	1.944213E+1
1.004699E+4	3.034800E+2	3.820351E+1	-9.054669E-1	4.943300E-7	2.226291E-3	4.943300E-6	5.208585E-1	1.945747E+1
1.006068E+4	3.032900E+2	3.822744E+1	-8.980496E-1	4.880040E-7	2.184047E-3	4.880040E-6	5.209314E-1	1.947422E+1
1.007435E+4	3.031000E+2	3.825140E+1	-8.902297E-1	4.818240E-7	2.176282E-3	4.818240E-6	5.209981E-1	1.949066E+1
1.008952E+4	3.028900E+2	3.827792E+1	-8.807244E-1	4.751600E-7	2.133192E-3	4.751600E-6	5.211129E-1	1.951165E+1
1.010460E+4	3.026800E+2	3.830448E+1	-8.721551E-1	4.688000E-7	2.000121E-3	4.688000E-6	5.211720E-1	1.953023E+1
1.011809E+4	3.025000E+2	3.832727E+1	-8.634209E-1	4.632500E-7	2.027591E-3	4.632500E-6	5.212394E-1	1.954638E+1
1.013334E+4	3.023100E+2	3.835136E+1	-8.505291E-1	4.572780E-7	1.988258E-3	4.572780E-6	5.213384E-1	1.956636E+1
1.015014E+4	3.021000E+2	3.837802E+1	-8.320669E-1	4.509220E-7	1.925451E-3	4.509220E-6	5.214156E-1	1.958800E+1
1.016681E+4	3.019000E+2	3.840344E+1	-8.145659E-1	4.449320E-7	1.915844E-3	4.449320E-6	5.215111E-1	1.961001E+1
1.018385E+4	3.017100E+2	3.842763E+1	-7.908357E-1	4.391420E-7	1.771470E-3	4.391420E-6	5.216301E-1	1.963263E+1
1.020062E+4	3.015300E+2	3.845057E+1	-7.686498E-1	4.337020E-7	1.685030E-3	4.337020E-6	5.217655E-1	1.965570E+1
1.024427E+4	3.010800E+2	3.850804E+1	-7.619919E-1	4.207220E-7	1.525959E-3	4.207220E-6	5.215913E-1	1.966204E+1
1.025168E+4	3.010100E+2	3.851699E+1	-7.554023E-1	4.186900E-7	1.503081E-3	4.186900E-6	5.216154E-1	1.966570E+1
1.025903E+4	3.009300E+2	3.852723E+1	-7.476626E-1	4.166920E-7	1.487561E-3	4.166920E-6	5.216293E-1	1.966901E+1
1.028159E+4	3.007300E+2	3.855285E+1	-6.719976E-1	4.108000E-7	1.454976E-3	4.108000E-6	5.220214E-1	1.971396E+1
1.030277E+4	3.005300E+2	3.857851E+1	-6.336342E-1	4.055900E-7	1.368432E-3	4.055900E-6	5.222545E-1	1.974869E+1
1.032674E+4	3.003300E+2	3.860420E+1	-5.986564E-1	4.000460E-7	1.296553E-3	4.000460E-6	5.225451E-1	1.978970E+1
1.035082E+4	3.001400E+2	3.862864E+1	-5.581971E-1	3.948140E-7	1.233651E-3	3.948140E-6	5.228446E-1	1.982951E+1
1.037648E+4	2.999400E+2	3.865440E+1	-5.057535E-1	3.895660E-7	1.181164E-3	3.895660E-6	5.231124E-1	1.986896E+1
1.040373E+4	2.997400E+2	3.868019E+1	-4.829903E-1	3.843340E-7	1.086213E-3	3.843340E-6	5.234007E-1	1.991009E+1
1.043217E+4	2.995500E+2	3.870472E+1	-4.547008E-1	3.792420E-7	1.051335E-3	3.792420E-6	5.236441E-1	1.995042E+1
1.046243E+4	2.993500E+2	3.873058E+1	-4.256481E-1	3.741920E-7	1.022774E-3	3.741920E-6	5.239510E-1	1.999364E+1
1.049423E+4	2.991600E+2	3.875518E+1	-3.955950E-1	3.692580E-7	9.293674E-4	3.692580E-6	5.245358E-1	2.004854E+1
1.052929E+4	2.989600E+2	3.878111E+1	-3.685838E-1	3.642180E-7	8.380630E-4	3.642180E-6	5.250995E-1	2.010474E+1
1.056990E+4	2.987400E+2	3.880967E+1	-3.367848E-1	3.588240E-7	8.329466E-4	3.588240E-6	5.257809E-1	2.017072E+1
1.060669E+4	2.985600E+2	3.883307E+1	-3.187891E-1	3.543160E-7	7.856046E-4	3.543160E-6	5.263788E-1	2.022693E+1
1.064650E+4	2.983700E+2	3.885779E+1	-3.051939E-1	3.498080E-7	7.281020E-4	3.498080E-6	5.266180E-1	2.027119E+1
1.069398E+4	2.981700E+2	3.888386E+1	-2.762161E-1	3.449160E-7	6.742252E-4	3.449160E-6	5.272488E-1	2.033582E+1
1.074433E+4	2.979700E+2	3.890996E+1	-2.391894E-1	3.402040E-7	6.367748E-4	3.402040E-6	5.283238E-1	2.041736E+1
1.080103E+4	2.977600E+2	3.893740E+1	-2.325874E-1	3.354040E-7	5.848565E-4	3.354040E-6	5.293180E-1	2.050134E+1
1.085300E+4	2.975900E+2	3.895964E+1	-2.180383E-1	3.314120E-7	5.109114E-4	3.314120E-6	5.274138E-1	2.045447E+1
1.092203E+4	2.973800E+2	3.898715E+1	-1.801421E-1	3.266340E-7	4.502636E-4	3.266340E-6	5.265858E-1	2.045011E+1
1.099414E+4	2.971800E+2	3.901339E+1	-1.657182E-1	3.222200E-7	4.123062E-4	3.222200E-6	5.255959E-1	2.043566E+1
1.107084E+4	2.969900E+2	3.903835E+1	-1.582554E-1	3.180400E-7	3.585006E-4	3.180400E-6	5.235564E-1	2.037863E+1
1.116326E+4	2.967900E+2	3.906466E+1	-1.315343E-1	3.136420E-7	3.331786E-4	3.136420E-6	5.212575E-1	2.031213E+1
1.125896E+4	2.965900E+2	3.909100E+1	-1.159997E-1	3.096500E-7	2.968638E-4	3.096500E-6	5.195806E-1	2.026691E+1
1.130980E+4	2.949600E+2	3.930702E+1	-2.047622E-1	3.077260E-7	3.443703E-4	3.077260E-6	4.769926E-1	1.862623E+1
