6/24/2024									
7:07 PM									
slow cooling down 470_2024.06.24_COND_FILE END.txt									
									
Data taken by: Akshat Sharma									
ammeter is Keithley 6517A at GPIB0::27::INSTR									
voltage source is Keithley 6517A at GPIB0::27::INSTR									
temperature controller is Lake Shore 330 at GPIB0::12::INSTR with the settings: control sensor=A;sample sensor=;loop=1									
Readings: 1									
Voltage (V): 100									
Geo Factor: 1000									
Ea Window (pts): 5									
Shut off V when done?: TRUE									
Mconnect?: TRUE									
Use Abs(Cond)?: TRUE									
Rate (K/min): 1									
Heater: High									
DESCRIPTION									
********************
Time (s)	Temperature (K)	1/kT (1/eV)	Rate (K/min)	Current (A)	Current Std Dev/Mean	Conductivity (Ohm-cm)^-1	Ea (eV)	Reduced Ea
1.465000E+0	4.699900E+2	2.466861E+1	-6.598021E-1	2.989800E-4	NaN	2.989800E-3	NaN	NaN
3.147400E+1	4.696600E+2	2.468594E+1	-1.637239E+0	2.970400E-4	NaN	2.970400E-3	NaN	NaN
3.770400E+1	4.694900E+2	2.469488E+1	-1.366743E+0	2.958200E-4	NaN	2.958200E-3	4.671858E-1	1.153488E+1
4.648400E+1	4.692900E+2	2.470541E+1	-1.047486E+0	2.940900E-4	NaN	2.940900E-3	5.242485E-1	1.295127E+1
5.507600E+1	4.691400E+2	2.471331E+1	-5.675312E-1	2.928300E-4	NaN	2.928300E-3	5.197533E-1	1.284539E+1
7.516300E+1	4.689500E+2	2.472332E+1	-9.598383E-1	2.913500E-4	NaN	2.913500E-3	4.831815E-1	1.194740E+1
8.704000E+1	4.687600E+2	2.473334E+1	-1.367701E+0	2.899700E-4	NaN	2.899700E-3	4.639096E-1	1.147505E+1
9.844600E+1	4.685000E+2	2.474707E+1	-1.285956E+0	2.882200E-4	NaN	2.882200E-3	4.656037E-1	1.152110E+1
1.073110E+2	4.683100E+2	2.475711E+1	-8.531281E-1	2.869000E-4	NaN	2.869000E-3	4.693148E-1	1.161777E+1
1.192670E+2	4.681400E+2	2.476610E+1	-8.033742E-1	2.855300E-4	NaN	2.855300E-3	4.722980E-1	1.169770E+1
1.342040E+2	4.679400E+2	2.477668E+1	-1.068974E+0	2.841800E-4	NaN	2.841800E-3	4.606054E-1	1.141322E+1
1.459910E+2	4.677300E+2	2.478780E+1	-1.171875E+0	2.827600E-4	NaN	2.827600E-3	4.579488E-1	1.135153E+1
1.577670E+2	4.675000E+2	2.480000E+1	-9.281540E-1	2.812400E-4	NaN	2.812400E-3	4.725361E-1	1.171764E+1
1.694030E+2	4.673200E+2	2.480955E+1	-9.029745E-1	2.798600E-4	NaN	2.798600E-3	4.775254E-1	1.184706E+1
1.806990E+2	4.671500E+2	2.481858E+1	-9.450113E-1	2.786000E-4	NaN	2.786000E-3	4.687305E-1	1.163429E+1
1.953020E+2	4.669200E+2	2.483081E+1	-1.004848E+0	2.770800E-4	NaN	2.770800E-3	4.448691E-1	1.104660E+1
2.066470E+2	4.667300E+2	2.484091E+1	-1.142560E+0	2.758900E-4	NaN	2.758900E-3	4.502682E-1	1.118468E+1
2.182000E+2	4.665100E+2	2.485263E+1	-8.466838E-1	2.745200E-4	NaN	2.745200E-3	4.588299E-1	1.140264E+1
2.302470E+2	4.663400E+2	2.486169E+1	-1.078029E+0	2.731600E-4	NaN	2.731600E-3	4.591240E-1	1.141519E+1
2.419350E+2	4.661300E+2	2.487289E+1	-1.134801E+0	2.718300E-4	NaN	2.718300E-3	4.615188E-1	1.147985E+1
2.535670E+2	4.659100E+2	2.488463E+1	-9.912440E-1	2.704700E-4	NaN	2.704700E-3	4.612900E-1	1.147830E+1
2.656730E+2	4.657100E+2	2.489532E+1	-9.034633E-1	2.690600E-4	NaN	2.690600E-3	4.772315E-1	1.188010E+1
2.776270E+2	4.655300E+2	2.490495E+1	-9.647935E-1	2.677400E-4	NaN	2.677400E-3	4.762781E-1	1.186192E+1
2.894430E+2	4.653400E+2	2.491512E+1	-1.005615E+0	2.664600E-4	NaN	2.664600E-3	4.594029E-1	1.144705E+1
3.013760E+2	4.651400E+2	2.492583E+1	-1.002018E+0	2.652500E-4	NaN	2.652500E-3	4.435074E-1	1.105501E+1
3.157470E+2	4.649000E+2	2.493870E+1	-1.102308E+0	2.637100E-4	NaN	2.637100E-3	4.451348E-1	1.109988E+1
3.244560E+2	4.647400E+2	2.494728E+1	-9.541346E-1	2.627500E-4	NaN	2.627500E-3	4.535021E-1	1.131390E+1
3.364040E+2	4.645500E+2	2.495749E+1	-9.686930E-1	2.614700E-4	NaN	2.614700E-3	4.623204E-1	1.153935E+1
3.506500E+2	4.643200E+2	2.496985E+1	-1.019022E+0	2.600100E-4	NaN	2.600100E-3	4.610888E-1	1.151332E+1
3.624260E+2	4.641200E+2	2.498061E+1	-1.135484E+0	2.586600E-4	NaN	2.586600E-3	4.590977E-1	1.146775E+1
3.740510E+2	4.639000E+2	2.499246E+1	-9.567198E-1	2.573500E-4	NaN	2.573500E-3	4.618617E-1	1.154248E+1
3.828310E+2	4.637600E+2	2.500000E+1	-9.478049E-1	2.564000E-4	NaN	2.564000E-3	4.549957E-1	1.137599E+1
3.980240E+2	4.635200E+2	2.501294E+1	-1.004184E+0	2.548600E-4	NaN	2.548600E-3	4.537859E-1	1.135085E+1
4.099740E+2	4.633200E+2	2.502374E+1	-1.057846E+0	2.536800E-4	NaN	2.536800E-3	4.586306E-1	1.147611E+1
4.218850E+2	4.631100E+2	2.503509E+1	-9.429280E-1	2.524000E-4	NaN	2.524000E-3	4.670098E-1	1.169116E+1
4.339750E+2	4.629200E+2	2.504536E+1	-9.470012E-1	2.510600E-4	NaN	2.510600E-3	4.627854E-1	1.159071E+1
4.460130E+2	4.627300E+2	2.505565E+1	-1.095081E+0	2.498600E-4	NaN	2.498600E-3	4.565839E-1	1.144036E+1
4.575190E+2	4.625200E+2	2.506702E+1	-9.913906E-1	2.487200E-4	NaN	2.487200E-3	4.462861E-1	1.118701E+1
4.690180E+2	4.623300E+2	2.507733E+1	-1.069610E+0	2.475100E-4	NaN	2.475100E-3	4.587034E-1	1.150274E+1
4.807980E+2	4.621200E+2	2.508872E+1	-8.809812E-1	2.462200E-4	NaN	2.462200E-3	4.719523E-1	1.184026E+1
4.923760E+2	4.619500E+2	2.509795E+1	-1.031903E+0	2.450700E-4	NaN	2.450700E-3	4.725042E-1	1.185959E+1
5.040050E+2	4.617500E+2	2.510883E+1	-9.443000E-1	2.438800E-4	NaN	2.438800E-3	4.667386E-1	1.172022E+1
5.186190E+2	4.615200E+2	2.512134E+1	-1.085178E+0	2.424200E-4	NaN	2.424200E-3	4.653253E-1	1.168905E+1
5.302300E+2	4.613100E+2	2.513277E+1	-9.214231E-1	2.412000E-4	NaN	2.412000E-3	4.653436E-1	1.169459E+1
5.419510E+2	4.611300E+2	2.514258E+1	-9.892012E-1	2.400200E-4	NaN	2.400200E-3	4.554699E-1	1.145188E+1
5.540820E+2	4.609300E+2	2.515349E+1	-1.021537E+0	2.388700E-4	NaN	2.388700E-3	4.429637E-1	1.114279E+1
5.658290E+2	4.607300E+2	2.516441E+1	-1.162595E+0	2.377400E-4	NaN	2.377400E-3	4.349278E-1	1.094453E+1
5.776990E+2	4.605000E+2	2.517698E+1	-1.002227E+0	2.365000E-4	NaN	2.365000E-3	4.486601E-1	1.129524E+1
5.866790E+2	4.603500E+2	2.518519E+1	-9.422234E-1	2.355800E-4	NaN	2.355800E-3	4.437299E-1	1.117616E+1
6.019620E+2	4.601100E+2	2.519832E+1	-9.551739E-1	2.340900E-4	NaN	2.340900E-3	4.488938E-1	1.131132E+1
6.138970E+2	4.599200E+2	2.520873E+1	-1.004268E+0	2.332000E-4	NaN	2.332000E-3	4.538034E-1	1.143925E+1
6.258460E+2	4.597200E+2	2.521970E+1	-9.676598E-1	2.319600E-4	NaN	2.319600E-3	4.615433E-1	1.164000E+1
6.376270E+2	4.595300E+2	2.523013E+1	-1.054923E+0	2.307600E-4	NaN	2.307600E-3	4.714304E-1	1.189449E+1
6.495710E+2	4.593200E+2	2.524166E+1	-9.810671E-1	2.295300E-4	NaN	2.295300E-3	4.631631E-1	1.169064E+1
6.611910E+2	4.591300E+2	2.525211E+1	-9.159528E-1	2.285000E-4	NaN	2.285000E-3	4.505480E-1	1.137705E+1
6.729820E+2	4.589500E+2	2.526201E+1	-1.022495E+0	2.274200E-4	NaN	2.274200E-3	4.522414E-1	1.142517E+1
6.847180E+2	4.587500E+2	2.527302E+1	-1.131299E+0	2.263500E-4	NaN	2.263500E-3	4.514058E-1	1.140906E+1
6.963860E+2	4.585300E+2	2.528515E+1	-1.041150E+0	2.250600E-4	NaN	2.250600E-3	4.483258E-1	1.133561E+1
7.084880E+2	4.583200E+2	2.529674E+1	-9.303127E-1	2.239400E-4	NaN	2.239400E-3	4.566386E-1	1.155091E+1
7.200970E+2	4.581400E+2	2.530667E+1	-8.558038E-1	2.229200E-4	NaN	2.229200E-3	4.505725E-1	1.140291E+1
7.348200E+2	4.579300E+2	2.531828E+1	-1.070609E+0	2.216900E-4	NaN	2.216900E-3	4.395308E-1	1.112827E+1
7.465890E+2	4.577200E+2	2.532990E+1	-1.239243E+0	2.206100E-4	NaN	2.206100E-3	4.385386E-1	1.110750E+1
7.553040E+2	4.575400E+2	2.533986E+1	-9.471585E-1	2.197600E-4	NaN	2.197600E-3	4.416810E-1	1.119243E+1
7.673400E+2	4.573500E+2	2.535039E+1	-9.476720E-1	2.186100E-4	NaN	2.186100E-3	4.498897E-1	1.140579E+1
7.819020E+2	4.571200E+2	2.536314E+1	-1.066531E+0	2.173500E-4	NaN	2.173500E-3	4.600513E-1	1.166810E+1
7.937160E+2	4.569100E+2	2.537480E+1	-9.607281E-1	2.162600E-4	NaN	2.162600E-3	4.512543E-1	1.144983E+1
8.055820E+2	4.567200E+2	2.538536E+1	-1.004268E+0	2.151600E-4	NaN	2.151600E-3	4.468970E-1	1.134468E+1
8.175310E+2	4.565200E+2	2.539648E+1	-1.005952E+0	2.141200E-4	NaN	2.141200E-3	4.535313E-1	1.151785E+1
8.294600E+2	4.563200E+2	2.540761E+1	-8.913746E-1	2.131000E-4	NaN	2.131000E-3	4.388791E-1	1.115062E+1
8.409030E+2	4.561500E+2	2.541708E+1	-1.076831E+0	2.121000E-4	NaN	2.121000E-3	4.392653E-1	1.116541E+1
8.526040E+2	4.559400E+2	2.542878E+1	-1.011549E+0	2.111400E-4	NaN	2.111400E-3	4.439184E-1	1.128851E+1
8.644670E+2	4.557400E+2	2.543994E+1	-1.020842E+0	2.100600E-4	NaN	2.100600E-3	4.446177E-1	1.131073E+1
8.762220E+2	4.555400E+2	2.545111E+1	-9.633260E-1	2.089700E-4	NaN	2.089700E-3	4.475100E-1	1.138982E+1
8.880560E+2	4.553500E+2	2.546173E+1	-1.140093E+0	2.079700E-4	NaN	2.079700E-3	4.456579E-1	1.134741E+1
8.996340E+2	4.551300E+2	2.547404E+1	-9.260053E-1	2.069300E-4	NaN	2.069300E-3	4.405966E-1	1.122335E+1
9.112970E+2	4.549500E+2	2.548412E+1	-1.036269E+0	2.059200E-4	NaN	2.059200E-3	4.406530E-1	1.122954E+1
9.228770E+2	4.547500E+2	2.549533E+1	-9.285656E-1	2.049400E-4	NaN	2.049400E-3	4.450773E-1	1.134805E+1
9.351540E+2	4.545600E+2	2.550598E+1	-9.802587E-1	2.039800E-4	NaN	2.039800E-3	4.392652E-1	1.120444E+1
9.498440E+2	4.543200E+2	2.551946E+1	-9.428501E-1	2.027600E-4	NaN	2.027600E-3	4.405429E-1	1.124200E+1
9.619350E+2	4.541300E+2	2.553013E+1	-1.043738E+0	2.018100E-4	NaN	2.018100E-3	4.390362E-1	1.120784E+1
9.740070E+2	4.539200E+2	2.554195E+1	-9.704550E-1	2.007800E-4	NaN	2.007800E-3	4.340263E-1	1.108612E+1
9.832810E+2	4.537700E+2	2.555039E+1	-1.115472E+0	2.000370E-4	NaN	2.000370E-3	4.355047E-1	1.112822E+1
9.978040E+2	4.535000E+2	2.556560E+1	-1.021335E+0	1.987410E-4	NaN	1.987410E-3	4.500780E-1	1.150513E+1
1.006616E+3	4.533500E+2	2.557406E+1	-9.042954E-1	1.979740E-4	NaN	1.979740E-3	4.609813E-1	1.178909E+1
1.018559E+3	4.531700E+2	2.558422E+1	-9.555408E-1	1.969590E-4	NaN	1.969590E-3	4.662129E-1	1.192924E+1
1.033629E+3	4.529300E+2	2.559777E+1	-9.849791E-1	1.957470E-4	NaN	1.957470E-3	4.581466E-1	1.172741E+1
1.045812E+3	4.527300E+2	2.560908E+1	-1.044689E+0	1.947730E-4	NaN	1.947730E-3	4.464275E-1	1.143224E+1
1.057873E+3	4.525200E+2	2.562097E+1	-1.015314E+0	1.937400E-4	NaN	1.937400E-3	4.427381E-1	1.134325E+1
1.069692E+3	4.523200E+2	2.563230E+1	-1.012317E+0	1.927730E-4	NaN	1.927730E-3	4.387413E-1	1.124585E+1
1.081546E+3	4.521200E+2	2.564363E+1	-1.011634E+0	1.918170E-4	NaN	1.918170E-3	4.375903E-1	1.122153E+1
1.093408E+3	4.519200E+2	2.565498E+1	-1.037720E+0	1.908930E-4	NaN	1.908930E-3	4.431989E-1	1.136976E+1
1.105550E+3	4.517100E+2	2.566691E+1	-9.976721E-1	1.898720E-4	NaN	1.898720E-3	4.451728E-1	1.142604E+1
1.114571E+3	4.515600E+2	2.567544E+1	-1.050200E+0	1.891070E-4	NaN	1.891070E-3	4.518171E-1	1.160151E+1
1.128854E+3	4.513100E+2	2.568966E+1	-8.679374E-1	1.879510E-4	NaN	1.879510E-3	4.479106E-1	1.150605E+1
1.140606E+3	4.511400E+2	2.569934E+1	-9.868421E-1	1.870910E-4	NaN	1.870910E-3	4.437950E-1	1.140473E+1
1.152158E+3	4.509500E+2	2.571017E+1	-9.710392E-1	1.862260E-4	NaN	1.862260E-3	4.409902E-1	1.133848E+1
1.163898E+3	4.507600E+2	2.572100E+1	-1.066080E+0	1.853300E-4	NaN	1.853300E-3	4.405250E-1	1.133112E+1
1.175717E+3	4.505500E+2	2.573299E+1	-1.027485E+0	1.843820E-4	NaN	1.843820E-3	4.449498E-1	1.144987E+1
1.187396E+3	4.503500E+2	2.574442E+1	-9.671180E-1	1.834030E-4	NaN	1.834030E-3	4.469742E-1	1.150709E+1
1.199804E+3	4.501500E+2	2.575586E+1	-1.032195E+0	1.824810E-4	NaN	1.824810E-3	4.474452E-1	1.152464E+1
1.212011E+3	4.499400E+2	2.576788E+1	-1.078859E+0	1.815000E-4	NaN	1.815000E-3	4.492157E-1	1.157506E+1
1.223690E+3	4.497300E+2	2.577991E+1	-9.155646E-1	1.805450E-4	NaN	1.805450E-3	4.510111E-1	1.162700E+1
1.235486E+3	4.495500E+2	2.579023E+1	-9.769998E-1	1.796530E-4	NaN	1.796530E-3	4.484025E-1	1.156491E+1
1.250225E+3	4.493100E+2	2.580401E+1	-9.560060E-1	1.785720E-4	NaN	1.785720E-3	4.425682E-1	1.141963E+1
1.261522E+3	4.491300E+2	2.581435E+1	-1.045730E+0	1.777720E-4	NaN	1.777720E-3	4.437821E-1	1.145554E+1
1.273571E+3	4.489200E+2	2.582643E+1	-9.258465E-1	1.768520E-4	NaN	1.768520E-3	4.459707E-1	1.151778E+1
1.285236E+3	4.487400E+2	2.583679E+1	-1.063650E+0	1.759530E-4	NaN	1.759530E-3	4.421932E-1	1.142520E+1
1.297082E+3	4.485300E+2	2.584888E+1	-1.037524E+0	1.750570E-4	NaN	1.750570E-3	4.360927E-1	1.127268E+1
1.308648E+3	4.483300E+2	2.586042E+1	-1.014713E+0	1.742090E-4	NaN	1.742090E-3	4.343560E-1	1.123244E+1
1.320474E+3	4.481300E+2	2.587196E+1	-1.036896E+0	1.733430E-4	NaN	1.733430E-3	4.429491E-1	1.145992E+1
1.332047E+3	4.479300E+2	2.588351E+1	-1.010016E+0	1.724020E-4	NaN	1.724020E-3	4.481753E-1	1.160023E+1
1.343928E+3	4.477300E+2	2.589507E+1	-9.651202E-1	1.715290E-4	NaN	1.715290E-3	4.483359E-1	1.160998E+1
1.355740E+3	4.475400E+2	2.590606E+1	-9.311741E-1	1.706950E-4	NaN	1.706950E-3	4.412323E-1	1.143117E+1
1.370560E+3	4.473100E+2	2.591938E+1	-1.019195E+0	1.696820E-4	NaN	1.696820E-3	4.466950E-1	1.157761E+1
1.382334E+3	4.471100E+2	2.593098E+1	-9.659380E-1	1.688370E-4	NaN	1.688370E-3	4.444059E-1	1.152285E+1
1.394136E+3	4.469200E+2	2.594200E+1	-1.068329E+0	1.679540E-4	NaN	1.679540E-3	4.352443E-1	1.129089E+1
1.403122E+3	4.467600E+2	2.595129E+1	-1.042184E+0	1.673150E-4	NaN	1.673150E-3	4.348004E-1	1.128500E+1
1.415212E+3	4.465500E+2	2.596350E+1	-9.725130E-1	1.664730E-4	NaN	1.664730E-3	4.335873E-1	1.125841E+1
1.430019E+3	4.463100E+2	2.597746E+1	-1.071975E+0	1.654200E-4	NaN	1.654200E-3	4.429838E-1	1.150641E+1
1.441773E+3	4.461000E+2	2.598969E+1	-1.004240E+0	1.645260E-4	NaN	1.645260E-3	4.515588E-1	1.173432E+1
1.450735E+3	4.459500E+2	2.599843E+1	-9.597575E-1	1.638690E-4	NaN	1.638690E-3	4.495082E-1	1.168751E+1
1.462613E+3	4.457600E+2	2.600951E+1	-9.703504E-1	1.630450E-4	NaN	1.630450E-3	4.452499E-1	1.158198E+1
1.477453E+3	4.455200E+2	2.602352E+1	-9.794656E-1	1.620390E-4	NaN	1.620390E-3	4.448514E-1	1.157589E+1
1.489092E+3	4.453300E+2	2.603463E+1	-9.587889E-1	1.612690E-4	NaN	1.612690E-3	4.399889E-1	1.145456E+1
1.500982E+3	4.451400E+2	2.604574E+1	-1.076555E+0	1.604380E-4	NaN	1.604380E-3	4.367775E-1	1.137663E+1
1.512686E+3	4.449300E+2	2.605803E+1	-1.019281E+0	1.596130E-4	NaN	1.596130E-3	4.408580E-1	1.148762E+1
1.524459E+3	4.447300E+2	2.606975E+1	-9.208731E-1	1.588070E-4	NaN	1.588070E-3	4.408344E-1	1.149212E+1
1.536187E+3	4.445500E+2	2.608031E+1	-1.074169E+0	1.580230E-4	NaN	1.580230E-3	4.452287E-1	1.161228E+1
1.547917E+3	4.443400E+2	2.609263E+1	-1.059803E+0	1.571690E-4	NaN	1.571690E-3	4.483167E-1	1.169777E+1
1.559806E+3	4.441300E+2	2.610497E+1	-9.397024E-1	1.563250E-4	NaN	1.563250E-3	4.432429E-1	1.157082E+1
1.571299E+3	4.439500E+2	2.611555E+1	-9.894187E-1	1.555580E-4	NaN	1.555580E-3	4.414758E-1	1.153014E+1
1.585853E+3	4.437100E+2	2.612968E+1	-9.948599E-1	1.546120E-4	NaN	1.546120E-3	4.453368E-1	1.163605E+1
1.597915E+3	4.435100E+2	2.614146E+1	-9.347327E-1	1.538240E-4	NaN	1.538240E-3	4.400391E-1	1.150272E+1
1.610111E+3	4.433200E+2	2.615267E+1	-1.077660E+0	1.530120E-4	NaN	1.530120E-3	4.467630E-1	1.168407E+1
1.621803E+3	4.431100E+2	2.616506E+1	-9.375814E-1	1.522260E-4	NaN	1.522260E-3	4.435777E-1	1.160597E+1
1.633322E+3	4.429300E+2	2.617569E+1	-1.017984E+0	1.514570E-4	NaN	1.514570E-3	4.438228E-1	1.161736E+1
1.645110E+3	4.427300E+2	2.618752E+1	-9.986859E-1	1.507120E-4	NaN	1.507120E-3	4.445046E-1	1.164076E+1
1.656525E+3	4.425400E+2	2.619876E+1	-1.099668E+0	1.499140E-4	NaN	1.499140E-3	4.444945E-1	1.164521E+1
1.667983E+3	4.423300E+2	2.621120E+1	-9.331260E-1	1.491330E-4	NaN	1.491330E-3	4.463849E-1	1.169987E+1
1.679557E+3	4.421500E+2	2.622187E+1	-9.925126E-1	1.483790E-4	NaN	1.483790E-3	4.449315E-1	1.166734E+1
1.691043E+3	4.419600E+2	2.623314E+1	-9.214744E-1	1.476710E-4	NaN	1.476710E-3	4.419382E-1	1.159445E+1
1.706019E+3	4.417300E+2	2.624680E+1	-1.071155E+0	1.467500E-4	NaN	1.467500E-3	4.339833E-1	1.139054E+1
1.717782E+3	4.415200E+2	2.625929E+1	-1.034304E+0	1.459970E-4	NaN	1.459970E-3	4.352920E-1	1.142981E+1
1.729384E+3	4.413200E+2	2.627119E+1	-9.658561E-1	1.452420E-4	NaN	1.452420E-3	4.310762E-1	1.132460E+1
1.741187E+3	4.411300E+2	2.628250E+1	-1.036090E+0	1.445120E-4	NaN	1.445120E-3	4.464134E-1	1.173283E+1
1.752769E+3	4.409300E+2	2.629442E+1	-9.763618E-1	1.437830E-4	NaN	1.437830E-3	4.508368E-1	1.185460E+1
1.764445E+3	4.407400E+2	2.630576E+1	-1.072158E+0	1.429790E-4	NaN	1.429790E-3	4.513229E-1	1.187271E+1
1.776197E+3	4.405300E+2	2.631830E+1	-1.013770E+0	1.422020E-4	NaN	1.422020E-3	4.537118E-1	1.194055E+1
1.788034E+3	4.403300E+2	2.633025E+1	-8.739611E-1	1.414500E-4	NaN	1.414500E-3	4.379357E-1	1.153112E+1
1.799705E+3	4.401600E+2	2.634042E+1	-1.028172E+0	1.407870E-4	NaN	1.407870E-3	4.358568E-1	1.148171E+1
1.814294E+3	4.399100E+2	2.635539E+1	-1.000966E+0	1.399230E-4	NaN	1.399230E-3	4.289491E-1	1.130480E+1
1.825683E+3	4.397200E+2	2.636678E+1	-1.088459E+0	1.392180E-4	NaN	1.392180E-3	4.344953E-1	1.145541E+1
1.837259E+3	4.395100E+2	2.637938E+1	-8.935611E-1	1.384910E-4	NaN	1.384910E-3	4.498088E-1	1.186490E+1
1.848674E+3	4.393400E+2	2.638958E+1	-9.342561E-1	1.377960E-4	NaN	1.377960E-3	4.458992E-1	1.176742E+1
1.860234E+3	4.391600E+2	2.640040E+1	-1.148325E+0	1.371160E-4	NaN	1.371160E-3	4.449333E-1	1.174747E+1
1.871729E+3	4.389400E+2	2.641363E+1	-1.052447E+0	1.363760E-4	NaN	1.363760E-3	4.361507E-1	1.152016E+1
1.883131E+3	4.387400E+2	2.642567E+1	-1.026010E+0	1.356390E-4	NaN	1.356390E-3	4.362309E-1	1.152752E+1
1.894242E+3	4.385500E+2	2.643712E+1	-9.301015E-1	1.349540E-4	NaN	1.349540E-3	4.439615E-1	1.173712E+1
1.908434E+3	4.383300E+2	2.645039E+1	-9.004237E-1	1.341730E-4	NaN	1.341730E-3	4.443891E-1	1.175407E+1
1.919762E+3	4.381600E+2	2.646065E+1	-9.692373E-1	1.335510E-4	NaN	1.335510E-3	4.439500E-1	1.174797E+1
1.934000E+3	4.379300E+2	2.647455E+1	-1.104972E+0	1.327240E-4	NaN	1.327240E-3	4.436732E-1	1.174616E+1
1.945403E+3	4.377200E+2	2.648725E+1	-1.054482E+0	1.319920E-4	NaN	1.319920E-3	4.470798E-1	1.184093E+1
1.956783E+3	4.375200E+2	2.649936E+1	-9.152086E-1	1.312850E-4	NaN	1.312850E-3	4.443329E-1	1.177468E+1
1.967928E+3	4.373500E+2	2.650966E+1	-1.068528E+0	1.306420E-4	NaN	1.306420E-3	4.506087E-1	1.194642E+1
1.981966E+3	4.371000E+2	2.652482E+1	-9.617954E-1	1.298100E-4	NaN	1.298100E-3	4.519847E-1	1.198788E+1
1.993195E+3	4.369200E+2	2.653575E+1	-9.504532E-1	1.291240E-4	NaN	1.291240E-3	4.467960E-1	1.185508E+1
2.004558E+3	4.367400E+2	2.654669E+1	-9.689575E-1	1.284960E-4	NaN	1.284960E-3	4.469186E-1	1.186497E+1
2.015704E+3	4.365600E+2	2.655763E+1	-9.767146E-1	1.278950E-4	NaN	1.278950E-3	4.380647E-1	1.163496E+1
2.029833E+3	4.363300E+2	2.657163E+1	-1.047029E+0	1.271070E-4	NaN	1.271070E-3	4.425379E-1	1.175861E+1
2.041294E+3	4.361300E+2	2.658382E+1	-1.014145E+0	1.264300E-4	NaN	1.264300E-3	4.478936E-1	1.190600E+1
2.052535E+3	4.359400E+2	2.659540E+1	-9.837763E-1	1.257510E-4	NaN	1.257510E-3	4.453356E-1	1.184392E+1
2.064123E+3	4.357500E+2	2.660700E+1	-1.055688E+0	1.251020E-4	NaN	1.251020E-3	4.455438E-1	1.185531E+1
2.075490E+3	4.355500E+2	2.661922E+1	-9.759547E-1	1.244560E-4	NaN	1.244560E-3	4.409908E-1	1.173941E+1
2.089630E+3	4.353200E+2	2.663328E+1	-1.074980E+0	1.236580E-4	NaN	1.236580E-3	4.466376E-1	1.189481E+1
2.100793E+3	4.351200E+2	2.664552E+1	-9.822506E-1	1.230040E-4	NaN	1.230040E-3	4.499809E-1	1.198928E+1
2.112399E+3	4.349300E+2	2.665716E+1	-9.838612E-1	1.223290E-4	NaN	1.223290E-3	4.469305E-1	1.191364E+1
2.123986E+3	4.347400E+2	2.666881E+1	-9.634255E-1	1.217130E-4	NaN	1.217130E-3	4.401229E-1	1.173818E+1
2.135196E+3	4.345600E+2	2.667986E+1	-1.003554E+0	1.211190E-4	NaN	1.211190E-3	4.378623E-1	1.168284E+1
2.149545E+3	4.343200E+2	2.669460E+1	-9.547383E-1	1.203700E-4	NaN	1.203700E-3	4.476255E-1	1.194822E+1
2.160857E+3	4.341400E+2	2.670567E+1	-9.576166E-1	1.197450E-4	NaN	1.197450E-3	4.481446E-1	1.196742E+1
2.172135E+3	4.339600E+2	2.671675E+1	-1.070186E+0	1.191170E-4	NaN	1.191170E-3	4.487457E-1	1.199010E+1
2.183348E+3	4.337600E+2	2.672907E+1	-9.906676E-1	1.185060E-4	NaN	1.185060E-3	4.413019E-1	1.179632E+1
2.197278E+3	4.335300E+2	2.674325E+1	-1.045752E+0	1.177620E-4	NaN	1.177620E-3	4.360734E-1	1.166157E+1
2.208753E+3	4.333300E+2	2.675559E+1	-1.055966E+0	1.171200E-4	NaN	1.171200E-3	4.421817E-1	1.183015E+1
2.220117E+3	4.331300E+2	2.676794E+1	-9.612817E-1	1.164990E-4	NaN	1.164990E-3	4.382387E-1	1.173033E+1
2.231352E+3	4.329500E+2	2.677907E+1	-9.911320E-1	1.159060E-4	NaN	1.159060E-3	4.352852E-1	1.165712E+1
2.242854E+3	4.327600E+2	2.679083E+1	-9.645628E-1	1.153390E-4	NaN	1.153390E-3	4.348671E-1	1.165119E+1
2.257161E+3	4.325300E+2	2.680508E+1	-1.015228E+0	1.146260E-4	NaN	1.146260E-3	4.367850E-1	1.170810E+1
2.268390E+3	4.323400E+2	2.681686E+1	-1.033295E+0	1.140350E-4	NaN	1.140350E-3	4.509657E-1	1.209350E+1
2.282326E+3	4.321000E+2	2.683175E+1	-9.200886E-1	1.132710E-4	NaN	1.132710E-3	4.567418E-1	1.225423E+1
2.294064E+3	4.319200E+2	2.684293E+1	-1.008403E+0	1.126510E-4	NaN	1.126510E-3	4.527523E-1	1.215284E+1
2.305369E+3	4.317300E+2	2.685475E+1	-1.064868E+0	1.120710E-4	NaN	1.120710E-3	4.494208E-1	1.206941E+1
2.316638E+3	4.315300E+2	2.686719E+1	-9.888108E-1	1.114790E-4	NaN	1.114790E-3	4.414335E-1	1.185992E+1
2.328167E+3	4.313400E+2	2.687903E+1	-1.022880E+0	1.108640E-4	NaN	1.108640E-3	4.483694E-1	1.205199E+1
2.339312E+3	4.311500E+2	2.689087E+1	-9.320059E-1	1.102980E-4	NaN	1.102980E-3	4.463560E-1	1.200341E+1
2.353475E+3	4.309300E+2	2.690460E+1	-1.029160E+0	1.095960E-4	NaN	1.095960E-3	4.440865E-1	1.194738E+1
2.364552E+3	4.307400E+2	2.691647E+1	-9.548227E-1	1.090590E-4	NaN	1.090590E-3	4.360132E-1	1.173572E+1
2.375863E+3	4.305600E+2	2.692772E+1	-1.113664E+0	1.084890E-4	NaN	1.084890E-3	4.371182E-1	1.177142E+1
2.387177E+3	4.303500E+2	2.694086E+1	-9.252120E-1	1.079240E-4	NaN	1.079240E-3	4.421160E-1	1.191126E+1
2.401444E+3	4.301300E+2	2.695464E+1	-9.847961E-1	1.072150E-4	NaN	1.072150E-3	4.467756E-1	1.204188E+1
2.413020E+3	4.299400E+2	2.696655E+1	-1.003521E+0	1.066660E-4	NaN	1.066660E-3	4.501289E-1	1.213849E+1
2.424380E+3	4.297500E+2	2.697848E+1	-1.163611E+0	1.060690E-4	NaN	1.060690E-3	4.505036E-1	1.215420E+1
2.435724E+3	4.295300E+2	2.699229E+1	-9.373373E-1	1.054550E-4	NaN	1.054550E-3	4.515571E-1	1.218853E+1
2.447246E+3	4.293500E+2	2.700361E+1	-9.626788E-1	1.048650E-4	NaN	1.048650E-3	4.421112E-1	1.193899E+1
2.461581E+3	4.291200E+2	2.701808E+1	-9.951117E-1	1.042140E-4	NaN	1.042140E-3	4.389226E-1	1.185845E+1
2.473037E+3	4.289300E+2	2.703005E+1	-9.862445E-1	1.036990E-4	NaN	1.036990E-3	4.375280E-1	1.182563E+1
2.484596E+3	4.287400E+2	2.704203E+1	-9.509554E-1	1.031550E-4	NaN	1.031550E-3	4.577503E-1	1.237882E+1
2.495953E+3	4.285600E+2	2.705339E+1	-9.662512E-1	1.025900E-4	NaN	1.025900E-3	4.631916E-1	1.253202E+1
2.510235E+3	4.283300E+2	2.706791E+1	-1.079322E+0	1.018700E-4	NaN	1.018700E-3	4.543551E-1	1.229852E+1
2.521909E+3	4.281200E+2	2.708119E+1	-1.064018E+0	1.012990E-4	NaN	1.012990E-3	4.474273E-1	1.211603E+1
2.533187E+3	4.279200E+2	2.709385E+1	-9.495340E-1	1.007560E-4	NaN	1.007560E-3	4.390148E-1	1.189413E+1
2.544561E+3	4.277400E+2	2.710525E+1	-1.066572E+0	1.002070E-4	NaN	1.002070E-3	4.483991E-1	1.215441E+1
2.555812E+3	4.275400E+2	2.711793E+1	-8.957134E-1	9.967000E-5	NaN	9.967000E-4	4.540765E-1	1.231378E+1
2.569879E+3	4.273300E+2	2.713126E+1	-9.715725E-1	9.905200E-5	NaN	9.905200E-4	4.429739E-1	1.201816E+1
2.580995E+3	4.271500E+2	2.714269E+1	-1.109350E+0	9.853500E-5	NaN	9.853500E-4	4.419168E-1	1.199506E+1
2.592353E+3	4.269400E+2	2.715604E+1	-1.021688E+0	9.800100E-5	NaN	9.800100E-4	4.369889E-1	1.186727E+1
2.603511E+3	4.267500E+2	2.716813E+1	-9.759547E-1	9.746900E-5	NaN	9.746900E-4	4.421691E-1	1.201305E+1
2.617651E+3	4.265200E+2	2.718278E+1	-9.434786E-1	9.683500E-5	NaN	9.683500E-4	4.497590E-1	1.222492E+1
2.629098E+3	4.263400E+2	2.719426E+1	-1.011266E+0	9.632000E-5	NaN	9.632000E-4	4.428416E-1	1.204267E+1
2.640371E+3	4.261500E+2	2.720638E+1	-1.097657E+0	9.581200E-5	NaN	9.581200E-4	4.418538E-1	1.202171E+1
2.651850E+3	4.259400E+2	2.721980E+1	-1.020134E+0	9.527200E-5	NaN	9.527200E-4	4.440633E-1	1.208753E+1
2.663025E+3	4.257500E+2	2.723194E+1	-9.655076E-1	9.473700E-5	NaN	9.473700E-4	4.497528E-1	1.224783E+1
2.677318E+3	4.255200E+2	2.724666E+1	-9.628243E-1	9.410200E-5	NaN	9.410200E-4	4.538773E-1	1.236573E+1
2.688535E+3	4.253400E+2	2.725819E+1	-9.523810E-1	9.361800E-5	NaN	9.361800E-4	4.448111E-1	1.212511E+1
2.699875E+3	4.251600E+2	2.726973E+1	-1.041450E+0	9.313600E-5	NaN	9.313600E-4	4.390619E-1	1.197435E+1
2.714278E+3	4.249100E+2	2.728578E+1	-1.016043E+0	9.249700E-5	NaN	9.249700E-4	4.393200E-1	1.198625E+1
2.725498E+3	4.247200E+2	2.729798E+1	-9.615385E-1	9.200100E-5	NaN	9.200100E-4	4.453586E-1	1.215629E+1
2.736730E+3	4.245400E+2	2.730956E+1	-9.892398E-1	9.152100E-5	NaN	9.152100E-4	4.526442E-1	1.236181E+1
2.748254E+3	4.243500E+2	2.732179E+1	-1.028983E+0	9.100000E-5	NaN	9.100000E-4	4.572281E-1	1.249274E+1
2.759916E+3	4.241500E+2	2.733467E+1	-1.032791E+0	9.048000E-5	NaN	9.048000E-4	4.498938E-1	1.229790E+1
2.771535E+3	4.239500E+2	2.734756E+1	-1.064585E+0	8.993700E-5	NaN	8.993700E-4	4.460362E-1	1.219831E+1
2.782807E+3	4.237500E+2	2.736047E+1	-9.335879E-1	8.945500E-5	NaN	8.945500E-4	4.396037E-1	1.202798E+1
2.796946E+3	4.235300E+2	2.737468E+1	-1.018676E+0	8.887300E-5	NaN	8.887300E-4	4.385948E-1	1.200633E+1
2.808137E+3	4.233400E+2	2.738697E+1	-9.703277E-1	8.842300E-5	NaN	8.842300E-4	4.455789E-1	1.220325E+1
2.822359E+3	4.231100E+2	2.740186E+1	-9.876115E-1	8.782100E-5	NaN	8.782100E-4	4.499590E-1	1.232902E+1
2.833902E+3	4.229200E+2	2.741417E+1	-9.987734E-1	8.733200E-5	NaN	8.733200E-4	4.557478E-1	1.249337E+1
2.845316E+3	4.227300E+2	2.742649E+1	-1.004848E+0	8.683300E-5	NaN	8.683300E-4	4.433914E-1	1.216119E+1
2.856661E+3	4.225400E+2	2.743882E+1	-1.093621E+0	8.636200E-5	NaN	8.636200E-4	4.450102E-1	1.221089E+1
2.868731E+3	4.223200E+2	2.745312E+1	-9.566835E-1	8.585600E-5	NaN	8.585600E-4	4.442569E-1	1.219556E+1
2.880020E+3	4.221400E+2	2.746482E+1	-1.012164E+0	8.536100E-5	NaN	8.536100E-4	4.485681E-1	1.232014E+1
2.891283E+3	4.219500E+2	2.747719E+1	-9.766454E-1	8.490200E-5	NaN	8.490200E-4	4.566056E-1	1.254678E+1
2.905413E+3	4.217200E+2	2.749217E+1	-9.200794E-1	8.433400E-5	NaN	8.433400E-4	4.509188E-1	1.239575E+1
2.916499E+3	4.215500E+2	2.750326E+1	-9.993863E-1	8.389500E-5	NaN	8.389500E-4	4.570770E-1	1.257143E+1
2.927906E+3	4.213600E+2	2.751566E+1	-9.712838E-1	8.343300E-5	NaN	8.343300E-4	4.537779E-1	1.248712E+1
2.942114E+3	4.211300E+2	2.753069E+1	-1.045752E+0	8.285100E-5	NaN	8.285100E-4	4.512162E-1	1.242182E+1
2.953589E+3	4.209300E+2	2.754377E+1	-1.009386E+0	8.238500E-5	NaN	8.238500E-4	4.515204E-1	1.243582E+1
2.964883E+3	4.207400E+2	2.755621E+1	-1.000527E+0	8.191300E-5	NaN	8.191300E-4	4.434466E-1	1.222004E+1
2.976277E+3	4.205500E+2	2.756866E+1	-1.156272E+0	8.145500E-5	NaN	8.145500E-4	4.466506E-1	1.231406E+1
2.987693E+3	4.203300E+2	2.758309E+1	-1.001581E+0	8.096000E-5	NaN	8.096000E-4	4.510758E-1	1.244196E+1
2.999075E+3	4.201400E+2	2.759556E+1	-9.277481E-1	8.048800E-5	NaN	8.048800E-4	4.606582E-1	1.271181E+1
3.013303E+3	4.199200E+2	2.761002E+1	-8.973344E-1	7.994100E-5	NaN	7.994100E-4	4.565260E-1	1.260428E+1
3.024670E+3	4.197500E+2	2.762120E+1	-1.124900E+0	7.951600E-5	NaN	7.951600E-4	4.513043E-1	1.246642E+1
3.035871E+3	4.195400E+2	2.763503E+1	-9.418509E-1	7.908000E-5	NaN	7.908000E-4	4.508777E-1	1.245989E+1
3.050523E+3	4.193100E+2	2.765019E+1	-9.801634E-1	7.851000E-5	NaN	7.851000E-4	4.576123E-1	1.265180E+1
3.059093E+3	4.191700E+2	2.765942E+1	-9.700548E-1	7.816500E-5	NaN	7.816500E-4	4.600950E-1	1.272725E+1
3.073319E+3	4.189400E+2	2.767461E+1	-1.100917E+0	7.761300E-5	NaN	7.761300E-4	4.507389E-1	1.247443E+1
3.084764E+3	4.187300E+2	2.768849E+1	-9.961552E-1	7.716700E-5	NaN	7.716700E-4	4.447140E-1	1.231270E+1
3.096208E+3	4.185400E+2	2.770106E+1	-1.032258E+0	7.671900E-5	NaN	7.671900E-4	4.473198E-1	1.239165E+1
3.107833E+3	4.183400E+2	2.771430E+1	-9.697822E-1	7.627400E-5	NaN	7.627400E-4	4.603669E-1	1.275907E+1
3.122063E+3	4.181100E+2	2.772954E+1	-9.435611E-1	7.573300E-5	NaN	7.573300E-4	4.591081E-1	1.273003E+1
3.133509E+3	4.179300E+2	2.774149E+1	-1.021711E+0	7.530000E-5	NaN	7.530000E-4	4.560761E-1	1.265202E+1
3.145254E+3	4.177300E+2	2.775477E+1	-1.016586E+0	7.486400E-5	NaN	7.486400E-4	4.489790E-1	1.246133E+1
3.156468E+3	4.175400E+2	2.776740E+1	-9.907013E-1	7.445100E-5	NaN	7.445100E-4	4.415793E-1	1.226136E+1
3.167975E+3	4.173500E+2	2.778004E+1	-1.002022E+0	7.402400E-5	NaN	7.402400E-4	4.478155E-1	1.244077E+1
3.179352E+3	4.171600E+2	2.779269E+1	-9.442060E-1	7.362100E-5	NaN	7.362100E-4	4.493087E-1	1.248814E+1
3.193332E+3	4.169400E+2	2.780736E+1	-1.070186E+0	7.311800E-5	NaN	7.311800E-4	4.467308E-1	1.242239E+1
3.204545E+3	4.167400E+2	2.782070E+1	-1.106622E+0	7.269100E-5	NaN	7.269100E-4	4.485597E-1	1.247899E+1
3.215931E+3	4.165300E+2	2.783473E+1	-1.014506E+0	7.224500E-5	NaN	7.224500E-4	4.546981E-1	1.265614E+1
3.227168E+3	4.163400E+2	2.784743E+1	-8.818589E-1	7.182600E-5	NaN	7.182600E-4	4.583904E-1	1.276487E+1
3.241456E+3	4.161300E+2	2.786149E+1	-9.658380E-1	7.133400E-5	NaN	7.133400E-4	4.635847E-1	1.291552E+1
3.252638E+3	4.159500E+2	2.787354E+1	-9.465381E-1	7.096700E-5	NaN	7.096700E-4	4.550659E-1	1.268502E+1
3.264048E+3	4.157700E+2	2.788561E+1	-1.059846E+0	7.055900E-5	NaN	7.055900E-4	4.469641E-1	1.246532E+1
3.278201E+3	4.155200E+2	2.790239E+1	-1.036359E+0	7.004900E-5	NaN	7.004900E-4	4.460064E-1	1.244400E+1
3.289780E+3	4.153200E+2	2.791582E+1	-1.032235E+0	6.962600E-5	NaN	6.962600E-4	4.470542E-1	1.247860E+1
3.300824E+3	4.151300E+2	2.792860E+1	-9.437260E-1	6.923900E-5	NaN	6.923900E-4	4.519124E-1	1.262127E+1
3.312268E+3	4.149500E+2	2.794072E+1	-1.084898E+0	6.883700E-5	NaN	6.883700E-4	4.521526E-1	1.263398E+1
3.323882E+3	4.147400E+2	2.795486E+1	-1.030741E+0	6.841200E-5	NaN	6.841200E-4	4.594857E-1	1.284512E+1
3.334942E+3	4.145500E+2	2.796768E+1	-9.318086E-1	6.801700E-5	NaN	6.801700E-4	4.623932E-1	1.293206E+1
3.349108E+3	4.143300E+2	2.798253E+1	-9.400296E-1	6.753100E-5	NaN	6.753100E-4	4.645665E-1	1.299925E+1
3.360597E+3	4.141500E+2	2.799469E+1	-1.057828E+0	6.714600E-5	NaN	6.714600E-4	4.583659E-1	1.283192E+1
3.371941E+3	4.139500E+2	2.800821E+1	-1.043751E+0	6.674900E-5	NaN	6.674900E-4	4.470341E-1	1.252142E+1
3.383438E+3	4.137500E+2	2.802175E+1	-9.885387E-1	6.634800E-5	NaN	6.634800E-4	4.505440E-1	1.262519E+1
3.397398E+3	4.135200E+2	2.803734E+1	-9.238666E-1	6.589100E-5	NaN	6.589100E-4	4.492940E-1	1.259635E+1
3.409088E+3	4.133400E+2	2.804955E+1	-1.098901E+0	6.550000E-5	NaN	6.550000E-4	4.541949E-1	1.273984E+1
3.420554E+3	4.131300E+2	2.806381E+1	-9.748589E-1	6.511400E-5	NaN	6.511400E-4	4.585799E-1	1.286929E+1
3.432248E+3	4.129400E+2	2.807672E+1	-1.015409E+0	6.470600E-5	NaN	6.470600E-4	4.622777E-1	1.297870E+1
3.443475E+3	4.127500E+2	2.808964E+1	-9.593178E-1	6.432000E-5	NaN	6.432000E-4	4.700494E-1	1.320405E+1
3.454733E+3	4.125700E+2	2.810190E+1	-9.830460E-1	6.394300E-5	NaN	6.394300E-4	4.609753E-1	1.295519E+1
3.468771E+3	4.123400E+2	2.811757E+1	-1.000175E+0	6.348900E-5	NaN	6.348900E-4	4.557167E-1	1.281394E+1
3.480169E+3	4.121500E+2	2.813053E+1	-1.020264E+0	6.312400E-5	NaN	6.312400E-4	4.540720E-1	1.277279E+1
3.494283E+3	4.119100E+2	2.814693E+1	-9.600000E-1	6.265700E-5	NaN	6.265700E-4	4.532482E-1	1.275665E+1
3.503033E+3	4.117700E+2	2.815650E+1	-1.024765E+0	6.237200E-5	NaN	6.237200E-4	4.602967E-1	1.296093E+1
3.517085E+3	4.115300E+2	2.817292E+1	-8.990745E-1	6.192200E-5	NaN	6.192200E-4	4.628103E-1	1.303855E+1
3.528430E+3	4.113600E+2	2.818456E+1	-1.073345E+0	6.156700E-5	NaN	6.156700E-4	4.643290E-1	1.308693E+1
3.540169E+3	4.111500E+2	2.819895E+1	-1.047669E+0	6.116500E-5	NaN	6.116500E-4	4.616412E-1	1.301832E+1
3.551623E+3	4.109500E+2	2.821268E+1	-1.086863E+0	6.077100E-5	NaN	6.077100E-4	4.607752E-1	1.299986E+1
3.563216E+3	4.107400E+2	2.822710E+1	-8.895792E-1	6.039200E-5	NaN	6.039200E-4	4.617915E-1	1.303472E+1
3.577380E+3	4.105300E+2	2.824154E+1	-9.497010E-1	5.996400E-5	NaN	5.996400E-4	4.554262E-1	1.286131E+1
3.588752E+3	4.103500E+2	2.825393E+1	-1.045205E+0	5.963300E-5	NaN	5.963300E-4	4.540227E-1	1.282883E+1
3.600233E+3	4.101500E+2	2.826771E+1	-9.950249E-1	5.928000E-5	NaN	5.928000E-4	4.421713E-1	1.249956E+1
3.614705E+3	4.099100E+2	2.828426E+1	-1.115242E+0	5.883300E-5	NaN	5.883300E-4	4.439112E-1	1.255497E+1
3.623313E+3	4.097500E+2	2.829530E+1	-1.011733E+0	5.855900E-5	NaN	5.855900E-4	4.548080E-1	1.286962E+1
3.637546E+3	4.095100E+2	2.831188E+1	-9.598464E-1	5.811900E-5	NaN	5.811900E-4	4.620209E-1	1.308053E+1
3.650048E+3	4.093100E+2	2.832572E+1	-1.000667E+0	5.772700E-5	NaN	5.772700E-4	4.668057E-1	1.322149E+1
3.662040E+3	4.091100E+2	2.833957E+1	-1.028329E+0	5.735700E-5	NaN	5.735700E-4	4.702195E-1	1.332547E+1
3.671959E+3	4.089400E+2	2.835135E+1	-9.457329E-1	5.705500E-5	NaN	5.705500E-4	4.620683E-1	1.310098E+1
3.685282E+3	4.087300E+2	2.836591E+1	-1.021103E+0	5.665200E-5	NaN	5.665200E-4	4.618541E-1	1.310106E+1
3.697034E+3	4.085300E+2	2.837980E+1	-9.578222E-1	5.630800E-5	NaN	5.630800E-4	4.577796E-1	1.299141E+1
3.708936E+3	4.083400E+2	2.839301E+1	-1.043478E+0	5.596000E-5	NaN	5.596000E-4	4.539784E-1	1.288981E+1
3.720436E+3	4.081400E+2	2.840692E+1	-9.745256E-1	5.561900E-5	NaN	5.561900E-4	4.622874E-1	1.313261E+1
3.732134E+3	4.079500E+2	2.842015E+1	-9.593326E-1	5.527400E-5	NaN	5.527400E-4	4.665425E-1	1.325988E+1
3.746519E+3	4.077200E+2	2.843618E+1	-1.013685E+0	5.485400E-5	NaN	5.485400E-4	4.678331E-1	1.330322E+1
3.758357E+3	4.075200E+2	2.845014E+1	-1.100148E+0	5.449400E-5	NaN	5.449400E-4	4.697290E-1	1.336261E+1
3.769810E+3	4.073100E+2	2.846481E+1	-9.621993E-1	5.413800E-5	NaN	5.413800E-4	4.609841E-1	1.312148E+1
3.778540E+3	4.071700E+2	2.847459E+1	-1.050935E+0	5.386900E-5	NaN	5.386900E-4	4.674497E-1	1.331173E+1
3.792813E+3	4.069200E+2	2.849209E+1	-8.435329E-1	5.346300E-5	NaN	5.346300E-4	4.620207E-1	1.316349E+1
3.804905E+3	4.067500E+2	2.850400E+1	-1.068281E+0	5.313100E-5	NaN	5.313100E-4	4.563891E-1	1.300928E+1
3.816138E+3	4.065500E+2	2.851802E+1	-9.819967E-1	5.282600E-5	NaN	5.282600E-4	4.529395E-1	1.291756E+1
3.830802E+3	4.063100E+2	2.853486E+1	-1.118881E+0	5.241000E-5	NaN	5.241000E-4	4.513669E-1	1.287870E+1
3.839382E+3	4.061500E+2	2.854610E+1	-9.528413E-1	5.216200E-5	NaN	5.216200E-4	4.671285E-1	1.333491E+1
3.853865E+3	4.059200E+2	2.856228E+1	-9.533898E-1	5.175200E-5	NaN	5.175200E-4	4.683358E-1	1.337646E+1
3.865193E+3	4.057400E+2	2.857495E+1	-1.070568E+0	5.143600E-5	NaN	5.143600E-4	4.776871E-1	1.364942E+1
3.876402E+3	4.055400E+2	2.858904E+1	-9.661836E-1	5.111100E-5	NaN	5.111100E-4	4.696540E-1	1.342695E+1
3.887580E+3	4.053600E+2	2.860174E+1	-1.044296E+0	5.078600E-5	NaN	5.078600E-4	4.677889E-1	1.338046E+1
3.899071E+3	4.051600E+2	2.861586E+1	-9.716257E-1	5.046900E-5	NaN	5.046900E-4	4.689218E-1	1.341917E+1
3.913274E+3	4.049300E+2	2.863211E+1	-9.599147E-1	5.008100E-5	NaN	5.008100E-4	4.631610E-1	1.326087E+1
3.924525E+3	4.047500E+2	2.864484E+1	-9.865599E-1	4.978400E-5	NaN	4.978400E-4	4.672040E-1	1.338325E+1
3.938513E+3	4.045200E+2	2.866113E+1	-9.978992E-1	4.941400E-5	NaN	4.941400E-4	4.714921E-1	1.351272E+1
3.949937E+3	4.043300E+2	2.867460E+1	-9.529692E-1	4.909900E-5	NaN	4.909900E-4	4.615024E-1	1.323313E+1
3.961270E+3	4.041500E+2	2.868737E+1	-1.164637E+0	4.878800E-5	NaN	4.878800E-4	4.625497E-1	1.326993E+1
3.972604E+3	4.039300E+2	2.870299E+1	-9.526330E-1	4.848000E-5	NaN	4.848000E-4	4.634740E-1	1.330333E+1
3.983941E+3	4.037500E+2	2.871579E+1	-1.020697E+0	4.816800E-5	NaN	4.816800E-4	4.594636E-1	1.319395E+1
3.998049E+3	4.035100E+2	2.873287E+1	-1.108417E+0	4.778100E-5	NaN	4.778100E-4	4.729416E-1	1.358820E+1
4.006710E+3	4.033500E+2	2.874427E+1	-9.108474E-1	4.754800E-5	NaN	4.754800E-4	4.689573E-1	1.347988E+1
4.021202E+3	4.031300E+2	2.875995E+1	-9.684362E-1	4.718000E-5	NaN	4.718000E-4	4.701413E-1	1.352167E+1
4.032354E+3	4.029500E+2	2.877280E+1	-9.666573E-1	4.689700E-5	NaN	4.689700E-4	4.725067E-1	1.359582E+1
4.046630E+3	4.027200E+2	2.878923E+1	-9.968520E-1	4.654100E-5	NaN	4.654100E-4	4.635946E-1	1.334615E+1
4.058066E+3	4.025300E+2	2.880282E+1	-1.048951E+0	4.624600E-5	NaN	4.624600E-4	4.613919E-1	1.328892E+1
4.069506E+3	4.023300E+2	2.881714E+1	-1.012164E+0	4.594700E-5	NaN	4.594700E-4	4.604524E-1	1.326891E+1
4.080769E+3	4.021400E+2	2.883076E+1	-1.034840E+0	4.565900E-5	NaN	4.565900E-4	4.603354E-1	1.327199E+1
4.092365E+3	4.019400E+2	2.884510E+1	-1.057362E+0	4.535700E-5	NaN	4.535700E-4	4.652325E-1	1.341967E+1
4.103714E+3	4.017400E+2	2.885946E+1	-9.884679E-1	4.505700E-5	NaN	4.505700E-4	4.726026E-1	1.363917E+1
4.115247E+3	4.015500E+2	2.887312E+1	-9.238522E-1	4.476400E-5	NaN	4.476400E-4	4.788904E-1	1.382726E+1
4.129535E+3	4.013300E+2	2.888894E+1	-9.440559E-1	4.441900E-5	NaN	4.441900E-4	4.679074E-1	1.351707E+1
4.140975E+3	4.011500E+2	2.890191E+1	-1.119304E+0	4.414300E-5	NaN	4.414300E-4	4.593987E-1	1.327830E+1
4.152232E+3	4.009400E+2	2.891704E+1	-9.727215E-1	4.387000E-5	NaN	4.387000E-4	4.536693E-1	1.311927E+1
4.166419E+3	4.007100E+2	2.893364E+1	-1.018403E+0	4.352600E-5	NaN	4.352600E-4	4.628674E-1	1.339110E+1
4.177613E+3	4.005200E+2	2.894737E+1	-9.286328E-1	4.325000E-5	NaN	4.325000E-4	4.769172E-1	1.380460E+1
4.189243E+3	4.003400E+2	2.896038E+1	-1.002639E+0	4.296700E-5	NaN	4.296700E-4	4.677395E-1	1.354653E+1
4.200613E+3	4.001500E+2	2.897413E+1	-1.114354E+0	4.269500E-5	NaN	4.269500E-4	4.658470E-1	1.349895E+1
4.211920E+3	3.999400E+2	2.898935E+1	-1.011449E+0	4.241400E-5	NaN	4.241400E-4	4.624411E-1	1.340575E+1
4.226157E+3	3.997000E+2	2.900676E+1	-9.910803E-1	4.205800E-5	NaN	4.205800E-4	4.731165E-1	1.372215E+1
4.235238E+3	3.995500E+2	2.901764E+1	-9.269210E-1	4.184300E-5	NaN	4.184300E-4	4.800574E-1	1.393080E+1
4.250126E+3	3.993200E+2	2.903436E+1	-9.804765E-1	4.149900E-5	NaN	4.149900E-4	4.735311E-1	1.374879E+1
4.261753E+3	3.991300E+2	2.904818E+1	-1.031194E+0	4.123600E-5	NaN	4.123600E-4	4.661676E-1	1.354124E+1
4.273390E+3	3.989300E+2	2.906274E+1	-1.073803E+0	4.096100E-5	NaN	4.096100E-4	4.609526E-1	1.339689E+1
4.285124E+3	3.987200E+2	2.907805E+1	-9.944477E-1	4.067800E-5	NaN	4.067800E-4	4.664709E-1	1.356384E+1
4.297191E+3	3.985200E+2	2.909264E+1	-9.536676E-1	4.039600E-5	NaN	4.039600E-4	4.723547E-1	1.374185E+1
4.309774E+3	3.983200E+2	2.910725E+1	-9.780748E-1	4.011400E-5	NaN	4.011400E-4	4.751591E-1	1.383060E+1
4.322043E+3	3.981200E+2	2.912187E+1	-1.054296E+0	3.983600E-5	NaN	3.983600E-4	4.756733E-1	1.385233E+1
4.333425E+3	3.979200E+2	2.913651E+1	-9.951986E-1	3.956500E-5	NaN	3.956500E-4	4.760767E-1	1.387084E+1
4.344880E+3	3.977300E+2	2.915043E+1	-9.867567E-1	3.929800E-5	NaN	3.929800E-4	4.784285E-1	1.394604E+1
4.356433E+3	3.975400E+2	2.916436E+1	-9.556676E-1	3.903800E-5	NaN	3.903800E-4	4.777211E-1	1.393300E+1
4.367734E+3	3.973600E+2	2.917757E+1	-9.813682E-1	3.879000E-5	NaN	3.879000E-4	4.761809E-1	1.389460E+1
4.381796E+3	3.971300E+2	2.919447E+1	-9.621381E-1	3.848500E-5	NaN	3.848500E-4	4.766152E-1	1.391391E+1
4.393021E+3	3.969500E+2	2.920771E+1	-1.016949E+0	3.823900E-5	NaN	3.823900E-4	4.729051E-1	1.381235E+1
4.404821E+3	3.967500E+2	2.922243E+1	-1.051617E+0	3.797100E-5	NaN	3.797100E-4	4.777699E-1	1.396248E+1
4.416232E+3	3.965500E+2	2.923717E+1	-9.670638E-1	3.771600E-5	NaN	3.771600E-4	4.793906E-1	1.401641E+1
4.430502E+3	3.963200E+2	2.925414E+1	-1.026195E+0	3.739800E-5	NaN	3.739800E-4	4.722310E-1	1.381419E+1
4.441611E+3	3.961300E+2	2.926817E+1	-1.118310E+0	3.714700E-5	NaN	3.714700E-4	4.735786E-1	1.386034E+1
4.452878E+3	3.959200E+2	2.928369E+1	-9.467871E-1	3.689900E-5	NaN	3.689900E-4	4.728414E-1	1.384644E+1
4.464285E+3	3.957400E+2	2.929701E+1	-9.371672E-1	3.665200E-5	NaN	3.665200E-4	4.713835E-1	1.381072E+1
4.478370E+3	3.955200E+2	2.931331E+1	-1.030751E+0	3.636200E-5	NaN	3.636200E-4	4.800675E-1	1.407202E+1
4.490012E+3	3.953200E+2	2.932814E+1	-9.314360E-1	3.612400E-5	NaN	3.612400E-4	4.777575E-1	1.401078E+1
4.501607E+3	3.951400E+2	2.934150E+1	-1.003875E+0	3.588100E-5	NaN	3.588100E-4	4.802970E-1	1.409262E+1
4.512963E+3	3.949500E+2	2.935561E+1	-9.970264E-1	3.563700E-5	NaN	3.563700E-4	4.812687E-1	1.412837E+1
4.524397E+3	3.947600E+2	2.936974E+1	-1.047852E+0	3.539600E-5	NaN	3.539600E-4	4.739778E-1	1.392101E+1
4.535849E+3	3.945600E+2	2.938463E+1	-1.034304E+0	3.515500E-5	NaN	3.515500E-4	4.729191E-1	1.389673E+1
4.547451E+3	3.943600E+2	2.939953E+1	-1.027046E+0	3.490500E-5	NaN	3.490500E-4	4.764293E-1	1.400731E+1
4.559135E+3	3.941600E+2	2.941445E+1	-9.654400E-1	3.465700E-5	NaN	3.465700E-4	4.803677E-1	1.413000E+1
4.573429E+3	3.939300E+2	2.943162E+1	-9.488666E-1	3.436900E-5	NaN	3.436900E-4	4.706400E-1	1.385173E+1
4.584811E+3	3.937500E+2	2.944508E+1	-1.046025E+0	3.415000E-5	NaN	3.415000E-4	4.706106E-1	1.385767E+1
4.599151E+3	3.935000E+2	2.946379E+1	-9.428197E-1	3.387000E-5	NaN	3.387000E-4	4.740044E-1	1.396470E+1
4.610606E+3	3.933200E+2	2.947727E+1	-9.956332E-1	3.363800E-5	NaN	3.363800E-4	4.765864E-1	1.404770E+1
4.622056E+3	3.931300E+2	2.949152E+1	-1.051248E+0	3.340300E-5	NaN	3.340300E-4	4.837015E-1	1.426553E+1
4.633471E+3	3.929300E+2	2.950653E+1	-9.775339E-1	3.317400E-5	NaN	3.317400E-4	4.781216E-1	1.410751E+1
4.645133E+3	3.927400E+2	2.952080E+1	-1.024259E+0	3.294400E-5	NaN	3.294400E-4	4.717153E-1	1.392562E+1
4.656263E+3	3.925500E+2	2.953509E+1	-1.093750E+0	3.271800E-5	NaN	3.271800E-4	4.837949E-1	1.428965E+1
4.667783E+3	3.923400E+2	2.955090E+1	-8.982676E-1	3.248600E-5	NaN	3.248600E-4	4.797296E-1	1.417663E+1
4.681810E+3	3.921300E+2	2.956673E+1	-1.064774E+0	3.221300E-5	NaN	3.221300E-4	4.829409E-1	1.427824E+1
4.693080E+3	3.919300E+2	2.958181E+1	-9.349030E-1	3.200000E-5	NaN	3.200000E-4	4.813070E-1	1.423819E+1
4.704632E+3	3.917500E+2	2.959541E+1	-1.037838E+0	3.178100E-5	NaN	3.178100E-4	4.730886E-1	1.400223E+1
4.718507E+3	3.915100E+2	2.961355E+1	-9.756098E-1	3.151600E-5	NaN	3.151600E-4	4.821985E-1	1.427878E+1
4.730192E+3	3.913200E+2	2.962793E+1	-9.660198E-1	3.129700E-5	NaN	3.129700E-4	4.861024E-1	1.440100E+1
4.741993E+3	3.911300E+2	2.964232E+1	-9.511229E-1	3.107400E-5	NaN	3.107400E-4	4.806364E-1	1.424765E+1
4.753348E+3	3.909500E+2	2.965597E+1	-1.156373E+0	3.086000E-5	NaN	3.086000E-4	4.802498E-1	1.424293E+1
4.764763E+3	3.907300E+2	2.967266E+1	-9.554985E-1	3.064100E-5	NaN	3.064100E-4	4.809729E-1	1.427200E+1
4.776066E+3	3.905500E+2	2.968634E+1	-1.002018E+0	3.042200E-5	NaN	3.042200E-4	4.868862E-1	1.445427E+1
4.790437E+3	3.903100E+2	2.970459E+1	-9.585515E-1	3.015200E-5	NaN	3.015200E-4	4.906694E-1	1.457437E+1
4.801704E+3	3.901300E+2	2.971830E+1	-1.056431E+0	2.994500E-5	NaN	2.994500E-4	4.812519E-1	1.430131E+1
4.813063E+3	3.899300E+2	2.973354E+1	-9.508716E-1	2.974100E-5	NaN	2.974100E-4	4.806357E-1	1.429152E+1
4.824421E+3	3.897500E+2	2.974727E+1	-9.737511E-1	2.954000E-5	NaN	2.954000E-4	4.797457E-1	1.427192E+1
4.838593E+3	3.895200E+2	2.976484E+1	-1.008047E+0	2.928700E-5	NaN	2.928700E-4	4.814923E-1	1.433115E+1
4.849902E+3	3.893300E+2	2.977936E+1	-1.046938E+0	2.908600E-5	NaN	2.908600E-4	4.813222E-1	1.433311E+1
4.861364E+3	3.891300E+2	2.979467E+1	-9.951074E-1	2.887900E-5	NaN	2.887900E-4	4.852148E-1	1.445695E+1
4.873423E+3	3.889300E+2	2.980999E+1	-1.035733E+0	2.865700E-5	NaN	2.865700E-4	4.950389E-1	1.475687E+1
4.885009E+3	3.887300E+2	2.982533E+1	-9.910458E-1	2.844000E-5	NaN	2.844000E-4	4.976935E-1	1.484370E+1
4.896512E+3	3.885400E+2	2.983991E+1	-1.040853E+0	2.822900E-5	NaN	2.822900E-4	4.964770E-1	1.481545E+1
4.908041E+3	3.883400E+2	2.985528E+1	-9.344471E-1	2.802300E-5	NaN	2.802300E-4	4.912325E-1	1.466634E+1
4.922167E+3	3.881200E+2	2.987220E+1	-9.935506E-1	2.778400E-5	NaN	2.778400E-4	4.809449E-1	1.436634E+1
4.933641E+3	3.879300E+2	2.988684E+1	-1.030662E+0	2.759400E-5	NaN	2.759400E-4	4.748255E-1	1.419076E+1
4.945284E+3	3.877300E+2	2.990225E+1	-1.013514E+0	2.739900E-5	NaN	2.739900E-4	4.773870E-1	1.427522E+1
4.956532E+3	3.875400E+2	2.991691E+1	-9.248231E-1	2.721100E-5	NaN	2.721100E-4	4.885135E-1	1.461498E+1
4.970805E+3	3.873200E+2	2.993390E+1	-9.544008E-1	2.697300E-5	NaN	2.697300E-4	4.920564E-1	1.472856E+1
4.982121E+3	3.871400E+2	2.994782E+1	-1.059883E+0	2.678700E-5	NaN	2.678700E-4	4.843304E-1	1.450499E+1
4.993443E+3	3.869400E+2	2.996330E+1	-1.111994E+0	2.659500E-5	NaN	2.659500E-4	4.748350E-1	1.422839E+1
5.004774E+3	3.867300E+2	2.997957E+1	-1.052368E+0	2.639600E-5	NaN	2.639600E-4	4.837440E-1	1.450215E+1
5.016747E+3	3.865200E+2	2.999586E+1	-9.189102E-1	2.618600E-5	NaN	2.618600E-4	4.948091E-1	1.484155E+1
5.029153E+3	3.863300E+2	3.001061E+1	-9.678200E-1	2.598200E-5	NaN	2.598200E-4	4.997423E-1	1.499744E+1
5.041552E+3	3.861300E+2	3.002616E+1	-9.698001E-1	2.578600E-5	NaN	2.578600E-4	4.948651E-1	1.485876E+1
5.053307E+3	3.859400E+2	3.004094E+1	-9.870130E-1	2.560200E-5	NaN	2.560200E-4	4.911026E-1	1.475277E+1
5.064857E+3	3.857500E+2	3.005574E+1	-9.438084E-1	2.541800E-5	NaN	2.541800E-4	4.906966E-1	1.474904E+1
5.076300E+3	3.855700E+2	3.006977E+1	-1.029601E+0	2.523600E-5	NaN	2.523600E-4	4.906466E-1	1.475492E+1
5.090286E+3	3.853300E+2	3.008850E+1	-1.015590E+0	2.501200E-5	NaN	2.501200E-4	4.838606E-1	1.455822E+1
5.101511E+3	3.851400E+2	3.010334E+1	-1.125301E+0	2.483000E-5	NaN	2.483000E-4	4.843972E-1	1.458139E+1
5.112708E+3	3.849300E+2	3.011976E+1	-9.907013E-1	2.464200E-5	NaN	2.464200E-4	4.933090E-1	1.485768E+1
5.124215E+3	3.847400E+2	3.013464E+1	-9.565988E-1	2.445200E-5	NaN	2.445200E-4	4.962693E-1	1.495507E+1
5.135505E+3	3.845600E+2	3.014874E+1	-9.690331E-1	2.427800E-5	NaN	2.427800E-4	4.957886E-1	1.494856E+1
5.149746E+3	3.843300E+2	3.016678E+1	-9.989485E-1	2.406600E-5	NaN	2.406600E-4	4.871718E-1	1.469579E+1
5.161158E+3	3.841400E+2	3.018170E+1	-9.887251E-1	2.389600E-5	NaN	2.389600E-4	4.835561E-1	1.459455E+1
5.172688E+3	3.839500E+2	3.019664E+1	-9.978308E-1	2.372200E-5	NaN	2.372200E-4	4.846083E-1	1.463438E+1
5.186518E+3	3.837200E+2	3.021474E+1	-1.014686E+0	2.351500E-5	NaN	2.351500E-4	4.857801E-1	1.467708E+1
5.197753E+3	3.835300E+2	3.022971E+1	-1.026782E+0	2.334400E-5	NaN	2.334400E-4	4.844428E-1	1.464421E+1
5.209440E+3	3.833300E+2	3.024548E+1	-1.059696E+0	2.316700E-5	NaN	2.316700E-4	4.887591E-1	1.478273E+1
5.220764E+3	3.831300E+2	3.026127E+1	-1.006800E+0	2.299100E-5	NaN	2.299100E-4	4.971697E-1	1.504531E+1
5.232087E+3	3.829400E+2	3.027628E+1	-9.687610E-1	2.281600E-5	NaN	2.281600E-4	5.044927E-1	1.527463E+1
5.246332E+3	3.827100E+2	3.029448E+1	-9.616241E-1	2.260400E-5	NaN	2.260400E-4	4.978358E-1	1.508090E+1
5.257563E+3	3.825300E+2	3.030873E+1	-1.050788E+0	2.244200E-5	NaN	2.244200E-4	4.921449E-1	1.491579E+1
5.268983E+3	3.823300E+2	3.032459E+1	-9.367681E-1	2.228200E-5	NaN	2.228200E-4	4.922440E-1	1.492760E+1
5.280512E+3	3.821500E+2	3.033887E+1	-9.610697E-1	2.211900E-5	NaN	2.211900E-4	4.865629E-1	1.476305E+1
5.294871E+3	3.819200E+2	3.035714E+1	-1.099093E+0	2.191400E-5	NaN	2.191400E-4	4.969278E-1	1.508490E+1
5.306335E+3	3.817100E+2	3.037384E+1	-9.196185E-1	2.175100E-5	NaN	2.175100E-4	4.900501E-1	1.488368E+1
5.318079E+3	3.815300E+2	3.038817E+1	-1.100533E+0	2.158200E-5	NaN	2.158200E-4	4.940982E-1	1.501494E+1
5.329528E+3	3.813200E+2	3.040491E+1	-9.683173E-1	2.141500E-5	NaN	2.141500E-4	5.030136E-1	1.529387E+1
5.341301E+3	3.811300E+2	3.042007E+1	-9.961552E-1	2.124500E-5	NaN	2.124500E-4	4.930544E-1	1.499836E+1
5.352745E+3	3.809400E+2	3.043524E+1	-9.980739E-1	2.108600E-5	NaN	2.108600E-4	4.986598E-1	1.517668E+1
5.364167E+3	3.807500E+2	3.045043E+1	-9.146341E-1	2.093500E-5	NaN	2.093500E-4	4.881388E-1	1.486507E+1
5.375975E+3	3.805700E+2	3.046483E+1	-1.029725E+0	2.078000E-5	NaN	2.078000E-4	4.900084E-1	1.492953E+1
5.390542E+3	3.803200E+2	3.048485E+1	-9.914768E-1	2.058500E-5	NaN	2.058500E-4	4.906809E-1	1.495764E+1
5.402040E+3	3.801300E+2	3.050009E+1	-1.051929E+0	2.042600E-5	NaN	2.042600E-4	4.876497E-1	1.487258E+1
5.414018E+3	3.799200E+2	3.051695E+1	-9.759438E-1	2.026100E-5	NaN	2.026100E-4	4.850382E-1	1.480173E+1
5.425699E+3	3.797300E+2	3.053222E+1	-1.037434E+0	2.011000E-5	NaN	2.011000E-4	4.793580E-1	1.463590E+1
5.437266E+3	3.795300E+2	3.054831E+1	-1.028895E+0	1.996110E-5	NaN	1.996110E-4	4.853368E-1	1.482617E+1
5.448929E+3	3.793300E+2	3.056442E+1	-9.775339E-1	1.980460E-5	NaN	1.980460E-4	4.940157E-1	1.509880E+1
5.460591E+3	3.791400E+2	3.057973E+1	-9.658561E-1	1.964970E-5	NaN	1.964970E-4	4.981281E-1	1.523267E+1
5.472394E+3	3.789500E+2	3.059507E+1	-1.024415E+0	1.949700E-5	NaN	1.949700E-4	5.023085E-1	1.536820E+1
5.484108E+3	3.787500E+2	3.061122E+1	-9.216590E-1	1.934890E-5	NaN	1.934890E-4	4.916757E-1	1.505187E+1
5.495826E+3	3.785700E+2	3.062578E+1	-1.084312E+0	1.919960E-5	NaN	1.919960E-4	4.953941E-1	1.517318E+1
5.510213E+3	3.783100E+2	3.064682E+1	-9.133965E-1	1.901380E-5	NaN	1.901380E-4	4.966497E-1	1.521938E+1
5.522037E+3	3.781300E+2	3.066141E+1	-1.035643E+0	1.886420E-5	NaN	1.886420E-4	4.917066E-1	1.507560E+1
5.533624E+3	3.779300E+2	3.067764E+1	-1.039771E+0	1.871950E-5	NaN	1.871950E-4	4.970068E-1	1.524745E+1
5.545165E+3	3.777300E+2	3.069388E+1	-1.031903E+0	1.857070E-5	NaN	1.857070E-4	4.977617E-1	1.527776E+1
5.556794E+3	3.775300E+2	3.071014E+1	-9.417510E-1	1.842030E-5	NaN	1.842030E-4	5.042605E-1	1.548546E+1
5.568262E+3	3.773500E+2	3.072479E+1	-1.011208E+0	1.827750E-5	NaN	1.827750E-4	5.042422E-1	1.549387E+1
5.580129E+3	3.771500E+2	3.074108E+1	-9.863484E-1	1.813290E-5	NaN	1.813290E-4	5.076000E-1	1.560485E+1
5.594120E+3	3.769200E+2	3.075984E+1	-9.237085E-1	1.796400E-5	NaN	1.796400E-4	4.963399E-1	1.526648E+1
5.605812E+3	3.767400E+2	3.077454E+1	-1.098614E+0	1.782320E-5	NaN	1.782320E-4	4.953425E-1	1.524385E+1
5.617281E+3	3.765300E+2	3.079170E+1	-9.978118E-1	1.768580E-5	NaN	1.768580E-4	4.979495E-1	1.533224E+1
5.628706E+3	3.763400E+2	3.080725E+1	-9.233137E-1	1.754660E-5	NaN	1.754660E-4	4.846425E-1	1.493137E+1
5.640403E+3	3.761600E+2	3.082199E+1	-1.112855E+0	1.741050E-5	NaN	1.741050E-4	4.967499E-1	1.531244E+1
5.654421E+3	3.759000E+2	3.084331E+1	-9.236295E-1	1.724650E-5	NaN	1.724650E-4	4.926334E-1	1.519325E+1
5.666114E+3	3.757200E+2	3.085809E+1	-1.078582E+0	1.710510E-5	NaN	1.710510E-4	4.959023E-1	1.530170E+1
5.677796E+3	3.755100E+2	3.087534E+1	-9.751091E-1	1.696590E-5	NaN	1.696590E-4	5.126929E-1	1.582912E+1
5.689487E+3	3.753200E+2	3.089097E+1	-9.446340E-1	1.682800E-5	NaN	1.682800E-4	5.065690E-1	1.564772E+1
5.700920E+3	3.751400E+2	3.090580E+1	-9.809827E-1	1.669800E-5	NaN	1.669800E-4	5.140315E-1	1.588661E+1
5.712541E+3	3.749500E+2	3.092146E+1	-9.474515E-1	1.656850E-5	NaN	1.656850E-4	4.984890E-1	1.541560E+1
5.723940E+3	3.747700E+2	3.093631E+1	-1.078913E+0	1.644140E-5	NaN	1.644140E-4	4.985752E-1	1.542568E+1
5.738399E+3	3.745100E+2	3.095778E+1	-9.265614E-1	1.627790E-5	NaN	1.627790E-4	4.916200E-1	1.521832E+1
5.750055E+3	3.743300E+2	3.097267E+1	-1.090060E+0	1.614630E-5	NaN	1.614630E-4	4.875116E-1	1.509896E+1
5.761614E+3	3.741200E+2	3.099006E+1	-1.012317E+0	1.602030E-5	NaN	1.602030E-4	4.968853E-1	1.539847E+1
5.773468E+3	3.739200E+2	3.100663E+1	-9.536557E-1	1.588850E-5	NaN	1.588850E-4	4.939378E-1	1.531484E+1
5.785422E+3	3.737300E+2	3.102240E+1	-1.030662E+0	1.575710E-5	NaN	1.575710E-4	5.079881E-1	1.575882E+1
5.797065E+3	3.735300E+2	3.103901E+1	-9.479505E-1	1.563020E-5	NaN	1.563020E-4	5.080728E-1	1.576985E+1
5.808458E+3	3.733500E+2	3.105397E+1	-1.012658E+0	1.550800E-5	NaN	1.550800E-4	5.064647E-1	1.572884E+1
5.820308E+3	3.731500E+2	3.107062E+1	-9.691011E-1	1.537940E-5	NaN	1.537940E-4	5.004324E-1	1.555014E+1
5.834548E+3	3.729200E+2	3.108978E+1	-1.083685E+0	1.522970E-5	NaN	1.522970E-4	4.965776E-1	1.543786E+1
5.846175E+3	3.727100E+2	3.110730E+1	-9.566166E-1	1.510620E-5	NaN	1.510620E-4	4.980697E-1	1.549229E+1
5.858092E+3	3.725200E+2	3.112316E+1	-9.873549E-1	1.498200E-5	NaN	1.498200E-4	5.052277E-1	1.572377E+1
5.869638E+3	3.723300E+2	3.113904E+1	-9.813205E-1	1.486220E-5	NaN	1.486220E-4	5.103974E-1	1.589377E+1
5.881255E+3	3.721400E+2	3.115494E+1	-1.078675E+0	1.473800E-5	NaN	1.473800E-4	5.101704E-1	1.589481E+1
5.892936E+3	3.719300E+2	3.117253E+1	-9.842010E-1	1.461280E-5	NaN	1.461280E-4	4.994695E-1	1.556979E+1
5.904519E+3	3.717400E+2	3.118847E+1	-1.111209E+0	1.448980E-5	NaN	1.448980E-4	4.960313E-1	1.547030E+1
5.915858E+3	3.715300E+2	3.120609E+1	-9.369307E-1	1.437420E-5	NaN	1.437420E-4	5.037968E-1	1.572143E+1
5.927385E+3	3.713500E+2	3.122122E+1	-9.244992E-1	1.425980E-5	NaN	1.425980E-4	5.042685E-1	1.574432E+1
5.941663E+3	3.711300E+2	3.123973E+1	-9.746922E-1	1.412280E-5	NaN	1.412280E-4	5.137335E-1	1.604932E+1
5.953359E+3	3.709400E+2	3.125573E+1	-9.620747E-1	1.401130E-5	NaN	1.401130E-4	5.125041E-1	1.601798E+1
5.967703E+3	3.707100E+2	3.127512E+1	-9.664059E-1	1.387230E-5	NaN	1.387230E-4	5.065981E-1	1.584340E+1
5.976395E+3	3.705700E+2	3.128694E+1	-1.076828E+0	1.378570E-5	NaN	1.378570E-4	4.960620E-1	1.552190E+1
5.990882E+3	3.703100E+2	3.130890E+1	-1.172279E+0	1.363890E-5	NaN	1.363890E-4	4.925449E-1	1.541996E+1
5.999583E+3	3.701400E+2	3.132328E+1	-9.827586E-1	1.355080E-5	NaN	1.355080E-4	4.939078E-1	1.547075E+1
6.011183E+3	3.699500E+2	3.133937E+1	-1.000556E+0	1.343500E-5	NaN	1.343500E-4	5.054084E-1	1.584050E+1
6.025575E+3	3.697100E+2	3.135971E+1	-9.331260E-1	1.329910E-5	NaN	1.329910E-4	5.205477E-1	1.632340E+1
6.037149E+3	3.695300E+2	3.137499E+1	-9.066557E-1	1.319340E-5	NaN	1.319340E-4	5.142056E-1	1.613243E+1
6.051708E+3	3.693100E+2	3.139368E+1	-1.098775E+0	1.306050E-5	NaN	1.306050E-4	5.147696E-1	1.615935E+1
6.060445E+3	3.691500E+2	3.140729E+1	-9.859033E-1	1.297830E-5	NaN	1.297830E-4	5.060818E-1	1.589613E+1
6.072008E+3	3.689600E+2	3.142346E+1	-1.023681E+0	1.286900E-5	NaN	1.286900E-4	5.030503E-1	1.580956E+1
6.086661E+3	3.687100E+2	3.144477E+1	-9.694702E-1	1.273390E-5	NaN	1.273390E-4	5.077762E-1	1.596571E+1
6.098420E+3	3.685200E+2	3.146098E+1	-1.045478E+0	1.262700E-5	NaN	1.262700E-4	5.072943E-1	1.595887E+1
6.109898E+3	3.683200E+2	3.147806E+1	-1.006623E+0	1.251960E-5	NaN	1.251960E-4	5.057272E-1	1.591956E+1
6.121223E+3	3.681300E+2	3.149431E+1	-1.063112E+0	1.241500E-5	NaN	1.241500E-4	5.010690E-1	1.578133E+1
6.133075E+3	3.679200E+2	3.151229E+1	-1.017725E+0	1.230680E-5	NaN	1.230680E-4	5.099102E-1	1.606771E+1
6.144866E+3	3.677200E+2	3.152942E+1	-8.787043E-1	1.220120E-5	NaN	1.220120E-4	5.084910E-1	1.603239E+1
6.156474E+3	3.675500E+2	3.154401E+1	-1.026665E+0	1.210200E-5	NaN	1.210200E-4	5.137223E-1	1.620616E+1
6.170500E+3	3.673100E+2	3.156462E+1	-9.450473E-1	1.198240E-5	NaN	1.198240E-4	5.062813E-1	1.597986E+1
6.181928E+3	3.671300E+2	3.158009E+1	-1.048768E+0	1.188510E-5	NaN	1.188510E-4	4.968416E-1	1.568968E+1
6.193370E+3	3.669300E+2	3.159731E+1	-1.005557E+0	1.178750E-5	NaN	1.178750E-4	5.013829E-1	1.584344E+1
6.204707E+3	3.667400E+2	3.161368E+1	-1.011591E+0	1.169100E-5	NaN	1.169100E-4	4.998346E-1	1.580174E+1
6.218942E+3	3.665000E+2	3.163438E+1	-1.033532E+0	1.156840E-5	NaN	1.156840E-4	5.098804E-1	1.612867E+1
6.227650E+3	3.663500E+2	3.164733E+1	-9.852891E-1	1.149370E-5	NaN	1.149370E-4	5.135823E-1	1.625455E+1
6.242265E+3	3.661100E+2	3.166808E+1	-1.003521E+0	1.136910E-5	NaN	1.136910E-4	5.139906E-1	1.627673E+1
6.253625E+3	3.659200E+2	3.168452E+1	-9.859033E-1	1.127380E-5	NaN	1.127380E-4	5.161575E-1	1.635286E+1
6.265188E+3	3.657300E+2	3.170098E+1	-9.302326E-1	1.118040E-5	NaN	1.118040E-4	5.042400E-1	1.598496E+1
6.276798E+3	3.655500E+2	3.171659E+1	-1.060164E+0	1.108880E-5	NaN	1.108880E-4	4.967377E-1	1.575560E+1
6.288117E+3	3.653500E+2	3.173395E+1	-9.903441E-1	1.099960E-5	NaN	1.099960E-4	4.934128E-1	1.565926E+1
6.300234E+3	3.651500E+2	3.175134E+1	-9.975062E-1	1.090520E-5	NaN	1.090520E-4	5.046267E-1	1.602276E+1
6.314670E+3	3.649100E+2	3.177222E+1	-8.883470E-1	1.079180E-5	NaN	1.079180E-4	5.099351E-1	1.620053E+1
6.326152E+3	3.647400E+2	3.178703E+1	-1.144343E+0	1.070000E-5	NaN	1.070000E-4	5.153554E-1	1.638173E+1
6.337687E+3	3.645200E+2	3.180621E+1	-9.796339E-1	1.060550E-5	NaN	1.060550E-4	5.098304E-1	1.621599E+1
6.349324E+3	3.643300E+2	3.182280E+1	-1.063471E+0	1.050990E-5	NaN	1.050990E-4	5.029497E-1	1.600483E+1
6.361172E+3	3.641200E+2	3.184115E+1	-9.565988E-1	1.041700E-5	NaN	1.041700E-4	5.078883E-1	1.617108E+1
6.372462E+3	3.639400E+2	3.185690E+1	-9.944173E-1	1.033210E-5	NaN	1.033210E-4	5.108509E-1	1.627428E+1
6.383926E+3	3.637500E+2	3.187354E+1	-8.893908E-1	1.024760E-5	NaN	1.024760E-4	5.118998E-1	1.631704E+1
6.398093E+3	3.635400E+2	3.189195E+1	-1.041757E+0	1.014440E-5	NaN	1.014440E-4	5.050637E-1	1.610752E+1
6.409612E+3	3.633400E+2	3.190951E+1	-1.014628E+0	1.006080E-5	NaN	1.006080E-4	5.059668E-1	1.614475E+1
6.421439E+3	3.631400E+2	3.192708E+1	-9.839461E-1	9.973500E-6	NaN	9.973500E-5	4.970914E-1	1.587063E+1
6.433025E+3	3.629500E+2	3.194379E+1	-1.090437E+0	9.885900E-6	NaN	9.885900E-5	5.071935E-1	1.620195E+1
6.444580E+3	3.627400E+2	3.196229E+1	-9.992111E-1	9.798200E-6	NaN	9.798200E-5	5.151892E-1	1.646700E+1
6.455989E+3	3.625500E+2	3.197904E+1	-9.688970E-1	9.711500E-6	NaN	9.711500E-5	5.162067E-1	1.650831E+1
6.470232E+3	3.623200E+2	3.199934E+1	-9.985110E-1	9.607400E-6	NaN	9.607400E-5	5.125652E-1	1.640111E+1
6.481649E+3	3.621300E+2	3.201613E+1	-1.057269E+0	9.526200E-6	NaN	9.526200E-5	5.090230E-1	1.629699E+1
6.492999E+3	3.619300E+2	3.203382E+1	-9.221741E-1	9.446800E-6	NaN	9.446800E-5	5.087889E-1	1.629782E+1
6.507313E+3	3.617100E+2	3.205330E+1	-9.671848E-1	9.348200E-6	NaN	9.348200E-5	5.068660E-1	1.624597E+1
6.515998E+3	3.615700E+2	3.206571E+1	-1.047998E+0	9.288000E-6	NaN	9.288000E-5	5.109249E-1	1.638508E+1
6.530311E+3	3.613200E+2	3.208790E+1	-9.556676E-1	9.189200E-6	NaN	9.189200E-5	5.084858E-1	1.631664E+1
6.541612E+3	3.611400E+2	3.210389E+1	-9.908484E-1	9.111900E-6	NaN	9.111900E-5	5.081632E-1	1.631347E+1
6.556145E+3	3.609000E+2	3.212524E+1	-1.095765E+0	9.011100E-6	NaN	9.011100E-5	5.208142E-1	1.672924E+1
6.564906E+3	3.607400E+2	3.213949E+1	-9.504532E-1	8.948800E-6	NaN	8.948800E-5	5.239009E-1	1.683714E+1
6.576269E+3	3.605600E+2	3.215554E+1	-9.992987E-1	8.869000E-6	NaN	8.869000E-5	5.143384E-1	1.654154E+1
6.587677E+3	3.603700E+2	3.217249E+1	-1.065137E+0	8.790300E-6	NaN	8.790300E-5	5.077633E-1	1.633811E+1
6.602323E+3	3.601100E+2	3.219572E+1	-9.771987E-1	8.693500E-6	NaN	8.693500E-5	5.012872E-1	1.613735E+1
6.613989E+3	3.599200E+2	3.221271E+1	-9.303127E-1	8.619700E-6	NaN	8.619700E-5	5.028364E-1	1.619575E+1
6.625598E+3	3.597400E+2	3.222883E+1	-9.809827E-1	8.546200E-6	NaN	8.546200E-5	5.158620E-1	1.662683E+1
6.637219E+3	3.595500E+2	3.224586E+1	-9.520524E-1	8.473200E-6	NaN	8.473200E-5	5.139660E-1	1.657479E+1
6.651714E+3	3.593200E+2	3.226650E+1	-1.062699E+0	8.382000E-6	NaN	8.382000E-5	5.133776E-1	1.656414E+1
6.663006E+3	3.591200E+2	3.228447E+1	-1.010907E+0	8.307700E-6	NaN	8.307700E-5	5.144734E-1	1.660855E+1
6.674283E+3	3.589300E+2	3.230156E+1	-1.058761E+0	8.232600E-6	NaN	8.232600E-5	5.099679E-1	1.647304E+1
6.685617E+3	3.587300E+2	3.231957E+1	-1.040312E+0	8.157700E-6	NaN	8.157700E-5	5.186342E-1	1.676156E+1
6.697152E+3	3.585300E+2	3.233760E+1	-8.958370E-1	8.084800E-6	NaN	8.084800E-5	5.173400E-1	1.672947E+1
6.708538E+3	3.583600E+2	3.235294E+1	-9.688290E-1	8.015400E-6	NaN	8.015400E-5	5.111323E-1	1.653825E+1
6.722782E+3	3.581300E+2	3.237372E+1	-1.038781E+0	7.932100E-6	NaN	7.932100E-5	5.118219E-1	1.656909E+1
6.734334E+3	3.579300E+2	3.239181E+1	-9.280742E-1	7.864100E-6	NaN	7.864100E-5	4.982108E-1	1.613702E+1
6.745971E+3	3.577500E+2	3.240811E+1	-1.097848E+0	7.794700E-6	NaN	7.794700E-5	5.020855E-1	1.627193E+1
6.757448E+3	3.575400E+2	3.242714E+1	-9.629101E-1	7.725700E-6	NaN	7.725700E-5	5.069026E-1	1.643806E+1
6.768664E+3	3.573600E+2	3.244347E+1	-1.016590E+0	7.659000E-6	NaN	7.659000E-5	5.127398E-1	1.663580E+1
6.782829E+3	3.571200E+2	3.246528E+1	-9.414226E-1	7.575100E-6	NaN	7.575100E-5	5.183493E-1	1.682755E+1
6.794301E+3	3.569400E+2	3.248165E+1	-1.078213E+0	7.506600E-6	NaN	7.506600E-5	5.144293E-1	1.670913E+1
6.805987E+3	3.567300E+2	3.250077E+1	-9.986859E-1	7.437400E-6	NaN	7.437400E-5	5.184713E-1	1.685020E+1
6.817402E+3	3.565400E+2	3.251809E+1	-9.431491E-1	7.370800E-6	NaN	7.370800E-5	5.178263E-1	1.683888E+1
6.828853E+3	3.563600E+2	3.253452E+1	-9.659131E-1	7.305500E-6	NaN	7.305500E-5	5.173104E-1	1.683208E+1
6.843140E+3	3.561300E+2	3.255553E+1	-1.043297E+0	7.226300E-6	NaN	7.226300E-5	5.143997E-1	1.674584E+1
6.854642E+3	3.559300E+2	3.257382E+1	-9.351459E-1	7.163000E-6	NaN	7.163000E-5	5.047094E-1	1.643913E+1
6.866191E+3	3.557500E+2	3.259030E+1	-1.048859E+0	7.100100E-6	NaN	7.100100E-5	5.058361E-1	1.648680E+1
6.877632E+3	3.555500E+2	3.260863E+1	-1.001530E+0	7.037500E-6	NaN	7.037500E-5	5.063933E-1	1.651343E+1
6.892010E+3	3.553100E+2	3.263066E+1	-1.089918E+0	6.957100E-6	NaN	6.957100E-5	5.061883E-1	1.651613E+1
6.900818E+3	3.551500E+2	3.264536E+1	-9.966088E-1	6.907900E-6	NaN	6.907900E-5	5.140271E-1	1.678146E+1
6.915267E+3	3.549100E+2	3.266744E+1	-9.843710E-1	6.828400E-6	NaN	6.828400E-5	5.204256E-1	1.700004E+1
6.926848E+3	3.547200E+2	3.268493E+1	-9.268795E-1	6.766200E-6	NaN	6.766200E-5	5.213548E-1	1.703925E+1
6.938500E+3	3.545400E+2	3.270153E+1	-1.034572E+0	6.705700E-6	NaN	6.705700E-5	5.217650E-1	1.706282E+1
6.950099E+3	3.543400E+2	3.271999E+1	-9.207161E-1	6.645500E-6	NaN	6.645500E-5	5.187568E-1	1.697468E+1
6.961829E+3	3.541600E+2	3.273662E+1	-1.009747E+0	6.585300E-6	NaN	6.585300E-5	5.072065E-1	1.660608E+1
6.976090E+3	3.539200E+2	3.275882E+1	-1.088271E+0	6.511400E-6	NaN	6.511400E-5	5.083790E-1	1.665341E+1
6.987668E+3	3.537100E+2	3.277826E+1	-9.746089E-1	6.451800E-6	NaN	6.451800E-5	5.041919E-1	1.652503E+1
6.999365E+3	3.535200E+2	3.279588E+1	-1.031371E+0	6.391600E-6	NaN	6.391600E-5	5.156984E-1	1.691222E+1
7.011000E+3	3.533200E+2	3.281445E+1	-9.379885E-1	6.331400E-6	NaN	6.331400E-5	5.224569E-1	1.714389E+1
7.022514E+3	3.531400E+2	3.283117E+1	-1.046390E+0	6.273300E-6	NaN	6.273300E-5	5.207376E-1	1.709674E+1
7.033982E+3	3.529400E+2	3.284978E+1	-9.650385E-1	6.215900E-6	NaN	6.215900E-5	5.159069E-1	1.694771E+1
7.045795E+3	3.527500E+2	3.286747E+1	-1.032880E+0	6.157700E-6	NaN	6.157700E-5	5.120953E-1	1.683225E+1
7.057413E+3	3.525500E+2	3.288612E+1	-9.639564E-1	6.101100E-6	NaN	6.101100E-5	5.053452E-1	1.662019E+1
7.071729E+3	3.523200E+2	3.290758E+1	-1.083778E+0	6.032700E-6	NaN	6.032700E-5	5.068293E-1	1.667730E+1
7.083355E+3	3.521100E+2	3.292721E+1	-8.867252E-1	5.978000E-6	NaN	5.978000E-5	5.083379E-1	1.673638E+1
7.094858E+3	3.519400E+2	3.294312E+1	-1.029778E+0	5.924600E-6	NaN	5.924600E-5	5.135384E-1	1.691778E+1
7.106511E+3	3.517400E+2	3.296185E+1	-9.760274E-1	5.870600E-6	NaN	5.870600E-5	5.106276E-1	1.683231E+1
7.118191E+3	3.515500E+2	3.297966E+1	-1.144343E+0	5.814300E-6	NaN	5.814300E-5	5.052952E-1	1.666500E+1
7.129726E+3	3.513300E+2	3.300031E+1	-9.562154E-1	5.759000E-6	NaN	5.759000E-5	5.092945E-1	1.680608E+1
7.141648E+3	3.511400E+2	3.301817E+1	-9.978118E-1	5.703300E-6	NaN	5.703300E-5	5.143306E-1	1.698214E+1
7.153073E+3	3.509500E+2	3.303605E+1	-9.230124E-1	5.651800E-6	NaN	5.651800E-5	5.295123E-1	1.749357E+1
7.167374E+3	3.507300E+2	3.305677E+1	-9.247367E-1	5.589300E-6	NaN	5.589300E-5	5.255697E-1	1.737256E+1
7.179053E+3	3.505500E+2	3.307374E+1	-1.004671E+0	5.538700E-6	NaN	5.538700E-5	5.220105E-1	1.726471E+1
7.190400E+3	3.503600E+2	3.309168E+1	-1.024678E+0	5.488300E-6	NaN	5.488300E-5	5.062722E-1	1.675574E+1
7.202111E+3	3.501600E+2	3.311058E+1	-1.074084E+0	5.436200E-6	NaN	5.436200E-5	5.046500E-1	1.670973E+1
7.216635E+3	3.499000E+2	3.313518E+1	-9.664059E-1	5.371500E-6	NaN	5.371500E-5	5.113725E-1	1.694239E+1
7.225327E+3	3.497600E+2	3.314844E+1	-1.027679E+0	5.332300E-6	NaN	5.332300E-5	5.206403E-1	1.725835E+1
7.239923E+3	3.495100E+2	3.317216E+1	-9.674076E-1	5.266600E-6	NaN	5.266600E-5	5.252622E-1	1.742388E+1
7.248606E+3	3.493700E+2	3.318545E+1	-1.018261E+0	5.229200E-6	NaN	5.229200E-5	5.140489E-1	1.706073E+1
7.263337E+3	3.491200E+2	3.320921E+1	-1.013428E+0	5.166600E-6	NaN	5.166600E-5	5.124625E-1	1.701804E+1
7.275178E+3	3.489200E+2	3.322825E+1	-9.392121E-1	5.118200E-6	NaN	5.118200E-5	5.148501E-1	1.710544E+1
7.286677E+3	3.487400E+2	3.324540E+1	-9.630819E-1	5.071200E-6	NaN	5.071200E-5	5.132256E-1	1.706296E+1
7.298514E+3	3.485500E+2	3.326352E+1	-1.054129E+0	5.023000E-6	NaN	5.023000E-5	5.178608E-1	1.722769E+1
7.310467E+3	3.483400E+2	3.328357E+1	-9.547530E-1	4.974700E-6	NaN	4.974700E-5	5.158852E-1	1.717126E+1
7.324921E+3	3.481100E+2	3.330556E+1	-1.025816E+0	4.915900E-6	NaN	4.915900E-5	5.141523E-1	1.712214E+1
7.336619E+3	3.479100E+2	3.332471E+1	-1.085727E+0	4.867600E-6	NaN	4.867600E-5	5.183493E-1	1.727205E+1
7.345461E+3	3.477500E+2	3.334004E+1	-1.033058E+0	4.830800E-6	NaN	4.830800E-5	5.177384E-1	1.726323E+1
7.357077E+3	3.475500E+2	3.335923E+1	-9.677419E-1	4.782600E-6	NaN	4.782600E-5	5.295686E-1	1.766698E+1
7.371337E+3	3.473200E+2	3.338132E+1	-8.985201E-1	4.726400E-6	NaN	4.726400E-5	5.328253E-1	1.778476E+1
7.382689E+3	3.471500E+2	3.339767E+1	-9.970918E-1	4.683200E-6	NaN	4.683200E-5	5.240234E-1	1.750136E+1
7.394724E+3	3.469500E+2	3.341692E+1	-1.016260E+0	4.638100E-6	NaN	4.638100E-5	5.195035E-1	1.736048E+1
7.406532E+3	3.467500E+2	3.343619E+1	-9.278351E-1	4.594000E-6	NaN	4.594000E-5	5.115946E-1	1.710651E+1
7.418172E+3	3.465700E+2	3.345356E+1	-1.020478E+0	4.550400E-6	NaN	4.550400E-5	5.125169E-1	1.714746E+1
7.432871E+3	3.463200E+2	3.347771E+1	-1.029866E+0	4.496000E-6	NaN	4.496000E-5	5.124716E-1	1.715554E+1
7.444523E+3	3.461200E+2	3.349705E+1	-1.027837E+0	4.452000E-6	NaN	4.452000E-5	5.075394E-1	1.699979E+1
7.456198E+3	3.459200E+2	3.351642E+1	-1.041848E+0	4.407900E-6	NaN	4.407900E-5	5.136076E-1	1.721403E+1
7.467716E+3	3.457200E+2	3.353581E+1	-9.929449E-1	4.364600E-6	NaN	4.364600E-5	5.210687E-1	1.747363E+1
7.479197E+3	3.455300E+2	3.355425E+1	-9.366057E-1	4.322500E-6	NaN	4.322500E-5	5.218011E-1	1.750838E+1
7.490728E+3	3.453500E+2	3.357174E+1	-1.021624E+0	4.281700E-6	NaN	4.281700E-5	5.181506E-1	1.739612E+1
7.502474E+3	3.451500E+2	3.359119E+1	-1.007811E+0	4.240100E-6	NaN	4.240100E-5	5.180482E-1	1.740313E+1
7.514381E+3	3.449500E+2	3.361067E+1	-9.556125E-1	4.198700E-6	NaN	4.198700E-5	5.140967E-1	1.727994E+1
7.528822E+3	3.447200E+2	3.363309E+1	-1.025729E+0	4.148300E-6	NaN	4.148300E-5	5.243171E-1	1.763302E+1
7.540521E+3	3.445200E+2	3.365262E+1	-9.236295E-1	4.108100E-6	NaN	4.108100E-5	5.173083E-1	1.740809E+1
7.552214E+3	3.443400E+2	3.367021E+1	-1.140882E+0	4.067600E-6	NaN	4.067600E-5	5.124169E-1	1.725407E+1
7.563784E+3	3.441200E+2	3.369174E+1	-9.926855E-1	4.027100E-6	NaN	4.027100E-5	5.131897E-1	1.728994E+1
7.575268E+3	3.439300E+2	3.371035E+1	-1.031371E+0	3.986900E-6	NaN	3.986900E-5	5.145295E-1	1.734411E+1
7.586903E+3	3.437300E+2	3.372996E+1	-9.499516E-1	3.947000E-6	NaN	3.947000E-5	5.210362E-1	1.757431E+1
7.598272E+3	3.435500E+2	3.374763E+1	-1.021016E+0	3.909400E-6	NaN	3.909400E-5	5.160607E-1	1.741721E+1
7.610025E+3	3.433500E+2	3.376729E+1	-9.646302E-1	3.872000E-6	NaN	3.872000E-5	5.163040E-1	1.743504E+1
7.624331E+3	3.431200E+2	3.378993E+1	-9.659243E-1	3.826300E-6	NaN	3.826300E-5	5.259331E-1	1.776892E+1
7.635512E+3	3.429400E+2	3.380766E+1	-8.749357E-1	3.791100E-6	NaN	3.791100E-5	5.230959E-1	1.768562E+1
7.647170E+3	3.427700E+2	3.382443E+1	-1.109513E+0	3.754200E-6	NaN	3.754200E-5	5.118479E-1	1.731543E+1
7.661771E+3	3.425000E+2	3.385109E+1	-1.088806E+0	3.707300E-6	NaN	3.707300E-5	5.102304E-1	1.727056E+1
7.670588E+3	3.423400E+2	3.386692E+1	-9.979210E-1	3.678300E-6	NaN	3.678300E-5	5.097983E-1	1.726405E+1
7.685018E+3	3.421000E+2	3.389068E+1	-9.895158E-1	3.631400E-6	NaN	3.631400E-5	5.272553E-1	1.786828E+1
7.693507E+3	3.419600E+2	3.390455E+1	-9.911212E-1	3.604500E-6	NaN	3.604500E-5	5.328302E-1	1.806669E+1
7.708036E+3	3.417200E+2	3.392836E+1	-9.281540E-1	3.560100E-6	NaN	3.560100E-5	5.226778E-1	1.773344E+1
7.719672E+3	3.415400E+2	3.394624E+1	-1.040132E+0	3.525600E-6	NaN	3.525600E-5	5.178923E-1	1.758086E+1
7.731209E+3	3.413400E+2	3.396613E+1	-9.799049E-1	3.491500E-6	NaN	3.491500E-5	5.165364E-1	1.754585E+1
7.745292E+3	3.411100E+2	3.398904E+1	-9.861592E-1	3.450000E-6	NaN	3.450000E-5	5.099247E-1	1.733075E+1
7.756852E+3	3.409200E+2	3.400798E+1	-1.053833E+0	3.415900E-6	NaN	3.415900E-5	5.157523E-1	1.753896E+1
7.768239E+3	3.407200E+2	3.402794E+1	-9.807295E-1	3.382700E-6	NaN	3.382700E-5	5.207925E-1	1.772114E+1
7.779863E+3	3.405300E+2	3.404693E+1	-9.772825E-1	3.348400E-6	NaN	3.348400E-5	5.169768E-1	1.760176E+1
7.791528E+3	3.403400E+2	3.406593E+1	-1.100533E+0	3.314000E-6	NaN	3.314000E-5	5.223871E-1	1.779624E+1
7.802977E+3	3.401300E+2	3.408697E+1	-9.474734E-1	3.280600E-6	NaN	3.280600E-5	5.224403E-1	1.780885E+1
7.815009E+3	3.399400E+2	3.410602E+1	-9.521838E-1	3.246700E-6	NaN	3.246700E-5	5.263967E-1	1.795359E+1
7.829502E+3	3.397100E+2	3.412911E+1	-9.400296E-1	3.207000E-6	NaN	3.207000E-5	5.235010E-1	1.786587E+1
7.840991E+3	3.395300E+2	3.414720E+1	-1.080710E+0	3.176000E-6	NaN	3.176000E-5	5.119083E-1	1.748016E+1
7.852650E+3	3.393200E+2	3.416834E+1	-9.830128E-1	3.144500E-6	NaN	3.144500E-5	5.121056E-1	1.749717E+1
7.864247E+3	3.391300E+2	3.418748E+1	-9.348221E-1	3.113500E-6	NaN	3.113500E-5	5.154845E-1	1.762355E+1
7.875800E+3	3.389500E+2	3.420564E+1	-1.007557E+0	3.082500E-6	NaN	3.082500E-5	5.173158E-1	1.769747E+1
7.890092E+3	3.387100E+2	3.422987E+1	-1.095557E+0	3.044500E-6	NaN	3.044500E-5	5.175741E-1	1.771472E+1
7.901593E+3	3.385000E+2	3.425111E+1	-9.520571E-1	3.013300E-6	NaN	3.013300E-5	5.091799E-1	1.743857E+1
7.910416E+3	3.383600E+2	3.426528E+1	-1.067323E+0	2.989200E-6	NaN	2.989200E-5	5.140898E-1	1.761708E+1
7.925032E+3	3.381000E+2	3.429163E+1	-9.534620E-1	2.950700E-6	NaN	2.950700E-5	5.237163E-1	1.795790E+1
7.933842E+3	3.379600E+2	3.430584E+1	-9.440416E-1	2.927900E-6	NaN	2.927900E-5	5.309668E-1	1.821526E+1
7.948460E+3	3.377300E+2	3.432920E+1	-8.866481E-1	2.891600E-6	NaN	2.891600E-5	5.336254E-1	1.832022E+1
7.959964E+3	3.375600E+2	3.434649E+1	-1.041811E+0	2.863200E-6	NaN	2.863200E-5	5.246720E-1	1.802205E+1
7.974362E+3	3.373100E+2	3.437194E+1	-9.943306E-1	2.827600E-6	NaN	2.827600E-5	5.090965E-1	1.749807E+1
7.985827E+3	3.371200E+2	3.439131E+1	-1.085552E+0	2.799300E-6	NaN	2.799300E-5	5.075682E-1	1.745458E+1
7.997434E+3	3.369100E+2	3.441275E+1	-9.283136E-1	2.770700E-6	NaN	2.770700E-5	5.185456E-1	1.784390E+1
8.009068E+3	3.367300E+2	3.443115E+1	-1.007049E+0	2.742100E-6	NaN	2.742100E-5	5.232241E-1	1.801549E+1
8.020984E+3	3.365300E+2	3.445161E+1	-1.013000E+0	2.713100E-6	NaN	2.713100E-5	5.313685E-1	1.830683E+1
8.032830E+3	3.363300E+2	3.447210E+1	-9.815740E-1	2.684300E-6	NaN	2.684300E-5	5.271432E-1	1.817114E+1
8.044444E+3	3.361400E+2	3.449158E+1	-9.876115E-1	2.656400E-6	NaN	2.656400E-5	5.259082E-1	1.814057E+1
8.055987E+3	3.359500E+2	3.451109E+1	-1.020191E+0	2.629000E-6	NaN	2.629000E-5	5.236981E-1	1.807493E+1
8.070102E+3	3.357100E+2	3.453576E+1	-9.894974E-1	2.596000E-6	NaN	2.596000E-5	5.156423E-1	1.780697E+1
8.081623E+3	3.355200E+2	3.455532E+1	-1.025203E+0	2.569600E-6	NaN	2.569600E-5	5.181772E-1	1.790441E+1
8.093328E+3	3.353200E+2	3.457593E+1	-9.207161E-1	2.543400E-6	NaN	2.543400E-5	5.158129E-1	1.783470E+1
8.105058E+3	3.351400E+2	3.459450E+1	-1.070427E+0	2.517300E-6	NaN	2.517300E-5	5.138681E-1	1.777792E+1
8.116829E+3	3.349300E+2	3.461619E+1	-1.024066E+0	2.490900E-6	NaN	2.490900E-5	5.200390E-1	1.800173E+1
8.128547E+3	3.347300E+2	3.463687E+1	-9.755263E-1	2.464300E-6	NaN	2.464300E-5	5.187338E-1	1.796667E+1
8.140233E+3	3.345400E+2	3.465654E+1	-1.029601E+0	2.438000E-6	NaN	2.438000E-5	5.309618E-1	1.840244E+1
8.151888E+3	3.343400E+2	3.467727E+1	-9.474768E-1	2.412100E-6	NaN	2.412100E-5	5.214204E-1	1.808169E+1
8.166453E+3	3.341100E+2	3.470115E+1	-1.117318E+0	2.381000E-6	NaN	2.381000E-5	5.178118E-1	1.796717E+1
8.175045E+3	3.339500E+2	3.471777E+1	-9.236582E-1	2.363100E-6	NaN	2.363100E-5	5.238079E-1	1.818580E+1
8.189336E+3	3.337300E+2	3.474066E+1	-9.267204E-1	2.333700E-6	NaN	2.333700E-5	5.204766E-1	1.808155E+1
8.200990E+3	3.335500E+2	3.475941E+1	-1.037434E+0	2.309900E-6	NaN	2.309900E-5	5.250254E-1	1.825088E+1
8.212557E+3	3.333500E+2	3.478026E+1	-1.001391E+0	2.286300E-6	NaN	2.286300E-5	5.117484E-1	1.780078E+1
8.226937E+3	3.331100E+2	3.480532E+1	-1.070064E+0	2.256600E-6	NaN	2.256600E-5	5.166084E-1	1.797921E+1
8.238712E+3	3.329000E+2	3.482728E+1	-9.194619E-1	2.232300E-6	NaN	2.232300E-5	5.197330E-1	1.809916E+1
8.250458E+3	3.327200E+2	3.484612E+1	-1.084617E+0	2.208200E-6	NaN	2.208200E-5	5.250501E-1	1.829602E+1
8.262075E+3	3.325100E+2	3.486812E+1	-9.366869E-1	2.184700E-6	NaN	2.184700E-5	5.286416E-1	1.843215E+1
8.273605E+3	3.323300E+2	3.488701E+1	-1.002374E+0	2.161900E-6	NaN	2.161900E-5	5.224323E-1	1.822581E+1
8.284978E+3	3.321400E+2	3.490697E+1	-9.642223E-1	2.139700E-6	NaN	2.139700E-5	5.311438E-1	1.854207E+1
8.296801E+3	3.319500E+2	3.492695E+1	-9.508061E-1	2.117400E-6	NaN	2.117400E-5	5.218905E-1	1.822957E+1
8.311315E+3	3.317200E+2	3.495116E+1	-1.034126E+0	2.090000E-6	NaN	2.090000E-5	5.119899E-1	1.789444E+1
8.322919E+3	3.315200E+2	3.497225E+1	-1.077752E+0	2.068300E-6	NaN	2.068300E-5	5.148090E-1	1.800296E+1
8.334610E+3	3.313100E+2	3.499442E+1	-9.260847E-1	2.046300E-6	NaN	2.046300E-5	5.209854E-1	1.823023E+1
8.346272E+3	3.311300E+2	3.501344E+1	-1.001493E+0	2.024000E-6	NaN	2.024000E-5	5.264529E-1	1.843297E+1
8.357655E+3	3.309400E+2	3.503354E+1	-1.072961E+0	2.002300E-6	NaN	2.002300E-5	5.298898E-1	1.856463E+1
8.368839E+3	3.307400E+2	3.505473E+1	-9.764454E-1	1.981480E-6	NaN	1.981480E-5	5.144572E-1	1.803419E+1
8.380514E+3	3.305500E+2	3.507488E+1	-1.037793E+0	1.960210E-6	NaN	1.960210E-5	5.163128E-1	1.811070E+1
8.392077E+3	3.303500E+2	3.509611E+1	-9.468268E-1	1.939690E-6	NaN	1.939690E-5	5.253871E-1	1.843966E+1
8.406652E+3	3.301200E+2	3.512056E+1	-9.422439E-1	1.914310E-6	NaN	1.914310E-5	5.212484E-1	1.830504E+1
8.418114E+3	3.299400E+2	3.513972E+1	-1.040312E+0	1.894650E-6	NaN	1.894650E-5	5.196296E-1	1.825953E+1
8.429649E+3	3.297400E+2	3.516104E+1	-1.014113E+0	1.874850E-6	NaN	1.874850E-5	5.146173E-1	1.809475E+1
8.441482E+3	3.295400E+2	3.518238E+1	-9.839461E-1	1.854500E-6	NaN	1.854500E-5	5.244866E-1	1.845166E+1
8.453068E+3	3.293500E+2	3.520267E+1	-9.419974E-1	1.834600E-6	NaN	1.834600E-5	5.302360E-1	1.866723E+1
8.464533E+3	3.291700E+2	3.522192E+1	-1.070399E+0	1.814520E-6	NaN	1.814520E-5	5.227510E-1	1.841547E+1
8.479107E+3	3.289100E+2	3.524976E+1	-1.069246E+0	1.789330E-6	NaN	1.789330E-5	5.165986E-1	1.820880E+1
8.490891E+3	3.287000E+2	3.527228E+1	-9.655289E-1	1.769530E-6	NaN	1.769530E-5	5.159116E-1	1.819439E+1
8.502698E+3	3.285100E+2	3.529269E+1	-9.270386E-1	1.750360E-6	NaN	1.750360E-5	5.296419E-1	1.869121E+1
8.514348E+3	3.283300E+2	3.531203E+1	-9.443861E-1	1.731840E-6	NaN	1.731840E-5	5.419072E-1	1.913555E+1
8.525784E+3	3.281500E+2	3.533140E+1	-9.283136E-1	1.713960E-6	NaN	1.713960E-5	5.295205E-1	1.871094E+1
8.537418E+3	3.279700E+2	3.535079E+1	-1.054927E+0	1.695850E-6	NaN	1.695850E-5	5.198574E-1	1.838017E+1
8.551637E+3	3.277200E+2	3.537776E+1	-1.017553E+0	1.673500E-6	NaN	1.673500E-5	5.127475E-1	1.813919E+1
8.563430E+3	3.275200E+2	3.539936E+1	-1.058646E+0	1.654690E-6	NaN	1.654690E-5	5.117063E-1	1.811264E+1
8.575332E+3	3.273100E+2	3.542208E+1	-9.951986E-1	1.635770E-6	NaN	1.635770E-5	5.200633E-1	1.842081E+1
8.586787E+3	3.271200E+2	3.544265E+1	-9.898411E-1	1.618030E-6	NaN	1.618030E-5	5.180562E-1	1.836219E+1
8.598304E+3	3.269300E+2	3.546325E+1	-1.013585E+0	1.600630E-6	NaN	1.600630E-5	5.194957E-1	1.842329E+1
8.612511E+3	3.266900E+2	3.548930E+1	-9.726725E-1	1.579640E-6	NaN	1.579640E-5	5.184271E-1	1.839696E+1
8.621147E+3	3.265500E+2	3.550452E+1	-9.767347E-1	1.566990E-6	NaN	1.566990E-5	5.215869E-1	1.852003E+1
8.635890E+3	3.263100E+2	3.553063E+1	-9.618810E-1	1.545750E-6	NaN	1.545750E-5	5.250739E-1	1.865569E+1
8.647118E+3	3.261300E+2	3.555024E+1	-9.956332E-1	1.529700E-6	NaN	1.529700E-5	5.207979E-1	1.851369E+1
8.658568E+3	3.259400E+2	3.557096E+1	-1.028190E+0	1.513390E-6	NaN	1.513390E-5	5.193627E-1	1.847486E+1
8.670239E+3	3.257400E+2	3.559280E+1	-9.913906E-1	1.496690E-6	NaN	1.496690E-5	5.236260E-1	1.863694E+1
8.681738E+3	3.255500E+2	3.561358E+1	-9.628378E-1	1.480350E-6	NaN	1.480350E-5	5.267722E-1	1.876023E+1
8.693578E+3	3.253600E+2	3.563437E+1	-1.030397E+0	1.463590E-6	NaN	1.463590E-5	5.245667E-1	1.869480E+1
8.705224E+3	3.251600E+2	3.565629E+1	-1.023262E+0	1.447200E-6	NaN	1.447200E-5	5.223888E-1	1.862807E+1
8.719883E+3	3.249100E+2	3.568373E+1	-9.630005E-1	1.427090E-6	NaN	1.427090E-5	5.199955E-1	1.855319E+1
8.731721E+3	3.247200E+2	3.570461E+1	-9.866713E-1	1.411190E-6	NaN	1.411190E-5	5.261845E-1	1.878509E+1
8.743275E+3	3.245300E+2	3.572551E+1	-9.573619E-1	1.395870E-6	NaN	1.395870E-5	5.325174E-1	1.902535E+1
8.754556E+3	3.243500E+2	3.574534E+1	-9.633508E-1	1.381000E-6	NaN	1.381000E-5	5.239847E-1	1.873227E+1
8.768881E+3	3.241200E+2	3.577070E+1	-1.069156E+0	1.362460E-6	NaN	1.362460E-5	5.221446E-1	1.867719E+1
8.780666E+3	3.239100E+2	3.579389E+1	-9.909597E-1	1.347030E-6	NaN	1.347030E-5	5.260874E-1	1.882854E+1
8.792170E+3	3.237200E+2	3.581490E+1	-9.424084E-1	1.331900E-6	NaN	1.331900E-5	5.232667E-1	1.874043E+1
8.803630E+3	3.235400E+2	3.583483E+1	-1.083778E+0	1.317060E-6	NaN	1.317060E-5	5.315356E-1	1.904823E+1
8.815256E+3	3.233300E+2	3.585810E+1	-9.388855E-1	1.302210E-6	NaN	1.302210E-5	5.261999E-1	1.886818E+1
8.826759E+3	3.231500E+2	3.587808E+1	-1.006289E+0	1.287780E-6	NaN	1.287780E-5	5.202290E-1	1.866635E+1
8.838684E+3	3.229500E+2	3.590029E+1	-9.941319E-1	1.273170E-6	NaN	1.273170E-5	5.282733E-1	1.896649E+1
8.853169E+3	3.227100E+2	3.592699E+1	-9.379071E-1	1.255750E-6	NaN	1.255750E-5	5.208696E-1	1.871138E+1
8.864684E+3	3.225300E+2	3.594704E+1	-1.032880E+0	1.241990E-6	NaN	1.241990E-5	5.186815E-1	1.864459E+1
8.876302E+3	3.223300E+2	3.596935E+1	-1.025203E+0	1.228250E-6	NaN	1.228250E-5	5.239085E-1	1.884462E+1
8.888007E+3	3.221300E+2	3.599168E+1	-9.411765E-1	1.214330E-6	NaN	1.214330E-5	5.156110E-1	1.855738E+1
8.899482E+3	3.219500E+2	3.601180E+1	-1.103521E+0	1.200630E-6	NaN	1.200630E-5	5.278332E-1	1.900976E+1
8.910900E+3	3.217400E+2	3.603531E+1	-9.203096E-1	1.187210E-6	NaN	1.187210E-5	5.336810E-1	1.923194E+1
8.925243E+3	3.215200E+2	3.605997E+1	-9.808983E-1	1.170630E-6	NaN	1.170630E-5	5.265148E-1	1.898486E+1
8.936865E+3	3.213300E+2	3.608129E+1	-1.053833E+0	1.157390E-6	NaN	1.157390E-5	5.267143E-1	1.900416E+1
8.948252E+3	3.211300E+2	3.610376E+1	-9.965035E-1	1.144600E-6	NaN	1.144600E-5	5.158794E-1	1.862604E+1
8.959692E+3	3.209400E+2	3.612513E+1	-9.644954E-1	1.132060E-6	NaN	1.132060E-5	5.167492E-1	1.866857E+1
8.974000E+3	3.207100E+2	3.615104E+1	-9.790450E-1	1.116640E-6	NaN	1.116640E-5	5.267413E-1	1.904062E+1
8.985644E+3	3.205200E+2	3.617247E+1	-9.355509E-1	1.104300E-6	NaN	1.104300E-5	5.165111E-1	1.868303E+1
8.997188E+3	3.203400E+2	3.619280E+1	-1.126953E+0	1.092090E-6	NaN	1.092090E-5	5.085358E-1	1.840698E+1
9.008901E+3	3.201200E+2	3.621767E+1	-1.005868E+0	1.079560E-6	NaN	1.079560E-5	5.141600E-1	1.862095E+1
9.020831E+3	3.199200E+2	3.624031E+1	-9.373373E-1	1.066860E-6	NaN	1.066860E-5	5.163321E-1	1.871066E+1
9.032353E+3	3.197400E+2	3.626071E+1	-1.033414E+0	1.054700E-6	NaN	1.054700E-5	5.257306E-1	1.906536E+1
9.043965E+3	3.195400E+2	3.628341E+1	-1.006782E+0	1.042670E-6	NaN	1.042670E-5	5.226928E-1	1.896536E+1
9.058268E+3	3.193000E+2	3.631068E+1	-9.657392E-1	1.028140E-6	NaN	1.028140E-5	5.181426E-1	1.881206E+1
9.066966E+3	3.191600E+2	3.632661E+1	-9.903033E-1	1.019460E-6	NaN	1.019460E-5	5.265349E-1	1.912864E+1
9.081507E+3	3.189200E+2	3.635394E+1	-9.322400E-1	1.005010E-6	NaN	1.005010E-5	5.311700E-1	1.930955E+1
9.093092E+3	3.187400E+2	3.637447E+1	-9.703779E-1	9.938200E-7	NaN	9.938200E-6	5.261475E-1	1.913750E+1
9.104840E+3	3.185500E+2	3.639617E+1	-1.023192E+0	9.825100E-7	NaN	9.825100E-6	5.164905E-1	1.880086E+1
9.116568E+3	3.183500E+2	3.641904E+1	-1.047706E+0	9.712700E-7	NaN	9.712700E-6	5.163136E-1	1.880495E+1
9.130885E+3	3.181000E+2	3.644766E+1	-9.508716E-1	9.574300E-7	NaN	9.574300E-6	5.186803E-1	1.890233E+1
9.142243E+3	3.179200E+2	3.646829E+1	-1.019975E+0	9.464500E-7	NaN	9.464500E-6	5.297559E-1	1.931770E+1
9.154008E+3	3.177200E+2	3.649125E+1	-9.395389E-1	9.353500E-7	NaN	9.353500E-6	5.258007E-1	1.918753E+1
9.165503E+3	3.175400E+2	3.651194E+1	-1.081267E+0	9.246800E-7	NaN	9.246800E-6	5.200552E-1	1.898865E+1
9.177156E+3	3.173300E+2	3.653610E+1	-9.375000E-1	9.140400E-7	NaN	9.140400E-6	5.156973E-1	1.884124E+1
9.188676E+3	3.171500E+2	3.655683E+1	-1.027925E+0	9.037100E-7	NaN	9.037100E-6	5.208658E-1	1.904204E+1
9.200350E+3	3.169500E+2	3.657990E+1	-9.115393E-1	8.934300E-7	NaN	8.934300E-6	5.264086E-1	1.925729E+1
9.214831E+3	3.167300E+2	3.660531E+1	-1.037165E+0	8.807900E-7	NaN	8.807900E-6	5.240566E-1	1.918230E+1
9.226401E+3	3.165300E+2	3.662844E+1	-9.794656E-1	8.707500E-7	NaN	8.707500E-6	5.211472E-1	1.908800E+1
9.238040E+3	3.163400E+2	3.665044E+1	-1.059042E+0	8.605800E-7	NaN	8.605800E-6	5.202980E-1	1.906879E+1
9.249371E+3	3.161400E+2	3.667363E+1	-9.276757E-1	8.507300E-7	NaN	8.507300E-6	5.280252E-1	1.936548E+1
9.261013E+3	3.159600E+2	3.669452E+1	-1.004114E+0	8.407200E-7	NaN	8.407200E-6	5.228843E-1	1.918906E+1
9.275354E+3	3.157200E+2	3.672241E+1	-1.040132E+0	8.286200E-7	NaN	8.286200E-6	5.285277E-1	1.940751E+1
9.286891E+3	3.155200E+2	3.674569E+1	-9.229192E-1	8.190900E-7	NaN	8.190900E-6	5.257086E-1	1.931521E+1
9.298593E+3	3.153400E+2	3.676666E+1	-9.852217E-1	8.094800E-7	NaN	8.094800E-6	5.312229E-1	1.953258E+1
9.310164E+3	3.151500E+2	3.678883E+1	-9.776141E-1	8.000600E-7	NaN	8.000600E-6	5.276841E-1	1.941500E+1
9.324280E+3	3.149200E+2	3.681570E+1	-1.033681E+0	7.887800E-7	NaN	7.887800E-6	5.094158E-1	1.875427E+1
9.335889E+3	3.147200E+2	3.683910E+1	-1.084711E+0	7.796800E-7	NaN	7.796800E-6	5.156513E-1	1.899459E+1
9.347505E+3	3.145100E+2	3.686369E+1	-8.666837E-1	7.705200E-7	NaN	7.705200E-6	5.135206E-1	1.892920E+1
9.359274E+3	3.143400E+2	3.688363E+1	-1.092612E+0	7.613400E-7	NaN	7.613400E-6	5.272230E-1	1.944627E+1
9.370806E+3	3.141300E+2	3.690829E+1	-9.120081E-1	7.524600E-7	NaN	7.524600E-6	5.351577E-1	1.975299E+1
9.382648E+3	3.139500E+2	3.692945E+1	-9.777295E-1	7.434400E-7	NaN	7.434400E-6	5.256205E-1	1.941109E+1
9.397376E+3	3.137100E+2	3.695770E+1	-1.019483E+0	7.324100E-7	NaN	7.324100E-6	5.341202E-1	1.973842E+1
9.406204E+3	3.135600E+2	3.697538E+1	-9.519868E-1	7.258700E-7	NaN	7.258700E-6	5.316011E-1	1.965693E+1
9.420700E+3	3.133300E+2	3.700252E+1	-9.287127E-1	7.153100E-7	NaN	7.153100E-6	5.208923E-1	1.927457E+1
9.432329E+3	3.131500E+2	3.702379E+1	-1.114551E+0	7.070100E-7	NaN	7.070100E-6	5.198865E-1	1.924930E+1
9.443634E+3	3.129400E+2	3.704864E+1	-9.665896E-1	6.989100E-7	NaN	6.989100E-6	5.165468E-1	1.913828E+1
9.457911E+3	3.127100E+2	3.707589E+1	-9.806452E-1	6.886500E-7	NaN	6.886500E-6	5.172152E-1	1.917417E+1
9.469536E+3	3.125200E+2	3.709843E+1	-1.000000E+0	6.805300E-7	NaN	6.805300E-6	5.331111E-1	1.977598E+1
9.480936E+3	3.123300E+2	3.712099E+1	-9.355509E-1	6.726400E-7	NaN	6.726400E-6	5.271068E-1	1.956674E+1
9.492480E+3	3.121500E+2	3.714240E+1	-1.034394E+0	6.646600E-7	NaN	6.646600E-6	5.234575E-1	1.944484E+1
9.504081E+3	3.119500E+2	3.716621E+1	-9.926243E-1	6.567600E-7	NaN	6.567600E-6	5.211989E-1	1.937272E+1
9.518588E+3	3.117100E+2	3.719483E+1	-9.845410E-1	6.470900E-7	NaN	6.470900E-6	5.228800E-1	1.944601E+1
9.530167E+3	3.115200E+2	3.721751E+1	-9.256878E-1	6.394500E-7	NaN	6.394500E-6	5.295185E-1	1.970536E+1
9.541834E+3	3.113400E+2	3.723903E+1	-9.785408E-1	6.318500E-7	NaN	6.318500E-6	5.274676E-1	1.964446E+1
9.553484E+3	3.111500E+2	3.726177E+1	-1.001948E+0	6.244700E-7	NaN	6.244700E-6	5.297330E-1	1.974056E+1
9.567856E+3	3.109100E+2	3.729053E+1	-9.308740E-1	6.153200E-7	NaN	6.153200E-6	5.241196E-1	1.954293E+1
9.579458E+3	3.107300E+2	3.731214E+1	-1.032613E+0	6.079300E-7	NaN	6.079300E-6	5.164136E-1	1.926837E+1
9.591079E+3	3.105300E+2	3.733617E+1	-1.078490E+0	6.006100E-7	NaN	6.006100E-6	5.238854E-1	1.955989E+1
9.602762E+3	3.103200E+2	3.736143E+1	-8.619961E-1	5.933200E-7	NaN	5.933200E-6	5.213141E-1	1.947556E+1
9.614595E+3	3.101500E+2	3.738191E+1	-1.031460E+0	5.860800E-7	NaN	5.860800E-6	5.231902E-1	1.956029E+1
9.626229E+3	3.099500E+2	3.740603E+1	-1.006779E+0	5.790400E-7	NaN	5.790400E-6	5.300330E-1	1.982887E+1
9.641128E+3	3.097000E+2	3.743623E+1	-9.209889E-1	5.702200E-7	NaN	5.702200E-6	5.234542E-1	1.959397E+1
9.653506E+3	3.095100E+2	3.745921E+1	-9.793520E-1	5.629200E-7	NaN	5.629200E-6	5.347464E-1	2.002916E+1
9.665759E+3	3.093100E+2	3.748343E+1	-9.247367E-1	5.558400E-7	NaN	5.558400E-6	5.321871E-1	1.994797E+1
9.677438E+3	3.091300E+2	3.750526E+1	-1.056338E+0	5.491700E-7	NaN	5.491700E-6	5.185560E-1	1.944939E+1
9.688798E+3	3.089300E+2	3.752954E+1	-1.016088E+0	5.426500E-7	NaN	5.426500E-6	5.217296E-1	1.958025E+1
9.700608E+3	3.087300E+2	3.755385E+1	-9.140149E-1	5.359800E-7	NaN	5.359800E-6	5.180112E-1	1.945257E+1
9.712424E+3	3.085500E+2	3.757576E+1	-1.031194E+0	5.294100E-7	NaN	5.294100E-6	5.270877E-1	1.980743E+1
9.724061E+3	3.083500E+2	3.760013E+1	-9.483884E-1	5.230200E-7	NaN	5.230200E-6	5.263425E-1	1.979199E+1
9.738612E+3	3.081200E+2	3.762820E+1	-9.842010E-1	5.151700E-7	NaN	5.151700E-6	5.169672E-1	1.945089E+1
9.750195E+3	3.079300E+2	3.765141E+1	-1.008047E+0	5.090600E-7	NaN	5.090600E-6	5.270047E-1	1.984049E+1
9.761504E+3	3.077400E+2	3.767466E+1	-8.747856E-1	5.031700E-7	NaN	5.031700E-6	5.169846E-1	1.947858E+1
9.773164E+3	3.075700E+2	3.769548E+1	-1.052632E+0	4.971500E-7	NaN	4.971500E-6	5.260540E-1	1.983205E+1
9.787414E+3	3.073200E+2	3.772615E+1	-8.629442E-1	4.899100E-7	NaN	4.899100E-6	5.272435E-1	1.988900E+1
9.799234E+3	3.071500E+2	3.774703E+1	-1.014628E+0	4.839500E-7	NaN	4.839500E-6	5.085413E-1	1.919744E+1
9.811061E+3	3.069500E+2	3.777162E+1	-1.069299E+0	4.779800E-7	NaN	4.779800E-6	5.176685E-1	1.955535E+1
9.825650E+3	3.066900E+2	3.780365E+1	-8.694170E-1	4.708300E-7	NaN	4.708300E-6	5.160746E-1	1.950556E+1
9.837382E+3	3.065200E+2	3.782461E+1	-9.466211E-1	4.650600E-7	NaN	4.650600E-6	5.282529E-1	1.997877E+1
9.848791E+3	3.063400E+2	3.784684E+1	-9.536557E-1	4.595900E-7	NaN	4.595900E-6	5.370065E-1	2.032657E+1
9.860745E+3	3.061500E+2	3.787033E+1	-9.560759E-1	4.539300E-7	NaN	4.539300E-6	5.215086E-1	1.975152E+1
9.875179E+3	3.059200E+2	3.789880E+1	-9.829281E-1	4.472700E-7	NaN	4.472700E-6	5.155838E-1	1.953868E+1
9.886777E+3	3.057300E+2	3.792235E+1	-9.769475E-1	4.419600E-7	NaN	4.419600E-6	5.229194E-1	1.982826E+1
9.898446E+3	3.055400E+2	3.794593E+1	-8.544861E-1	4.366800E-7	NaN	4.366800E-6	5.211728E-1	1.977774E+1
9.910383E+3	3.053700E+2	3.796706E+1	-1.022983E+0	4.313700E-7	NaN	4.313700E-6	5.265872E-1	1.999526E+1
9.925046E+3	3.051200E+2	3.799816E+1	-8.898194E-1	4.248700E-7	NaN	4.248700E-6	5.220313E-1	1.983574E+1
9.936509E+3	3.049500E+2	3.801935E+1	-9.804589E-1	4.199000E-7	NaN	4.199000E-6	5.218422E-1	1.983988E+1
9.951196E+3	3.047100E+2	3.804929E+1	-8.739611E-1	4.136300E-7	NaN	4.136300E-6	5.277175E-1	2.007744E+1
9.962867E+3	3.045400E+2	3.807053E+1	-9.754428E-1	4.086800E-7	NaN	4.086800E-6	5.245023E-1	1.996811E+1
9.974554E+3	3.043500E+2	3.809430E+1	-9.200530E-1	4.038500E-7	NaN	4.038500E-6	5.244004E-1	1.997947E+1
9.988901E+3	3.041300E+2	3.812186E+1	-9.452879E-1	3.979700E-7	NaN	3.979700E-6	5.274642E-1	2.010687E+1
1.000286E+4	3.039100E+2	3.814945E+1	-8.308092E-1	3.923800E-7	NaN	3.923800E-6	5.286926E-1	2.016756E+1
1.001442E+4	3.037500E+2	3.816955E+1	-9.688290E-1	3.878100E-7	NaN	3.878100E-6	5.264113E-1	2.009385E+1
1.002866E+4	3.035200E+2	3.819847E+1	-8.958370E-1	3.823100E-7	NaN	3.823100E-6	5.217139E-1	1.992856E+1
1.004005E+4	3.033500E+2	3.821988E+1	-9.219165E-1	3.779700E-7	NaN	3.779700E-6	5.182632E-1	1.980738E+1
1.005437E+4	3.031300E+2	3.824762E+1	-8.438077E-1	3.726600E-7	NaN	3.726600E-6	5.274254E-1	2.017189E+1
1.006574E+4	3.029700E+2	3.826782E+1	-8.696853E-1	3.685500E-7	NaN	3.685500E-6	5.284249E-1	2.022281E+1
1.008023E+4	3.027600E+2	3.829436E+1	-8.526967E-1	3.634400E-7	NaN	3.634400E-6	5.311105E-1	2.033952E+1
1.009431E+4	3.025600E+2	3.831967E+1	-8.324662E-1	3.586100E-7	NaN	3.586100E-6	5.242483E-1	2.009012E+1
1.010872E+4	3.023600E+2	3.834502E+1	-8.340090E-1	3.538300E-7	NaN	3.538300E-6	5.271571E-1	2.021467E+1
1.012599E+4	3.021200E+2	3.837548E+1	-7.479742E-1	3.483600E-7	NaN	3.483600E-6	5.187800E-1	1.990637E+1
1.014043E+4	3.019400E+2	3.839836E+1	-8.428742E-1	3.439700E-7	NaN	3.439700E-6	5.203244E-1	1.997897E+1
1.015466E+4	3.017400E+2	3.842381E+1	-6.932810E-1	3.398500E-7	NaN	3.398500E-6	5.269767E-1	2.024807E+1
1.017197E+4	3.015400E+2	3.844929E+1	-7.000206E-1	3.350700E-7	NaN	3.350700E-6	5.281422E-1	2.030654E+1
1.018654E+4	3.013700E+2	3.847098E+1	-6.789668E-1	3.311500E-7	NaN	3.311500E-6	5.391293E-1	2.074250E+1
1.020687E+4	3.011400E+2	3.850037E+1	-6.298478E-1	3.260900E-7	NaN	3.260900E-6	5.344569E-1	2.057627E+1
1.022401E+4	3.009600E+2	3.852339E+1	-6.183442E-1	3.220200E-7	NaN	3.220200E-6	5.295040E-1	2.039776E+1
1.024439E+4	3.007500E+2	3.855029E+1	-6.241331E-1	3.174500E-7	NaN	3.174500E-6	5.279926E-1	2.035356E+1
1.026170E+4	3.005700E+2	3.857338E+1	-5.658692E-1	3.137400E-7	NaN	3.137400E-6	5.219938E-1	2.013582E+1
1.028184E+4	3.003800E+2	3.859778E+1	-5.686714E-1	3.096900E-7	NaN	3.096900E-6	5.211548E-1	2.011653E+1
1.030505E+4	3.001600E+2	3.862607E+1	-5.288673E-1	3.052100E-7	NaN	3.052100E-6	5.227657E-1	2.019195E+1
1.032547E+4	2.999800E+2	3.864924E+1	-5.098691E-1	3.015100E-7	NaN	3.015100E-6	5.295864E-1	2.046849E+1
1.035136E+4	2.997600E+2	3.867761E+1	-4.350149E-1	2.970800E-7	NaN	2.970800E-6	5.331998E-1	2.062244E+1
1.037757E+4	2.995700E+2	3.870214E+1	-4.635531E-1	2.929900E-7	NaN	2.929900E-6	5.313271E-1	2.056292E+1
1.040346E+4	2.993700E+2	3.872800E+1	-4.309693E-1	2.891300E-7	NaN	2.891300E-6	5.336287E-1	2.066603E+1
1.042991E+4	2.991800E+2	3.875259E+1	-3.896637E-1	2.854500E-7	NaN	2.854500E-6	5.260576E-1	2.038715E+1
1.045917E+4	2.989900E+2	3.877722E+1	-3.887324E-1	2.815800E-7	NaN	2.815800E-6	5.275029E-1	2.045666E+1
1.049467E+4	2.987600E+2	3.880707E+1	-3.565955E-1	2.773300E-7	NaN	2.773300E-6	5.277319E-1	2.047826E+1
1.052663E+4	2.985700E+2	3.883176E+1	-3.249715E-1	2.737400E-7	NaN	2.737400E-6	5.257948E-1	2.041644E+1
1.056171E+4	2.983800E+2	3.885649E+1	-3.140950E-1	2.701400E-7	NaN	2.701400E-6	5.362994E-1	2.083940E+1
1.059992E+4	2.981800E+2	3.888255E+1	-2.727769E-1	2.664400E-7	NaN	2.664400E-6	5.441140E-1	2.115683E+1
1.064391E+4	2.979800E+2	3.890865E+1	-2.559126E-1	2.626000E-7	NaN	2.626000E-6	5.401675E-1	2.101693E+1
1.069080E+4	2.977800E+2	3.893478E+1	-2.588086E-1	2.588100E-7	NaN	2.588100E-6	5.325979E-1	2.073675E+1
1.073485E+4	2.975900E+2	3.895964E+1	-2.277287E-1	2.556100E-7	NaN	2.556100E-6	5.320596E-1	2.072889E+1
1.079018E+4	2.973800E+2	3.898715E+1	-1.909443E-1	2.519800E-7	NaN	2.519800E-6	5.301406E-1	2.066816E+1
1.084674E+4	2.972000E+2	3.901077E+1	-1.918977E-1	2.485700E-7	NaN	2.485700E-6	5.373595E-1	2.096366E+1
1.091240E+4	2.969900E+2	3.903835E+1	-1.633564E-1	2.450800E-7	NaN	2.450800E-6	5.389977E-1	2.104160E+1
1.098586E+4	2.967900E+2	3.906466E+1	-1.452137E-1	2.416100E-7	NaN	2.416100E-6	5.242182E-1	2.047848E+1
1.106436E+4	2.966000E+2	3.908968E+1	-1.434595E-1	2.383500E-7	NaN	2.383500E-6	5.254165E-1	2.053892E+1
1.115638E+4	2.963800E+2	3.911870E+1	-1.103099E-1	2.350000E-7	NaN	2.350000E-6	5.242195E-1	2.050557E+1
1.125428E+4	2.962000E+2	3.914247E+1	-9.866960E-2	2.319500E-7	NaN	2.319500E-6	NaN	NaN
1.137590E+4	2.960000E+2	3.916892E+1	NaN	2.287000E-7	NaN	2.287000E-6	NaN	NaN
--------------------
6/24/2024 10:16 PM
