4/6/2024
6:40 PM
relaxation time temp = 400K again because 405 was being wierd around 400 part 2_2024.04.06_IR_FILE END.txt

Data taken by: Akshat Sharma
Ammeter is Keithley 6517A at GPIB0::27::INSTR
Voltage Source is Keithley 6517A at GPIB0::27::INSTR
Temperature Controller is Lake Shore 330 at GPIB0::12::INSTR with the settings: control sensor=A;sample sensor=;loop=1
Signal Instr: Keithley 6517A
Signal VISA: GPIB0::27::INSTR
Voltage Instr: Keithley 6517A
Voltage VISA: GPIB0::27::INSTR
Temp Sensor Instr: Lake Shore 330
Temp Sensor VISA: GPIB0::12::INSTR
Voltage (V): 100
Shut off V when done?: TRUE
Readings: 1
Loop: 1
DESCRIPTION
********************
Time (s)	Current (A)	Current Std Dev	Control Temperature (K)	Sample Temperature (K)	
1.003000E+0	8.375300E-5	NaN	4.000100E+2	4.000100E+2
1.502600E+1	8.376300E-5	NaN	4.000000E+2	4.000000E+2
3.150800E+1	8.378600E-5	NaN	3.999800E+2	3.999800E+2
4.783300E+1	8.381400E-5	NaN	4.000000E+2	4.000000E+2
6.417200E+1	8.383800E-5	NaN	4.000000E+2	4.000000E+2
8.021400E+1	8.381700E-5	NaN	4.000100E+2	4.000100E+2
9.628200E+1	8.379100E-5	NaN	4.000000E+2	4.000000E+2
1.122220E+2	8.377900E-5	NaN	3.999900E+2	3.999900E+2
1.284490E+2	8.379600E-5	NaN	3.999900E+2	3.999900E+2
1.444440E+2	8.384000E-5	NaN	4.000000E+2	4.000000E+2
1.608600E+2	8.385500E-5	NaN	4.000100E+2	4.000100E+2
1.768660E+2	8.385100E-5	NaN	4.000000E+2	4.000000E+2
1.927870E+2	8.383600E-5	NaN	3.999900E+2	3.999900E+2
2.087480E+2	8.385300E-5	NaN	4.000000E+2	4.000000E+2
2.248000E+2	8.387800E-5	NaN	4.000100E+2	4.000100E+2
2.410490E+2	8.388800E-5	NaN	3.999900E+2	3.999900E+2
2.570920E+2	8.392300E-5	NaN	3.999900E+2	3.999900E+2
2.741130E+2	8.396000E-5	NaN	4.000100E+2	4.000100E+2
2.899220E+2	8.394900E-5	NaN	4.000000E+2	4.000000E+2
3.057540E+2	8.394000E-5	NaN	4.000000E+2	4.000000E+2
3.216630E+2	8.394200E-5	NaN	3.999900E+2	3.999900E+2
3.376850E+2	8.396000E-5	NaN	3.999900E+2	3.999900E+2
3.536630E+2	8.397500E-5	NaN	4.000100E+2	4.000100E+2
3.700390E+2	8.397000E-5	NaN	4.000000E+2	4.000000E+2
3.860940E+2	8.396800E-5	NaN	3.999900E+2	3.999900E+2
4.020080E+2	8.398300E-5	NaN	3.999900E+2	3.999900E+2
4.179370E+2	8.401600E-5	NaN	4.000000E+2	4.000000E+2
4.339960E+2	8.401300E-5	NaN	4.000200E+2	4.000200E+2
4.501520E+2	8.398500E-5	NaN	4.000000E+2	4.000000E+2
4.663070E+2	8.394200E-5	NaN	3.999900E+2	3.999900E+2
4.823230E+2	8.395500E-5	NaN	4.000000E+2	4.000000E+2
4.991310E+2	8.397800E-5	NaN	3.999900E+2	3.999900E+2
5.159020E+2	8.398900E-5	NaN	4.000000E+2	4.000000E+2
5.318850E+2	8.401700E-5	NaN	4.000000E+2	4.000000E+2
5.479340E+2	8.403500E-5	NaN	4.000000E+2	4.000000E+2
5.640350E+2	8.403000E-5	NaN	3.999900E+2	3.999900E+2
5.801350E+2	8.402100E-5	NaN	3.999900E+2	3.999900E+2
5.961060E+2	8.405400E-5	NaN	4.000000E+2	4.000000E+2
6.120800E+2	8.407200E-5	NaN	4.000000E+2	4.000000E+2
6.282050E+2	8.406800E-5	NaN	3.999900E+2	3.999900E+2
6.444460E+2	8.406400E-5	NaN	4.000000E+2	4.000000E+2
6.604200E+2	8.406400E-5	NaN	4.000100E+2	4.000100E+2
6.763500E+2	8.403700E-5	NaN	4.000000E+2	4.000000E+2
6.924230E+2	8.401900E-5	NaN	3.999900E+2	3.999900E+2
7.085010E+2	8.405700E-5	NaN	4.000000E+2	4.000000E+2
7.244690E+2	8.405700E-5	NaN	4.000000E+2	4.000000E+2
7.404340E+2	8.406400E-5	NaN	4.000000E+2	4.000000E+2
7.564910E+2	8.406100E-5	NaN	4.000000E+2	4.000000E+2
7.727910E+2	8.404800E-5	NaN	4.000000E+2	4.000000E+2
7.890170E+2	8.403100E-5	NaN	4.000000E+2	4.000000E+2
8.049790E+2	8.396700E-5	NaN	4.000100E+2	4.000100E+2
8.212730E+2	8.397600E-5	NaN	4.000100E+2	4.000100E+2
8.372850E+2	8.395100E-5	NaN	3.999900E+2	3.999900E+2
8.532570E+2	8.396300E-5	NaN	4.000000E+2	4.000000E+2
8.697130E+2	8.398800E-5	NaN	4.000000E+2	4.000000E+2
8.856570E+2	8.397700E-5	NaN	3.999900E+2	3.999900E+2
9.016270E+2	8.399200E-5	NaN	4.000000E+2	4.000000E+2
9.177350E+2	8.400700E-5	NaN	4.000100E+2	4.000100E+2
9.350370E+2	8.401800E-5	NaN	4.000000E+2	4.000000E+2
9.511660E+2	8.400600E-5	NaN	3.999900E+2	3.999900E+2
9.672310E+2	8.400000E-5	NaN	4.000100E+2	4.000100E+2
9.832170E+2	8.397800E-5	NaN	4.000000E+2	4.000000E+2
9.995290E+2	8.397200E-5	NaN	3.999900E+2	3.999900E+2
1.016101E+3	8.398700E-5	NaN	4.000000E+2	4.000000E+2
1.032041E+3	8.397600E-5	NaN	4.000100E+2	4.000100E+2
1.048095E+3	8.395300E-5	NaN	4.000100E+2	4.000100E+2
1.064470E+3	8.396200E-5	NaN	3.999900E+2	3.999900E+2
1.080348E+3	8.396700E-5	NaN	3.999900E+2	3.999900E+2
1.096371E+3	8.400400E-5	NaN	4.000100E+2	4.000100E+2
1.112461E+3	8.400500E-5	NaN	4.000100E+2	4.000100E+2
1.128844E+3	8.400200E-5	NaN	4.000000E+2	4.000000E+2
1.145025E+3	8.400500E-5	NaN	4.000000E+2	4.000000E+2
1.160964E+3	8.401000E-5	NaN	4.000100E+2	4.000100E+2
1.176770E+3	8.397100E-5	NaN	3.999900E+2	3.999900E+2
1.192796E+3	8.399900E-5	NaN	4.000100E+2	4.000100E+2
1.208819E+3	8.399600E-5	NaN	4.000100E+2	4.000100E+2
1.224792E+3	8.400400E-5	NaN	4.000000E+2	4.000000E+2
1.241107E+3	8.398600E-5	NaN	4.000000E+2	4.000000E+2
1.257844E+3	8.397700E-5	NaN	4.000000E+2	4.000000E+2
1.273535E+3	8.400100E-5	NaN	4.000100E+2	4.000100E+2
1.289330E+3	8.397900E-5	NaN	4.000000E+2	4.000000E+2
1.305441E+3	8.397000E-5	NaN	4.000000E+2	4.000000E+2
1.321306E+3	8.395400E-5	NaN	4.000200E+2	4.000200E+2
1.337040E+3	8.395200E-5	NaN	3.999900E+2	3.999900E+2
1.353004E+3	8.394600E-5	NaN	3.999900E+2	3.999900E+2
1.369116E+3	8.398100E-5	NaN	4.000100E+2	4.000100E+2
1.385332E+3	8.394100E-5	NaN	4.000000E+2	4.000000E+2
1.401266E+3	8.394600E-5	NaN	4.000000E+2	4.000000E+2
1.417269E+3	8.398000E-5	NaN	4.000100E+2	4.000100E+2
1.433436E+3	8.401800E-5	NaN	3.999900E+2	3.999900E+2
1.449349E+3	8.402500E-5	NaN	4.000200E+2	4.000200E+2
1.465495E+3	8.399000E-5	NaN	4.000100E+2	4.000100E+2
1.481579E+3	8.395300E-5	NaN	3.999800E+2	3.999800E+2
1.497551E+3	8.400400E-5	NaN	3.999800E+2	3.999800E+2
1.513498E+3	8.403200E-5	NaN	4.000000E+2	4.000000E+2
1.529457E+3	8.406300E-5	NaN	4.000100E+2	4.000100E+2
1.545602E+3	8.406000E-5	NaN	4.000000E+2	4.000000E+2
1.562081E+3	8.405800E-5	NaN	3.999900E+2	3.999900E+2
1.578023E+3	8.407400E-5	NaN	4.000000E+2	4.000000E+2
1.594015E+3	8.408800E-5	NaN	4.000000E+2	4.000000E+2
1.609884E+3	8.407000E-5	NaN	4.000100E+2	4.000100E+2
1.625992E+3	8.406600E-5	NaN	4.000100E+2	4.000100E+2
1.641928E+3	8.406300E-5	NaN	4.000000E+2	4.000000E+2
1.658048E+3	8.405100E-5	NaN	4.000100E+2	4.000100E+2
1.674204E+3	8.403700E-5	NaN	4.000100E+2	4.000100E+2
1.690840E+3	8.402300E-5	NaN	4.000000E+2	4.000000E+2
1.706789E+3	8.402000E-5	NaN	4.000000E+2	4.000000E+2
1.722722E+3	8.402500E-5	NaN	4.000000E+2	4.000000E+2
1.739268E+3	8.406400E-5	NaN	4.000100E+2	4.000100E+2
1.755388E+3	8.406500E-5	NaN	3.999900E+2	3.999900E+2
1.771702E+3	8.408100E-5	NaN	3.999900E+2	3.999900E+2
1.788150E+3	8.407900E-5	NaN	3.999900E+2	3.999900E+2
1.804171E+3	8.411600E-5	NaN	4.000000E+2	4.000000E+2
1.820432E+3	8.411700E-5	NaN	4.000000E+2	4.000000E+2
1.837219E+3	8.410700E-5	NaN	4.000100E+2	4.000100E+2
1.854013E+3	8.411500E-5	NaN	4.000000E+2	4.000000E+2
1.870905E+3	8.410900E-5	NaN	3.999900E+2	3.999900E+2
1.887324E+3	8.410500E-5	NaN	4.000000E+2	4.000000E+2
1.903820E+3	8.411600E-5	NaN	4.000200E+2	4.000200E+2
1.919923E+3	8.408400E-5	NaN	4.000000E+2	4.000000E+2
1.936058E+3	8.405100E-5	NaN	3.999900E+2	3.999900E+2
1.952660E+3	8.406500E-5	NaN	3.999900E+2	3.999900E+2
1.968774E+3	8.407300E-5	NaN	4.000000E+2	4.000000E+2
1.985119E+3	8.408900E-5	NaN	4.000200E+2	4.000200E+2
2.001603E+3	8.406900E-5	NaN	4.000000E+2	4.000000E+2
2.017739E+3	8.404800E-5	NaN	4.000000E+2	4.000000E+2
2.034583E+3	8.405300E-5	NaN	4.000000E+2	4.000000E+2
2.050457E+3	8.405300E-5	NaN	4.000000E+2	4.000000E+2
2.066598E+3	8.405000E-5	NaN	3.999900E+2	3.999900E+2
2.083628E+3	8.404100E-5	NaN	4.000000E+2	4.000000E+2
2.099777E+3	8.404600E-5	NaN	4.000000E+2	4.000000E+2
2.115784E+3	8.403800E-5	NaN	4.000200E+2	4.000200E+2
2.131952E+3	8.407600E-5	NaN	4.000000E+2	4.000000E+2
2.148626E+3	8.405000E-5	NaN	3.999800E+2	3.999800E+2
2.164569E+3	8.408300E-5	NaN	3.999900E+2	3.999900E+2
2.180844E+3	8.409800E-5	NaN	4.000100E+2	4.000100E+2
2.197057E+3	8.413500E-5	NaN	4.000100E+2	4.000100E+2
2.213618E+3	8.409700E-5	NaN	4.000100E+2	4.000100E+2
2.229581E+3	8.408100E-5	NaN	3.999900E+2	3.999900E+2
2.246135E+3	8.411100E-5	NaN	4.000000E+2	4.000000E+2
2.262793E+3	8.412200E-5	NaN	4.000000E+2	4.000000E+2
2.278831E+3	8.410600E-5	NaN	4.000100E+2	4.000100E+2
2.295183E+3	8.408300E-5	NaN	4.000100E+2	4.000100E+2
2.312559E+3	8.406400E-5	NaN	4.000000E+2	4.000000E+2
2.329548E+3	8.407000E-5	NaN	4.000000E+2	4.000000E+2
2.346550E+3	8.407200E-5	NaN	4.000100E+2	4.000100E+2
2.362465E+3	8.406600E-5	NaN	4.000000E+2	4.000000E+2
2.378524E+3	8.406400E-5	NaN	4.000000E+2	4.000000E+2
2.394551E+3	8.406200E-5	NaN	4.000000E+2	4.000000E+2
2.411547E+3	8.406500E-5	NaN	4.000100E+2	4.000100E+2
2.428381E+3	8.405300E-5	NaN	3.999900E+2	3.999900E+2
2.444382E+3	8.405700E-5	NaN	4.000200E+2	4.000200E+2
2.460323E+3	8.402000E-5	NaN	3.999800E+2	3.999800E+2
2.476708E+3	8.405100E-5	NaN	3.999900E+2	3.999900E+2
2.492928E+3	8.408200E-5	NaN	4.000000E+2	4.000000E+2
2.509652E+3	8.411000E-5	NaN	4.000100E+2	4.000100E+2
2.525611E+3	8.409900E-5	NaN	4.000000E+2	4.000000E+2
2.541693E+3	8.407400E-5	NaN	4.000000E+2	4.000000E+2
2.558260E+3	8.409200E-5	NaN	3.999800E+2	3.999800E+2
2.575404E+3	8.412300E-5	NaN	4.000100E+2	4.000100E+2
2.592051E+3	8.414200E-5	NaN	4.000200E+2	4.000200E+2
2.607913E+3	8.409200E-5	NaN	4.000100E+2	4.000100E+2
2.623976E+3	8.405600E-5	NaN	4.000000E+2	4.000000E+2
2.640349E+3	8.405000E-5	NaN	3.999800E+2	3.999800E+2
2.656628E+3	8.409400E-5	NaN	4.000000E+2	4.000000E+2
2.672938E+3	8.409400E-5	NaN	4.000100E+2	4.000100E+2
2.689445E+3	8.408000E-5	NaN	4.000000E+2	4.000000E+2
2.705900E+3	8.407100E-5	NaN	4.000000E+2	4.000000E+2
2.723142E+3	8.404500E-5	NaN	4.000100E+2	4.000100E+2
2.739521E+3	8.401400E-5	NaN	3.999900E+2	3.999900E+2
2.756126E+3	8.403100E-5	NaN	3.999900E+2	3.999900E+2
2.772032E+3	8.404800E-5	NaN	4.000100E+2	4.000100E+2
2.788276E+3	8.405100E-5	NaN	4.000000E+2	4.000000E+2
2.804789E+3	8.405300E-5	NaN	4.000100E+2	4.000100E+2
2.821188E+3	8.405600E-5	NaN	4.000000E+2	4.000000E+2
2.837472E+3	8.404500E-5	NaN	4.000100E+2	4.000100E+2
2.853310E+3	8.403900E-5	NaN	4.000000E+2	4.000000E+2
2.869517E+3	8.404300E-5	NaN	4.000100E+2	4.000100E+2
2.885807E+3	8.402000E-5	NaN	4.000000E+2	4.000000E+2
2.902839E+3	8.398700E-5	NaN	4.000000E+2	4.000000E+2
2.919896E+3	8.398000E-5	NaN	3.999900E+2	3.999900E+2
2.936239E+3	8.401300E-5	NaN	4.000100E+2	4.000100E+2
2.952035E+3	8.400600E-5	NaN	4.000000E+2	4.000000E+2
2.974021E+3	8.401600E-5	NaN	3.999900E+2	3.999900E+2
2.989876E+3	8.405700E-5	NaN	3.999900E+2	3.999900E+2
3.006236E+3	8.410900E-5	NaN	4.000000E+2	4.000000E+2
3.022392E+3	8.411200E-5	NaN	4.000100E+2	4.000100E+2
3.038745E+3	8.407700E-5	NaN	4.000100E+2	4.000100E+2
3.055615E+3	8.404400E-5	NaN	4.000000E+2	4.000000E+2
3.072341E+3	8.404600E-5	NaN	3.999900E+2	3.999900E+2
3.089035E+3	8.406600E-5	NaN	3.999900E+2	3.999900E+2
3.105232E+3	8.406300E-5	NaN	3.999900E+2	3.999900E+2
3.121935E+3	8.406900E-5	NaN	4.000000E+2	4.000000E+2
3.138359E+3	8.407900E-5	NaN	4.000200E+2	4.000200E+2
3.155009E+3	8.406300E-5	NaN	3.999900E+2	3.999900E+2
3.171076E+3	8.404100E-5	NaN	3.999800E+2	3.999800E+2
3.186908E+3	8.410500E-5	NaN	3.999900E+2	3.999900E+2
3.203035E+3	8.413800E-5	NaN	4.000000E+2	4.000000E+2
3.219357E+3	8.409800E-5	NaN	4.000100E+2	4.000100E+2
3.235357E+3	8.409600E-5	NaN	4.000000E+2	4.000000E+2
3.251915E+3	8.408700E-5	NaN	3.999900E+2	3.999900E+2
3.268060E+3	8.408900E-5	NaN	4.000100E+2	4.000100E+2
3.284064E+3	8.408100E-5	NaN	4.000000E+2	4.000000E+2
3.300214E+3	8.407100E-5	NaN	4.000000E+2	4.000000E+2
3.317453E+3	8.406700E-5	NaN	3.999900E+2	3.999900E+2
3.334002E+3	8.409000E-5	NaN	3.999900E+2	3.999900E+2
3.350135E+3	8.410200E-5	NaN	4.000000E+2	4.000000E+2
3.366037E+3	8.409200E-5	NaN	4.000100E+2	4.000100E+2
3.382073E+3	8.408100E-5	NaN	4.000100E+2	4.000100E+2
3.398271E+3	8.405700E-5	NaN	4.000100E+2	4.000100E+2
3.414901E+3	8.403900E-5	NaN	3.999900E+2	3.999900E+2
3.431205E+3	8.406000E-5	NaN	3.999800E+2	3.999800E+2
3.447171E+3	8.408600E-5	NaN	3.999900E+2	3.999900E+2
3.463503E+3	8.411000E-5	NaN	3.999900E+2	3.999900E+2
3.481176E+3	8.413800E-5	NaN	4.000000E+2	4.000000E+2
3.497212E+3	8.412600E-5	NaN	4.000100E+2	4.000100E+2
3.513704E+3	8.409500E-5	NaN	3.999900E+2	3.999900E+2
3.529794E+3	8.407800E-5	NaN	4.000100E+2	4.000100E+2
3.546328E+3	8.408600E-5	NaN	4.000300E+2	4.000300E+2
3.562904E+3	8.405600E-5	NaN	4.000000E+2	4.000000E+2
3.578993E+3	8.401100E-5	NaN	3.999800E+2	3.999800E+2
3.595475E+3	8.405000E-5	NaN	3.999800E+2	3.999800E+2
3.611640E+3	8.410100E-5	NaN	3.999900E+2	3.999900E+2
3.627957E+3	8.413500E-5	NaN	4.000100E+2	4.000100E+2
3.644764E+3	8.411100E-5	NaN	4.000200E+2	4.000200E+2
3.661382E+3	8.405900E-5	NaN	4.000000E+2	4.000000E+2
3.678297E+3	8.405200E-5	NaN	4.000100E+2	4.000100E+2
3.694209E+3	8.404400E-5	NaN	3.999900E+2	3.999900E+2
3.710427E+3	8.404600E-5	NaN	4.000000E+2	4.000000E+2
3.727391E+3	8.406900E-5	NaN	4.000100E+2	4.000100E+2
3.743959E+3	8.408800E-5	NaN	3.999900E+2	3.999900E+2
3.759988E+3	8.410000E-5	NaN	3.999900E+2	3.999900E+2
3.776337E+3	8.411600E-5	NaN	4.000000E+2	4.000000E+2
3.792868E+3	8.412100E-5	NaN	4.000100E+2	4.000100E+2
3.808782E+3	8.409800E-5	NaN	3.999900E+2	3.999900E+2
3.825853E+3	8.411100E-5	NaN	4.000000E+2	4.000000E+2
3.842613E+3	8.411500E-5	NaN	3.999900E+2	3.999900E+2
3.858744E+3	8.415600E-5	NaN	4.000000E+2	4.000000E+2
3.874753E+3	8.454900E-5	NaN	4.000000E+2	4.000000E+2
3.891702E+3	8.467600E-5	NaN	4.000000E+2	4.000000E+2
3.907921E+3	8.463300E-5	NaN	4.000100E+2	4.000100E+2
3.923813E+3	8.473800E-5	NaN	4.000000E+2	4.000000E+2
3.939964E+3	8.469300E-5	NaN	4.000000E+2	4.000000E+2
3.957023E+3	8.461400E-5	NaN	3.999900E+2	3.999900E+2
3.973295E+3	8.457400E-5	NaN	4.000000E+2	4.000000E+2
3.989769E+3	8.459800E-5	NaN	4.000000E+2	4.000000E+2
4.005993E+3	8.459700E-5	NaN	4.000100E+2	4.000100E+2
4.021917E+3	8.469200E-5	NaN	4.000000E+2	4.000000E+2
4.038036E+3	8.469300E-5	NaN	4.000000E+2	4.000000E+2
4.054681E+3	8.468000E-5	NaN	4.000000E+2	4.000000E+2
4.071306E+3	8.469200E-5	NaN	4.000000E+2	4.000000E+2
4.087550E+3	8.468800E-5	NaN	4.000000E+2	4.000000E+2
4.103800E+3	8.468000E-5	NaN	3.999900E+2	3.999900E+2
4.119978E+3	8.466500E-5	NaN	4.000000E+2	4.000000E+2
4.136162E+3	8.460800E-5	NaN	4.000000E+2	4.000000E+2
4.152306E+3	8.466700E-5	NaN	4.000000E+2	4.000000E+2
4.168272E+3	8.472700E-5	NaN	4.000100E+2	4.000000E+2
4.184451E+3	8.472300E-5	NaN	4.000000E+2	4.000000E+2
4.200447E+3	8.456200E-5	NaN	4.000000E+2	4.000000E+2
4.216346E+3	8.457800E-5	NaN	4.000000E+2	4.000000E+2
4.233939E+3	8.457100E-5	NaN	4.000000E+2	4.000000E+2
4.250021E+3	8.458200E-5	NaN	4.000000E+2	4.000000E+2
4.266607E+3	8.458600E-5	NaN	4.000000E+2	4.000000E+2
4.283284E+3	8.459000E-5	NaN	4.000000E+2	4.000000E+2
4.300725E+3	8.460600E-5	NaN	4.000000E+2	4.000000E+2
4.316866E+3	8.458600E-5	NaN	3.999900E+2	3.999900E+2
4.332898E+3	8.461400E-5	NaN	4.000100E+2	4.000100E+2
4.349438E+3	8.460200E-5	NaN	4.000200E+2	4.000200E+2
4.366336E+3	8.457600E-5	NaN	4.000000E+2	4.000000E+2
4.382406E+3	8.457900E-5	NaN	4.000100E+2	4.000100E+2
4.398359E+3	8.455600E-5	NaN	3.999900E+2	3.999900E+2
4.414743E+3	8.456800E-5	NaN	3.999900E+2	3.999900E+2
4.431391E+3	8.458100E-5	NaN	4.000000E+2	4.000000E+2
4.448253E+3	8.456700E-5	NaN	4.000100E+2	4.000100E+2
4.464276E+3	8.455000E-5	NaN	3.999900E+2	3.999900E+2
4.480415E+3	8.453600E-5	NaN	3.999900E+2	3.999900E+2
4.496688E+3	8.454400E-5	NaN	4.000100E+2	4.000100E+2
4.513277E+3	8.453700E-5	NaN	4.000000E+2	4.000000E+2
4.529973E+3	8.454800E-5	NaN	3.999900E+2	3.999900E+2
4.546126E+3	8.453900E-5	NaN	4.000000E+2	4.000000E+2
4.562084E+3	8.449800E-5	NaN	4.000000E+2	4.000000E+2
4.578031E+3	8.451500E-5	NaN	4.000000E+2	4.000000E+2
4.594640E+3	8.448600E-5	NaN	4.000000E+2	4.000000E+2
4.611260E+3	8.443900E-5	NaN	4.000000E+2	4.000000E+2
4.627356E+3	8.444400E-5	NaN	4.000100E+2	4.000100E+2
4.643368E+3	8.442300E-5	NaN	3.999900E+2	3.999900E+2
4.659222E+3	8.442000E-5	NaN	4.000000E+2	4.000000E+2
4.675864E+3	8.442900E-5	NaN	4.000000E+2	4.000000E+2
4.691644E+3	8.444000E-5	NaN	4.000000E+2	4.000000E+2
4.708103E+3	8.443200E-5	NaN	4.000000E+2	4.000000E+2
4.724144E+3	8.443900E-5	NaN	3.999800E+2	3.999800E+2
4.740396E+3	8.445900E-5	NaN	3.999900E+2	3.999900E+2
4.757294E+3	8.449000E-5	NaN	4.000100E+2	4.000100E+2
4.773334E+3	8.448400E-5	NaN	4.000100E+2	4.000100E+2
4.789386E+3	8.446900E-5	NaN	4.000000E+2	4.000000E+2
4.805675E+3	8.445900E-5	NaN	4.000100E+2	4.000100E+2
4.821919E+3	8.446600E-5	NaN	4.000200E+2	4.000200E+2
4.838575E+3	8.440800E-5	NaN	4.000000E+2	4.000000E+2
4.856036E+3	8.439000E-5	NaN	4.000100E+2	4.000100E+2
4.873337E+3	8.437200E-5	NaN	3.999900E+2	3.999900E+2
4.889654E+3	8.438400E-5	NaN	3.999900E+2	3.999900E+2
4.906171E+3	8.441800E-5	NaN	3.999900E+2	3.999900E+2
4.922665E+3	8.445000E-5	NaN	4.000100E+2	4.000100E+2
4.938900E+3	8.443300E-5	NaN	4.000100E+2	4.000100E+2
4.955131E+3	8.438500E-5	NaN	4.000100E+2	4.000100E+2
4.971272E+3	8.434500E-5	NaN	3.999900E+2	3.999900E+2
4.987270E+3	8.435800E-5	NaN	3.999900E+2	3.999900E+2
5.004006E+3	8.441700E-5	NaN	4.000000E+2	4.000000E+2
5.020973E+3	8.443200E-5	NaN	4.000100E+2	4.000100E+2
5.037019E+3	8.441200E-5	NaN	4.000100E+2	4.000100E+2
5.052985E+3	8.438800E-5	NaN	4.000000E+2	4.000000E+2
5.069136E+3	8.438200E-5	NaN	4.000000E+2	4.000000E+2
5.085140E+3	8.438600E-5	NaN	3.999800E+2	3.999800E+2
5.102217E+3	8.440500E-5	NaN	4.000000E+2	4.000000E+2
5.118147E+3	8.442200E-5	NaN	4.000000E+2	4.000000E+2
5.134219E+3	8.442000E-5	NaN	4.000100E+2	4.000100E+2
5.150531E+3	8.440300E-5	NaN	4.000200E+2	4.000200E+2
5.167174E+3	8.435800E-5	NaN	4.000000E+2	4.000000E+2
5.183786E+3	8.436400E-5	NaN	4.000000E+2	4.000000E+2
5.199962E+3	8.436500E-5	NaN	3.999900E+2	3.999900E+2
5.216084E+3	8.438100E-5	NaN	3.999900E+2	3.999900E+2
5.232316E+3	8.438700E-5	NaN	4.000000E+2	4.000000E+2
5.248692E+3	8.439500E-5	NaN	4.000000E+2	4.000000E+2
5.265068E+3	8.439700E-5	NaN	4.000000E+2	4.000000E+2
5.281742E+3	8.434900E-5	NaN	4.000000E+2	4.000000E+2
5.298075E+3	8.434800E-5	NaN	4.000000E+2	4.000000E+2
5.314388E+3	8.433600E-5	NaN	4.000000E+2	4.000000E+2
5.330196E+3	8.434100E-5	NaN	3.999900E+2	3.999900E+2
5.347576E+3	8.437300E-5	NaN	4.000000E+2	4.000000E+2
5.363485E+3	8.437500E-5	NaN	4.000000E+2	4.000000E+2
5.379365E+3	8.438000E-5	NaN	4.000100E+2	4.000100E+2
5.395857E+3	8.435200E-5	NaN	3.999900E+2	3.999900E+2
5.412105E+3	8.435600E-5	NaN	3.999900E+2	3.999900E+2
5.428585E+3	8.438200E-5	NaN	4.000100E+2	4.000100E+2
5.444605E+3	8.437300E-5	NaN	4.000200E+2	4.000200E+2
5.460786E+3	8.434000E-5	NaN	4.000000E+2	4.000000E+2
5.477079E+3	8.433400E-5	NaN	3.999900E+2	3.999900E+2
5.493602E+3	8.434200E-5	NaN	4.000000E+2	4.000000E+2
5.509872E+3	8.434800E-5	NaN	3.999900E+2	3.999900E+2
5.525981E+3	8.435500E-5	NaN	4.000000E+2	4.000000E+2
5.542632E+3	8.438900E-5	NaN	4.000100E+2	4.000100E+2
5.559066E+3	8.438100E-5	NaN	4.000000E+2	4.000000E+2
5.575063E+3	8.438300E-5	NaN	4.000100E+2	4.000100E+2
5.591319E+3	8.436900E-5	NaN	3.999900E+2	3.999900E+2
5.607402E+3	8.435600E-5	NaN	4.000100E+2	4.000100E+2
5.623779E+3	8.436100E-5	NaN	4.000100E+2	4.000100E+2
5.640142E+3	8.433800E-5	NaN	3.999900E+2	3.999900E+2
5.656401E+3	8.434800E-5	NaN	3.999900E+2	3.999900E+2
5.672856E+3	8.435400E-5	NaN	4.000000E+2	4.000000E+2
5.689053E+3	8.435400E-5	NaN	4.000000E+2	4.000000E+2
5.705303E+3	8.435000E-5	NaN	4.000000E+2	4.000000E+2
5.721488E+3	8.435400E-5	NaN	4.000000E+2	4.000000E+2
5.738261E+3	8.435800E-5	NaN	4.000000E+2	4.000000E+2
5.754867E+3	8.434400E-5	NaN	4.000100E+2	4.000100E+2
5.770940E+3	8.433500E-5	NaN	4.000000E+2	4.000000E+2
5.786832E+3	8.434100E-5	NaN	4.000000E+2	4.000000E+2
5.802955E+3	8.436500E-5	NaN	3.999900E+2	3.999900E+2
5.819494E+3	8.439100E-5	NaN	4.000100E+2	4.000100E+2
5.836000E+3	8.437700E-5	NaN	4.000100E+2	4.000100E+2
5.852257E+3	8.436300E-5	NaN	4.000100E+2	4.000100E+2
5.868455E+3	8.435000E-5	NaN	4.000000E+2	4.000000E+2
5.884492E+3	8.433400E-5	NaN	4.000000E+2	4.000000E+2
5.901860E+3	8.434000E-5	NaN	3.999900E+2	3.999900E+2
5.918262E+3	8.436100E-5	NaN	4.000100E+2	4.000100E+2
5.934618E+3	8.436600E-5	NaN	4.000000E+2	4.000000E+2
5.950932E+3	8.436300E-5	NaN	4.000100E+2	4.000100E+2
5.967229E+3	8.435800E-5	NaN	4.000100E+2	4.000100E+2
5.983302E+3	8.433800E-5	NaN	4.000100E+2	4.000100E+2
6.000086E+3	8.431500E-5	NaN	4.000000E+2	4.000000E+2
6.015908E+3	8.429400E-5	NaN	4.000000E+2	4.000000E+2
6.032299E+3	8.430300E-5	NaN	3.999800E+2	3.999800E+2
6.048497E+3	8.434800E-5	NaN	4.000000E+2	4.000000E+2
6.065158E+3	8.435800E-5	NaN	4.000100E+2	4.000100E+2
6.082665E+3	8.435900E-5	NaN	4.000100E+2	4.000100E+2
6.098582E+3	8.433700E-5	NaN	4.000100E+2	4.000100E+2
6.114916E+3	8.431100E-5	NaN	4.000000E+2	4.000000E+2
6.130842E+3	8.424000E-5	NaN	3.999900E+2	3.999900E+2
6.147559E+3	8.421900E-5	NaN	4.000100E+2	4.000100E+2
6.164199E+3	8.423400E-5	NaN	4.000100E+2	4.000100E+2
6.180116E+3	8.424800E-5	NaN	4.000100E+2	4.000100E+2
6.196131E+3	8.422500E-5	NaN	4.000000E+2	4.000000E+2
6.212338E+3	8.418900E-5	NaN	3.999900E+2	3.999900E+2
6.228311E+3	8.417900E-5	NaN	4.000100E+2	4.000100E+2
6.245562E+3	8.415300E-5	NaN	4.000000E+2	4.000000E+2
6.261369E+3	8.413500E-5	NaN	4.000000E+2	4.000000E+2
6.277982E+3	8.414100E-5	NaN	3.999800E+2	3.999800E+2
6.294105E+3	8.417500E-5	NaN	3.999900E+2	3.999900E+2
6.311065E+3	8.418300E-5	NaN	4.000200E+2	4.000200E+2
6.328027E+3	8.415300E-5	NaN	4.000000E+2	4.000000E+2
6.344085E+3	8.414600E-5	NaN	4.000000E+2	4.000000E+2
6.360403E+3	8.412300E-5	NaN	4.000000E+2	4.000000E+2
6.376772E+3	8.414700E-5	NaN	4.000000E+2	4.000000E+2
6.393992E+3	8.415200E-5	NaN	4.000100E+2	4.000100E+2
6.410781E+3	8.415200E-5	NaN	4.000100E+2	4.000100E+2
6.426911E+3	8.411800E-5	NaN	4.000000E+2	4.000000E+2
6.443039E+3	8.411300E-5	NaN	4.000000E+2	4.000000E+2
6.459299E+3	8.412500E-5	NaN	4.000100E+2	4.000100E+2
6.475275E+3	8.413900E-5	NaN	4.000000E+2	4.000000E+2
6.492123E+3	8.413200E-5	NaN	4.000000E+2	4.000000E+2
6.508758E+3	8.415800E-5	NaN	4.000000E+2	4.000000E+2
6.525006E+3	8.417100E-5	NaN	4.000100E+2	4.000100E+2
6.541379E+3	8.415900E-5	NaN	4.000000E+2	4.000000E+2
6.557473E+3	8.413800E-5	NaN	3.999900E+2	3.999900E+2
6.574346E+3	8.416700E-5	NaN	4.000000E+2	4.000000E+2
6.590363E+3	8.418000E-5	NaN	3.999900E+2	3.999900E+2
6.606571E+3	8.419600E-5	NaN	4.000100E+2	4.000100E+2
6.622725E+3	8.420100E-5	NaN	4.000100E+2	4.000100E+2
6.639455E+3	8.418000E-5	NaN	4.000200E+2	4.000200E+2
6.656736E+3	8.414000E-5	NaN	4.000000E+2	4.000000E+2
6.672809E+3	8.413200E-5	NaN	3.999900E+2	3.999900E+2
6.689292E+3	8.413800E-5	NaN	4.000100E+2	4.000100E+2
6.705496E+3	8.414300E-5	NaN	4.000000E+2	4.000000E+2
6.722015E+3	8.415600E-5	NaN	4.000000E+2	4.000000E+2
6.738700E+3	8.415600E-5	NaN	4.000000E+2	4.000000E+2
6.754794E+3	8.411600E-5	NaN	4.000000E+2	4.000000E+2
6.770971E+3	8.413000E-5	NaN	3.999900E+2	3.999900E+2
6.787604E+3	8.415000E-5	NaN	4.000100E+2	4.000100E+2
6.803580E+3	8.414600E-5	NaN	4.000000E+2	4.000000E+2
6.819942E+3	8.413700E-5	NaN	4.000000E+2	4.000000E+2
6.835763E+3	8.413200E-5	NaN	4.000200E+2	4.000200E+2
6.851799E+3	8.411500E-5	NaN	4.000100E+2	4.000100E+2
6.868713E+3	8.409700E-5	NaN	4.000000E+2	4.000000E+2
6.886105E+3	8.412000E-5	NaN	4.000100E+2	4.000100E+2
6.902677E+3	8.411000E-5	NaN	3.999900E+2	3.999900E+2
6.919344E+3	8.410600E-5	NaN	4.000000E+2	4.000000E+2
6.935987E+3	8.402800E-5	NaN	3.999900E+2	3.999900E+2
6.952046E+3	8.402700E-5	NaN	4.000000E+2	4.000000E+2
6.968477E+3	8.404100E-5	NaN	4.000000E+2	4.000000E+2
6.985126E+3	8.404500E-5	NaN	3.999900E+2	3.999900E+2
7.001621E+3	8.404200E-5	NaN	4.000000E+2	4.000000E+2
7.018083E+3	8.401800E-5	NaN	3.999900E+2	3.999900E+2
7.033943E+3	8.402100E-5	NaN	4.000000E+2	4.000000E+2
7.049897E+3	8.400800E-5	NaN	3.999900E+2	3.999900E+2
7.066599E+3	8.399900E-5	NaN	3.999900E+2	3.999900E+2
7.082902E+3	8.402300E-5	NaN	4.000100E+2	4.000100E+2
7.100013E+3	8.400700E-5	NaN	4.000000E+2	4.000000E+2
7.116271E+3	8.399300E-5	NaN	3.999900E+2	3.999900E+2
7.133098E+3	8.401200E-5	NaN	4.000000E+2	4.000000E+2
7.150344E+3	8.402400E-5	NaN	4.000000E+2	4.000000E+2
7.166802E+3	8.404300E-5	NaN	4.000100E+2	4.000100E+2
7.182999E+3	8.403200E-5	NaN	4.000000E+2	4.000000E+2
7.199395E+3	8.404000E-5	NaN	4.000000E+2	4.000000E+2
7.215900E+3	8.404600E-5	NaN	4.000200E+2	4.000200E+2
7.232815E+3	8.402500E-5	NaN	4.000100E+2	4.000100E+2
7.249484E+3	8.399900E-5	NaN	4.000000E+2	4.000000E+2
7.265416E+3	8.399600E-5	NaN	4.000000E+2	4.000000E+2
7.281660E+3	8.399300E-5	NaN	4.000000E+2	4.000000E+2
7.298159E+3	8.400100E-5	NaN	4.000100E+2	4.000100E+2
7.314543E+3	8.396700E-5	NaN	4.000100E+2	4.000100E+2
7.331163E+3	8.395600E-5	NaN	3.999900E+2	3.999900E+2
7.347008E+3	8.398300E-5	NaN	3.999900E+2	3.999900E+2
7.363283E+3	8.401200E-5	NaN	4.000000E+2	4.000000E+2
7.379470E+3	8.403000E-5	NaN	4.000000E+2	4.000000E+2
7.396478E+3	8.401700E-5	NaN	4.000000E+2	4.000000E+2
7.413169E+3	8.400200E-5	NaN	4.000000E+2	4.000000E+2
7.429173E+3	8.398300E-5	NaN	4.000000E+2	4.000000E+2
7.445717E+3	8.397600E-5	NaN	4.000000E+2	4.000000E+2
7.461953E+3	8.396700E-5	NaN	4.000100E+2	4.000100E+2
7.478172E+3	8.398100E-5	NaN	3.999900E+2	3.999900E+2
7.494541E+3	8.399600E-5	NaN	4.000100E+2	4.000100E+2
7.510438E+3	8.399200E-5	NaN	4.000100E+2	4.000100E+2
7.526467E+3	8.397600E-5	NaN	4.000100E+2	4.000100E+2
7.542568E+3	8.396500E-5	NaN	4.000000E+2	4.000000E+2
7.559615E+3	8.397300E-5	NaN	4.000000E+2	4.000000E+2
7.575531E+3	8.400100E-5	NaN	4.000100E+2	4.000100E+2
7.592008E+3	8.398900E-5	NaN	4.000000E+2	4.000000E+2
7.608239E+3	8.395100E-5	NaN	4.000100E+2	4.000100E+2
7.624774E+3	8.393900E-5	NaN	4.000000E+2	4.000000E+2
7.641194E+3	8.393600E-5	NaN	4.000000E+2	4.000000E+2
7.657600E+3	8.394500E-5	NaN	4.000100E+2	4.000100E+2
7.674080E+3	8.395100E-5	NaN	4.000000E+2	4.000000E+2
7.690277E+3	8.396700E-5	NaN	4.000100E+2	4.000100E+2
7.706656E+3	8.395900E-5	NaN	4.000000E+2	4.000000E+2
7.723143E+3	8.395800E-5	NaN	4.000100E+2	4.000100E+2
7.739743E+3	8.396700E-5	NaN	4.000100E+2	4.000100E+2
7.755843E+3	8.394700E-5	NaN	4.000100E+2	4.000100E+2
7.772638E+3	8.393900E-5	NaN	4.000000E+2	4.000000E+2
7.788644E+3	8.394700E-5	NaN	3.999900E+2	3.999900E+2
7.805834E+3	8.396300E-5	NaN	4.000100E+2	4.000100E+2
7.822223E+3	8.395600E-5	NaN	3.999900E+2	3.999900E+2
7.838418E+3	8.400100E-5	NaN	4.000100E+2	4.000100E+2
7.854386E+3	8.399700E-5	NaN	4.000100E+2	4.000100E+2
7.870937E+3	8.398600E-5	NaN	4.000100E+2	4.000100E+2
7.886869E+3	8.396700E-5	NaN	4.000000E+2	4.000000E+2
7.904449E+3	8.398000E-5	NaN	3.999900E+2	3.999900E+2
7.920771E+3	8.398800E-5	NaN	4.000000E+2	4.000000E+2
7.936947E+3	8.398400E-5	NaN	3.999900E+2	3.999900E+2
7.954211E+3	8.400000E-5	NaN	4.000100E+2	4.000100E+2
7.970310E+3	8.397800E-5	NaN	4.000100E+2	4.000100E+2
7.987492E+3	8.394000E-5	NaN	3.999900E+2	3.999900E+2
8.004518E+3	8.394700E-5	NaN	4.000000E+2	4.000000E+2
8.020830E+3	8.394000E-5	NaN	4.000100E+2	4.000100E+2
8.037374E+3	8.394800E-5	NaN	3.999900E+2	3.999900E+2
8.053945E+3	8.395300E-5	NaN	4.000000E+2	4.000000E+2
8.071576E+3	8.394400E-5	NaN	3.999900E+2	3.999900E+2
8.087669E+3	8.395900E-5	NaN	4.000100E+2	4.000100E+2
8.103958E+3	8.396200E-5	NaN	4.000000E+2	4.000000E+2
8.120725E+3	8.394900E-5	NaN	3.999900E+2	3.999900E+2
8.137453E+3	8.396300E-5	NaN	4.000000E+2	4.000000E+2
8.155365E+3	8.397700E-5	NaN	4.000100E+2	4.000100E+2
8.171510E+3	8.395200E-5	NaN	3.999900E+2	3.999900E+2
8.187556E+3	8.395900E-5	NaN	4.000000E+2	4.000000E+2
8.204233E+3	8.396700E-5	NaN	4.000000E+2	4.000000E+2
8.220555E+3	8.396700E-5	NaN	3.999900E+2	3.999900E+2
8.236463E+3	8.397500E-5	NaN	4.000000E+2	4.000000E+2
8.252734E+3	8.397300E-5	NaN	4.000000E+2	4.000000E+2
8.268857E+3	8.395100E-5	NaN	3.999900E+2	3.999900E+2
8.285387E+3	8.395000E-5	NaN	4.000100E+2	4.000100E+2
8.301984E+3	8.392600E-5	NaN	4.000100E+2	4.000100E+2
8.318822E+3	8.392300E-5	NaN	4.000100E+2	4.000100E+2
8.334931E+3	8.390100E-5	NaN	3.999900E+2	3.999900E+2
8.351264E+3	8.388200E-5	NaN	4.000000E+2	4.000000E+2
8.367617E+3	8.389700E-5	NaN	4.000000E+2	4.000000E+2
8.384649E+3	8.389700E-5	NaN	4.000100E+2	4.000100E+2
8.401350E+3	8.389700E-5	NaN	4.000000E+2	4.000000E+2
8.417962E+3	8.390000E-5	NaN	4.000200E+2	4.000200E+2
8.434979E+3	8.387400E-5	NaN	4.000000E+2	4.000000E+2
8.451006E+3	8.387400E-5	NaN	4.000000E+2	4.000000E+2
8.466847E+3	8.385700E-5	NaN	4.000100E+2	4.000100E+2
8.483384E+3	8.381600E-5	NaN	3.999900E+2	3.999900E+2
8.499469E+3	8.383300E-5	NaN	3.999900E+2	3.999900E+2
8.515762E+3	8.387400E-5	NaN	4.000100E+2	4.000100E+2
8.531666E+3	8.387000E-5	NaN	4.000100E+2	4.000100E+2
8.547605E+3	8.384900E-5	NaN	3.999800E+2	3.999800E+2
8.563661E+3	8.386000E-5	NaN	4.000000E+2	4.000000E+2
8.579729E+3	8.386400E-5	NaN	4.000000E+2	4.000000E+2
8.596121E+3	8.385400E-5	NaN	4.000000E+2	4.000000E+2
8.612105E+3	8.387600E-5	NaN	4.000100E+2	4.000100E+2
8.628582E+3	8.386600E-5	NaN	4.000100E+2	4.000100E+2
8.645223E+3	8.383700E-5	NaN	4.000000E+2	4.000000E+2
8.661632E+3	8.384400E-5	NaN	4.000000E+2	4.000000E+2
8.678010E+3	8.386900E-5	NaN	3.999900E+2	3.999900E+2
8.694709E+3	8.390800E-5	NaN	4.000100E+2	4.000100E+2
8.710734E+3	8.391000E-5	NaN	4.000000E+2	4.000000E+2
8.727316E+3	8.389600E-5	NaN	4.000000E+2	4.000000E+2
8.743663E+3	8.390000E-5	NaN	4.000100E+2	4.000100E+2
8.759780E+3	8.389000E-5	NaN	4.000100E+2	4.000100E+2
8.776131E+3	8.387400E-5	NaN	4.000000E+2	4.000000E+2
8.794086E+3	8.387600E-5	NaN	4.000000E+2	4.000000E+2
8.810489E+3	8.387800E-5	NaN	4.000100E+2	4.000100E+2
8.826831E+3	8.386300E-5	NaN	4.000000E+2	4.000000E+2
8.842866E+3	8.382000E-5	NaN	4.000000E+2	4.000000E+2
8.859760E+3	8.383100E-5	NaN	3.999900E+2	3.999900E+2
8.876622E+3	8.382500E-5	NaN	4.000000E+2	4.000000E+2
8.892725E+3	8.383400E-5	NaN	4.000000E+2	4.000000E+2
8.909471E+3	8.382100E-5	NaN	3.999900E+2	3.999900E+2
8.925481E+3	8.381600E-5	NaN	4.000000E+2	4.000000E+2
8.942154E+3	8.382000E-5	NaN	4.000000E+2	4.000000E+2
8.959107E+3	8.381800E-5	NaN	4.000000E+2	4.000000E+2
8.975892E+3	8.383900E-5	NaN	4.000100E+2	4.000100E+2
8.991943E+3	8.384100E-5	NaN	4.000200E+2	4.000200E+2
9.008527E+3	8.380000E-5	NaN	4.000100E+2	4.000100E+2
9.024490E+3	8.380400E-5	NaN	3.999900E+2	3.999900E+2
9.041004E+3	8.378900E-5	NaN	3.999900E+2	3.999900E+2
9.057329E+3	8.381700E-5	NaN	4.000000E+2	4.000000E+2
9.074086E+3	8.382600E-5	NaN	4.000000E+2	4.000000E+2
9.090812E+3	8.383000E-5	NaN	4.000000E+2	4.000000E+2
9.107528E+3	8.381200E-5	NaN	4.000100E+2	4.000100E+2
9.124949E+3	8.381400E-5	NaN	3.999900E+2	3.999900E+2
9.141153E+3	8.381000E-5	NaN	4.000000E+2	4.000000E+2
9.157264E+3	8.382700E-5	NaN	4.000000E+2	4.000000E+2
9.173141E+3	8.382300E-5	NaN	3.999900E+2	3.999900E+2
9.189411E+3	8.383100E-5	NaN	4.000200E+2	4.000200E+2
9.205780E+3	8.382100E-5	NaN	4.000000E+2	4.000000E+2
9.221976E+3	8.380400E-5	NaN	4.000000E+2	4.000000E+2
9.238286E+3	8.380600E-5	NaN	4.000200E+2	4.000200E+2
9.255489E+3	8.379000E-5	NaN	3.999900E+2	3.999900E+2
9.272409E+3	8.379600E-5	NaN	4.000100E+2	4.000100E+2
9.289332E+3	8.380100E-5	NaN	4.000200E+2	4.000200E+2
9.310629E+3	8.376000E-5	NaN	3.999900E+2	3.999900E+2
9.326944E+3	8.376700E-5	NaN	3.999900E+2	3.999900E+2
9.342841E+3	8.379000E-5	NaN	4.000000E+2	4.000000E+2
9.359892E+3	8.379300E-5	NaN	4.000100E+2	4.000100E+2
9.376286E+3	8.379700E-5	NaN	4.000100E+2	4.000100E+2
9.392689E+3	8.378900E-5	NaN	4.000000E+2	4.000000E+2
9.408928E+3	8.379300E-5	NaN	4.000100E+2	4.000100E+2
9.425070E+3	8.378000E-5	NaN	4.000000E+2	4.000000E+2
9.441794E+3	8.376800E-5	NaN	4.000000E+2	4.000000E+2
9.458008E+3	8.377000E-5	NaN	4.000000E+2	4.000000E+2
9.473898E+3	8.377000E-5	NaN	4.000000E+2	4.000000E+2
9.490345E+3	8.377400E-5	NaN	4.000000E+2	4.000000E+2
9.506703E+3	8.377100E-5	NaN	4.000000E+2	4.000000E+2
9.523340E+3	8.377600E-5	NaN	4.000000E+2	4.000000E+2
9.541315E+3	8.379100E-5	NaN	4.000000E+2	4.000000E+2
9.557348E+3	8.380200E-5	NaN	4.000000E+2	4.000000E+2
9.573861E+3	8.379100E-5	NaN	4.000100E+2	4.000100E+2
9.590105E+3	8.376600E-5	NaN	3.999900E+2	3.999900E+2
9.607138E+3	8.374400E-5	NaN	4.000000E+2	4.000000E+2
9.623111E+3	8.376700E-5	NaN	4.000000E+2	4.000000E+2
9.639212E+3	8.379200E-5	NaN	4.000000E+2	4.000000E+2
9.655403E+3	8.379800E-5	NaN	4.000100E+2	4.000100E+2
9.672416E+3	8.380200E-5	NaN	3.999800E+2	3.999800E+2
9.689232E+3	8.382000E-5	NaN	4.000000E+2	4.000000E+2
9.705810E+3	8.383100E-5	NaN	4.000000E+2	4.000000E+2
9.721849E+3	8.381300E-5	NaN	4.000000E+2	4.000000E+2
9.738265E+3	8.379700E-5	NaN	4.000000E+2	4.000000E+2
9.754200E+3	8.378900E-5	NaN	4.000000E+2	4.000000E+2
9.770663E+3	8.379300E-5	NaN	4.000000E+2	4.000000E+2
9.788096E+3	8.380000E-5	NaN	3.999900E+2	3.999900E+2
9.803995E+3	8.380600E-5	NaN	4.000000E+2	4.000000E+2
9.819832E+3	8.383000E-5	NaN	4.000000E+2	4.000000E+2
9.836221E+3	8.382900E-5	NaN	3.999900E+2	3.999900E+2
9.852323E+3	8.385500E-5	NaN	4.000100E+2	4.000100E+2
9.869380E+3	8.384300E-5	NaN	4.000100E+2	4.000100E+2
9.886195E+3	8.382500E-5	NaN	3.999900E+2	3.999900E+2
9.902257E+3	8.384000E-5	NaN	3.999900E+2	3.999900E+2
9.918483E+3	8.384400E-5	NaN	4.000000E+2	4.000000E+2
9.934879E+3	8.380100E-5	NaN	4.000200E+2	4.000200E+2
9.950881E+3	8.374300E-5	NaN	4.000000E+2	4.000000E+2
9.966966E+3	8.371800E-5	NaN	3.999900E+2	3.999900E+2
9.983005E+3	8.372100E-5	NaN	3.999900E+2	3.999900E+2
9.998966E+3	8.374400E-5	NaN	4.000100E+2	4.000100E+2
1.001594E+4	8.372900E-5	NaN	3.999900E+2	3.999900E+2
1.003275E+4	8.374500E-5	NaN	4.000000E+2	4.000000E+2
1.004865E+4	8.375900E-5	NaN	4.000100E+2	4.000100E+2
1.006454E+4	8.373700E-5	NaN	4.000000E+2	4.000000E+2
1.008043E+4	8.374500E-5	NaN	4.000000E+2	4.000000E+2
1.009645E+4	8.373600E-5	NaN	3.999900E+2	3.999900E+2
1.011350E+4	8.375000E-5	NaN	4.000000E+2	4.000000E+2
1.012962E+4	8.373800E-5	NaN	4.000100E+2	4.000100E+2
1.014598E+4	8.376700E-5	NaN	4.000100E+2	4.000100E+2
1.016209E+4	8.373300E-5	NaN	3.999900E+2	3.999900E+2
1.017823E+4	8.375100E-5	NaN	3.999900E+2	3.999900E+2
1.019432E+4	8.377200E-5	NaN	3.999900E+2	3.999900E+2
1.021102E+4	8.373600E-5	NaN	4.000100E+2	4.000100E+2
1.022718E+4	8.372300E-5	NaN	4.000000E+2	4.000000E+2
1.024321E+4	8.372000E-5	NaN	3.999900E+2	3.999900E+2
1.026003E+4	8.374400E-5	NaN	3.999900E+2	3.999900E+2
1.027823E+4	8.376800E-5	NaN	4.000000E+2	4.000000E+2
1.029499E+4	8.374500E-5	NaN	3.999900E+2	3.999900E+2
1.031083E+4	8.372800E-5	NaN	4.000100E+2	4.000100E+2
1.032684E+4	8.370500E-5	NaN	4.000000E+2	4.000000E+2
1.034331E+4	8.369800E-5	NaN	4.000000E+2	4.000000E+2
1.036042E+4	8.372900E-5	NaN	3.999900E+2	3.999900E+2
1.037659E+4	8.376200E-5	NaN	4.000100E+2	4.000100E+2
1.039272E+4	8.376900E-5	NaN	3.999900E+2	3.999900E+2
1.040874E+4	8.377800E-5	NaN	4.000100E+2	4.000100E+2
1.042561E+4	8.376700E-5	NaN	4.000200E+2	4.000200E+2
1.044258E+4	8.373400E-5	NaN	4.000000E+2	4.000000E+2
1.045887E+4	8.374100E-5	NaN	3.999900E+2	3.999900E+2
1.047524E+4	8.376300E-5	NaN	3.999900E+2	3.999900E+2
1.049145E+4	8.378300E-5	NaN	4.000000E+2	4.000000E+2
1.050788E+4	8.379500E-5	NaN	4.000000E+2	4.000000E+2
1.052489E+4	8.378800E-5	NaN	4.000100E+2	4.000100E+2
1.054080E+4	8.377000E-5	NaN	4.000000E+2	4.000000E+2
1.055699E+4	8.378900E-5	NaN	3.999900E+2	3.999900E+2
1.057297E+4	8.383800E-5	NaN	4.000000E+2	4.000000E+2
1.058985E+4	8.380800E-5	NaN	4.000000E+2	4.000000E+2
1.060703E+4	8.382600E-5	NaN	4.000000E+2	4.000000E+2
1.062312E+4	8.382800E-5	NaN	4.000100E+2	4.000100E+2
1.063929E+4	8.382900E-5	NaN	4.000100E+2	4.000100E+2
1.065586E+4	8.379800E-5	NaN	4.000000E+2	4.000000E+2
1.067232E+4	8.377600E-5	NaN	4.000000E+2	4.000000E+2
1.068853E+4	8.379300E-5	NaN	4.000000E+2	4.000000E+2
1.070608E+4	8.381100E-5	NaN	4.000000E+2	4.000000E+2
1.072212E+4	8.381800E-5	NaN	4.000000E+2	4.000000E+2
1.073876E+4	8.382900E-5	NaN	4.000000E+2	4.000000E+2
1.075547E+4	8.381900E-5	NaN	3.999900E+2	3.999900E+2
1.077179E+4	8.382900E-5	NaN	4.000100E+2	4.000100E+2
1.078793E+4	8.385300E-5	NaN	3.999900E+2	3.999900E+2
1.080400E+4	8.385800E-5	NaN	4.000000E+2	4.000000E+2
1.082024E+4	8.384100E-5	NaN	4.000100E+2	4.000100E+2
1.083712E+4	8.383100E-5	NaN	4.000000E+2	4.000000E+2
1.085383E+4	8.380500E-5	NaN	4.000100E+2	4.000100E+2
1.087047E+4	8.379400E-5	NaN	3.999900E+2	3.999900E+2
1.088653E+4	8.381100E-5	NaN	4.000000E+2	4.000000E+2
1.090309E+4	8.381400E-5	NaN	4.000100E+2	4.000100E+2
1.092045E+4	8.380500E-5	NaN	4.000100E+2	4.000100E+2
1.093714E+4	8.380300E-5	NaN	4.000000E+2	4.000000E+2
1.095351E+4	8.377900E-5	NaN	4.000000E+2	4.000000E+2
1.097004E+4	8.380500E-5	NaN	4.000000E+2	4.000000E+2
1.098621E+4	8.379800E-5	NaN	4.000000E+2	4.000000E+2
1.100264E+4	8.375200E-5	NaN	3.999900E+2	3.999900E+2
1.102021E+4	8.374900E-5	NaN	4.000000E+2	4.000000E+2
1.103621E+4	8.376300E-5	NaN	4.000000E+2	4.000000E+2
1.105244E+4	8.376600E-5	NaN	3.999900E+2	3.999900E+2
1.106905E+4	8.380000E-5	NaN	4.000000E+2	4.000000E+2
1.108607E+4	8.378200E-5	NaN	4.000100E+2	4.000100E+2
1.110201E+4	8.373000E-5	NaN	4.000000E+2	4.000000E+2
1.111845E+4	8.370900E-5	NaN	4.000000E+2	4.000000E+2
1.113476E+4	8.374700E-5	NaN	3.999900E+2	3.999900E+2
1.115107E+4	8.374500E-5	NaN	3.999900E+2	3.999900E+2
1.116735E+4	8.375200E-5	NaN	4.000000E+2	4.000000E+2
1.118405E+4	8.373900E-5	NaN	4.000000E+2	4.000000E+2
1.120091E+4	8.373900E-5	NaN	4.000100E+2	4.000100E+2
1.121714E+4	8.372300E-5	NaN	4.000100E+2	4.000100E+2
1.123320E+4	8.369400E-5	NaN	3.999900E+2	3.999900E+2
1.124981E+4	8.370500E-5	NaN	3.999900E+2	3.999900E+2
1.126635E+4	8.373400E-5	NaN	4.000100E+2	4.000100E+2
1.128381E+4	8.373500E-5	NaN	4.000000E+2	4.000000E+2
1.129981E+4	8.375000E-5	NaN	4.000100E+2	4.000100E+2
1.131679E+4	8.374000E-5	NaN	4.000000E+2	4.000000E+2
1.133329E+4	8.374700E-5	NaN	4.000000E+2	4.000000E+2
1.135030E+4	8.374900E-5	NaN	4.000100E+2	4.000100E+2
1.136615E+4	8.373600E-5	NaN	4.000000E+2	4.000000E+2
1.138247E+4	8.372500E-5	NaN	3.999900E+2	3.999900E+2
1.139905E+4	8.374800E-5	NaN	3.999900E+2	3.999900E+2
1.141518E+4	8.378900E-5	NaN	4.000200E+2	4.000200E+2
1.143203E+4	8.374700E-5	NaN	4.000000E+2	4.000000E+2
1.144819E+4	8.373100E-5	NaN	3.999900E+2	3.999900E+2
1.146450E+4	8.374200E-5	NaN	4.000100E+2	4.000100E+2
1.148109E+4	8.374400E-5	NaN	3.999900E+2	3.999900E+2
1.149705E+4	8.375800E-5	NaN	4.000000E+2	4.000000E+2
1.151347E+4	8.374500E-5	NaN	4.000000E+2	4.000000E+2
1.152988E+4	8.373100E-5	NaN	4.000100E+2	4.000100E+2
1.154620E+4	8.371800E-5	NaN	4.000000E+2	4.000000E+2
1.156209E+4	8.372700E-5	NaN	4.000000E+2	4.000000E+2
1.157898E+4	8.374800E-5	NaN	4.000100E+2	4.000100E+2
1.159543E+4	8.374600E-5	NaN	4.000000E+2	4.000000E+2
1.161167E+4	8.374100E-5	NaN	4.000100E+2	4.000100E+2
1.162802E+4	8.373000E-5	NaN	4.000100E+2	4.000100E+2
1.164409E+4	8.373300E-5	NaN	3.999900E+2	3.999900E+2
1.166149E+4	8.374000E-5	NaN	3.999900E+2	3.999900E+2
1.167816E+4	8.377500E-5	NaN	4.000200E+2	4.000200E+2
1.169420E+4	8.373400E-5	NaN	4.000200E+2	4.000200E+2
1.171043E+4	8.372600E-5	NaN	3.999800E+2	3.999800E+2
1.172724E+4	8.373200E-5	NaN	4.000000E+2	4.000000E+2
1.174348E+4	8.374600E-5	NaN	3.999900E+2	3.999900E+2
1.176012E+4	8.374900E-5	NaN	4.000100E+2	4.000100E+2
1.177662E+4	8.371900E-5	NaN	4.000000E+2	4.000000E+2
1.179354E+4	8.373900E-5	NaN	4.000000E+2	4.000000E+2
1.181034E+4	8.372500E-5	NaN	4.000100E+2	4.000100E+2
1.182645E+4	8.372600E-5	NaN	3.999900E+2	3.999900E+2
1.184314E+4	8.372200E-5	NaN	4.000000E+2	4.000000E+2
1.185920E+4	8.373200E-5	NaN	3.999900E+2	3.999900E+2
1.187522E+4	8.375600E-5	NaN	4.000000E+2	4.000000E+2
1.189109E+4	8.374900E-5	NaN	4.000000E+2	4.000000E+2
1.190804E+4	8.375500E-5	NaN	4.000000E+2	4.000000E+2
1.192450E+4	8.375500E-5	NaN	4.000000E+2	4.000000E+2
1.194055E+4	8.374900E-5	NaN	4.000000E+2	4.000000E+2
1.195695E+4	8.372100E-5	NaN	3.999900E+2	3.999900E+2
1.197328E+4	8.374500E-5	NaN	3.999900E+2	3.999900E+2
1.198963E+4	8.377400E-5	NaN	4.000100E+2	4.000100E+2
1.200695E+4	8.375400E-5	NaN	4.000000E+2	4.000000E+2
1.202356E+4	8.372300E-5	NaN	3.999900E+2	3.999900E+2
1.203970E+4	8.374400E-5	NaN	4.000000E+2	4.000000E+2
1.205567E+4	8.375300E-5	NaN	4.000000E+2	4.000000E+2
1.207206E+4	8.378400E-5	NaN	4.000000E+2	4.000000E+2
1.208803E+4	8.376100E-5	NaN	4.000100E+2	4.000100E+2
1.210534E+4	8.375700E-5	NaN	4.000000E+2	4.000000E+2
1.212263E+4	8.375200E-5	NaN	4.000100E+2	4.000100E+2
1.213947E+4	8.372000E-5	NaN	4.000000E+2	4.000000E+2
1.215633E+4	8.371000E-5	NaN	4.000000E+2	4.000000E+2
1.217234E+4	8.371800E-5	NaN	4.000000E+2	4.000000E+2
1.218832E+4	8.371300E-5	NaN	4.000000E+2	4.000000E+2
1.220502E+4	8.372700E-5	NaN	4.000100E+2	4.000100E+2
1.222175E+4	8.372300E-5	NaN	3.999900E+2	3.999900E+2
1.223802E+4	8.373000E-5	NaN	4.000000E+2	4.000000E+2
1.225511E+4	8.376000E-5	NaN	4.000000E+2	4.000000E+2
1.227210E+4	8.372900E-5	NaN	4.000000E+2	4.000000E+2
1.228833E+4	8.375000E-5	NaN	4.000100E+2	4.000100E+2
1.230450E+4	8.376200E-5	NaN	4.000000E+2	4.000000E+2
1.232046E+4	8.373700E-5	NaN	4.000000E+2	4.000000E+2
1.233721E+4	8.376100E-5	NaN	4.000000E+2	4.000000E+2
1.235307E+4	8.374700E-5	NaN	4.000000E+2	4.000000E+2
1.236977E+4	8.373600E-5	NaN	4.000100E+2	4.000100E+2
1.238637E+4	8.372400E-5	NaN	4.000000E+2	4.000000E+2
1.240300E+4	8.372000E-5	NaN	3.999900E+2	3.999900E+2
1.241960E+4	8.372400E-5	NaN	4.000100E+2	4.000100E+2
1.243567E+4	8.372300E-5	NaN	4.000200E+2	4.000200E+2
1.245237E+4	8.371500E-5	NaN	4.000000E+2	4.000000E+2
1.246897E+4	8.370700E-5	NaN	3.999900E+2	3.999900E+2
1.248570E+4	8.374500E-5	NaN	3.999900E+2	3.999900E+2
1.250171E+4	8.375200E-5	NaN	4.000100E+2	4.000100E+2
1.251800E+4	8.374600E-5	NaN	4.000100E+2	4.000100E+2
1.253515E+4	8.374700E-5	NaN	4.000000E+2	4.000000E+2
1.255115E+4	8.373000E-5	NaN	4.000000E+2	4.000000E+2
1.256797E+4	8.372600E-5	NaN	4.000100E+2	4.000100E+2
1.258451E+4	8.372100E-5	NaN	4.000000E+2	4.000000E+2
1.260151E+4	8.373000E-5	NaN	4.000000E+2	4.000000E+2
1.261750E+4	8.372400E-5	NaN	4.000000E+2	4.000000E+2
1.263562E+4	8.373200E-5	NaN	3.999900E+2	3.999900E+2
1.265204E+4	8.372800E-5	NaN	4.000100E+2	4.000100E+2
1.266824E+4	8.372000E-5	NaN	4.000100E+2	4.000100E+2
1.268425E+4	8.370900E-5	NaN	4.000100E+2	4.000100E+2
1.270108E+4	8.369300E-5	NaN	4.000000E+2	4.000000E+2
1.271740E+4	8.370600E-5	NaN	4.000000E+2	4.000000E+2
1.273433E+4	8.370700E-5	NaN	3.999900E+2	3.999900E+2
1.275137E+4	8.372800E-5	NaN	4.000000E+2	4.000000E+2
1.276803E+4	8.374500E-5	NaN	4.000100E+2	4.000100E+2
1.278453E+4	8.373800E-5	NaN	4.000000E+2	4.000000E+2
1.280166E+4	8.372100E-5	NaN	3.999900E+2	3.999900E+2
1.281904E+4	8.369900E-5	NaN	4.000000E+2	4.000000E+2
1.283488E+4	8.372000E-5	NaN	4.000000E+2	4.000000E+2
1.285089E+4	8.372100E-5	NaN	4.000000E+2	4.000000E+2
1.286707E+4	8.372200E-5	NaN	4.000000E+2	4.000000E+2
1.288380E+4	8.373300E-5	NaN	3.999900E+2	3.999900E+2
1.290072E+4	8.376500E-5	NaN	4.000000E+2	4.000000E+2
1.291712E+4	8.376500E-5	NaN	4.000100E+2	4.000100E+2
1.293352E+4	8.373700E-5	NaN	4.000000E+2	4.000000E+2
1.294996E+4	8.372900E-5	NaN	4.000000E+2	4.000000E+2
1.296593E+4	8.373900E-5	NaN	3.999900E+2	3.999900E+2
1.298277E+4	8.375600E-5	NaN	4.000000E+2	4.000000E+2
1.299890E+4	8.373500E-5	NaN	4.000100E+2	4.000100E+2
1.301515E+4	8.372000E-5	NaN	4.000100E+2	4.000100E+2
1.303173E+4	8.371900E-5	NaN	3.999900E+2	3.999900E+2
1.304778E+4	8.374200E-5	NaN	4.000000E+2	4.000000E+2
1.306395E+4	8.375200E-5	NaN	4.000000E+2	4.000000E+2
1.307981E+4	8.376800E-5	NaN	3.999900E+2	3.999900E+2
1.309622E+4	8.379100E-5	NaN	3.999900E+2	3.999900E+2
1.311325E+4	8.379800E-5	NaN	4.000100E+2	4.000100E+2
1.312965E+4	8.377400E-5	NaN	4.000000E+2	4.000000E+2
1.314605E+4	8.376900E-5	NaN	4.000000E+2	4.000000E+2
1.316214E+4	8.378600E-5	NaN	4.000000E+2	4.000000E+2
1.317859E+4	8.378400E-5	NaN	3.999900E+2	3.999900E+2
1.319439E+4	8.377900E-5	NaN	4.000000E+2	4.000000E+2
1.321066E+4	8.375700E-5	NaN	4.000100E+2	4.000100E+2
1.322660E+4	8.377600E-5	NaN	4.000200E+2	4.000200E+2
1.324297E+4	8.372300E-5	NaN	4.000000E+2	4.000000E+2
1.325908E+4	8.371600E-5	NaN	4.000100E+2	4.000100E+2
1.327538E+4	8.371400E-5	NaN	4.000100E+2	4.000100E+2
1.329179E+4	8.369500E-5	NaN	3.999800E+2	3.999800E+2
1.330912E+4	8.372600E-5	NaN	4.000000E+2	4.000000E+2
1.332505E+4	8.376700E-5	NaN	4.000100E+2	4.000100E+2
1.334167E+4	8.375200E-5	NaN	4.000000E+2	4.000000E+2
1.335820E+4	8.372800E-5	NaN	4.000100E+2	4.000100E+2
1.337498E+4	8.370700E-5	NaN	3.999900E+2	3.999900E+2
1.339086E+4	8.373200E-5	NaN	3.999900E+2	3.999900E+2
1.340693E+4	8.374500E-5	NaN	4.000000E+2	4.000000E+2
1.342312E+4	8.376200E-5	NaN	4.000000E+2	4.000000E+2
1.343914E+4	8.377400E-5	NaN	4.000000E+2	4.000000E+2
1.345519E+4	8.377300E-5	NaN	4.000100E+2	4.000100E+2
1.347133E+4	8.375000E-5	NaN	4.000000E+2	4.000000E+2
1.348755E+4	8.375200E-5	NaN	4.000000E+2	4.000000E+2
1.350371E+4	8.375400E-5	NaN	4.000000E+2	4.000000E+2
1.352045E+4	8.376000E-5	NaN	4.000100E+2	4.000100E+2
1.353727E+4	8.376000E-5	NaN	4.000000E+2	4.000000E+2
1.355311E+4	8.371200E-5	NaN	4.000100E+2	4.000100E+2
1.356918E+4	8.370500E-5	NaN	3.999900E+2	3.999900E+2
1.358545E+4	8.370400E-5	NaN	4.000000E+2	4.000000E+2
1.360207E+4	8.371100E-5	NaN	4.000000E+2	4.000000E+2
1.361808E+4	8.369400E-5	NaN	4.000100E+2	4.000100E+2
1.363456E+4	8.369700E-5	NaN	3.999900E+2	3.999900E+2
1.365094E+4	8.370400E-5	NaN	3.999900E+2	3.999900E+2
1.366700E+4	8.372800E-5	NaN	4.000100E+2	4.000100E+2
1.368322E+4	8.376700E-5	NaN	4.000100E+2	4.000100E+2
1.369986E+4	8.374000E-5	NaN	4.000000E+2	4.000000E+2
1.371607E+4	8.373300E-5	NaN	4.000000E+2	4.000000E+2
1.373226E+4	8.373800E-5	NaN	4.000000E+2	4.000000E+2
1.374834E+4	8.375800E-5	NaN	4.000100E+2	4.000100E+2
1.376468E+4	8.374700E-5	NaN	4.000100E+2	4.000100E+2
1.378161E+4	8.374700E-5	NaN	4.000100E+2	4.000100E+2
1.379874E+4	8.374500E-5	NaN	4.000000E+2	4.000000E+2
1.381465E+4	8.374300E-5	NaN	4.000100E+2	4.000100E+2
1.383179E+4	8.372200E-5	NaN	4.000000E+2	4.000000E+2
1.384781E+4	8.372300E-5	NaN	4.000000E+2	4.000000E+2
1.386974E+4	8.373800E-5	NaN	4.000100E+2	4.000100E+2
1.388635E+4	8.372500E-5	NaN	3.999900E+2	3.999900E+2
1.390225E+4	8.372900E-5	NaN	3.999900E+2	3.999900E+2
1.391875E+4	8.373700E-5	NaN	4.000100E+2	4.000100E+2
1.393475E+4	8.374300E-5	NaN	4.000000E+2	4.000000E+2
1.395126E+4	8.372700E-5	NaN	4.000000E+2	4.000000E+2
1.396879E+4	8.372200E-5	NaN	4.000000E+2	4.000000E+2
1.398495E+4	8.373500E-5	NaN	4.000000E+2	4.000000E+2
1.400125E+4	8.374700E-5	NaN	4.000000E+2	4.000000E+2
1.401748E+4	8.373800E-5	NaN	4.000000E+2	4.000000E+2
1.403335E+4	8.373700E-5	NaN	4.000100E+2	4.000100E+2
1.404979E+4	8.374000E-5	NaN	4.000000E+2	4.000000E+2
1.406580E+4	8.372300E-5	NaN	4.000000E+2	4.000000E+2
1.408240E+4	8.372200E-5	NaN	4.000100E+2	4.000100E+2
1.409891E+4	8.372300E-5	NaN	4.000100E+2	4.000100E+2
1.411545E+4	8.371500E-5	NaN	4.000100E+2	4.000100E+2
1.413216E+4	8.371300E-5	NaN	3.999900E+2	3.999900E+2
1.414860E+4	8.370800E-5	NaN	4.000000E+2	4.000000E+2
1.416518E+4	8.372000E-5	NaN	4.000100E+2	4.000100E+2
1.418125E+4	8.372900E-5	NaN	4.000200E+2	4.000200E+2
1.419806E+4	8.371600E-5	NaN	4.000000E+2	4.000000E+2
1.421554E+4	8.370800E-5	NaN	3.999900E+2	3.999900E+2
1.423171E+4	8.372500E-5	NaN	4.000100E+2	4.000100E+2
1.424821E+4	8.373100E-5	NaN	4.000000E+2	4.000000E+2
1.426556E+4	8.373100E-5	NaN	3.999900E+2	3.999900E+2
1.428324E+4	8.373700E-5	NaN	4.000000E+2	4.000000E+2
1.429919E+4	8.375100E-5	NaN	4.000200E+2	4.000200E+2
1.431545E+4	8.374600E-5	NaN	4.000000E+2	4.000000E+2
1.433235E+4	8.372400E-5	NaN	4.000000E+2	4.000000E+2
1.434908E+4	8.373100E-5	NaN	3.999900E+2	3.999900E+2
1.436562E+4	8.373300E-5	NaN	4.000000E+2	4.000000E+2
1.438189E+4	8.373200E-5	NaN	4.000000E+2	4.000000E+2
1.439775E+4	8.371800E-5	NaN	4.000000E+2	4.000000E+2
1.441391E+4	8.372600E-5	NaN	3.999900E+2	3.999900E+2
1.443077E+4	8.374800E-5	NaN	4.000100E+2	4.000100E+2
1.444819E+4	8.374300E-5	NaN	4.000200E+2	4.000200E+2
1.446460E+4	8.372400E-5	NaN	4.000100E+2	4.000100E+2
1.448089E+4	8.371400E-5	NaN	4.000100E+2	4.000100E+2
1.449766E+4	8.370200E-5	NaN	3.999900E+2	3.999900E+2
1.451357E+4	8.370600E-5	NaN	4.000100E+2	4.000100E+2
1.453082E+4	8.371200E-5	NaN	4.000100E+2	4.000100E+2
1.454693E+4	8.370200E-5	NaN	4.000000E+2	4.000000E+2
1.456277E+4	8.369800E-5	NaN	4.000000E+2	4.000000E+2
1.457884E+4	8.371300E-5	NaN	4.000000E+2	4.000000E+2
1.459530E+4	8.372300E-5	NaN	4.000000E+2	4.000000E+2
1.461204E+4	8.371700E-5	NaN	3.999900E+2	3.999900E+2
1.462804E+4	8.371900E-5	NaN	4.000000E+2	4.000000E+2
1.464426E+4	8.371800E-5	NaN	4.000200E+2	4.000200E+2
1.466039E+4	8.369000E-5	NaN	4.000000E+2	4.000000E+2
1.467678E+4	8.368500E-5	NaN	3.999900E+2	3.999900E+2
1.469357E+4	8.369400E-5	NaN	4.000000E+2	4.000000E+2
1.470986E+4	8.370100E-5	NaN	4.000000E+2	4.000000E+2
1.472648E+4	8.372400E-5	NaN	4.000000E+2	4.000000E+2
1.474242E+4	8.373700E-5	NaN	4.000100E+2	4.000100E+2
1.475845E+4	8.371800E-5	NaN	4.000200E+2	4.000200E+2
1.477489E+4	8.368900E-5	NaN	4.000000E+2	4.000000E+2
1.479145E+4	8.367500E-5	NaN	3.999900E+2	3.999900E+2
1.480774E+4	8.369600E-5	NaN	4.000000E+2	4.000000E+2
1.482417E+4	8.371200E-5	NaN	4.000100E+2	4.000100E+2
1.484041E+4	8.370400E-5	NaN	4.000000E+2	4.000000E+2
1.485640E+4	8.369600E-5	NaN	4.000100E+2	4.000100E+2
1.487265E+4	8.367600E-5	NaN	3.999900E+2	3.999900E+2
1.488893E+4	8.368900E-5	NaN	4.000000E+2	4.000000E+2
1.490596E+4	8.369100E-5	NaN	4.000100E+2	4.000100E+2
1.492263E+4	8.369100E-5	NaN	4.000000E+2	4.000000E+2
1.493884E+4	8.367800E-5	NaN	4.000000E+2	4.000000E+2
1.495510E+4	8.366900E-5	NaN	3.999900E+2	3.999900E+2
1.497197E+4	8.368100E-5	NaN	4.000000E+2	4.000000E+2
1.498831E+4	8.369500E-5	NaN	4.000000E+2	4.000000E+2
1.500440E+4	8.369000E-5	NaN	4.000000E+2	4.000000E+2
1.502057E+4	8.368300E-5	NaN	4.000100E+2	4.000100E+2
1.503748E+4	8.367000E-5	NaN	4.000000E+2	4.000000E+2
1.505391E+4	8.366600E-5	NaN	4.000000E+2	4.000000E+2
1.507067E+4	8.367600E-5	NaN	3.999900E+2	3.999900E+2
1.508707E+4	8.369000E-5	NaN	4.000000E+2	4.000000E+2
1.510341E+4	8.370100E-5	NaN	4.000000E+2	4.000000E+2
1.511946E+4	8.369100E-5	NaN	4.000000E+2	4.000000E+2
1.513596E+4	8.369500E-5	NaN	4.000000E+2	4.000000E+2
1.515289E+4	8.369200E-5	NaN	4.000100E+2	4.000100E+2
1.516906E+4	8.369100E-5	NaN	4.000100E+2	4.000100E+2
1.518511E+4	8.368100E-5	NaN	3.999900E+2	3.999900E+2
1.520117E+4	8.368500E-5	NaN	4.000000E+2	4.000000E+2
1.521712E+4	8.370600E-5	NaN	3.999900E+2	3.999900E+2
1.523341E+4	8.373400E-5	NaN	4.000000E+2	4.000000E+2
1.524920E+4	8.373500E-5	NaN	4.000200E+2	4.000200E+2
1.526551E+4	8.370600E-5	NaN	4.000000E+2	4.000000E+2
1.528222E+4	8.370900E-5	NaN	3.999900E+2	3.999900E+2
1.529919E+4	8.372300E-5	NaN	4.000000E+2	4.000000E+2
1.531590E+4	8.372800E-5	NaN	4.000000E+2	4.000000E+2
1.533230E+4	8.372900E-5	NaN	4.000000E+2	4.000000E+2
1.534877E+4	8.373000E-5	NaN	4.000000E+2	4.000000E+2
1.536485E+4	8.372700E-5	NaN	4.000000E+2	4.000000E+2
1.538092E+4	8.372100E-5	NaN	4.000000E+2	4.000000E+2
1.539692E+4	8.370700E-5	NaN	4.000100E+2	4.000100E+2
1.541304E+4	8.371000E-5	NaN	4.000000E+2	4.000000E+2
1.542936E+4	8.371400E-5	NaN	3.999900E+2	3.999900E+2
1.544552E+4	8.371900E-5	NaN	3.999900E+2	3.999900E+2
1.546236E+4	8.372400E-5	NaN	4.000000E+2	4.000000E+2
1.547881E+4	8.371700E-5	NaN	4.000000E+2	4.000000E+2
1.549563E+4	8.371200E-5	NaN	4.000000E+2	4.000000E+2
1.551208E+4	8.369800E-5	NaN	3.999900E+2	3.999900E+2
1.552808E+4	8.371300E-5	NaN	4.000000E+2	4.000000E+2
1.554393E+4	8.371800E-5	NaN	4.000100E+2	4.000100E+2
1.556188E+4	8.369200E-5	NaN	4.000100E+2	4.000100E+2
1.557802E+4	8.367900E-5	NaN	4.000000E+2	4.000000E+2
1.559435E+4	8.367800E-5	NaN	3.999900E+2	3.999900E+2
1.561089E+4	8.369100E-5	NaN	4.000100E+2	4.000100E+2
1.562774E+4	8.370200E-5	NaN	4.000000E+2	4.000000E+2
1.564436E+4	8.369600E-5	NaN	3.999900E+2	3.999900E+2
1.566030E+4	8.370700E-5	NaN	4.000100E+2	4.000100E+2
1.567710E+4	8.370400E-5	NaN	4.000000E+2	4.000000E+2
1.569313E+4	8.369300E-5	NaN	3.999900E+2	3.999900E+2
1.570940E+4	8.369500E-5	NaN	4.000000E+2	4.000000E+2
1.572553E+4	8.370400E-5	NaN	4.000100E+2	4.000100E+2
1.574177E+4	8.369200E-5	NaN	3.999900E+2	3.999900E+2
1.575808E+4	8.369800E-5	NaN	3.999900E+2	3.999900E+2
1.577430E+4	8.370200E-5	NaN	4.000000E+2	4.000000E+2
1.579072E+4	8.370500E-5	NaN	4.000000E+2	4.000000E+2
1.580789E+4	8.372800E-5	NaN	4.000100E+2	4.000100E+2
1.582415E+4	8.372300E-5	NaN	4.000100E+2	4.000100E+2
1.584030E+4	8.370600E-5	NaN	4.000100E+2	4.000100E+2
1.585686E+4	8.370300E-5	NaN	3.999900E+2	3.999900E+2
1.587456E+4	8.370500E-5	NaN	4.000100E+2	4.000100E+2
1.589088E+4	8.370800E-5	NaN	4.000100E+2	4.000100E+2
1.590812E+4	8.369700E-5	NaN	4.000000E+2	4.000000E+2
1.592436E+4	8.368100E-5	NaN	4.000100E+2	4.000100E+2
1.594080E+4	8.367400E-5	NaN	3.999900E+2	3.999900E+2
1.595738E+4	8.366800E-5	NaN	4.000000E+2	4.000000E+2
1.597433E+4	8.369100E-5	NaN	4.000000E+2	4.000000E+2
1.599092E+4	8.370200E-5	NaN	4.000100E+2	4.000100E+2
1.600699E+4	8.369800E-5	NaN	4.000000E+2	4.000000E+2
1.602329E+4	8.370100E-5	NaN	4.000000E+2	4.000000E+2
1.603968E+4	8.367600E-5	NaN	4.000100E+2	4.000100E+2
1.605727E+4	8.366700E-5	NaN	3.999900E+2	3.999900E+2
1.607344E+4	8.368200E-5	NaN	4.000100E+2	4.000100E+2
1.608972E+4	8.369700E-5	NaN	4.000100E+2	4.000100E+2
1.610602E+4	8.368500E-5	NaN	4.000000E+2	4.000000E+2
1.612323E+4	8.369400E-5	NaN	4.000000E+2	4.000000E+2
1.614001E+4	8.369500E-5	NaN	4.000000E+2	4.000000E+2
1.615626E+4	8.371500E-5	NaN	4.000000E+2	4.000000E+2
1.617248E+4	8.373300E-5	NaN	4.000100E+2	4.000100E+2
1.618890E+4	8.370700E-5	NaN	4.000000E+2	4.000000E+2
1.620561E+4	8.371200E-5	NaN	4.000000E+2	4.000000E+2
1.622285E+4	8.370500E-5	NaN	4.000000E+2	4.000000E+2
1.623941E+4	8.371500E-5	NaN	4.000200E+2	4.000200E+2
1.625563E+4	8.368400E-5	NaN	4.000000E+2	4.000000E+2
1.627194E+4	8.365200E-5	NaN	3.999900E+2	3.999900E+2
1.628852E+4	8.366800E-5	NaN	3.999900E+2	3.999900E+2
1.630511E+4	8.368200E-5	NaN	4.000000E+2	4.000000E+2
1.632107E+4	8.368600E-5	NaN	4.000100E+2	4.000100E+2
1.633745E+4	8.367800E-5	NaN	4.000000E+2	4.000000E+2
1.635462E+4	8.367000E-5	NaN	4.000000E+2	4.000000E+2
1.637058E+4	8.367600E-5	NaN	3.999900E+2	3.999900E+2
1.638661E+4	8.368500E-5	NaN	3.999900E+2	3.999900E+2
1.640290E+4	8.371400E-5	NaN	4.000100E+2	4.000100E+2
1.641893E+4	8.372900E-5	NaN	4.000100E+2	4.000100E+2
1.643624E+4	8.374000E-5	NaN	4.000000E+2	4.000000E+2
1.645331E+4	8.371700E-5	NaN	4.000000E+2	4.000000E+2
1.647006E+4	8.372000E-5	NaN	4.000000E+2	4.000000E+2
1.648633E+4	8.373300E-5	NaN	4.000100E+2	4.000100E+2
1.650266E+4	8.373000E-5	NaN	4.000000E+2	4.000000E+2
1.651902E+4	8.373000E-5	NaN	3.999900E+2	3.999900E+2
1.653536E+4	8.374200E-5	NaN	4.000000E+2	4.000000E+2
1.655201E+4	8.372800E-5	NaN	4.000100E+2	4.000100E+2
1.656796E+4	8.368900E-5	NaN	4.000000E+2	4.000000E+2
1.658382E+4	8.369400E-5	NaN	3.999900E+2	3.999900E+2
1.660003E+4	8.370200E-5	NaN	4.000000E+2	4.000000E+2
1.661668E+4	8.372700E-5	NaN	4.000000E+2	4.000000E+2
1.663266E+4	8.374900E-5	NaN	4.000100E+2	4.000100E+2
1.664875E+4	8.373700E-5	NaN	4.000100E+2	4.000100E+2
1.666521E+4	8.372500E-5	NaN	4.000100E+2	4.000100E+2
1.668131E+4	8.371100E-5	NaN	4.000000E+2	4.000000E+2
1.669795E+4	8.370800E-5	NaN	4.000100E+2	4.000100E+2
1.671510E+4	8.371100E-5	NaN	3.999800E+2	3.999800E+2
1.673108E+4	8.372700E-5	NaN	4.000000E+2	4.000000E+2
1.674798E+4	8.373800E-5	NaN	4.000100E+2	4.000100E+2
1.676401E+4	8.371200E-5	NaN	4.000100E+2	4.000100E+2
1.678039E+4	8.369300E-5	NaN	3.999900E+2	3.999900E+2
1.679745E+4	8.370500E-5	NaN	4.000000E+2	4.000000E+2
1.681388E+4	8.370000E-5	NaN	4.000000E+2	4.000000E+2
1.683074E+4	8.370300E-5	NaN	4.000000E+2	4.000000E+2
1.684704E+4	8.369900E-5	NaN	4.000000E+2	4.000000E+2
1.686417E+4	8.371000E-5	NaN	4.000100E+2	4.000100E+2
1.688228E+4	8.368900E-5	NaN	3.999900E+2	3.999900E+2
1.689924E+4	8.370400E-5	NaN	4.000100E+2	4.000100E+2
1.691624E+4	8.370600E-5	NaN	4.000100E+2	4.000100E+2
1.693229E+4	8.365800E-5	NaN	4.000100E+2	4.000100E+2
1.694904E+4	8.364200E-5	NaN	3.999900E+2	3.999900E+2
1.696560E+4	8.363100E-5	NaN	3.999900E+2	3.999900E+2
1.698166E+4	8.364800E-5	NaN	4.000000E+2	4.000000E+2
1.699814E+4	8.366500E-5	NaN	4.000100E+2	4.000100E+2
1.701432E+4	8.364600E-5	NaN	4.000100E+2	4.000100E+2
1.703111E+4	8.365900E-5	NaN	4.000000E+2	4.000000E+2
1.704702E+4	8.368200E-5	NaN	4.000100E+2	4.000100E+2
1.706306E+4	8.366800E-5	NaN	4.000000E+2	4.000000E+2
1.707905E+4	8.366800E-5	NaN	4.000100E+2	4.000100E+2
1.709563E+4	8.364100E-5	NaN	4.000000E+2	4.000000E+2
1.711182E+4	8.364800E-5	NaN	4.000000E+2	4.000000E+2
1.712906E+4	8.365800E-5	NaN	4.000000E+2	4.000000E+2
1.714496E+4	8.365900E-5	NaN	4.000100E+2	4.000100E+2
1.716130E+4	8.365400E-5	NaN	4.000000E+2	4.000000E+2
1.717707E+4	8.364500E-5	NaN	4.000000E+2	4.000000E+2
1.719385E+4	8.364200E-5	NaN	3.999900E+2	3.999900E+2
1.721026E+4	8.367300E-5	NaN	4.000100E+2	4.000100E+2
1.722642E+4	8.367800E-5	NaN	4.000100E+2	4.000100E+2
1.724321E+4	8.366100E-5	NaN	3.999900E+2	3.999900E+2
1.725947E+4	8.369500E-5	NaN	4.000000E+2	4.000000E+2
1.727663E+4	8.368900E-5	NaN	4.000100E+2	4.000100E+2
1.729342E+4	8.367400E-5	NaN	4.000100E+2	4.000100E+2
1.730972E+4	8.365200E-5	NaN	3.999900E+2	3.999900E+2
1.733145E+4	8.368300E-5	NaN	4.000000E+2	4.000000E+2
1.734770E+4	8.369200E-5	NaN	4.000100E+2	4.000100E+2
1.736426E+4	8.372900E-5	NaN	4.000000E+2	4.000000E+2
1.738062E+4	8.372800E-5	NaN	3.999900E+2	3.999900E+2
1.739682E+4	8.373800E-5	NaN	3.999900E+2	3.999900E+2
1.741367E+4	8.374000E-5	NaN	4.000000E+2	4.000000E+2
1.743073E+4	8.375200E-5	NaN	4.000000E+2	4.000000E+2
1.744852E+4	8.376600E-5	NaN	4.000000E+2	4.000000E+2
1.746470E+4	8.376800E-5	NaN	4.000000E+2	4.000000E+2
1.748097E+4	8.375500E-5	NaN	4.000100E+2	4.000100E+2
1.749774E+4	8.374100E-5	NaN	4.000000E+2	4.000000E+2
1.751408E+4	8.372600E-5	NaN	4.000100E+2	4.000100E+2
1.753104E+4	8.373800E-5	NaN	4.000000E+2	4.000000E+2
1.754710E+4	8.374500E-5	NaN	4.000100E+2	4.000100E+2
1.756349E+4	8.374000E-5	NaN	4.000000E+2	4.000000E+2
1.757989E+4	8.372500E-5	NaN	4.000000E+2	4.000000E+2
1.759682E+4	8.372100E-5	NaN	4.000000E+2	4.000000E+2
1.761360E+4	8.373000E-5	NaN	4.000000E+2	4.000000E+2
1.762976E+4	8.372100E-5	NaN	4.000000E+2	4.000000E+2
1.764609E+4	8.373300E-5	NaN	3.999800E+2	3.999800E+2
1.766249E+4	8.375300E-5	NaN	4.000200E+2	4.000200E+2
1.767907E+4	8.375200E-5	NaN	3.999900E+2	3.999900E+2
1.769666E+4	8.374300E-5	NaN	4.000100E+2	4.000100E+2
1.771243E+4	8.374300E-5	NaN	3.999900E+2	3.999900E+2
1.772867E+4	8.374700E-5	NaN	4.000000E+2	4.000000E+2
1.774474E+4	8.374100E-5	NaN	4.000000E+2	4.000000E+2
1.776185E+4	8.373800E-5	NaN	4.000000E+2	4.000000E+2
1.777878E+4	8.372700E-5	NaN	4.000100E+2	4.000100E+2
1.779500E+4	8.369700E-5	NaN	4.000000E+2	4.000000E+2
1.781130E+4	8.368200E-5	NaN	4.000000E+2	4.000000E+2
1.782821E+4	8.369500E-5	NaN	4.000100E+2	4.000100E+2
1.784557E+4	8.369200E-5	NaN	4.000000E+2	4.000000E+2
1.786143E+4	8.369400E-5	NaN	4.000000E+2	4.000000E+2
1.787836E+4	8.369700E-5	NaN	4.000000E+2	4.000000E+2
1.789509E+4	8.370600E-5	NaN	4.000100E+2	4.000100E+2
1.791184E+4	8.370500E-5	NaN	4.000000E+2	4.000000E+2
1.792885E+4	8.370100E-5	NaN	4.000000E+2	4.000000E+2
1.794500E+4	8.368900E-5	NaN	4.000000E+2	4.000000E+2
1.796110E+4	8.368300E-5	NaN	4.000100E+2	4.000100E+2
1.797736E+4	8.371000E-5	NaN	4.000000E+2	4.000000E+2
1.799366E+4	8.358400E-5	NaN	3.999900E+2	3.999900E+2
1.800949E+4	8.362800E-5	NaN	4.000100E+2	4.000100E+2
1.802673E+4	8.361900E-5	NaN	4.000100E+2	4.000100E+2
1.804294E+4	8.361900E-5	NaN	4.000100E+2	4.000100E+2
1.805926E+4	8.356700E-5	NaN	4.000000E+2	4.000000E+2
1.807564E+4	8.357800E-5	NaN	3.999900E+2	3.999900E+2
1.809300E+4	8.351500E-5	NaN	3.999900E+2	3.999900E+2
1.810925E+4	8.356300E-5	NaN	4.000100E+2	4.000100E+2
1.812582E+4	8.354200E-5	NaN	4.000000E+2	4.000000E+2
1.814177E+4	8.353700E-5	NaN	3.999900E+2	3.999900E+2
1.815842E+4	8.354200E-5	NaN	4.000100E+2	4.000100E+2
1.817467E+4	8.350200E-5	NaN	4.000000E+2	4.000000E+2
1.819215E+4	8.348700E-5	NaN	3.999900E+2	3.999900E+2
1.820884E+4	8.349500E-5	NaN	4.000000E+2	4.000000E+2
1.822526E+4	8.352200E-5	NaN	4.000000E+2	4.000000E+2
1.824173E+4	8.352100E-5	NaN	4.000000E+2	4.000000E+2
1.825866E+4	8.352500E-5	NaN	4.000100E+2	4.000100E+2
1.827509E+4	8.350500E-5	NaN	4.000000E+2	4.000000E+2
1.829151E+4	8.350400E-5	NaN	4.000000E+2	4.000000E+2
1.831404E+4	8.350900E-5	NaN	3.999900E+2	3.999900E+2
1.834684E+4	8.355100E-5	NaN	4.000100E+2	4.000100E+2
1.836327E+4	8.354300E-5	NaN	4.000100E+2	4.000100E+2
1.837941E+4	8.350500E-5	NaN	4.000000E+2	4.000000E+2
1.839623E+4	8.349800E-5	NaN	4.000100E+2	4.000100E+2
1.841271E+4	8.349300E-5	NaN	4.000000E+2	4.000000E+2
1.842903E+4	8.348200E-5	NaN	4.000100E+2	4.000100E+2
1.844553E+4	8.346800E-5	NaN	4.000000E+2	4.000000E+2
1.846177E+4	8.345400E-5	NaN	3.999900E+2	3.999900E+2
1.847782E+4	8.346500E-5	NaN	3.999800E+2	3.999800E+2
1.849397E+4	8.348900E-5	NaN	4.000100E+2	4.000100E+2
1.851018E+4	8.349900E-5	NaN	4.000000E+2	4.000000E+2
1.852705E+4	8.349100E-5	NaN	4.000000E+2	4.000000E+2
1.854369E+4	8.347900E-5	NaN	4.000000E+2	4.000000E+2
1.856186E+4	8.349000E-5	NaN	3.999900E+2	3.999900E+2
1.857808E+4	8.350700E-5	NaN	4.000100E+2	4.000100E+2
1.859462E+4	8.350700E-5	NaN	3.999900E+2	3.999900E+2
1.861116E+4	8.351100E-5	NaN	4.000000E+2	4.000000E+2
1.862835E+4	8.350800E-5	NaN	4.000200E+2	4.000200E+2
1.864496E+4	8.348500E-5	NaN	3.999900E+2	3.999900E+2
1.866115E+4	8.349200E-5	NaN	3.999900E+2	3.999900E+2
1.867785E+4	8.352500E-5	NaN	4.000000E+2	4.000000E+2
1.869388E+4	8.353500E-5	NaN	4.000000E+2	4.000000E+2
1.871020E+4	8.352700E-5	NaN	4.000100E+2	4.000100E+2
1.872761E+4	8.349500E-5	NaN	4.000000E+2	4.000000E+2
1.874368E+4	8.349700E-5	NaN	3.999900E+2	3.999900E+2
1.876028E+4	8.351400E-5	NaN	3.999900E+2	3.999900E+2
1.877664E+4	8.352600E-5	NaN	4.000100E+2	4.000100E+2
1.879364E+4	8.353100E-5	NaN	4.000200E+2	4.000200E+2
1.881054E+4	8.348600E-5	NaN	3.999900E+2	3.999900E+2
1.882682E+4	8.350500E-5	NaN	4.000100E+2	4.000100E+2
1.884332E+4	8.351000E-5	NaN	4.000200E+2	4.000200E+2
1.886016E+4	8.348100E-5	NaN	4.000100E+2	4.000100E+2
1.887739E+4	8.346700E-5	NaN	3.999800E+2	3.999800E+2
1.889360E+4	8.350300E-5	NaN	4.000000E+2	4.000000E+2
1.890992E+4	8.349600E-5	NaN	4.000100E+2	4.000100E+2
1.892629E+4	8.348900E-5	NaN	3.999900E+2	3.999900E+2
1.894249E+4	8.347000E-5	NaN	3.999900E+2	3.999900E+2
1.895908E+4	8.349400E-5	NaN	4.000000E+2	4.000000E+2
1.897543E+4	8.349200E-5	NaN	4.000000E+2	4.000000E+2
1.899195E+4	8.350600E-5	NaN	3.999900E+2	3.999900E+2
1.900831E+4	8.352500E-5	NaN	4.000200E+2	4.000200E+2
1.902530E+4	8.351800E-5	NaN	4.000100E+2	4.000100E+2
1.904232E+4	8.349700E-5	NaN	4.000000E+2	4.000000E+2
1.906370E+4	8.347800E-5	NaN	3.999900E+2	3.999900E+2
1.907974E+4	8.350600E-5	NaN	4.000000E+2	4.000000E+2
1.909646E+4	8.350300E-5	NaN	4.000000E+2	4.000000E+2
1.911377E+4	8.349100E-5	NaN	4.000000E+2	4.000000E+2
1.913045E+4	8.349300E-5	NaN	4.000200E+2	4.000200E+2
1.914682E+4	8.350000E-5	NaN	4.000100E+2	4.000100E+2
1.916317E+4	8.347600E-5	NaN	4.000000E+2	4.000000E+2
1.917971E+4	8.347400E-5	NaN	4.000000E+2	4.000000E+2
1.919569E+4	8.346300E-5	NaN	3.999800E+2	3.999800E+2
1.921269E+4	8.352400E-5	NaN	4.000000E+2	4.000000E+2
1.922897E+4	8.351800E-5	NaN	4.000100E+2	4.000100E+2
1.924510E+4	8.349300E-5	NaN	4.000100E+2	4.000100E+2
1.926161E+4	8.346600E-5	NaN	4.000000E+2	4.000000E+2
1.927775E+4	8.344400E-5	NaN	4.000000E+2	4.000000E+2
1.929420E+4	8.344900E-5	NaN	3.999800E+2	3.999800E+2
1.931039E+4	8.347200E-5	NaN	4.000000E+2	4.000000E+2
1.932688E+4	8.349200E-5	NaN	4.000100E+2	4.000100E+2
1.934366E+4	8.349600E-5	NaN	3.999900E+2	3.999900E+2
1.936036E+4	8.349800E-5	NaN	4.000000E+2	4.000000E+2
1.937676E+4	8.349800E-5	NaN	4.000000E+2	4.000000E+2
1.939284E+4	8.349800E-5	NaN	4.000100E+2	4.000100E+2
1.940908E+4	8.345900E-5	NaN	3.999900E+2	3.999900E+2
1.942498E+4	8.346400E-5	NaN	3.999900E+2	3.999900E+2
1.944214E+4	8.348300E-5	NaN	4.000100E+2	4.000100E+2
1.945814E+4	8.348100E-5	NaN	3.999900E+2	3.999900E+2
1.947436E+4	8.348400E-5	NaN	4.000100E+2	4.000100E+2
1.949056E+4	8.347100E-5	NaN	4.000000E+2	4.000000E+2
1.950712E+4	8.346900E-5	NaN	3.999900E+2	3.999900E+2
1.952312E+4	8.349700E-5	NaN	4.000000E+2	4.000000E+2
1.954105E+4	8.349900E-5	NaN	4.000000E+2	4.000000E+2
1.955700E+4	8.350700E-5	NaN	4.000100E+2	4.000100E+2
1.957315E+4	8.349500E-5	NaN	4.000000E+2	4.000000E+2
1.958947E+4	8.348000E-5	NaN	4.000000E+2	4.000000E+2
1.960536E+4	8.347200E-5	NaN	4.000000E+2	4.000000E+2
1.962197E+4	8.343600E-5	NaN	4.000000E+2	4.000000E+2
1.963818E+4	8.344100E-5	NaN	4.000000E+2	4.000000E+2
1.965968E+4	8.345600E-5	NaN	3.999900E+2	3.999900E+2
1.967592E+4	8.347900E-5	NaN	4.000000E+2	4.000000E+2
1.969280E+4	8.348500E-5	NaN	4.000000E+2	4.000000E+2
1.970953E+4	8.350800E-5	NaN	4.000100E+2	4.000100E+2
1.972555E+4	8.350100E-5	NaN	4.000100E+2	4.000100E+2
1.974163E+4	8.347800E-5	NaN	4.000000E+2	4.000000E+2
1.975794E+4	8.349100E-5	NaN	4.000000E+2	4.000000E+2
1.977460E+4	8.347900E-5	NaN	4.000200E+2	4.000200E+2
1.979145E+4	8.345600E-5	NaN	3.999900E+2	3.999900E+2
1.980869E+4	8.347600E-5	NaN	4.000000E+2	4.000000E+2
1.982540E+4	8.347400E-5	NaN	4.000000E+2	4.000000E+2
1.984183E+4	8.346100E-5	NaN	4.000000E+2	4.000000E+2
1.985834E+4	8.346400E-5	NaN	4.000200E+2	4.000200E+2
1.987468E+4	8.344700E-5	NaN	3.999900E+2	3.999900E+2
1.989104E+4	8.347100E-5	NaN	4.000000E+2	4.000000E+2
1.990741E+4	8.349200E-5	NaN	4.000000E+2	4.000000E+2
1.992339E+4	8.348900E-5	NaN	3.999900E+2	3.999900E+2
1.993978E+4	8.349200E-5	NaN	4.000000E+2	4.000000E+2
1.995555E+4	8.349600E-5	NaN	4.000000E+2	4.000000E+2
1.997146E+4	8.348400E-5	NaN	4.000000E+2	4.000000E+2
1.998742E+4	8.346900E-5	NaN	4.000100E+2	4.000100E+2
2.000354E+4	8.345100E-5	NaN	4.000000E+2	4.000000E+2
2.001945E+4	8.345100E-5	NaN	3.999900E+2	3.999900E+2
2.003613E+4	8.345300E-5	NaN	4.000000E+2	4.000000E+2
2.005211E+4	8.348200E-5	NaN	4.000000E+2	4.000000E+2
2.006841E+4	8.347900E-5	NaN	4.000000E+2	4.000000E+2
2.008427E+4	8.345400E-5	NaN	3.999900E+2	3.999900E+2
2.010070E+4	8.346900E-5	NaN	4.000100E+2	4.000100E+2
2.011709E+4	8.344500E-5	NaN	4.000100E+2	4.000100E+2
2.013316E+4	8.342100E-5	NaN	3.999900E+2	3.999900E+2
2.014968E+4	8.342300E-5	NaN	3.999900E+2	3.999900E+2
2.016574E+4	8.342900E-5	NaN	4.000000E+2	4.000000E+2
2.018172E+4	8.344700E-5	NaN	4.000000E+2	4.000000E+2
2.019825E+4	8.342900E-5	NaN	4.000000E+2	4.000000E+2
2.021449E+4	8.343600E-5	NaN	4.000100E+2	4.000100E+2
2.023106E+4	8.338900E-5	NaN	3.999900E+2	3.999900E+2
2.024737E+4	8.343900E-5	NaN	4.000000E+2	4.000000E+2
2.026364E+4	8.347000E-5	NaN	4.000100E+2	4.000100E+2
2.028040E+4	8.347900E-5	NaN	4.000000E+2	4.000000E+2
2.029702E+4	8.345000E-5	NaN	4.000000E+2	4.000000E+2
2.031360E+4	8.347000E-5	NaN	4.000100E+2	4.000100E+2
2.033025E+4	8.343000E-5	NaN	4.000000E+2	4.000000E+2
2.034682E+4	8.343700E-5	NaN	4.000100E+2	4.000100E+2
2.036299E+4	8.344400E-5	NaN	4.000000E+2	4.000000E+2
2.037972E+4	8.341500E-5	NaN	4.000100E+2	4.000100E+2
2.039564E+4	8.342000E-5	NaN	4.000000E+2	4.000000E+2
2.041314E+4	8.342800E-5	NaN	3.999900E+2	3.999900E+2
2.043059E+4	8.342800E-5	NaN	4.000000E+2	4.000000E+2
2.044707E+4	8.344800E-5	NaN	4.000000E+2	4.000000E+2
2.046330E+4	8.344500E-5	NaN	4.000000E+2	4.000000E+2
2.047972E+4	8.344300E-5	NaN	4.000000E+2	4.000000E+2
2.049579E+4	8.345000E-5	NaN	4.000000E+2	4.000000E+2
2.051267E+4	8.345400E-5	NaN	3.999900E+2	3.999900E+2
2.052883E+4	8.349400E-5	NaN	3.999900E+2	3.999900E+2
2.054489E+4	8.350800E-5	NaN	4.000100E+2	4.000100E+2
2.056142E+4	8.347800E-5	NaN	4.000000E+2	4.000000E+2
2.057749E+4	8.344700E-5	NaN	4.000000E+2	4.000000E+2
2.059519E+4	8.345600E-5	NaN	4.000000E+2	4.000000E+2
2.061118E+4	8.346100E-5	NaN	4.000000E+2	4.000000E+2
2.062743E+4	8.347400E-5	NaN	3.999900E+2	3.999900E+2
2.064380E+4	8.349400E-5	NaN	4.000100E+2	4.000100E+2
2.065985E+4	8.349900E-5	NaN	4.000000E+2	4.000000E+2
2.067590E+4	8.349200E-5	NaN	4.000000E+2	4.000000E+2
2.069218E+4	8.346900E-5	NaN	4.000000E+2	4.000000E+2
2.070856E+4	8.347200E-5	NaN	4.000000E+2	4.000000E+2
2.072498E+4	8.346400E-5	NaN	4.000000E+2	4.000000E+2
2.074203E+4	8.348300E-5	NaN	4.000000E+2	4.000000E+2
2.075803E+4	8.348400E-5	NaN	4.000000E+2	4.000000E+2
2.077514E+4	8.347600E-5	NaN	4.000200E+2	4.000200E+2
2.079226E+4	8.343100E-5	NaN	4.000000E+2	4.000000E+2
2.080871E+4	8.342700E-5	NaN	3.999900E+2	3.999900E+2
2.082458E+4	8.344600E-5	NaN	3.999900E+2	3.999900E+2
2.084118E+4	8.345900E-5	NaN	4.000100E+2	4.000100E+2
2.085804E+4	8.347700E-5	NaN	4.000000E+2	4.000000E+2
2.087427E+4	8.347900E-5	NaN	4.000000E+2	4.000000E+2
2.089055E+4	8.345700E-5	NaN	3.999900E+2	3.999900E+2
2.090668E+4	8.346800E-5	NaN	4.000000E+2	4.000000E+2
2.092326E+4	8.346500E-5	NaN	4.000100E+2	4.000100E+2
2.093958E+4	8.343900E-5	NaN	4.000000E+2	4.000000E+2
2.095599E+4	8.344800E-5	NaN	3.999900E+2	3.999900E+2
2.097289E+4	8.347200E-5	NaN	4.000000E+2	4.000000E+2
2.099066E+4	8.349100E-5	NaN	4.000000E+2	4.000000E+2
2.100676E+4	8.348800E-5	NaN	4.000000E+2	4.000000E+2
2.102287E+4	8.349200E-5	NaN	4.000100E+2	4.000100E+2
2.103944E+4	8.348300E-5	NaN	4.000200E+2	4.000200E+2
2.105554E+4	8.347400E-5	NaN	4.000000E+2	4.000000E+2
2.107214E+4	8.347000E-5	NaN	3.999800E+2	3.999800E+2
2.108810E+4	8.351600E-5	NaN	4.000000E+2	4.000000E+2
2.110449E+4	8.353200E-5	NaN	4.000200E+2	4.000200E+2
2.112069E+4	8.349400E-5	NaN	4.000000E+2	4.000000E+2
2.113757E+4	8.346700E-5	NaN	4.000000E+2	4.000000E+2
2.115432E+4	8.348300E-5	NaN	4.000000E+2	4.000000E+2
2.117027E+4	8.346000E-5	NaN	4.000000E+2	4.000000E+2
2.118634E+4	8.347600E-5	NaN	4.000000E+2	4.000000E+2
2.120278E+4	8.346300E-5	NaN	3.999900E+2	3.999900E+2
2.121906E+4	8.348300E-5	NaN	4.000100E+2	4.000100E+2
2.123588E+4	8.348400E-5	NaN	4.000000E+2	4.000000E+2
2.125228E+4	8.346900E-5	NaN	4.000100E+2	4.000100E+2
2.126853E+4	8.346000E-5	NaN	4.000000E+2	4.000000E+2
2.128511E+4	8.344500E-5	NaN	3.999900E+2	3.999900E+2
2.130159E+4	8.344200E-5	NaN	3.999900E+2	3.999900E+2
2.131830E+4	8.347800E-5	NaN	3.999900E+2	3.999900E+2
2.133453E+4	8.349000E-5	NaN	4.000100E+2	4.000100E+2
2.135054E+4	8.350700E-5	NaN	4.000000E+2	4.000000E+2
2.136716E+4	8.350800E-5	NaN	3.999900E+2	3.999900E+2
2.138419E+4	8.352400E-5	NaN	4.000100E+2	4.000100E+2
2.140040E+4	8.349900E-5	NaN	4.000000E+2	4.000000E+2
2.141659E+4	8.347800E-5	NaN	4.000000E+2	4.000000E+2
2.143290E+4	8.350900E-5	NaN	4.000100E+2	4.000100E+2
2.144902E+4	8.352200E-5	NaN	4.000000E+2	4.000000E+2
2.146554E+4	8.351000E-5	NaN	4.000000E+2	4.000000E+2
2.148275E+4	8.351000E-5	NaN	3.999900E+2	3.999900E+2
2.149924E+4	8.353900E-5	NaN	3.999900E+2	3.999900E+2
2.151565E+4	8.354800E-5	NaN	4.000000E+2	4.000000E+2
2.153191E+4	8.355900E-5	NaN	4.000000E+2	4.000000E+2
2.154810E+4	8.353500E-5	NaN	4.000000E+2	4.000000E+2
2.156467E+4	8.352700E-5	NaN	4.000000E+2	4.000000E+2
2.158064E+4	8.355200E-5	NaN	4.000200E+2	4.000200E+2
2.159672E+4	8.352100E-5	NaN	4.000100E+2	4.000100E+2
2.161325E+4	8.348600E-5	NaN	3.999900E+2	3.999900E+2
2.162966E+4	8.350600E-5	NaN	3.999900E+2	3.999900E+2
2.164624E+4	8.350200E-5	NaN	4.000100E+2	4.000100E+2
2.166202E+4	8.350900E-5	NaN	3.999900E+2	3.999900E+2
2.167804E+4	8.350200E-5	NaN	4.000000E+2	4.000000E+2
2.169439E+4	8.350300E-5	NaN	3.999900E+2	3.999900E+2
2.171067E+4	8.350500E-5	NaN	4.000100E+2	4.000100E+2
2.172741E+4	8.348600E-5	NaN	4.000100E+2	4.000100E+2
2.174374E+4	8.344800E-5	NaN	3.999900E+2	3.999900E+2
2.175975E+4	8.347700E-5	NaN	3.999900E+2	3.999900E+2
2.177578E+4	8.350200E-5	NaN	4.000000E+2	4.000000E+2
2.179176E+4	8.350200E-5	NaN	4.000000E+2	4.000000E+2
2.180822E+4	8.347300E-5	NaN	4.000000E+2	4.000000E+2
2.182504E+4	8.352500E-5	NaN	4.000000E+2	4.000000E+2
2.184147E+4	8.353300E-5	NaN	4.000000E+2	4.000000E+2
2.185759E+4	8.354600E-5	NaN	4.000100E+2	4.000100E+2
2.187400E+4	8.353300E-5	NaN	4.000000E+2	4.000000E+2
2.189052E+4	8.354500E-5	NaN	4.000000E+2	4.000000E+2
2.190677E+4	8.352800E-5	NaN	3.999900E+2	3.999900E+2
2.192300E+4	8.353700E-5	NaN	3.999900E+2	3.999900E+2
2.193926E+4	8.356400E-5	NaN	4.000100E+2	4.000100E+2
2.195609E+4	8.355900E-5	NaN	4.000000E+2	4.000000E+2
2.197243E+4	8.356400E-5	NaN	4.000000E+2	4.000000E+2
2.198860E+4	8.356200E-5	NaN	4.000100E+2	4.000100E+2
2.200477E+4	8.353800E-5	NaN	3.999900E+2	3.999900E+2
2.202104E+4	8.355000E-5	NaN	4.000000E+2	4.000000E+2
2.203726E+4	8.353400E-5	NaN	4.000100E+2	4.000100E+2
2.205458E+4	8.353000E-5	NaN	4.000100E+2	4.000100E+2
2.207127E+4	8.349800E-5	NaN	3.999800E+2	3.999800E+2
2.208742E+4	8.352200E-5	NaN	3.999900E+2	3.999900E+2
2.210410E+4	8.354000E-5	NaN	4.000100E+2	4.000100E+2
2.212014E+4	8.354700E-5	NaN	4.000000E+2	4.000000E+2
2.213602E+4	8.354800E-5	NaN	4.000000E+2	4.000000E+2
2.215249E+4	8.352500E-5	NaN	3.999900E+2	3.999900E+2
2.216303E+4	8.351800E-5	NaN	4.000000E+2	4.000000E+2
2.217924E+4	8.352700E-5	NaN	4.000200E+2	4.000200E+2
2.219572E+4	8.350700E-5	NaN	4.000000E+2	4.000000E+2
2.221297E+4	8.350800E-5	NaN	4.000000E+2	4.000000E+2
2.222926E+4	8.350900E-5	NaN	4.000000E+2	4.000000E+2
2.224535E+4	8.352900E-5	NaN	4.000100E+2	4.000100E+2
2.226152E+4	8.350800E-5	NaN	4.000100E+2	4.000100E+2
2.227863E+4	8.349400E-5	NaN	3.999900E+2	3.999900E+2
2.229454E+4	8.351400E-5	NaN	3.999900E+2	3.999900E+2
2.231157E+4	8.352800E-5	NaN	4.000000E+2	4.000000E+2
2.232810E+4	8.355100E-5	NaN	4.000100E+2	4.000100E+2
2.234422E+4	8.353900E-5	NaN	4.000000E+2	4.000000E+2
2.236077E+4	8.352000E-5	NaN	4.000100E+2	4.000100E+2
2.237681E+4	8.349100E-5	NaN	3.999900E+2	3.999900E+2
2.239282E+4	8.351200E-5	NaN	4.000000E+2	4.000000E+2
2.240900E+4	8.351800E-5	NaN	4.000000E+2	4.000000E+2
2.242524E+4	8.352600E-5	NaN	3.999900E+2	3.999900E+2
2.244195E+4	8.354100E-5	NaN	4.000000E+2	4.000000E+2
2.246023E+4	8.356500E-5	NaN	4.000000E+2	4.000000E+2
2.247717E+4	8.355600E-5	NaN	4.000100E+2	4.000100E+2
2.249370E+4	8.354700E-5	NaN	4.000000E+2	4.000000E+2
2.250975E+4	8.352400E-5	NaN	3.999900E+2	3.999900E+2
2.252604E+4	8.354500E-5	NaN	4.000000E+2	4.000000E+2
2.254254E+4	8.354400E-5	NaN	4.000000E+2	4.000000E+2
2.255848E+4	8.354700E-5	NaN	3.999900E+2	3.999900E+2
2.257467E+4	8.355900E-5	NaN	4.000000E+2	4.000000E+2
2.259149E+4	8.354500E-5	NaN	4.000000E+2	4.000000E+2
2.260801E+4	8.353300E-5	NaN	4.000000E+2	4.000000E+2
2.262539E+4	8.355100E-5	NaN	4.000100E+2	4.000100E+2
2.264157E+4	8.352700E-5	NaN	3.999800E+2	3.999800E+2
2.265773E+4	8.354500E-5	NaN	4.000100E+2	4.000100E+2
2.267377E+4	8.353800E-5	NaN	3.999900E+2	3.999900E+2
2.268992E+4	8.356100E-5	NaN	4.000000E+2	4.000000E+2
2.270734E+4	8.355900E-5	NaN	4.000100E+2	4.000100E+2
2.272336E+4	8.358900E-5	NaN	4.000000E+2	4.000000E+2
2.273942E+4	8.358700E-5	NaN	4.000000E+2	4.000000E+2
2.275538E+4	8.359900E-5	NaN	4.000000E+2	4.000000E+2
2.277823E+4	8.360000E-5	NaN	4.000000E+2	4.000000E+2
2.279585E+4	8.360500E-5	NaN	4.000200E+2	4.000200E+2
2.281188E+4	8.358400E-5	NaN	4.000000E+2	4.000000E+2
2.282825E+4	8.356400E-5	NaN	3.999900E+2	3.999900E+2
2.284496E+4	8.357500E-5	NaN	3.999900E+2	3.999900E+2
2.286195E+4	8.356900E-5	NaN	4.000100E+2	4.000100E+2
2.287866E+4	8.356100E-5	NaN	3.999900E+2	3.999900E+2
2.289620E+4	8.357600E-5	NaN	4.000000E+2	4.000000E+2
2.291232E+4	8.357700E-5	NaN	4.000000E+2	4.000000E+2
2.292881E+4	8.357800E-5	NaN	4.000000E+2	4.000000E+2
2.294533E+4	8.357100E-5	NaN	4.000000E+2	4.000000E+2
2.296181E+4	8.356500E-5	NaN	4.000100E+2	4.000100E+2
2.297807E+4	8.356300E-5	NaN	4.000000E+2	4.000000E+2
2.299424E+4	8.356800E-5	NaN	3.999900E+2	3.999900E+2
2.301104E+4	8.359900E-5	NaN	4.000100E+2	4.000100E+2
2.302706E+4	8.360600E-5	NaN	4.000000E+2	4.000000E+2
2.304513E+4	8.360100E-5	NaN	4.000100E+2	4.000100E+2
2.306143E+4	8.358400E-5	NaN	3.999900E+2	3.999900E+2
2.307806E+4	8.357700E-5	NaN	4.000000E+2	4.000000E+2
2.309413E+4	8.358000E-5	NaN	4.000100E+2	4.000100E+2
2.311107E+4	8.357000E-5	NaN	4.000000E+2	4.000000E+2
2.312718E+4	8.356400E-5	NaN	4.000000E+2	4.000000E+2
2.314334E+4	8.356800E-5	NaN	4.000000E+2	4.000000E+2
2.315935E+4	8.357200E-5	NaN	4.000000E+2	4.000000E+2
2.317582E+4	8.358300E-5	NaN	4.000200E+2	4.000200E+2
2.319263E+4	8.356700E-5	NaN	4.000000E+2	4.000000E+2
2.320900E+4	8.354800E-5	NaN	4.000000E+2	4.000000E+2
2.322525E+4	8.354600E-5	NaN	4.000000E+2	4.000000E+2
2.324219E+4	8.354700E-5	NaN	4.000100E+2	4.000100E+2
2.325886E+4	8.354300E-5	NaN	4.000200E+2	4.000200E+2
2.327579E+4	8.351000E-5	NaN	3.999900E+2	3.999900E+2
2.329264E+4	8.352400E-5	NaN	3.999900E+2	3.999900E+2
2.330883E+4	8.355700E-5	NaN	4.000000E+2	4.000000E+2
2.332509E+4	8.355200E-5	NaN	3.999900E+2	3.999900E+2
2.334094E+4	8.355600E-5	NaN	4.000100E+2	4.000100E+2
2.335754E+4	8.357600E-5	NaN	3.999900E+2	3.999900E+2
2.337401E+4	8.356600E-5	NaN	4.000000E+2	4.000000E+2
2.339018E+4	8.357700E-5	NaN	4.000100E+2	4.000100E+2
2.340670E+4	8.355600E-5	NaN	4.000100E+2	4.000100E+2
2.342283E+4	8.352400E-5	NaN	3.999900E+2	3.999900E+2
2.344054E+4	8.351900E-5	NaN	4.000000E+2	4.000000E+2
2.345664E+4	8.355100E-5	NaN	4.000000E+2	4.000000E+2
2.347286E+4	8.358500E-5	NaN	4.000000E+2	4.000000E+2
2.348903E+4	8.359200E-5	NaN	4.000000E+2	4.000000E+2
2.350546E+4	8.357800E-5	NaN	4.000000E+2	4.000000E+2
2.352210E+4	8.356400E-5	NaN	4.000100E+2	4.000100E+2
2.353810E+4	8.355600E-5	NaN	4.000000E+2	4.000000E+2
