7/25/2024									
2:22 PM									
slow cool down 460_2024.07.25_COND_FILE END.txt									
									
Data taken by: Akshat Sharma									
ammeter is Keithley 6517A at GPIB0::27::INSTR									
voltage source is Keithley 6517A at GPIB0::27::INSTR									
temperature controller is Lake Shore 330 at GPIB0::12::INSTR with the settings: control sensor=A;sample sensor=;loop=1									
Readings: 1									
Voltage (V): 100									
Geo Factor: 1000									
Ea Window (pts): 5									
Shut off V when done?: TRUE									
Mconnect?: TRUE									
Use Abs(Cond)?: TRUE									
Rate (K/min): 1									
Heater: High									
DESCRIPTION									
********************
Time (s)	Temperature (K)	1/kT (1/eV)	Rate (K/min)	Current (A)	Current Std Dev/Mean	Conductivity (Ohm-cm)^-1	Ea (eV)	Reduced Ea
1.441000E+0	4.600000E+2	2.520435E+1	-6.407323E-1	2.223200E-4	NaN	2.223200E-3	NaN	NaN
2.766100E+1	4.597200E+2	2.521970E+1	-1.459444E+0	2.209700E-4	NaN	2.209700E-3	NaN	NaN
3.835000E+1	4.594600E+2	2.523397E+1	-1.130435E+0	2.195400E-4	NaN	2.195400E-3	4.808277E-1	1.212931E+1
4.525000E+1	4.593300E+2	2.524111E+1	-6.444222E-1	2.186400E-4	NaN	2.186400E-3	4.334083E-1	1.094256E+1
5.921600E+1	4.591800E+2	2.524936E+1	-1.449873E+0	2.175000E-4	NaN	2.175000E-3	4.670401E-1	1.179566E+1
7.618300E+1	4.587700E+2	2.527192E+1	-4.568383E-1	2.161200E-4	NaN	2.161200E-3	4.866839E-1	1.229454E+1
8.669000E+1	4.586900E+2	2.527633E+1	-9.522865E-1	2.146800E-4	NaN	2.146800E-3	4.845598E-1	1.224560E+1
9.677100E+1	4.585300E+2	2.528515E+1	-9.610984E-1	2.136900E-4	NaN	2.136900E-3	5.374426E-1	1.359201E+1
1.098810E+2	4.583200E+2	2.529674E+1	-8.713598E-1	2.127800E-4	NaN	2.127800E-3	4.400495E-1	1.113194E+1
1.229640E+2	4.581300E+2	2.530723E+1	-1.183924E+0	2.116600E-4	NaN	2.116600E-3	4.519849E-1	1.143847E+1
1.325930E+2	4.579400E+2	2.531773E+1	-9.863996E-1	2.107800E-4	NaN	2.107800E-3	4.682245E-1	1.185521E+1
1.459750E+2	4.577200E+2	2.532990E+1	-9.981851E-1	2.094100E-4	NaN	2.094100E-3	4.658969E-1	1.180063E+1
1.591990E+2	4.575000E+2	2.534208E+1	-8.427755E-1	2.083200E-4	NaN	2.083200E-3	4.583769E-1	1.161553E+1
1.698780E+2	4.573500E+2	2.535039E+1	-1.051348E+0	2.074900E-4	NaN	2.074900E-3	4.424313E-1	1.121637E+1
1.830040E+2	4.571200E+2	2.536314E+1	-1.091240E+0	2.064200E-4	NaN	2.064200E-3	4.395779E-1	1.114926E+1
1.929010E+2	4.569400E+2	2.537313E+1	-1.008480E+0	2.054200E-4	NaN	2.054200E-3	4.468962E-1	1.133913E+1
2.059900E+2	4.567200E+2	2.538536E+1	-8.546368E-1	2.043900E-4	NaN	2.043900E-3	4.491656E-1	1.140410E+1
2.193290E+2	4.565300E+2	2.539592E+1	-1.071429E+0	2.033000E-4	NaN	2.033000E-3	4.377152E-1	1.111690E+1
2.389290E+2	4.561800E+2	2.541541E+1	-1.442741E+0	2.016300E-4	NaN	2.016300E-3	4.410394E-1	1.120543E+1
2.422560E+2	4.561000E+2	2.541986E+1	-1.012106E+0	2.013100E-4	NaN	2.013100E-3	4.451064E-1	1.131360E+1
2.523340E+2	4.559300E+2	2.542934E+1	-8.603619E-1	2.003900E-4	NaN	2.003900E-3	4.680001E-1	1.190334E+1
2.669790E+2	4.557200E+2	2.544106E+1	-1.012027E+0	1.992400E-4	NaN	1.992400E-3	4.746742E-1	1.207666E+1
2.806150E+2	4.554900E+2	2.545391E+1	-1.038462E+0	1.980850E-4	NaN	1.980850E-3	4.488901E-1	1.142509E+1
2.910150E+2	4.553100E+2	2.546397E+1	-1.063830E+0	1.971280E-4	NaN	1.971280E-3	3.961181E-1	1.008811E+1
3.011670E+2	4.551300E+2	2.547404E+1	-1.411038E+0	1.964560E-4	NaN	1.964560E-3	4.205752E-1	1.071464E+1
3.147740E+2	4.548100E+2	2.549196E+1	-4.652966E-1	1.952590E-4	NaN	1.952590E-3	4.508269E-1	1.148901E+1
3.276690E+2	4.547100E+2	2.549757E+1	-1.010001E+0	1.941820E-4	NaN	1.941820E-3	4.873046E-1	1.242476E+1
3.377680E+2	4.545400E+2	2.550711E+1	-1.081162E+0	1.933120E-4	NaN	1.933120E-3	4.859570E-1	1.239797E+1
3.510870E+2	4.543000E+2	2.552058E+1	-1.155068E+0	1.921930E-4	NaN	1.921930E-3	4.327391E-1	1.104303E+1
3.614760E+2	4.541000E+2	2.553182E+1	-8.586148E-1	1.913320E-4	NaN	1.913320E-3	4.412694E-1	1.126523E+1
3.719580E+2	4.539500E+2	2.554026E+1	-9.619055E-1	1.905860E-4	NaN	1.905860E-3	4.078635E-1	1.041964E+1
3.850570E+2	4.537400E+2	2.555208E+1	-1.520913E+0	1.894810E-4	NaN	1.894810E-3	4.191652E-1	1.071149E+1
3.984700E+2	4.534000E+2	2.557124E+1	-3.366059E-1	1.883440E-4	NaN	1.883440E-3	4.458107E-1	1.139626E+1
4.091650E+2	4.533400E+2	2.557462E+1	-1.040914E+0	1.877390E-4	NaN	1.877390E-3	4.779473E-1	1.222277E+1
4.229990E+2	4.531000E+2	2.558817E+1	-8.819206E-1	1.863830E-4	NaN	1.863830E-3	4.975724E-1	1.273342E+1
4.332040E+2	4.529500E+2	2.559664E+1	-1.080302E+0	1.855870E-4	NaN	1.855870E-3	4.471167E-1	1.144554E+1
4.470890E+2	4.527000E+2	2.561078E+1	-9.850420E-1	1.846450E-4	NaN	1.846450E-3	4.234546E-1	1.084485E+1
4.580530E+2	4.525200E+2	2.562097E+1	-1.105342E+0	1.838160E-4	NaN	1.838160E-3	4.234582E-1	1.084909E+1
4.699950E+2	4.523000E+2	2.563343E+1	-1.045296E+0	1.827700E-4	NaN	1.827700E-3	4.474097E-1	1.146886E+1
4.809010E+2	4.521100E+2	2.564420E+1	-9.427517E-1	1.819350E-4	NaN	1.819350E-3	4.505573E-1	1.155387E+1
4.955390E+2	4.518800E+2	2.565725E+1	-8.750608E-1	1.808370E-4	NaN	1.808370E-3	4.502334E-1	1.155128E+1
5.058240E+2	4.517300E+2	2.566577E+1	-1.040462E+0	1.801330E-4	NaN	1.801330E-3	4.411327E-1	1.132272E+1
5.196640E+2	4.514900E+2	2.567942E+1	-1.219237E+0	1.790460E-4	NaN	1.790460E-3	4.350306E-1	1.117149E+1
5.285220E+2	4.513100E+2	2.568966E+1	-9.240040E-1	1.783400E-4	NaN	1.783400E-3	4.495431E-1	1.154795E+1
5.434570E+2	4.510800E+2	2.570276E+1	-8.355715E-1	1.772590E-4	NaN	1.772590E-3	4.528263E-1	1.163839E+1
5.535100E+2	4.509400E+2	2.571074E+1	-1.075429E+0	1.764760E-4	NaN	1.764760E-3	4.073831E-1	1.047665E+1
5.669000E+2	4.507000E+2	2.572443E+1	-1.544402E+0	1.755090E-4	NaN	1.755090E-3	4.153319E-1	1.068441E+1
5.785550E+2	4.504000E+2	2.574156E+1	-4.830918E-1	1.746420E-4	NaN	1.746420E-3	4.172339E-1	1.073651E+1
5.884910E+2	4.503200E+2	2.574614E+1	-1.035375E+0	1.737870E-4	NaN	1.737870E-3	4.455945E-1	1.147211E+1
5.989220E+2	4.501400E+2	2.575643E+1	-8.747631E-1	1.730990E-4	NaN	1.730990E-3	4.713581E-1	1.214288E+1
6.126400E+2	4.499400E+2	2.576788E+1	-1.017549E+0	1.722370E-4	NaN	1.722370E-3	4.345247E-1	1.119688E+1
6.262020E+2	4.497100E+2	2.578106E+1	-9.608648E-1	1.712310E-4	NaN	1.712310E-3	4.380975E-1	1.129421E+1
6.361930E+2	4.495500E+2	2.579023E+1	-1.066509E+0	1.705020E-4	NaN	1.705020E-3	4.404538E-1	1.135966E+1
6.496950E+2	4.493100E+2	2.580401E+1	-9.229882E-1	1.695530E-4	NaN	1.695530E-3	4.333307E-1	1.118134E+1
6.600960E+2	4.491500E+2	2.581320E+1	-1.052464E+0	1.688060E-4	NaN	1.688060E-3	4.302343E-1	1.110654E+1
6.726380E+2	4.489300E+2	2.582585E+1	-1.014156E+0	1.679370E-4	NaN	1.679370E-3	4.391665E-1	1.134235E+1
6.868370E+2	4.486900E+2	2.583967E+1	-1.046309E+0	1.669250E-4	NaN	1.669250E-3	4.381986E-1	1.132216E+1
6.971590E+2	4.485100E+2	2.585004E+1	-1.030081E+0	1.661210E-4	NaN	1.661210E-3	4.570953E-1	1.181543E+1
7.105560E+2	4.482800E+2	2.586330E+1	-8.752310E-1	1.651610E-4	NaN	1.651610E-3	4.590719E-1	1.187237E+1
7.208390E+2	4.481300E+2	2.587196E+1	-9.539673E-1	1.644120E-4	NaN	1.644120E-3	4.032490E-1	1.043458E+1
7.340470E+2	4.479200E+2	2.588409E+1	-1.648190E+0	1.635730E-4	NaN	1.635730E-3	4.094293E-1	1.059834E+1
7.442400E+2	4.476400E+2	2.590028E+1	-5.859852E-1	1.628500E-4	NaN	1.628500E-3	4.226030E-1	1.094313E+1
7.565270E+2	4.475200E+2	2.590722E+1	-9.276301E-1	1.619910E-4	NaN	1.619910E-3	4.483425E-1	1.161484E+1
7.701100E+2	4.473100E+2	2.591938E+1	-1.017964E+0	1.610820E-4	NaN	1.610820E-3	4.829787E-1	1.251947E+1
7.801300E+2	4.471400E+2	2.592924E+1	-9.955502E-1	1.604240E-4	NaN	1.604240E-3	4.457966E-1	1.155936E+1
7.933890E+2	4.469200E+2	2.594200E+1	-1.011102E+0	1.594970E-4	NaN	1.594970E-3	4.426465E-1	1.148320E+1
8.034770E+2	4.467500E+2	2.595187E+1	-1.033398E+0	1.587840E-4	NaN	1.587840E-3	3.904446E-1	1.013472E+1
8.168310E+2	4.465200E+2	2.596524E+1	-1.640890E+0	1.578660E-4	NaN	1.578660E-3	3.973950E-1	1.031873E+1
8.274350E+2	4.462300E+2	2.598212E+1	-5.069352E-1	1.571990E-4	NaN	1.571990E-3	4.118333E-1	1.069749E+1
8.416380E+2	4.461100E+2	2.598911E+1	-1.081666E+0	1.563240E-4	NaN	1.563240E-3	4.459545E-1	1.158923E+1
8.527320E+2	4.459100E+2	2.600076E+1	-9.409305E-1	1.555450E-4	NaN	1.555450E-3	4.973231E-1	1.293205E+1
8.642100E+2	4.457300E+2	2.601126E+1	-9.753935E-1	1.547600E-4	NaN	1.547600E-3	4.551904E-1	1.184080E+1
8.777430E+2	4.455100E+2	2.602411E+1	-9.466566E-1	1.538430E-4	NaN	1.538430E-3	4.465967E-1	1.162224E+1
8.910530E+2	4.453000E+2	2.603638E+1	-1.092012E+0	1.530240E-4	NaN	1.530240E-3	3.923890E-1	1.021782E+1
9.009430E+2	4.451200E+2	2.604691E+1	-1.525804E+0	1.523780E-4	NaN	1.523780E-3	4.100976E-1	1.068226E+1
9.143130E+2	4.447800E+2	2.606682E+1	-3.241141E-1	1.514340E-4	NaN	1.514340E-3	4.405105E-1	1.147866E+1
9.235690E+2	4.447300E+2	2.606975E+1	-9.122700E-1	1.507350E-4	NaN	1.507350E-3	4.617955E-1	1.203909E+1
9.367230E+2	4.445300E+2	2.608148E+1	-9.986382E-1	1.499400E-4	NaN	1.499400E-3	4.849136E-1	1.264922E+1
9.499410E+2	4.443100E+2	2.609439E+1	-1.031762E+0	1.491790E-4	NaN	1.491790E-3	4.333674E-1	1.130800E+1
9.598270E+2	4.441400E+2	2.610438E+1	-9.841933E-1	1.484820E-4	NaN	1.484820E-3	4.398606E-1	1.148229E+1
9.732390E+2	4.439200E+2	2.611732E+1	-1.012910E+0	1.476460E-4	NaN	1.476460E-3	3.928645E-1	1.026250E+1
9.833090E+2	4.437500E+2	2.612732E+1	-1.568452E+0	1.469610E-4	NaN	1.469610E-3	4.076303E-1	1.065108E+1
9.966980E+2	4.434000E+2	2.614795E+1	-3.311868E-1	1.461060E-4	NaN	1.461060E-3	4.297026E-1	1.123249E+1
1.007568E+3	4.433400E+2	2.615149E+1	-9.817959E-1	1.454140E-4	NaN	1.454140E-3	4.433664E-1	1.159456E+1
1.022235E+3	4.431000E+2	2.616565E+1	-1.085209E+0	1.445140E-4	NaN	1.445140E-3	4.748031E-1	1.242498E+1
1.032187E+3	4.429200E+2	2.617628E+1	-1.041745E+0	1.439140E-4	NaN	1.439140E-3	4.360232E-1	1.141285E+1
1.045434E+3	4.426900E+2	2.618988E+1	-8.549618E-1	1.430430E-4	NaN	1.430430E-3	4.430418E-1	1.160213E+1
1.055259E+3	4.425500E+2	2.619817E+1	-9.219422E-1	1.424550E-4	NaN	1.424550E-3	4.375334E-1	1.146383E+1
1.068275E+3	4.423500E+2	2.621001E+1	-1.117318E+0	1.417330E-4	NaN	1.417330E-3	4.307837E-1	1.129230E+1
1.081700E+3	4.421000E+2	2.622484E+1	-9.496676E-1	1.409060E-4	NaN	1.409060E-3	4.250041E-1	1.114446E+1
1.094336E+3	4.419000E+2	2.623671E+1	-9.729401E-1	1.401380E-4	NaN	1.401380E-3	4.332434E-1	1.136571E+1
1.104203E+3	4.417400E+2	2.624621E+1	-9.463722E-1	1.395700E-4	NaN	1.395700E-3	4.360631E-1	1.144552E+1
1.117517E+3	4.415300E+2	2.625869E+1	-1.077629E+0	1.387890E-4	NaN	1.387890E-3	4.326784E-1	1.136191E+1
1.127539E+3	4.413500E+2	2.626940E+1	-1.007249E+0	1.382010E-4	NaN	1.382010E-3	4.378096E-1	1.150115E+1
1.140644E+3	4.411300E+2	2.628250E+1	-1.059343E+0	1.373780E-4	NaN	1.373780E-3	4.292338E-1	1.128145E+1
1.150839E+3	4.409500E+2	2.629323E+1	-1.021919E+0	1.367130E-4	NaN	1.367130E-3	4.306729E-1	1.132576E+1
1.164343E+3	4.407200E+2	2.630695E+1	-9.774555E-1	1.359830E-4	NaN	1.359830E-3	4.287533E-1	1.127953E+1
1.183372E+3	4.404100E+2	2.632547E+1	-9.376332E-1	1.348790E-4	NaN	1.348790E-3	4.313227E-1	1.135117E+1
1.190411E+3	4.403000E+2	2.633205E+1	-1.025538E+0	1.344650E-4	NaN	1.344650E-3	4.429260E-1	1.166268E+1
1.200357E+3	4.401300E+2	2.634222E+1	-9.866946E-1	1.338740E-4	NaN	1.338740E-3	4.399820E-1	1.159170E+1
1.213735E+3	4.399100E+2	2.635539E+1	-1.014275E+0	1.330990E-4	NaN	1.330990E-3	4.413191E-1	1.163106E+1
1.224383E+3	4.397300E+2	2.636618E+1	-9.492956E-1	1.324780E-4	NaN	1.324780E-3	4.400324E-1	1.160176E+1
1.237656E+3	4.395200E+2	2.637878E+1	-1.028848E+0	1.317150E-4	NaN	1.317150E-3	3.940748E-1	1.039687E+1
1.247570E+3	4.393500E+2	2.638898E+1	-1.516080E+0	1.311590E-4	NaN	1.311590E-3	4.106421E-1	1.083749E+1
1.260630E+3	4.390200E+2	2.640882E+1	-5.487197E-1	1.303560E-4	NaN	1.303560E-3	4.221168E-1	1.114425E+1
1.272658E+3	4.389100E+2	2.641544E+1	-9.765029E-1	1.296460E-4	NaN	1.296460E-3	4.435101E-1	1.171421E+1
1.282489E+3	4.387500E+2	2.642507E+1	-9.521650E-1	1.291240E-4	NaN	1.291240E-3	4.784298E-1	1.264505E+1
1.295722E+3	4.385400E+2	2.643773E+1	-9.870635E-1	1.284300E-4	NaN	1.284300E-3	4.441317E-1	1.174284E+1
1.309095E+3	4.383200E+2	2.645099E+1	-1.063420E+0	1.276340E-4	NaN	1.276340E-3	4.569227E-1	1.208551E+1
1.322072E+3	4.380900E+2	2.646488E+1	-9.503069E-1	1.268400E-4	NaN	1.268400E-3	4.600271E-1	1.217441E+1
1.332174E+3	4.379300E+2	2.647455E+1	-9.051724E-1	1.262380E-4	NaN	1.262380E-3	4.495075E-1	1.190108E+1
1.350734E+3	4.376500E+2	2.649149E+1	-1.171875E+0	1.252990E-4	NaN	1.252990E-3	4.345476E-1	1.151093E+1
1.357390E+3	4.375200E+2	2.649936E+1	-1.153846E+0	1.249070E-4	NaN	1.249070E-3	4.249352E-1	1.126016E+1
1.370390E+3	4.372700E+2	2.651451E+1	-1.009959E+0	1.241220E-4	NaN	1.241220E-3	4.300665E-1	1.140196E+1
1.377519E+3	4.371500E+2	2.652179E+1	-9.147039E-1	1.237090E-4	NaN	1.237090E-3	4.434221E-1	1.176075E+1
1.390638E+3	4.369500E+2	2.653393E+1	-9.017133E-1	1.230310E-4	NaN	1.230310E-3	4.401984E-1	1.168182E+1
1.403946E+3	4.367500E+2	2.654608E+1	-1.094391E+0	1.223560E-4	NaN	1.223560E-3	3.799139E-1	1.008732E+1
1.417104E+3	4.365100E+2	2.656067E+1	-1.813602E+0	1.216370E-4	NaN	1.216370E-3	3.970233E-1	1.054503E+1
1.427029E+3	4.362100E+2	2.657894E+1	-4.389173E-1	1.210900E-4	NaN	1.210900E-3	4.251877E-1	1.129700E+1
1.442066E+3	4.361000E+2	2.658565E+1	-9.372254E-1	1.203070E-4	NaN	1.203070E-3	4.641824E-1	1.233979E+1
1.452309E+3	4.359400E+2	2.659540E+1	-1.012425E+0	1.197340E-4	NaN	1.197340E-3	4.886152E-1	1.299728E+1
1.465347E+3	4.357200E+2	2.660883E+1	-1.087832E+0	1.190750E-4	NaN	1.190750E-3	4.335231E-1	1.153586E+1
1.475275E+3	4.355400E+2	2.661983E+1	-1.041195E+0	1.185760E-4	NaN	1.185760E-3	4.331367E-1	1.153001E+1
1.488529E+3	4.353100E+2	2.663389E+1	-1.021328E+0	1.177660E-4	NaN	1.177660E-3	4.485177E-1	1.194510E+1
1.498516E+3	4.351400E+2	2.664430E+1	-9.041591E-1	1.172380E-4	NaN	1.172380E-3	4.473852E-1	1.192040E+1
1.511788E+3	4.349400E+2	2.665655E+1	-9.571668E-1	1.165780E-4	NaN	1.165780E-3	4.261071E-1	1.135940E+1
1.524325E+3	4.347400E+2	2.666881E+1	-1.050388E+0	1.160080E-4	NaN	1.160080E-3	4.273431E-1	1.139667E+1
1.537463E+3	4.345100E+2	2.668293E+1	-9.554140E-1	1.153340E-4	NaN	1.153340E-3	4.228252E-1	1.128172E+1
1.547511E+3	4.343500E+2	2.669276E+1	-1.084011E+0	1.148010E-4	NaN	1.148010E-3	4.358582E-1	1.163435E+1
1.560795E+3	4.341100E+2	2.670752E+1	-8.580418E-1	1.141090E-4	NaN	1.141090E-3	4.416051E-1	1.179364E+1
1.571284E+3	4.339600E+2	2.671675E+1	-9.813397E-1	1.136020E-4	NaN	1.136020E-3	4.320106E-1	1.154228E+1
1.584735E+3	4.337400E+2	2.673030E+1	-1.126260E+0	1.129370E-4	NaN	1.129370E-3	4.406304E-1	1.178010E+1
1.594857E+3	4.335500E+2	2.674201E+1	-1.017704E+0	1.124080E-4	NaN	1.124080E-3	4.384721E-1	1.172619E+1
1.613723E+3	4.332300E+2	2.676177E+1	-9.499136E-1	1.113840E-4	NaN	1.113840E-3	4.424253E-1	1.183735E+1
1.620671E+3	4.331200E+2	2.676856E+1	-9.841933E-1	1.110570E-4	NaN	1.110570E-3	4.467889E-1	1.195938E+1
1.634083E+3	4.329000E+2	2.678217E+1	-1.021635E+0	1.103980E-4	NaN	1.103980E-3	4.383202E-1	1.173971E+1
1.644067E+3	4.327300E+2	2.679269E+1	-9.492240E-1	1.098850E-4	NaN	1.098850E-3	4.264805E-1	1.142669E+1
1.657341E+3	4.325200E+2	2.680570E+1	-1.048951E+0	1.092620E-4	NaN	1.092620E-3	4.313068E-1	1.156154E+1
1.667637E+3	4.323400E+2	2.681686E+1	-9.232122E-1	1.088110E-4	NaN	1.088110E-3	3.920746E-1	1.051573E+1
1.681285E+3	4.321300E+2	2.682989E+1	-1.633606E+0	1.081180E-4	NaN	1.081180E-3	4.078958E-1	1.094396E+1
1.691569E+3	4.318500E+2	2.684728E+1	-5.199716E-1	1.075970E-4	NaN	1.075970E-3	4.370661E-1	1.173173E+1
1.704262E+3	4.317400E+2	2.685413E+1	-1.079460E+0	1.070270E-4	NaN	1.070270E-3	4.502624E-1	1.209153E+1
1.717602E+3	4.315000E+2	2.686906E+1	-9.898108E-1	1.062950E-4	NaN	1.062950E-3	4.826127E-1	1.296781E+1
1.727907E+3	4.313300E+2	2.687965E+1	-9.406495E-1	1.058090E-4	NaN	1.058090E-3	4.371172E-1	1.175010E+1
1.741302E+3	4.311200E+2	2.689274E+1	-1.059176E+0	1.051940E-4	NaN	1.051940E-3	4.402764E-1	1.184025E+1
1.754331E+3	4.308900E+2	2.690710E+1	-8.792497E-1	1.045800E-4	NaN	1.045800E-3	4.414165E-1	1.187645E+1
1.764567E+3	4.307400E+2	2.691647E+1	-1.080108E+0	1.040740E-4	NaN	1.040740E-3	4.375445E-1	1.177812E+1
1.777899E+3	4.305000E+2	2.693148E+1	-9.678980E-1	1.034230E-4	NaN	1.034230E-3	4.359763E-1	1.174108E+1
1.790297E+3	4.303000E+2	2.694399E+1	-9.658919E-1	1.028800E-4	NaN	1.028800E-3	4.237393E-1	1.141649E+1
1.800236E+3	4.301400E+2	2.695401E+1	-1.022449E+0	1.024350E-4	NaN	1.024350E-3	4.356450E-1	1.174285E+1
1.813733E+3	4.299100E+2	2.696844E+1	-9.488979E-1	1.018090E-4	NaN	1.018090E-3	4.375453E-1	1.180011E+1
1.823850E+3	4.297500E+2	2.697848E+1	-1.131136E+0	1.013160E-4	NaN	1.013160E-3	4.427418E-1	1.194478E+1
1.837111E+3	4.295000E+2	2.699418E+1	-8.982036E-1	1.006570E-4	NaN	1.006570E-3	4.440783E-1	1.198684E+1
1.847131E+3	4.293500E+2	2.700361E+1	-9.796645E-1	1.002050E-4	NaN	1.002050E-3	4.347306E-1	1.174022E+1
1.860605E+3	4.291300E+2	2.701745E+1	-9.692401E-1	9.960600E-5	NaN	9.960600E-4	4.312669E-1	1.165247E+1
1.875462E+3	4.288900E+2	2.703257E+1	-1.073772E+0	9.897600E-5	NaN	9.897600E-4	4.272513E-1	1.154814E+1
1.885520E+3	4.287100E+2	2.704392E+1	-1.020102E+0	9.851000E-5	NaN	9.851000E-4	4.455586E-1	1.204906E+1
1.895519E+3	4.285400E+2	2.705465E+1	-9.552757E-1	9.803000E-5	NaN	9.803000E-4	4.536928E-1	1.227571E+1
1.909337E+3	4.283200E+2	2.706855E+1	-9.663318E-1	9.735200E-5	NaN	9.735200E-4	4.497087E-1	1.217291E+1
1.922376E+3	4.281100E+2	2.708182E+1	-1.021532E+0	9.682200E-5	NaN	9.682200E-4	4.381421E-1	1.186503E+1
1.932361E+3	4.279400E+2	2.709258E+1	-9.593422E-1	9.638800E-5	NaN	9.638800E-4	4.247692E-1	1.150880E+1
1.945495E+3	4.277300E+2	2.710588E+1	-1.047619E+0	9.582900E-5	NaN	9.582900E-4	4.324736E-1	1.172271E+1
1.958095E+3	4.275100E+2	2.711983E+1	-9.853168E-1	9.525900E-5	NaN	9.525900E-4	4.299674E-1	1.166050E+1
1.968447E+3	4.273400E+2	2.713062E+1	-1.108402E+0	9.480000E-5	NaN	9.480000E-4	4.319297E-1	1.171905E+1
1.981980E+3	4.270900E+2	2.714650E+1	-9.908685E-1	9.418500E-5	NaN	9.418500E-4	4.341643E-1	1.178564E+1
1.992274E+3	4.269200E+2	2.715731E+1	-9.779605E-1	9.371300E-5	NaN	9.371300E-4	4.343697E-1	1.179596E+1
2.006385E+3	4.266900E+2	2.717195E+1	-9.661836E-1	9.312300E-5	NaN	9.312300E-4	4.370317E-1	1.187467E+1
2.016321E+3	4.265300E+2	2.718214E+1	-9.969789E-1	9.271300E-5	NaN	9.271300E-4	4.385269E-1	1.192113E+1
2.029561E+3	4.263100E+2	2.719617E+1	-9.214821E-1	9.215600E-5	NaN	9.215600E-4	4.444487E-1	1.208721E+1
2.045188E+3	4.260700E+2	2.721149E+1	-1.085444E+0	9.150600E-5	NaN	9.150600E-4	4.523799E-1	1.230801E+1
2.052374E+3	4.259400E+2	2.721980E+1	-9.427609E-1	9.116700E-5	NaN	9.116700E-4	4.438196E-1	1.208203E+1
2.065739E+3	4.257300E+2	2.723322E+1	-1.079460E+0	9.059900E-5	NaN	9.059900E-4	4.320697E-1	1.176754E+1
2.079079E+3	4.254900E+2	2.724858E+1	-9.594243E-1	9.004800E-5	NaN	9.004800E-4	4.285605E-1	1.167607E+1
2.089085E+3	4.253300E+2	2.725883E+1	-1.049767E+0	8.964600E-5	NaN	8.964600E-4	4.311463E-1	1.175261E+1
2.099373E+3	4.251500E+2	2.727038E+1	-1.029928E+0	8.919300E-5	NaN	8.919300E-4	4.079290E-1	1.112717E+1
2.112772E+3	4.249200E+2	2.728514E+1	-1.333630E+0	8.859900E-5	NaN	8.859900E-4	4.287007E-1	1.169725E+1
2.126269E+3	4.246200E+2	2.730441E+1	-5.277045E-1	8.804600E-5	NaN	8.804600E-4	4.422179E-1	1.207055E+1
2.137639E+3	4.245200E+2	2.731085E+1	-1.071854E+0	8.756200E-5	NaN	8.756200E-4	4.536640E-1	1.238977E+1
2.147715E+3	4.243400E+2	2.732243E+1	-9.971295E-1	8.713600E-5	NaN	8.713600E-4	4.749260E-1	1.297841E+1
2.160953E+3	4.241200E+2	2.733660E+1	-9.202454E-1	8.660900E-5	NaN	8.660900E-4	4.330230E-1	1.183694E+1
2.173993E+3	4.239200E+2	2.734950E+1	-1.026363E+0	8.609500E-5	NaN	8.609500E-4	4.360345E-1	1.192488E+1
2.183931E+3	4.237500E+2	2.736047E+1	-9.936018E-1	8.571400E-5	NaN	8.571400E-4	3.957411E-1	1.083013E+1
2.197216E+3	4.235300E+2	2.737468E+1	-1.400708E+0	8.517300E-5	NaN	8.517300E-4	4.098996E-1	1.122136E+1
2.210495E+3	4.232200E+2	2.739474E+1	-4.956220E-1	8.465200E-5	NaN	8.465200E-4	4.310795E-1	1.180526E+1
2.222601E+3	4.231200E+2	2.740121E+1	-1.028226E+0	8.418800E-5	NaN	8.418800E-4	4.474949E-1	1.226149E+1
2.232521E+3	4.229500E+2	2.741222E+1	-1.054562E+0	8.378100E-5	NaN	8.378100E-4	4.736225E-1	1.298540E+1
2.245607E+3	4.227200E+2	2.742714E+1	-1.073452E+0	8.325500E-5	NaN	8.325500E-4	4.405750E-1	1.208344E+1
2.255668E+3	4.225400E+2	2.743882E+1	-9.431138E-1	8.282500E-5	NaN	8.282500E-4	4.384532E-1	1.203112E+1
2.269028E+3	4.223300E+2	2.745247E+1	-1.035336E+0	8.229800E-5	NaN	8.229800E-4	3.991380E-1	1.095882E+1
2.282357E+3	4.221000E+2	2.746742E+1	-1.481774E+0	8.179500E-5	NaN	8.179500E-4	4.081925E-1	1.121111E+1
2.292480E+3	4.218500E+2	2.748370E+1	-5.673027E-1	8.142900E-5	NaN	8.142900E-4	4.276689E-1	1.175119E+1
2.304114E+3	4.217400E+2	2.749087E+1	-9.563567E-1	8.097200E-5	NaN	8.097200E-4	4.587817E-1	1.261327E+1
2.317289E+3	4.215300E+2	2.750457E+1	-9.811209E-1	8.045400E-5	NaN	8.045400E-4	4.768709E-1	1.311755E+1
2.330743E+3	4.213100E+2	2.751893E+1	-1.072706E+0	7.995800E-5	NaN	7.995800E-4	4.348625E-1	1.196653E+1
2.340811E+3	4.211300E+2	2.753069E+1	-1.000000E+0	7.957200E-5	NaN	7.957200E-4	4.256884E-1	1.171942E+1
2.354011E+3	4.209100E+2	2.754508E+1	-9.970674E-1	7.907300E-5	NaN	7.907300E-4	4.379201E-1	1.206395E+1
2.364241E+3	4.207400E+2	2.755621E+1	-1.027984E+0	7.870500E-5	NaN	7.870500E-4	4.423867E-1	1.219172E+1
2.383502E+3	4.204100E+2	2.757784E+1	-1.082219E+0	7.792000E-5	NaN	7.792000E-4	4.513122E-1	1.244241E+1
2.390155E+3	4.202900E+2	2.758571E+1	-8.424431E-1	7.767100E-5	NaN	7.767100E-4	4.560859E-1	1.257974E+1
2.400126E+3	4.201500E+2	2.759491E+1	-9.463012E-1	7.731100E-5	NaN	7.731100E-4	4.435171E-1	1.224172E+1
2.413441E+3	4.199400E+2	2.760871E+1	-1.101928E+0	7.684600E-5	NaN	7.684600E-4	4.472934E-1	1.234984E+1
2.426509E+3	4.197000E+2	2.762449E+1	-9.115770E-1	7.633800E-5	NaN	7.633800E-4	4.460910E-1	1.232168E+1
2.436382E+3	4.195500E+2	2.763437E+1	-9.878761E-1	7.597200E-5	NaN	7.597200E-4	4.402877E-1	1.216825E+1
2.449744E+3	4.193300E+2	2.764887E+1	-1.090992E+0	7.546900E-5	NaN	7.546900E-4	4.401908E-1	1.217170E+1
2.462943E+3	4.190900E+2	2.766470E+1	-9.776177E-1	7.499700E-5	NaN	7.499700E-4	4.337341E-1	1.199764E+1
2.474604E+3	4.189000E+2	2.767725E+1	-1.039437E+0	7.456500E-5	NaN	7.456500E-4	4.334418E-1	1.199581E+1
2.484417E+3	4.187300E+2	2.768849E+1	-1.018912E+0	7.419800E-5	NaN	7.419800E-4	4.448504E-1	1.231835E+1
2.497372E+3	4.185100E+2	2.770304E+1	-9.759876E-1	7.373000E-5	NaN	7.373000E-4	4.434390E-1	1.228416E+1
2.510282E+3	4.183000E+2	2.771695E+1	-9.075325E-1	7.326600E-5	NaN	7.326600E-4	4.445551E-1	1.232075E+1
2.520199E+3	4.181500E+2	2.772689E+1	-1.002278E+0	7.294200E-5	NaN	7.294200E-4	4.414646E-1	1.224177E+1
2.533369E+3	4.179300E+2	2.774149E+1	-1.015775E+0	7.247500E-5	NaN	7.247500E-4	4.386785E-1	1.217001E+1
2.546364E+3	4.177100E+2	2.775610E+1	-9.493671E-1	7.202300E-5	NaN	7.202300E-4	4.343500E-1	1.205511E+1
2.557740E+3	4.175300E+2	2.776806E+1	-9.600000E-1	7.163600E-5	NaN	7.163600E-4	4.364337E-1	1.211880E+1
2.570865E+3	4.173200E+2	2.778204E+1	-1.074413E+0	7.121900E-5	NaN	7.121900E-4	4.431309E-1	1.231146E+1
2.580917E+3	4.171400E+2	2.779403E+1	-1.083358E+0	7.082800E-5	NaN	7.082800E-4	4.490759E-1	1.248184E+1
2.594209E+3	4.169000E+2	2.781003E+1	-9.568424E-1	7.031700E-5	NaN	7.031700E-4	4.496690E-1	1.250434E+1
2.604242E+3	4.167400E+2	2.782070E+1	-9.278590E-1	6.996800E-5	NaN	6.996800E-4	4.345013E-1	1.208873E+1
2.617175E+3	4.165400E+2	2.783406E+1	-1.046962E+0	6.958000E-5	NaN	6.958000E-4	4.295136E-1	1.195614E+1
2.630356E+3	4.163100E+2	2.784944E+1	-1.044023E+0	6.914500E-5	NaN	6.914500E-4	4.296842E-1	1.196593E+1
2.641850E+3	4.161100E+2	2.786282E+1	-9.047045E-1	6.872100E-5	NaN	6.872100E-4	4.293494E-1	1.196219E+1
2.655114E+3	4.159100E+2	2.787622E+1	-1.089808E+0	6.832000E-5	NaN	6.832000E-4	4.424931E-1	1.233499E+1
2.665024E+3	4.157300E+2	2.788829E+1	-9.789380E-1	6.799600E-5	NaN	6.799600E-4	4.451286E-1	1.241403E+1
2.678508E+3	4.155100E+2	2.790306E+1	-1.012608E+0	6.750300E-5	NaN	6.750300E-4	4.514446E-1	1.259661E+1
2.688581E+3	4.153400E+2	2.791448E+1	-1.051188E+0	6.716300E-5	NaN	6.716300E-4	4.599763E-1	1.284030E+1
2.701709E+3	4.151100E+2	2.792995E+1	-1.002063E+0	6.670100E-5	NaN	6.670100E-4	4.475152E-1	1.249932E+1
2.711888E+3	4.149400E+2	2.794139E+1	-9.694933E-1	6.634200E-5	NaN	6.634200E-4	4.507167E-1	1.259381E+1
2.727360E+3	4.146900E+2	2.795823E+1	-9.039775E-1	6.586400E-5	NaN	6.586400E-4	4.455551E-1	1.245622E+1
2.737316E+3	4.145400E+2	2.796835E+1	-1.052712E+0	6.554600E-5	NaN	6.554600E-4	4.380919E-1	1.225283E+1
2.750425E+3	4.143100E+2	2.798388E+1	-1.035428E+0	6.511700E-5	NaN	6.511700E-4	4.369725E-1	1.222840E+1
2.760276E+3	4.141400E+2	2.799536E+1	-1.025870E+0	6.479600E-5	NaN	6.479600E-4	4.362465E-1	1.221351E+1
2.773728E+3	4.139100E+2	2.801092E+1	-9.338175E-1	6.435400E-5	NaN	6.435400E-4	4.415706E-1	1.236846E+1
2.787221E+3	4.137000E+2	2.802514E+1	-1.016139E+0	6.394200E-5	NaN	6.394200E-4	4.463694E-1	1.250953E+1
2.797259E+3	4.135300E+2	2.803666E+1	-1.048001E+0	6.362100E-5	NaN	6.362100E-4	4.479532E-1	1.256020E+1
2.812717E+3	4.132600E+2	2.805498E+1	-1.038908E+0	6.309400E-5	NaN	6.309400E-4	4.486984E-1	1.258655E+1
2.822535E+3	4.130900E+2	2.806652E+1	-1.018981E+0	6.277100E-5	NaN	6.277100E-4	4.506310E-1	1.264651E+1
2.832545E+3	4.129200E+2	2.807808E+1	-9.161005E-1	6.244300E-5	NaN	6.244300E-4	4.498633E-1	1.263242E+1
2.845644E+3	4.127200E+2	2.809168E+1	-9.586123E-1	6.206200E-5	NaN	6.206200E-4	4.556988E-1	1.280135E+1
2.858788E+3	4.125100E+2	2.810599E+1	-9.790923E-1	6.166400E-5	NaN	6.166400E-4	4.455164E-1	1.252155E+1
2.868593E+3	4.123500E+2	2.811689E+1	-1.085809E+0	6.134100E-5	NaN	6.134100E-4	4.424616E-1	1.244263E+1
2.881855E+3	4.121100E+2	2.813327E+1	-9.901644E-1	6.093800E-5	NaN	6.093800E-4	4.366795E-1	1.228554E+1
2.897004E+3	4.118600E+2	2.815034E+1	-1.009501E+0	6.046300E-5	NaN	6.046300E-4	4.426065E-1	1.245677E+1
2.907108E+3	4.116900E+2	2.816197E+1	-9.011715E-1	6.016800E-5	NaN	6.016800E-4	4.517830E-1	1.272279E+1
2.917095E+3	4.115400E+2	2.817223E+1	-1.143467E+0	5.985200E-5	NaN	5.985200E-4	4.582119E-1	1.291025E+1
2.930213E+3	4.112900E+2	2.818936E+1	-9.078987E-1	5.941900E-5	NaN	5.941900E-4	4.632521E-1	1.305797E+1
2.940126E+3	4.111400E+2	2.819964E+1	-9.703504E-1	5.910900E-5	NaN	5.910900E-4	4.486367E-1	1.265213E+1
2.953111E+3	4.109300E+2	2.821405E+1	-1.037438E+0	5.872400E-5	NaN	5.872400E-4	4.601908E-1	1.298420E+1
2.966413E+3	4.107000E+2	2.822985E+1	-8.974870E-1	5.834100E-5	NaN	5.834100E-4	4.592224E-1	1.296216E+1
2.976441E+3	4.105500E+2	2.824017E+1	-1.012146E+0	5.801700E-5	NaN	5.801700E-4	4.631330E-1	1.307965E+1
2.988297E+3	4.103500E+2	2.825393E+1	-9.942005E-1	5.765300E-5	NaN	5.765300E-4	4.598773E-1	1.299505E+1
3.001574E+3	4.101300E+2	2.826909E+1	-1.037360E+0	5.726300E-5	NaN	5.726300E-4	4.460974E-1	1.261038E+1
3.014877E+3	4.099000E+2	2.828495E+1	-9.652121E-1	5.687000E-5	NaN	5.687000E-4	4.394496E-1	1.242899E+1
3.024823E+3	4.097400E+2	2.829599E+1	-1.086710E+0	5.658500E-5	NaN	5.658500E-4	4.465355E-1	1.263540E+1
3.038074E+3	4.095000E+2	2.831258E+1	-9.628887E-1	5.618800E-5	NaN	5.618800E-4	4.452712E-1	1.260652E+1
3.048044E+3	4.093400E+2	2.832364E+1	-1.036659E+0	5.587500E-5	NaN	5.587500E-4	4.423253E-1	1.252869E+1
3.061356E+3	4.091100E+2	2.833957E+1	-9.368836E-1	5.551000E-5	NaN	5.551000E-4	4.507508E-1	1.277413E+1
3.073524E+3	4.089200E+2	2.835273E+1	-9.616118E-1	5.518600E-5	NaN	5.518600E-4	4.464684E-1	1.265810E+1
3.086627E+3	4.087100E+2	2.836730E+1	-1.074841E+0	5.479800E-5	NaN	5.479800E-4	4.580630E-1	1.299398E+1
3.096675E+3	4.085300E+2	2.837980E+1	-9.874327E-1	5.450500E-5	NaN	5.450500E-4	4.633904E-1	1.315069E+1
3.110043E+3	4.083100E+2	2.839509E+1	-8.917955E-1	5.411700E-5	NaN	5.411700E-4	4.582959E-1	1.301277E+1
3.120135E+3	4.081600E+2	2.840553E+1	-9.820698E-1	5.384200E-5	NaN	5.384200E-4	4.491713E-1	1.276094E+1
3.133576E+3	4.079400E+2	2.842085E+1	-1.151546E+0	5.348100E-5	NaN	5.348100E-4	4.429230E-1	1.259073E+1
3.147123E+3	4.076800E+2	2.843897E+1	-1.038262E+0	5.307800E-5	NaN	5.307800E-4	4.405577E-1	1.252764E+1
3.162726E+3	4.074100E+2	2.845782E+1	-9.792285E-1	5.261800E-5	NaN	5.261800E-4	4.476307E-1	1.273411E+1
3.169466E+3	4.073000E+2	2.846550E+1	-8.933002E-1	5.243600E-5	NaN	5.243600E-4	4.589464E-1	1.306359E+1
3.179541E+3	4.071500E+2	2.847599E+1	-8.980019E-1	5.218100E-5	NaN	5.218100E-4	4.523874E-1	1.288494E+1
3.192904E+3	4.069500E+2	2.848999E+1	-1.050388E+0	5.185000E-5	NaN	5.185000E-4	4.583105E-1	1.305885E+1
3.206042E+3	4.067200E+2	2.850610E+1	-9.974309E-1	5.148400E-5	NaN	5.148400E-4	4.610451E-1	1.314192E+1
3.219276E+3	4.065000E+2	2.852153E+1	-1.041135E+0	5.109800E-5	NaN	5.109800E-4	4.647837E-1	1.325578E+1
3.229073E+3	4.063300E+2	2.853346E+1	-9.850923E-1	5.081800E-5	NaN	5.081800E-4	4.627976E-1	1.320593E+1
3.244300E+3	4.060800E+2	2.855102E+1	-1.016442E+0	5.040700E-5	NaN	5.040700E-4	4.548035E-1	1.298388E+1
3.254335E+3	4.059100E+2	2.856298E+1	-1.031814E+0	5.014600E-5	NaN	5.014600E-4	4.648647E-1	1.327750E+1
3.264802E+3	4.057300E+2	2.857565E+1	-1.002811E+0	4.985300E-5	NaN	4.985300E-4	4.635699E-1	1.324753E+1
3.277965E+3	4.055100E+2	2.859116E+1	-1.011905E+0	4.946400E-5	NaN	4.946400E-4	4.654344E-1	1.330696E+1
3.288045E+3	4.053400E+2	2.860315E+1	-9.635974E-1	4.922100E-5	NaN	4.922100E-4	4.593714E-1	1.314024E+1
3.301121E+3	4.051300E+2	2.861797E+1	-9.878761E-1	4.887900E-5	NaN	4.887900E-4	4.141095E-1	1.185347E+1
3.314483E+3	4.049100E+2	2.863352E+1	-1.421366E+0	4.853600E-5	NaN	4.853600E-4	4.341844E-1	1.243176E+1
3.327569E+3	4.046000E+2	2.865546E+1	-3.301056E-1	4.818800E-5	NaN	4.818800E-4	4.528486E-1	1.297183E+1
3.336657E+3	4.045500E+2	2.865900E+1	-1.004413E+0	4.796300E-5	NaN	4.796300E-4	4.715902E-1	1.351669E+1
3.349799E+3	4.043300E+2	2.867460E+1	-1.057471E+0	4.761200E-5	NaN	4.761200E-4	4.995243E-1	1.432563E+1
3.362849E+3	4.041000E+2	2.869092E+1	-9.700889E-1	4.727600E-5	NaN	4.727600E-4	4.611522E-1	1.322978E+1
3.372745E+3	4.039400E+2	2.870228E+1	-1.040332E+0	4.701000E-5	NaN	4.701000E-4	4.627055E-1	1.328079E+1
3.386010E+3	4.037100E+2	2.871863E+1	-9.671570E-1	4.666000E-5	NaN	4.666000E-4	4.649841E-1	1.335347E+1
3.395936E+3	4.035500E+2	2.873002E+1	-9.838265E-1	4.641200E-5	NaN	4.641200E-4	4.537809E-1	1.303894E+1
3.409353E+3	4.033300E+2	2.874569E+1	-9.857012E-1	4.608400E-5	NaN	4.608400E-4	4.543064E-1	1.305943E+1
3.425788E+3	4.030600E+2	2.876495E+1	-8.998200E-1	4.569400E-5	NaN	4.569400E-4	4.535208E-1	1.304282E+1
3.432456E+3	4.029600E+2	2.877209E+1	-1.076958E+0	4.553200E-5	NaN	4.553200E-4	4.565291E-1	1.313607E+1
3.445827E+3	4.027200E+2	2.878923E+1	-9.976526E-1	4.518200E-5	NaN	4.518200E-4	4.559061E-1	1.312581E+1
3.456051E+3	4.025500E+2	2.880139E+1	-9.782850E-1	4.492900E-5	NaN	4.492900E-4	4.552104E-1	1.311124E+1
3.469544E+3	4.023300E+2	2.881714E+1	-9.888381E-1	4.461700E-5	NaN	4.461700E-4	4.575863E-1	1.318648E+1
3.482893E+3	4.021100E+2	2.883291E+1	-1.075162E+0	4.428600E-5	NaN	4.428600E-4	4.612732E-1	1.330086E+1
3.492938E+3	4.019300E+2	2.884582E+1	-1.007240E+0	4.402700E-5	NaN	4.402700E-4	4.591525E-1	1.324572E+1
3.512000E+3	4.016100E+2	2.886880E+1	-1.072865E+0	4.355600E-5	NaN	4.355600E-4	4.517940E-1	1.303897E+1
3.518711E+3	4.014900E+2	2.887743E+1	-9.732360E-1	4.340400E-5	NaN	4.340400E-4	4.510135E-1	1.302282E+1
3.528575E+3	4.013300E+2	2.888894E+1	-9.526690E-1	4.318200E-5	NaN	4.318200E-4	4.484045E-1	1.295635E+1
3.541801E+3	4.011200E+2	2.890407E+1	-1.005561E+0	4.287900E-5	NaN	4.287900E-4	4.525507E-1	1.308091E+1
3.554928E+3	4.009000E+2	2.891993E+1	-1.028122E+0	4.257600E-5	NaN	4.257600E-4	4.564696E-1	1.320032E+1
3.564849E+3	4.007300E+2	2.893220E+1	-1.016166E+0	4.234400E-5	NaN	4.234400E-4	4.559580E-1	1.319363E+1
3.577839E+3	4.005100E+2	2.894809E+1	-1.011236E+0	4.202600E-5	NaN	4.202600E-4	4.575382E-1	1.324520E+1
3.593859E+3	4.002400E+2	2.896762E+1	-1.065574E+0	4.165800E-5	NaN	4.165800E-4	4.611374E-1	1.335469E+1
3.601179E+3	4.001100E+2	2.897703E+1	-1.001178E+0	4.148100E-5	NaN	4.148100E-4	4.637202E-1	1.343699E+1
3.611367E+3	3.999400E+2	2.898935E+1	-9.723041E-1	4.123600E-5	NaN	4.123600E-4	4.734817E-1	1.372835E+1
3.624943E+3	3.997200E+2	2.900530E+1	-9.543778E-1	4.092700E-5	NaN	4.092700E-4	4.683034E-1	1.358334E+1
3.638774E+3	3.995000E+2	2.902128E+1	-9.850314E-1	4.061500E-5	NaN	4.061500E-4	4.575221E-1	1.327722E+1
3.649129E+3	3.993300E+2	2.903363E+1	-1.030081E+0	4.040100E-5	NaN	4.040100E-4	4.496858E-1	1.305632E+1
3.662526E+3	3.991000E+2	2.905036E+1	-9.873197E-1	4.010100E-5	NaN	4.010100E-4	4.600387E-1	1.336389E+1
3.672857E+3	3.989300E+2	2.906274E+1	-8.544795E-1	3.987700E-5	NaN	3.987700E-4	4.617601E-1	1.341994E+1
3.688305E+3	3.987100E+2	2.907878E+1	-9.754232E-1	3.954900E-5	NaN	3.954900E-4	4.561824E-1	1.326492E+1
3.698762E+3	3.985400E+2	2.909118E+1	-1.141770E+0	3.935700E-5	NaN	3.935700E-4	4.571638E-1	1.329967E+1
3.709272E+3	3.983400E+2	2.910579E+1	-1.131115E+0	3.910400E-5	NaN	3.910400E-4	4.636967E-1	1.349745E+1
3.719881E+3	3.981400E+2	2.912041E+1	-1.100917E+0	3.882100E-5	NaN	3.882100E-4	4.843861E-1	1.410560E+1
3.733506E+3	3.978900E+2	2.913871E+1	-8.885379E-1	3.847200E-5	NaN	3.847200E-4	4.879012E-1	1.421491E+1
3.743635E+3	3.977400E+2	2.914970E+1	-9.098491E-1	3.826400E-5	NaN	3.826400E-4	4.699711E-1	1.370194E+1
3.756824E+3	3.975400E+2	2.916436E+1	-1.004920E+0	3.800600E-5	NaN	3.800600E-4	4.595267E-1	1.340350E+1
3.775930E+3	3.972200E+2	2.918786E+1	-1.026279E+0	3.760900E-5	NaN	3.760900E-4	4.609968E-1	1.345097E+1
3.782361E+3	3.971100E+2	2.919594E+1	-9.564611E-1	3.746600E-5	NaN	3.746600E-4	4.608370E-1	1.345393E+1
3.792398E+3	3.969500E+2	2.920771E+1	-1.074868E+0	3.724600E-5	NaN	3.724600E-4	4.705359E-1	1.374642E+1
3.805795E+3	3.967100E+2	2.922538E+1	-9.647779E-1	3.695900E-5	NaN	3.695900E-4	4.773650E-1	1.395038E+1
3.818855E+3	3.965000E+2	2.924086E+1	-8.981140E-1	3.667700E-5	NaN	3.667700E-4	4.759337E-1	1.391533E+1
3.828876E+3	3.963500E+2	2.925192E+1	-1.045138E+0	3.646800E-5	NaN	3.646800E-4	4.809858E-1	1.407069E+1
3.842080E+3	3.961200E+2	2.926891E+1	-1.029056E+0	3.618800E-5	NaN	3.618800E-4	4.698068E-1	1.375065E+1
3.851992E+3	3.959500E+2	2.928147E+1	-1.031857E+0	3.597300E-5	NaN	3.597300E-4	4.570294E-1	1.338328E+1
3.864203E+3	3.957400E+2	2.929701E+1	-1.020635E+0	3.571700E-5	NaN	3.571700E-4	4.587948E-1	1.344139E+1
3.877724E+3	3.955100E+2	2.931405E+1	-8.895918E-1	3.545100E-5	NaN	3.545100E-4	4.570918E-1	1.339878E+1
3.887841E+3	3.953600E+2	2.932517E+1	-1.000556E+0	3.525900E-5	NaN	3.525900E-4	4.599171E-1	1.348837E+1
3.904032E+3	3.950900E+2	2.934521E+1	-1.012910E+0	3.494000E-5	NaN	3.494000E-4	4.633456E-1	1.359559E+1
3.914102E+3	3.949200E+2	2.935784E+1	-1.044993E+0	3.473400E-5	NaN	3.473400E-4	4.664172E-1	1.369203E+1
3.924437E+3	3.947400E+2	2.937123E+1	-9.544008E-1	3.452100E-5	NaN	3.452100E-4	4.686790E-1	1.376696E+1
3.937639E+3	3.945300E+2	2.938687E+1	-1.017113E+0	3.425700E-5	NaN	3.425700E-4	4.633136E-1	1.361556E+1
3.950027E+3	3.943200E+2	2.940252E+1	-1.122047E+0	3.401800E-5	NaN	3.401800E-4	4.763022E-1	1.400366E+1
3.960187E+3	3.941300E+2	2.941669E+1	-8.571429E-1	3.380300E-5	NaN	3.380300E-4	4.796706E-1	1.411043E+1
3.973487E+3	3.939400E+2	2.943088E+1	-1.007711E+0	3.353900E-5	NaN	3.353900E-4	4.795962E-1	1.411527E+1
3.986586E+3	3.937200E+2	2.944732E+1	-1.034588E+0	3.328700E-5	NaN	3.328700E-4	4.659991E-1	1.372255E+1
3.996445E+3	3.935500E+2	2.946004E+1	-1.043781E+0	3.310400E-5	NaN	3.310400E-4	4.489067E-1	1.322610E+1
4.010241E+3	3.933100E+2	2.947802E+1	-1.019148E+0	3.284100E-5	NaN	3.284100E-4	4.566519E-1	1.346225E+1
4.023193E+3	3.930900E+2	2.949452E+1	-1.009317E+0	3.259000E-5	NaN	3.259000E-4	4.664424E-1	1.375626E+1
4.038649E+3	3.928300E+2	2.951404E+1	-1.012373E+0	3.228800E-5	NaN	3.228800E-4	4.766537E-1	1.406416E+1
4.045761E+3	3.927100E+2	2.952306E+1	-9.719550E-1	3.214700E-5	NaN	3.214700E-4	4.745924E-1	1.401146E+1
4.055638E+3	3.925500E+2	2.953509E+1	-1.012814E+0	3.196000E-5	NaN	3.196000E-4	4.646847E-1	1.372723E+1
4.068671E+3	3.923300E+2	2.955165E+1	-9.553416E-1	3.172100E-5	NaN	3.172100E-4	4.632986E-1	1.369189E+1
4.081860E+3	3.921200E+2	2.956748E+1	-9.598537E-1	3.149500E-5	NaN	3.149500E-4	4.615819E-1	1.364797E+1
4.094987E+3	3.919100E+2	2.958332E+1	-1.066213E+0	3.125600E-5	NaN	3.125600E-4	4.709981E-1	1.393476E+1
4.107930E+3	3.916800E+2	2.960069E+1	-1.001201E+0	3.100900E-5	NaN	3.100900E-4	4.821316E-1	1.427014E+1
4.122912E+3	3.914300E+2	2.961960E+1	-9.436660E-1	3.072100E-5	NaN	3.072100E-4	4.898848E-1	1.450617E+1
4.129906E+3	3.913200E+2	2.962793E+1	-1.049707E+0	3.058500E-5	NaN	3.058500E-4	4.916107E-1	1.456610E+1
4.139623E+3	3.911500E+2	2.964080E+1	-9.984116E-1	3.039200E-5	NaN	3.039200E-4	4.869383E-1	1.443603E+1
4.152844E+3	3.909300E+2	2.965748E+1	-9.429726E-1	3.015900E-5	NaN	3.015900E-4	4.714603E-1	1.398326E+1
4.166206E+3	3.907200E+2	2.967342E+1	-1.034328E+0	2.991900E-5	NaN	2.991900E-4	4.735416E-1	1.405078E+1
4.179548E+3	3.904900E+2	2.969090E+1	-8.979347E-1	2.969400E-5	NaN	2.969400E-4	4.768569E-1	1.415885E+1
4.189571E+3	3.903400E+2	2.970231E+1	-1.026409E+0	2.951400E-5	NaN	2.951400E-4	4.705124E-1	1.397683E+1
4.208277E+3	3.900200E+2	2.972668E+1	-1.086137E+0	2.917700E-5	NaN	2.917700E-4	4.721644E-1	1.403221E+1
4.214906E+3	3.899000E+2	2.973583E+1	-9.770992E-1	2.906400E-5	NaN	2.906400E-4	4.663490E-1	1.386561E+1
4.224731E+3	3.897400E+2	2.974804E+1	-9.283614E-1	2.889800E-5	NaN	2.889800E-4	4.671551E-1	1.389965E+1
4.237657E+3	3.895400E+2	2.976331E+1	-1.076863E+0	2.868200E-5	NaN	2.868200E-4	4.735191E-1	1.409445E+1
4.250472E+3	3.893100E+2	2.978089E+1	-1.063830E+0	2.845400E-5	NaN	2.845400E-4	4.815344E-1	1.433964E+1
4.260624E+3	3.891300E+2	2.979467E+1	-9.444569E-1	2.826400E-5	NaN	2.826400E-4	4.470484E-1	1.332085E+1
4.273965E+3	3.889200E+2	2.981076E+1	-1.506175E+0	2.803200E-5	NaN	2.803200E-4	4.634470E-1	1.381662E+1
4.283924E+3	3.886700E+2	2.982993E+1	-7.159905E-1	2.785900E-5	NaN	2.785900E-4	4.763663E-1	1.420767E+1
4.299846E+3	3.884800E+2	2.984452E+1	-9.382330E-1	2.759700E-5	NaN	2.759700E-4	4.673732E-1	1.394714E+1
4.310078E+3	3.883200E+2	2.985682E+1	-1.281269E+0	2.742700E-5	NaN	2.742700E-4	5.039708E-1	1.504785E+1
4.319912E+3	3.881100E+2	2.987297E+1	-7.627309E-1	2.726500E-5	NaN	2.726500E-4	4.744669E-1	1.417392E+1
4.333285E+3	3.879400E+2	2.988606E+1	-1.009097E+0	2.705000E-5	NaN	2.705000E-4	4.730467E-1	1.413793E+1
4.346366E+3	3.877200E+2	2.990302E+1	-1.092896E+0	2.684000E-5	NaN	2.684000E-4	4.823800E-1	1.442707E+1
4.356248E+3	3.875400E+2	2.991691E+1	-1.037790E+0	2.667700E-5	NaN	2.667700E-4	4.660328E-1	1.394342E+1
4.375327E+3	3.872100E+2	2.994241E+1	-9.570766E-1	2.635100E-5	NaN	2.635100E-4	4.786508E-1	1.432680E+1
4.382223E+3	3.871000E+2	2.995092E+1	-8.560946E-1	2.624600E-5	NaN	2.624600E-4	4.861512E-1	1.455890E+1
4.392035E+3	3.869600E+2	2.996175E+1	-9.980342E-1	2.609400E-5	NaN	2.609400E-4	4.910393E-1	1.471590E+1
4.405261E+3	3.867400E+2	2.997880E+1	-9.591231E-1	2.589000E-5	NaN	2.589000E-4	4.848791E-1	1.453664E+1
4.418398E+3	3.865300E+2	2.999508E+1	-1.089588E+0	2.567700E-5	NaN	2.567700E-4	4.808198E-1	1.442160E+1
4.428310E+3	3.863500E+2	3.000906E+1	-9.963016E-1	2.551500E-5	NaN	2.551500E-4	4.432223E-1	1.330324E+1
4.441559E+3	3.861300E+2	3.002616E+1	-1.340421E+0	2.529900E-5	NaN	2.529900E-4	4.507271E-1	1.353401E+1
4.454540E+3	3.858400E+2	3.004872E+1	-5.973617E-1	2.510700E-5	NaN	2.510700E-4	4.720070E-1	1.417954E+1
4.466593E+3	3.857200E+2	3.005807E+1	-1.024447E+0	2.492700E-5	NaN	2.492700E-4	4.887322E-1	1.468992E+1
4.479478E+3	3.855000E+2	3.007523E+1	-1.062574E+0	2.471600E-5	NaN	2.471600E-4	5.151978E-1	1.549521E+1
4.489642E+3	3.853200E+2	3.008928E+1	-1.078813E+0	2.455300E-5	NaN	2.455300E-4	4.836168E-1	1.455127E+1
4.499653E+3	3.851400E+2	3.010334E+1	-9.138679E-1	2.439400E-5	NaN	2.439400E-4	4.833641E-1	1.455202E+1
4.512784E+3	3.849400E+2	3.011898E+1	-9.978078E-1	2.419800E-5	NaN	2.419800E-4	4.374439E-1	1.317844E+1
4.526013E+3	3.847200E+2	3.013620E+1	-1.462034E+0	2.400100E-5	NaN	2.400100E-4	4.512776E-1	1.359959E+1
4.538735E+3	3.844100E+2	3.016051E+1	-3.881402E-1	2.381300E-5	NaN	2.381300E-4	4.643966E-1	1.400122E+1
4.548010E+3	3.843500E+2	3.016521E+1	-9.909166E-1	2.367300E-5	NaN	2.367300E-4	4.916850E-1	1.483266E+1
4.561331E+3	3.841300E+2	3.018249E+1	-9.644825E-1	2.347700E-5	NaN	2.347700E-4	5.223059E-1	1.576744E+1
4.574395E+3	3.839200E+2	3.019900E+1	-1.005484E+0	2.329100E-5	NaN	2.329100E-4	4.798865E-1	1.449159E+1
4.587523E+3	3.837000E+2	3.021631E+1	-1.098901E+0	2.309700E-5	NaN	2.309700E-4	4.837041E-1	1.461415E+1
4.597351E+3	3.835200E+2	3.023050E+1	-9.771987E-1	2.294400E-5	NaN	2.294400E-4	4.521270E-1	1.366945E+1
4.607789E+3	3.833500E+2	3.024390E+1	-1.335687E+0	2.278700E-5	NaN	2.278700E-4	4.707637E-1	1.423911E+1
4.620816E+3	3.830600E+2	3.026680E+1	-5.978577E-1	2.259500E-5	NaN	2.259500E-4	4.835418E-1	1.463267E+1
4.632859E+3	3.829400E+2	3.027628E+1	-1.060396E+0	2.242600E-5	NaN	2.242600E-4	4.923722E-1	1.490772E+1
4.645873E+3	3.827100E+2	3.029448E+1	-9.621993E-1	2.224000E-5	NaN	2.224000E-4	5.212636E-1	1.579146E+1
4.658968E+3	3.825000E+2	3.031111E+1	-8.577555E-1	2.206100E-5	NaN	2.206100E-4	4.776626E-1	1.447728E+1
4.668761E+3	3.823600E+2	3.032221E+1	-1.098314E+0	2.192700E-5	NaN	2.192700E-4	4.742012E-1	1.438120E+1
4.681872E+3	3.821200E+2	3.034125E+1	-9.973555E-1	2.174900E-5	NaN	2.174900E-4	4.701540E-1	1.426534E+1
4.695107E+3	3.819000E+2	3.035873E+1	-1.044386E+0	2.157000E-5	NaN	2.157000E-4	4.741980E-1	1.439430E+1
4.705448E+3	3.817200E+2	3.037305E+1	-9.863554E-1	2.141800E-5	NaN	2.141800E-4	4.937664E-1	1.499758E+1
4.717614E+3	3.815200E+2	3.038897E+1	-9.943503E-1	2.124500E-5	NaN	2.124500E-4	4.965486E-1	1.508970E+1
4.730889E+3	3.813000E+2	3.040650E+1	-9.777959E-1	2.106200E-5	NaN	2.106200E-4	4.902938E-1	1.490731E+1
4.740707E+3	3.811400E+2	3.041927E+1	-9.924812E-1	2.093300E-5	NaN	2.093300E-4	4.864347E-1	1.479711E+1
4.754007E+3	3.809200E+2	3.043684E+1	-9.362200E-1	2.075800E-5	NaN	2.075800E-4	4.867159E-1	1.481396E+1
4.764261E+3	3.807600E+2	3.044963E+1	-9.990917E-1	2.062500E-5	NaN	2.062500E-4	4.800538E-1	1.461940E+1
4.777473E+3	3.805400E+2	3.046723E+1	-1.057604E+0	2.044900E-5	NaN	2.044900E-4	4.793646E-1	1.460667E+1
4.791656E+3	3.802900E+2	3.048726E+1	-1.000606E+0	2.026400E-5	NaN	2.026400E-4	4.738669E-1	1.444574E+1
4.804848E+3	3.800700E+2	3.050491E+1	-1.059578E+0	2.008700E-5	NaN	2.008700E-4	4.777001E-1	1.457016E+1
4.815607E+3	3.798800E+2	3.052016E+1	-1.004371E+0	1.994700E-5	NaN	1.994700E-4	4.875964E-1	1.488050E+1
4.826360E+3	3.797000E+2	3.053463E+1	-9.814613E-1	1.980090E-5	NaN	1.980090E-4	4.882997E-1	1.491064E+1
4.837364E+3	3.795200E+2	3.054911E+1	-9.497769E-1	1.966040E-5	NaN	1.966040E-4	4.925043E-1	1.504629E+1
4.851262E+3	3.793000E+2	3.056683E+1	-9.558617E-1	1.949190E-5	NaN	1.949190E-4	4.833046E-1	1.477227E+1
4.861933E+3	3.791300E+2	3.058054E+1	-1.071529E+0	1.936120E-5	NaN	1.936120E-4	4.858432E-1	1.485881E+1
4.872572E+3	3.789400E+2	3.059587E+1	-9.507042E-1	1.922490E-5	NaN	1.922490E-4	4.829925E-1	1.477860E+1
4.889612E+3	3.786700E+2	3.061769E+1	-1.076159E+0	1.901380E-5	NaN	1.901380E-4	4.770343E-1	1.460377E+1
4.896860E+3	3.785400E+2	3.062820E+1	-1.029601E+0	1.892510E-5	NaN	1.892510E-4	4.832757E-1	1.480222E+1
4.910846E+3	3.783000E+2	3.064763E+1	-9.507830E-1	1.875500E-5	NaN	1.875500E-4	4.905048E-1	1.503328E+1
4.921574E+3	3.781300E+2	3.066141E+1	-1.006641E+0	1.861890E-5	NaN	1.861890E-4	4.967404E-1	1.523129E+1
4.935879E+3	3.778900E+2	3.068089E+1	-1.066218E+0	1.843460E-5	NaN	1.843460E-4	4.477450E-1	1.373875E+1
4.946571E+3	3.777000E+2	3.069632E+1	-1.587902E+0	1.830170E-5	NaN	1.830170E-4	4.626410E-1	1.420096E+1
4.957151E+3	3.774200E+2	3.071909E+1	-4.898323E-1	1.817320E-5	NaN	1.817320E-4	4.884882E-1	1.500140E+1
4.970625E+3	3.773100E+2	3.072805E+1	-9.588268E-1	1.801280E-5	NaN	1.801280E-4	5.215340E-1	1.602561E+1
4.981263E+3	3.771400E+2	3.074190E+1	-1.010545E+0	1.788150E-5	NaN	1.788150E-4	5.625210E-1	1.729587E+1
4.994919E+3	3.769100E+2	3.076066E+1	-9.032744E-1	1.772180E-5	NaN	1.772180E-4	4.944747E-1	1.521057E+1
5.005547E+3	3.767500E+2	3.077372E+1	-1.083737E+0	1.759610E-5	NaN	1.759610E-4	4.806626E-1	1.479303E+1
5.019388E+3	3.765000E+2	3.079416E+1	-1.103689E+0	1.743520E-5	NaN	1.743520E-4	4.861027E-1	1.496893E+1
5.029717E+3	3.763100E+2	3.080970E+1	-9.459653E-1	1.730900E-5	NaN	1.730900E-4	4.856166E-1	1.496183E+1
5.043671E+3	3.760900E+2	3.082773E+1	-1.041509E+0	1.714370E-5	NaN	1.714370E-4	4.957657E-1	1.528320E+1
5.056921E+3	3.758600E+2	3.084659E+1	-9.794507E-1	1.698880E-5	NaN	1.698880E-4	5.012985E-1	1.546082E+1
5.067335E+3	3.756900E+2	3.086055E+1	-9.048068E-1	1.687420E-5	NaN	1.687420E-4	4.934761E-1	1.522764E+1
5.077945E+3	3.755300E+2	3.087370E+1	-9.874737E-1	1.675740E-5	NaN	1.675740E-4	4.944457E-1	1.526734E+1
5.088882E+3	3.753500E+2	3.088850E+1	-1.004464E+0	1.663950E-5	NaN	1.663950E-4	4.910113E-1	1.516857E+1
5.103218E+3	3.751100E+2	3.090827E+1	-1.042238E+0	1.647960E-5	NaN	1.647960E-4	4.902035E-1	1.515139E+1
5.114156E+3	3.749200E+2	3.092393E+1	-9.977827E-1	1.635460E-5	NaN	1.635460E-4	4.375243E-1	1.353283E+1
5.128588E+3	3.746800E+2	3.094374E+1	-1.725097E+0	1.619130E-5	NaN	1.619130E-4	4.534421E-1	1.403061E+1
5.139370E+3	3.743700E+2	3.096936E+1	-2.931119E-1	1.607230E-5	NaN	1.607230E-4	4.766331E-1	1.475402E+1
5.149605E+3	3.743200E+2	3.097350E+1	-1.014656E+0	1.595700E-5	NaN	1.595700E-4	5.047641E-1	1.563490E+1
5.160249E+3	3.741400E+2	3.098840E+1	-9.950966E-1	1.583940E-5	NaN	1.583940E-4	5.521238E-1	1.711310E+1
5.174117E+3	3.739100E+2	3.100746E+1	-9.040399E-1	1.569610E-5	NaN	1.569610E-4	4.880165E-1	1.513186E+1
5.184736E+3	3.737500E+2	3.102074E+1	-1.038886E+0	1.558850E-5	NaN	1.558850E-4	4.912843E-1	1.524055E+1
5.198597E+3	3.735100E+2	3.104067E+1	-9.508716E-1	1.544340E-5	NaN	1.544340E-4	4.937916E-1	1.532747E+1
5.209324E+3	3.733400E+2	3.105480E+1	-9.987696E-1	1.532980E-5	NaN	1.532980E-4	4.860290E-1	1.509449E+1
5.223141E+3	3.731100E+2	3.107395E+1	-1.032864E+0	1.518800E-5	NaN	1.518800E-4	4.875781E-1	1.515080E+1
5.235921E+3	3.728900E+2	3.109228E+1	-1.001669E+0	1.505910E-5	NaN	1.505910E-4	4.890057E-1	1.520188E+1
5.246104E+3	3.727200E+2	3.110646E+1	-9.586466E-1	1.495200E-5	NaN	1.495200E-4	4.950438E-1	1.539946E+1
5.256744E+3	3.725500E+2	3.112065E+1	-1.045372E+0	1.484140E-5	NaN	1.484140E-4	5.002523E-1	1.557004E+1
5.270519E+3	3.723100E+2	3.114072E+1	-1.004932E+0	1.469750E-5	NaN	1.469750E-4	4.928957E-1	1.534927E+1
5.281266E+3	3.721300E+2	3.115578E+1	-1.004114E+0	1.458810E-5	NaN	1.458810E-4	4.440576E-1	1.383719E+1
5.295607E+3	3.718900E+2	3.117589E+1	-1.525137E+0	1.444790E-5	NaN	1.444790E-4	4.632113E-1	1.444057E+1
5.306229E+3	3.716200E+2	3.119854E+1	-5.351966E-1	1.434490E-5	NaN	1.434490E-4	4.840061E-1	1.509557E+1
5.319682E+3	3.715000E+2	3.120861E+1	-1.040906E+0	1.421350E-5	NaN	1.421350E-4	5.181512E-1	1.616976E+1
5.330634E+3	3.713100E+2	3.122458E+1	-9.381036E-1	1.410390E-5	NaN	1.410390E-4	5.411267E-1	1.689935E+1
5.341507E+3	3.711400E+2	3.123889E+1	-1.044277E+0	1.399920E-5	NaN	1.399920E-4	4.875849E-1	1.523367E+1
5.355871E+3	3.708900E+2	3.125994E+1	-1.092797E+0	1.386080E-5	NaN	1.386080E-4	4.969302E-1	1.553261E+1
5.366852E+3	3.706900E+2	3.127681E+1	-8.907033E-1	1.374920E-5	NaN	1.374920E-4	4.963023E-1	1.552177E+1
5.377630E+3	3.705300E+2	3.129031E+1	-1.039789E+0	1.364390E-5	NaN	1.364390E-4	5.121179E-1	1.602623E+1
5.392056E+3	3.702800E+2	3.131144E+1	-8.833785E-1	1.350770E-5	NaN	1.350770E-4	5.110016E-1	1.599903E+1
5.404961E+3	3.700900E+2	3.132751E+1	-1.024508E+0	1.338860E-5	NaN	1.338860E-4	5.004795E-1	1.567658E+1
5.414917E+3	3.699200E+2	3.134191E+1	-1.008204E+0	1.329800E-5	NaN	1.329800E-4	4.984118E-1	1.562240E+1
5.425034E+3	3.697500E+2	3.135632E+1	-1.040387E+0	1.320300E-5	NaN	1.320300E-4	4.943856E-1	1.550347E+1
5.438875E+3	3.695100E+2	3.137669E+1	-9.213936E-1	1.307270E-5	NaN	1.307270E-4	4.806039E-1	1.507956E+1
5.449294E+3	3.693500E+2	3.139028E+1	-1.020264E+0	1.297880E-5	NaN	1.297880E-4	4.680803E-1	1.469405E+1
5.463408E+3	3.691100E+2	3.141069E+1	-1.082005E+0	1.286990E-5	NaN	1.286990E-4	4.760721E-1	1.495473E+1
5.473944E+3	3.689200E+2	3.142687E+1	-9.646302E-1	1.277180E-5	NaN	1.277180E-4	4.856192E-1	1.526075E+1
5.490738E+3	3.686500E+2	3.144988E+1	-9.987516E-1	1.261700E-5	NaN	1.261700E-4	5.035245E-1	1.583232E+1
5.497947E+3	3.685300E+2	3.146013E+1	-1.063234E+0	1.255030E-5	NaN	1.255030E-4	5.059811E-1	1.591902E+1
5.508669E+3	3.683400E+2	3.147635E+1	-9.668605E-1	1.245660E-5	NaN	1.245660E-4	4.932383E-1	1.552744E+1
5.522942E+3	3.681100E+2	3.149602E+1	-1.010668E+0	1.232960E-5	NaN	1.232960E-4	4.982745E-1	1.569308E+1
5.533628E+3	3.679300E+2	3.151143E+1	-9.285966E-1	1.224010E-5	NaN	1.224010E-4	4.985734E-1	1.571091E+1
5.547843E+3	3.677100E+2	3.153028E+1	-1.048951E+0	1.211980E-5	NaN	1.211980E-4	4.954423E-1	1.562053E+1
5.558711E+3	3.675200E+2	3.154658E+1	-9.481316E-1	1.202880E-5	NaN	1.202880E-4	4.986011E-1	1.572872E+1
5.569469E+3	3.673500E+2	3.156118E+1	-1.023414E+0	1.193800E-5	NaN	1.193800E-4	4.909454E-1	1.549620E+1
5.582367E+3	3.671300E+2	3.158009E+1	-1.104464E+0	1.182650E-5	NaN	1.182650E-4	4.958375E-1	1.565965E+1
5.593232E+3	3.669300E+2	3.159731E+1	-1.002227E+0	1.173040E-5	NaN	1.173040E-4	4.962410E-1	1.567994E+1
5.607600E+3	3.666900E+2	3.161799E+1	-9.863014E-1	1.160810E-5	NaN	1.160810E-4	4.961355E-1	1.568498E+1
5.618550E+3	3.665100E+2	3.163352E+1	-1.019541E+0	1.151610E-5	NaN	1.151610E-4	4.970963E-1	1.572475E+1
5.629143E+3	3.663300E+2	3.164906E+1	-9.809497E-1	1.143150E-5	NaN	1.143150E-4	4.493026E-1	1.422428E+1
5.643211E+3	3.661000E+2	3.166894E+1	-1.360737E+0	1.131950E-5	NaN	1.131950E-4	4.684254E-1	1.483456E+1
5.657321E+3	3.657800E+2	3.169665E+1	-3.730570E-1	1.120780E-5	NaN	1.120780E-4	4.950361E-1	1.568342E+1
5.666971E+3	3.657200E+2	3.170185E+1	-9.626274E-1	1.112970E-5	NaN	1.112970E-4	5.170402E-1	1.639144E+1
5.677567E+3	3.655500E+2	3.171659E+1	-1.046436E+0	1.104510E-5	NaN	1.104510E-4	5.412604E-1	1.717149E+1
5.691328E+3	3.653100E+2	3.173743E+1	-1.003997E+0	1.093650E-5	NaN	1.093650E-4	4.914472E-1	1.559782E+1
5.702085E+3	3.651300E+2	3.175307E+1	-1.067908E+0	1.085090E-5	NaN	1.085090E-4	4.981554E-1	1.581829E+1
5.716693E+3	3.648700E+2	3.177570E+1	-9.061029E-1	1.073170E-5	NaN	1.073170E-4	5.088062E-1	1.616544E+1
5.727950E+3	3.647000E+2	3.179051E+1	-1.009912E+0	1.064440E-5	NaN	1.064440E-4	5.039455E-1	1.601937E+1
5.738644E+3	3.645200E+2	3.180621E+1	-1.060268E+0	1.056080E-5	NaN	1.056080E-4	4.971675E-1	1.581493E+1
5.749396E+3	3.643300E+2	3.182280E+1	-9.817289E-1	1.047960E-5	NaN	1.047960E-4	4.886165E-1	1.555051E+1
5.764064E+3	3.640900E+2	3.184377E+1	-9.771987E-1	1.037170E-5	NaN	1.037170E-4	4.960430E-1	1.579419E+1
5.775730E+3	3.639000E+2	3.186040E+1	-9.594582E-1	1.028560E-5	NaN	1.028560E-4	5.095572E-1	1.623344E+1
5.786361E+3	3.637300E+2	3.187529E+1	-9.744026E-1	1.020490E-5	NaN	1.020490E-4	5.114300E-1	1.630256E+1
5.799292E+3	3.635200E+2	3.189371E+1	-1.026880E+0	1.010820E-5	NaN	1.010820E-4	5.041185E-1	1.607868E+1
5.809225E+3	3.633500E+2	3.190863E+1	-1.062274E+0	1.003520E-5	NaN	1.003520E-4	5.085189E-1	1.622824E+1
5.822216E+3	3.631200E+2	3.192884E+1	-9.594883E-1	9.936400E-6	NaN	9.936400E-5	5.102740E-1	1.629265E+1
5.837224E+3	3.628800E+2	3.194996E+1	-1.028952E+0	9.821600E-6	NaN	9.821600E-5	5.116330E-1	1.634364E+1
5.847137E+3	3.627100E+2	3.196493E+1	-9.991184E-1	9.749900E-6	NaN	9.749900E-5	5.015044E-1	1.603074E+1
5.857346E+3	3.625400E+2	3.197992E+1	-1.051863E+0	9.678600E-6	NaN	9.678600E-5	4.898495E-1	1.566699E+1
5.871036E+3	3.623000E+2	3.200110E+1	-9.732824E-1	9.581300E-6	NaN	9.581300E-5	4.991786E-1	1.597335E+1
5.881516E+3	3.621300E+2	3.201613E+1	-9.647779E-1	9.506900E-6	NaN	9.506900E-5	5.118936E-1	1.638904E+1
5.894576E+3	3.619200E+2	3.203470E+1	-9.314015E-1	9.415200E-6	NaN	9.415200E-5	5.090679E-1	1.631073E+1
5.908104E+3	3.617100E+2	3.205330E+1	-1.060006E+0	9.322900E-6	NaN	9.322900E-5	5.090825E-1	1.631762E+1
5.924519E+3	3.614200E+2	3.207902E+1	-8.504607E-1	9.210600E-6	NaN	9.210600E-5	5.009799E-1	1.606707E+1
5.931574E+3	3.613200E+2	3.208790E+1	-1.056881E+0	9.162000E-6	NaN	9.162000E-5	4.983354E-1	1.599108E+1
5.945199E+3	3.610800E+2	3.210923E+1	-9.659091E-1	9.069500E-6	NaN	9.069500E-5	5.016237E-1	1.610670E+1
5.955759E+3	3.609100E+2	3.212435E+1	-1.042773E+0	8.999100E-6	NaN	8.999100E-5	5.021479E-1	1.613085E+1
5.966116E+3	3.607300E+2	3.214038E+1	-9.630116E-1	8.929000E-6	NaN	8.929000E-5	5.065027E-1	1.628065E+1
5.979823E+3	3.605100E+2	3.216000E+1	-1.106366E+0	8.836000E-6	NaN	8.836000E-5	5.173579E-1	1.664100E+1
5.990127E+3	3.603200E+2	3.217695E+1	-8.826676E-1	8.764800E-6	NaN	8.764800E-5	5.288583E-1	1.701692E+1
6.012559E+3	3.599900E+2	3.220645E+1	-4.953220E-1	8.624400E-6	NaN	8.624400E-5	5.111547E-1	1.645643E+1
6.016193E+3	3.599600E+2	3.220913E+1	-1.033814E+0	8.608200E-6	NaN	8.608200E-5	4.993795E-1	1.608650E+1
6.030122E+3	3.597200E+2	3.223062E+1	-1.126928E+0	8.529900E-6	NaN	8.529900E-5	4.700518E-1	1.515209E+1
6.040238E+3	3.595300E+2	3.224766E+1	-1.250993E+0	8.457000E-6	NaN	8.457000E-5	4.830689E-1	1.557660E+1
6.050310E+3	3.593200E+2	3.226650E+1	-1.011102E+0	8.381900E-6	NaN	8.381900E-5	5.097005E-1	1.644563E+1
6.060398E+3	3.591500E+2	3.228178E+1	-9.606587E-1	8.311200E-6	NaN	8.311200E-5	5.176517E-1	1.671169E+1
6.073514E+3	3.589400E+2	3.230066E+1	-9.418448E-1	8.230600E-6	NaN	8.230600E-5	5.184001E-1	1.674592E+1
6.086892E+3	3.587300E+2	3.231957E+1	-1.050370E+0	8.150000E-6	NaN	8.150000E-5	5.074211E-1	1.639906E+1
6.099459E+3	3.585100E+2	3.233940E+1	-1.005917E+0	8.070700E-6	NaN	8.070700E-5	4.971892E-1	1.607812E+1
6.109599E+3	3.583400E+2	3.235475E+1	-1.056581E+0	8.009000E-6	NaN	8.009000E-5	4.990629E-1	1.614803E+1
6.122660E+3	3.581100E+2	3.237553E+1	-9.218714E-1	7.929700E-6	NaN	7.929700E-5	5.084551E-1	1.646156E+1
6.135677E+3	3.579100E+2	3.239362E+1	-9.443861E-1	7.852700E-6	NaN	7.852700E-5	5.178629E-1	1.677402E+1
6.149019E+3	3.577000E+2	3.241264E+1	-9.512485E-1	7.775500E-6	NaN	7.775500E-5	5.265661E-1	1.706662E+1
6.159111E+3	3.575400E+2	3.242714E+1	-1.000682E+0	7.715600E-6	NaN	7.715600E-5	5.145246E-1	1.668767E+1
6.172302E+3	3.573200E+2	3.244711E+1	-1.053042E+0	7.636200E-6	NaN	7.636200E-5	5.084994E-1	1.649988E+1
6.187686E+3	3.570500E+2	3.247164E+1	-1.072546E+0	7.544500E-6	NaN	7.544500E-5	5.039691E-1	1.636096E+1
6.194399E+3	3.569300E+2	3.248256E+1	-1.000986E+0	7.502900E-6	NaN	7.502900E-5	5.037733E-1	1.636391E+1
6.207586E+3	3.567100E+2	3.250259E+1	-1.021021E+0	7.426700E-6	NaN	7.426700E-5	5.067720E-1	1.647239E+1
6.217576E+3	3.565400E+2	3.251809E+1	-1.006328E+0	7.368300E-6	NaN	7.368300E-5	5.056729E-1	1.644458E+1
6.230693E+3	3.563200E+2	3.253817E+1	-9.647041E-1	7.294700E-6	NaN	7.294700E-5	5.070973E-1	1.650065E+1
6.243754E+3	3.561100E+2	3.255736E+1	-9.557039E-1	7.224200E-6	NaN	7.224200E-5	4.688374E-1	1.526516E+1
6.256938E+3	3.559000E+2	3.257657E+1	-1.510878E+0	7.152700E-6	NaN	7.152700E-5	4.865223E-1	1.584831E+1
6.266866E+3	3.556500E+2	3.259947E+1	-5.934718E-1	7.097500E-6	NaN	7.097500E-5	5.121585E-1	1.669260E+1
6.278998E+3	3.555300E+2	3.261047E+1	-9.827278E-1	7.029600E-6	NaN	7.029600E-5	5.391271E-1	1.758126E+1
6.292430E+3	3.553100E+2	3.263066E+1	-9.610572E-1	6.954500E-6	NaN	6.954500E-5	5.537045E-1	1.806954E+1
6.302419E+3	3.551500E+2	3.264536E+1	-1.116366E+0	6.901200E-6	NaN	6.901200E-5	5.064374E-1	1.653497E+1
6.315318E+3	3.549100E+2	3.266744E+1	-1.014214E+0	6.829300E-6	NaN	6.829300E-5	5.075199E-1	1.657858E+1
6.328333E+3	3.546900E+2	3.268770E+1	-9.239298E-1	6.758200E-6	NaN	6.758200E-5	4.663851E-1	1.524546E+1
6.338074E+3	3.545400E+2	3.270153E+1	-1.395558E+0	6.706500E-6	NaN	6.706500E-5	4.892524E-1	1.600082E+1
6.351402E+3	3.542300E+2	3.273015E+1	-5.085608E-1	6.638900E-6	NaN	6.638900E-5	5.026906E-1	1.644909E+1
6.363200E+3	3.541300E+2	3.273939E+1	-1.026678E+0	6.578600E-6	NaN	6.578600E-5	5.211373E-1	1.706060E+1
6.376057E+3	3.539100E+2	3.275974E+1	-9.595202E-1	6.513500E-6	NaN	6.513500E-5	5.576405E-1	1.826974E+1
6.386062E+3	3.537500E+2	3.277456E+1	-9.852952E-1	6.462200E-6	NaN	6.462200E-5	5.098509E-1	1.671195E+1
6.399459E+3	3.535300E+2	3.279495E+1	-1.016874E+0	6.394500E-6	NaN	6.394500E-5	5.083798E-1	1.667308E+1
6.413030E+3	3.533000E+2	3.281630E+1	-1.064144E+0	6.327000E-6	NaN	6.327000E-5	5.088845E-1	1.670115E+1
6.423179E+3	3.531200E+2	3.283303E+1	-1.008301E+0	6.274900E-6	NaN	6.274900E-5	5.096852E-1	1.673490E+1
6.442816E+3	3.527900E+2	3.286374E+1	-1.056648E+0	6.174300E-6	NaN	6.174300E-5	5.192831E-1	1.705920E+1
6.446223E+3	3.527300E+2	3.286933E+1	-9.369423E-1	6.157700E-6	NaN	6.157700E-5	5.198763E-1	1.708769E+1
6.459671E+3	3.525200E+2	3.288891E+1	-1.009202E+0	6.093000E-6	NaN	6.093000E-5	5.165237E-1	1.699041E+1
6.469778E+3	3.523500E+2	3.290478E+1	-9.703029E-1	6.046000E-6	NaN	6.046000E-5	5.127628E-1	1.687423E+1
6.483382E+3	3.521300E+2	3.292534E+1	-1.031390E+0	5.981100E-6	NaN	5.981100E-5	5.007691E-1	1.648854E+1
6.496762E+3	3.519000E+2	3.294686E+1	-1.068566E+0	5.917300E-6	NaN	5.917300E-5	5.077260E-1	1.672840E+1
6.506869E+3	3.517200E+2	3.296372E+1	-9.231259E-1	5.870400E-6	NaN	5.870400E-5	5.066551E-1	1.670163E+1
6.525718E+3	3.514300E+2	3.299092E+1	-1.061477E+0	5.785300E-6	NaN	5.785300E-5	5.141481E-1	1.695866E+1
6.532501E+3	3.513100E+2	3.300219E+1	-1.009406E+0	5.753700E-6	NaN	5.753700E-5	5.184221E-1	1.710870E+1
6.545578E+3	3.510900E+2	3.302287E+1	-1.032493E+0	5.691700E-6	NaN	5.691700E-5	5.070094E-1	1.674297E+1
6.555457E+3	3.509200E+2	3.303887E+1	-1.073559E+0	5.645800E-6	NaN	5.645800E-5	5.049749E-1	1.668414E+1
6.565517E+3	3.507400E+2	3.305582E+1	-9.978078E-1	5.599100E-6	NaN	5.599100E-5	5.107049E-1	1.688345E+1
6.578746E+3	3.505200E+2	3.307657E+1	-9.076469E-1	5.541000E-6	NaN	5.541000E-5	5.143545E-1	1.701579E+1
6.591967E+3	3.503200E+2	3.309546E+1	-9.905208E-1	5.483300E-6	NaN	5.483300E-5	5.165723E-1	1.709700E+1
6.610745E+3	3.500100E+2	3.312477E+1	-1.004044E+0	5.403200E-6	NaN	5.403200E-5	5.172057E-1	1.712639E+1
6.617916E+3	3.498900E+2	3.313613E+1	-9.803922E-1	5.372300E-6	NaN	5.372300E-5	5.108437E-1	1.692621E+1
6.627708E+3	3.497300E+2	3.315129E+1	-1.028239E+0	5.329300E-6	NaN	5.329300E-5	5.200270E-1	1.724235E+1
6.641129E+3	3.495000E+2	3.317310E+1	-9.800919E-1	5.270400E-6	NaN	5.270400E-5	5.188061E-1	1.721027E+1
6.650924E+3	3.493400E+2	3.318830E+1	-1.045930E+0	5.227400E-6	NaN	5.227400E-5	5.193918E-1	1.723790E+1
6.664118E+3	3.491100E+2	3.321016E+1	-9.769004E-1	5.170000E-6	NaN	5.170000E-5	4.700216E-1	1.561176E+1
6.673945E+3	3.489500E+2	3.322539E+1	-1.384032E+0	5.127900E-6	NaN	5.127900E-5	4.842604E-1	1.609117E+1
6.687384E+3	3.486400E+2	3.325493E+1	-5.741169E-1	5.073700E-6	NaN	5.073700E-5	5.075399E-1	1.687394E+1
6.699925E+3	3.485200E+2	3.326638E+1	-9.565746E-1	5.023200E-6	NaN	5.023200E-5	5.293472E-1	1.760771E+1
6.713097E+3	3.483100E+2	3.328644E+1	-1.016645E+0	4.969700E-6	NaN	4.969700E-5	5.609815E-1	1.867494E+1
6.723130E+3	3.481400E+2	3.330269E+1	-1.027877E+0	4.928300E-6	NaN	4.928300E-5	5.175687E-1	1.723808E+1
6.735972E+3	3.479200E+2	3.332375E+1	-9.938262E-1	4.876500E-6	NaN	4.876500E-5	5.113343E-1	1.703960E+1
6.749254E+3	3.477000E+2	3.334484E+1	-1.042945E+0	4.822400E-6	NaN	4.822400E-5	5.119580E-1	1.706932E+1
6.759034E+3	3.475300E+2	3.336115E+1	-1.036359E+0	4.783900E-6	NaN	4.783900E-5	5.202987E-1	1.735829E+1
6.770613E+3	3.473300E+2	3.338036E+1	-9.521650E-1	4.736300E-6	NaN	4.736300E-5	5.182539E-1	1.730100E+1
6.783846E+3	3.471200E+2	3.340055E+1	-1.013669E+0	4.684500E-6	NaN	4.684500E-5	5.171196E-1	1.727173E+1
6.796868E+3	3.469000E+2	3.342174E+1	-1.020102E+0	4.635400E-6	NaN	4.635400E-5	5.232098E-1	1.748490E+1
6.806867E+3	3.467300E+2	3.343812E+1	-8.575716E-1	4.597600E-6	NaN	4.597600E-5	5.183923E-1	1.733384E+1
6.820860E+3	3.465300E+2	3.345742E+1	-1.088929E+0	4.547000E-6	NaN	4.547000E-5	5.203556E-1	1.741081E+1
6.830778E+3	3.463500E+2	3.347481E+1	-1.038218E+0	4.509300E-6	NaN	4.509300E-5	5.187386E-1	1.736613E+1
6.844070E+3	3.461200E+2	3.349705E+1	-1.010526E+0	4.457900E-6	NaN	4.457900E-5	5.079105E-1	1.701244E+1
6.855945E+3	3.459200E+2	3.351642E+1	-1.032702E+0	4.412900E-6	NaN	4.412900E-5	5.203496E-1	1.743860E+1
6.865822E+3	3.457500E+2	3.353290E+1	-9.144947E-1	4.377100E-6	NaN	4.377100E-5	5.130972E-1	1.720731E+1
6.878944E+3	3.455500E+2	3.355231E+1	-1.065802E+0	4.330300E-6	NaN	4.330300E-5	5.087849E-1	1.707299E+1
6.891892E+3	3.453200E+2	3.357466E+1	-9.911398E-1	4.284800E-6	NaN	4.284800E-5	5.099964E-1	1.712177E+1
6.905210E+3	3.451000E+2	3.359606E+1	-9.623095E-1	4.237700E-6	NaN	4.237700E-5	5.063773E-1	1.701033E+1
6.915186E+3	3.449400E+2	3.361164E+1	-1.004337E+0	4.203200E-6	NaN	4.203200E-5	5.159996E-1	1.734607E+1
6.928329E+3	3.447200E+2	3.363309E+1	-1.005429E+0	4.157600E-6	NaN	4.157600E-5	5.184409E-1	1.743928E+1
6.943248E+3	3.444700E+2	3.365750E+1	-1.019730E+0	4.105400E-6	NaN	4.105400E-5	5.170171E-1	1.739865E+1
6.956781E+3	3.442400E+2	3.367999E+1	-1.062574E+0	4.056800E-6	NaN	4.056800E-5	5.177194E-1	1.743297E+1
6.963557E+3	3.441200E+2	3.369174E+1	-1.006098E+0	4.033400E-6	NaN	4.033400E-5	5.227076E-1	1.761290E+1
6.976677E+3	3.439000E+2	3.371329E+1	-9.205984E-1	3.988600E-6	NaN	3.988600E-5	5.189369E-1	1.749568E+1
6.989712E+3	3.437000E+2	3.373291E+1	-1.037851E+0	3.946000E-6	NaN	3.946000E-5	5.255406E-1	1.772690E+1
6.999540E+3	3.435300E+2	3.374960E+1	-9.234828E-1	3.914100E-6	NaN	3.914100E-5	5.266894E-1	1.777723E+1
7.013184E+3	3.433200E+2	3.377024E+1	-9.866946E-1	3.870000E-6	NaN	3.870000E-5	5.225270E-1	1.764616E+1
7.026562E+3	3.431000E+2	3.379190E+1	-1.023480E+0	3.826500E-6	NaN	3.826500E-5	5.254469E-1	1.775476E+1
7.036528E+3	3.429300E+2	3.380865E+1	-9.909910E-1	3.794000E-6	NaN	3.794000E-5	5.176688E-1	1.750184E+1
7.049848E+3	3.427100E+2	3.383035E+1	-1.052740E+0	3.750900E-6	NaN	3.750900E-5	5.139766E-1	1.738767E+1
7.059537E+3	3.425400E+2	3.384714E+1	-1.049913E+0	3.719100E-6	NaN	3.719100E-5	5.241515E-1	1.774184E+1
7.071538E+3	3.423300E+2	3.386791E+1	-9.221311E-1	3.680200E-6	NaN	3.680200E-5	5.211106E-1	1.765020E+1
7.085202E+3	3.421200E+2	3.388869E+1	-1.049451E+0	3.637000E-6	NaN	3.637000E-5	5.217772E-1	1.768145E+1
7.097780E+3	3.419000E+2	3.391050E+1	-9.785933E-1	3.598700E-6	NaN	3.598700E-5	5.248156E-1	1.779756E+1
7.107590E+3	3.417400E+2	3.392638E+1	-9.661317E-1	3.568800E-6	NaN	3.568800E-5	4.908013E-1	1.665557E+1
7.126221E+3	3.414400E+2	3.395619E+1	-1.367002E+0	3.512200E-6	NaN	3.512200E-5	5.038145E-1	1.710391E+1
7.136755E+3	3.412000E+2	3.398007E+1	-4.489674E-1	3.480600E-6	NaN	3.480600E-5	5.166060E-1	1.754628E+1
7.143437E+3	3.411500E+2	3.398505E+1	-9.567198E-1	3.460800E-6	NaN	3.460800E-5	5.180275E-1	1.760987E+1
7.156607E+3	3.409400E+2	3.400598E+1	-1.115407E+0	3.422300E-6	NaN	3.422300E-5	5.317903E-1	1.808807E+1
7.170055E+3	3.406900E+2	3.403094E+1	-1.004629E+0	3.382400E-6	NaN	3.382400E-5	5.095237E-1	1.733754E+1
7.180208E+3	3.405200E+2	3.404793E+1	-9.873588E-1	3.352300E-6	NaN	3.352300E-5	5.121694E-1	1.743751E+1
7.193577E+3	3.403000E+2	3.406994E+1	-1.015633E+0	3.313000E-6	NaN	3.313000E-5	5.281019E-1	1.799201E+1
7.203620E+3	3.401300E+2	3.408697E+1	-9.449528E-1	3.284300E-6	NaN	3.284300E-5	5.281593E-1	1.800399E+1
7.216954E+3	3.399200E+2	3.410803E+1	-9.756098E-1	3.247300E-6	NaN	3.247300E-5	5.226510E-1	1.782635E+1
7.229254E+3	3.397200E+2	3.412811E+1	-1.022967E+0	3.213200E-6	NaN	3.213200E-5	5.252467E-1	1.792483E+1
7.239225E+3	3.395500E+2	3.414519E+1	-9.445277E-1	3.185900E-6	NaN	3.185900E-5	5.234753E-1	1.787585E+1
7.252565E+3	3.393400E+2	3.416632E+1	-1.001062E+0	3.149600E-6	NaN	3.149600E-5	5.215932E-1	1.782124E+1
7.265751E+3	3.391200E+2	3.418849E+1	-1.029471E+0	3.113400E-6	NaN	3.113400E-5	5.224023E-1	1.785904E+1
7.275659E+3	3.389500E+2	3.420564E+1	-1.008249E+0	3.086600E-6	NaN	3.086600E-5	5.110587E-1	1.748154E+1
7.288751E+3	3.387300E+2	3.422785E+1	-1.088161E+0	3.050800E-6	NaN	3.050800E-5	5.135961E-1	1.758022E+1
7.298676E+3	3.385500E+2	3.424605E+1	-9.657481E-1	3.024200E-6	NaN	3.024200E-5	5.206755E-1	1.783152E+1
7.314208E+3	3.383000E+2	3.427136E+1	-9.651151E-1	2.983300E-6	NaN	2.983300E-5	5.228335E-1	1.791662E+1
7.324155E+3	3.381400E+2	3.428757E+1	-9.914376E-1	2.957300E-6	NaN	2.957300E-5	5.243443E-1	1.797953E+1
7.337469E+3	3.379200E+2	3.430990E+1	-9.945750E-1	2.923700E-6	NaN	2.923700E-5	5.132737E-1	1.761069E+1
7.350741E+3	3.377000E+2	3.433225E+1	-1.018574E+0	2.890500E-6	NaN	2.890500E-5	5.162232E-1	1.772133E+1
7.360755E+3	3.375300E+2	3.434954E+1	-9.625668E-1	2.865800E-6	NaN	2.865800E-5	5.269838E-1	1.810245E+1
7.373845E+3	3.373200E+2	3.437092E+1	-9.615385E-1	2.832100E-6	NaN	2.832100E-5	5.192475E-1	1.785040E+1
7.386949E+3	3.371100E+2	3.439233E+1	-1.136958E+0	2.799500E-6	NaN	2.799500E-5	5.202055E-1	1.789097E+1
7.402253E+3	3.368200E+2	3.442195E+1	-9.032064E-1	2.760300E-6	NaN	2.760300E-5	5.164128E-1	1.777069E+1
7.408896E+3	3.367200E+2	3.443217E+1	-9.814856E-1	2.743700E-6	NaN	2.743700E-5	5.196872E-1	1.789390E+1
7.422345E+3	3.365000E+2	3.445468E+1	-9.896187E-1	2.711200E-6	NaN	2.711200E-5	5.429917E-1	1.870939E+1
7.432652E+3	3.363300E+2	3.447210E+1	-8.911820E-1	2.686600E-6	NaN	2.686600E-5	5.294804E-1	1.825326E+1
7.445444E+3	3.361400E+2	3.449158E+1	-1.077872E+0	2.656900E-6	NaN	2.656900E-5	5.212867E-1	1.798131E+1
7.458247E+3	3.359100E+2	3.451520E+1	-1.042305E+0	2.626500E-6	NaN	2.626500E-5	5.156743E-1	1.779719E+1
7.468033E+3	3.357400E+2	3.453267E+1	-9.897724E-1	2.603300E-6	NaN	2.603300E-5	5.116077E-1	1.766768E+1
7.480157E+3	3.355400E+2	3.455326E+1	-9.822890E-1	2.575400E-6	NaN	2.575400E-5	5.270923E-1	1.821435E+1
7.493595E+3	3.353200E+2	3.457593E+1	-9.394572E-1	2.544900E-6	NaN	2.544900E-5	5.270299E-1	1.822176E+1
7.507007E+3	3.351100E+2	3.459759E+1	-1.096002E+0	2.514800E-6	NaN	2.514800E-5	5.165562E-1	1.787144E+1
7.516861E+3	3.349300E+2	3.461619E+1	-1.084092E+0	2.491800E-6	NaN	2.491800E-5	5.131888E-1	1.776516E+1
7.530144E+3	3.346900E+2	3.464101E+1	-9.413611E-1	2.461600E-6	NaN	2.461600E-5	5.174429E-1	1.792304E+1
7.540342E+3	3.345300E+2	3.465758E+1	-9.392471E-1	2.439300E-6	NaN	2.439300E-5	5.329557E-1	1.847120E+1
7.553757E+3	3.343200E+2	3.467935E+1	-9.513994E-1	2.410400E-6	NaN	2.410400E-5	5.322894E-1	1.845982E+1
7.566370E+3	3.341200E+2	3.470011E+1	-1.112485E+0	2.383400E-6	NaN	2.383400E-5	5.198835E-1	1.803985E+1
7.576078E+3	3.339400E+2	3.471881E+1	-9.950999E-1	2.362400E-6	NaN	2.362400E-5	5.138840E-1	1.784288E+1
7.589343E+3	3.337200E+2	3.474170E+1	-9.525249E-1	2.334500E-6	NaN	2.334500E-5	5.125091E-1	1.780483E+1
7.602571E+3	3.335100E+2	3.476358E+1	-9.984338E-1	2.307600E-6	NaN	2.307600E-5	5.261871E-1	1.829062E+1
7.612787E+3	3.333400E+2	3.478130E+1	-9.509434E-1	2.286900E-6	NaN	2.286900E-5	5.295966E-1	1.842155E+1
7.626037E+3	3.331300E+2	3.480323E+1	-1.007480E+0	2.259500E-6	NaN	2.259500E-5	5.291946E-1	1.841936E+1
7.639139E+3	3.329100E+2	3.482623E+1	-9.983361E-1	2.232400E-6	NaN	2.232400E-5	5.261713E-1	1.832360E+1
7.652361E+3	3.326900E+2	3.484926E+1	-1.028744E+0	2.205700E-6	NaN	2.205700E-5	5.143150E-1	1.792239E+1
7.662276E+3	3.325200E+2	3.486708E+1	-1.035104E+0	2.185900E-6	NaN	2.185900E-5	5.128767E-1	1.788296E+1
7.675608E+3	3.322900E+2	3.489121E+1	-9.757964E-1	2.159600E-6	NaN	2.159600E-5	5.205833E-1	1.816295E+1
7.686061E+3	3.321200E+2	3.490907E+1	-9.379885E-1	2.139100E-6	NaN	2.139100E-5	5.262361E-1	1.836991E+1
7.699494E+3	3.319100E+2	3.493116E+1	-1.007706E+0	2.113400E-6	NaN	2.113400E-5	5.309489E-1	1.854661E+1
7.709616E+3	3.317400E+2	3.494906E+1	-9.625668E-1	2.094200E-6	NaN	2.094200E-5	5.205716E-1	1.819774E+1
7.722706E+3	3.315300E+2	3.497119E+1	-1.031271E+0	2.069800E-6	NaN	2.069800E-5	5.198914E-1	1.818261E+1
7.740742E+3	3.312200E+2	3.500392E+1	-8.822232E-1	2.035900E-6	NaN	2.035900E-5	5.128713E-1	1.794724E+1
7.747543E+3	3.311200E+2	3.501450E+1	-1.094474E+0	2.023300E-6	NaN	2.023300E-5	5.067836E-1	1.774495E+1
7.760700E+3	3.308800E+2	3.503989E+1	-1.006910E+0	1.999250E-6	NaN	1.999250E-5	5.164737E-1	1.809645E+1
7.770830E+3	3.307100E+2	3.505791E+1	-9.233433E-1	1.980600E-6	NaN	1.980600E-5	4.764925E-1	1.670688E+1
7.781227E+3	3.305500E+2	3.507488E+1	-1.386818E+0	1.961300E-6	NaN	1.961300E-5	5.068726E-1	1.778147E+1
7.794639E+3	3.302400E+2	3.510780E+1	-5.541096E-1	1.936880E-6	NaN	1.936880E-5	5.196921E-1	1.824081E+1
7.806550E+3	3.301300E+2	3.511950E+1	-1.063502E+0	1.915890E-6	NaN	1.915890E-5	5.294116E-1	1.859182E+1
7.819526E+3	3.299000E+2	3.514398E+1	-1.020612E+0	1.892730E-6	NaN	1.892730E-5	5.633277E-1	1.979874E+1
7.829520E+3	3.297300E+2	3.516210E+1	-9.635974E-1	1.874920E-6	NaN	1.874920E-5	5.245693E-1	1.844582E+1
7.842596E+3	3.295200E+2	3.518451E+1	-9.993943E-1	1.851930E-6	NaN	1.851930E-5	5.425198E-1	1.908775E+1
7.855804E+3	3.293000E+2	3.520802E+1	-8.560946E-1	1.829430E-6	NaN	1.829430E-5	5.339294E-1	1.879714E+1
7.865616E+3	3.291600E+2	3.522299E+1	-1.107096E+0	1.812900E-6	NaN	1.812900E-5	5.276162E-1	1.858654E+1
7.878623E+3	3.289200E+2	3.524869E+1	-9.515066E-1	1.790720E-6	NaN	1.790720E-5	5.178595E-1	1.825485E+1
7.890604E+3	3.287300E+2	3.526907E+1	-1.031776E+0	1.770880E-6	NaN	1.770880E-5	5.167190E-1	1.822286E+1
7.903979E+3	3.285000E+2	3.529376E+1	-9.097342E-1	1.749400E-6	NaN	1.749400E-5	5.307102E-1	1.872910E+1
7.913872E+3	3.283500E+2	3.530988E+1	-1.001441E+0	1.733170E-6	NaN	1.733170E-5	5.226177E-1	1.845609E+1
7.927053E+3	3.281300E+2	3.533356E+1	-1.079056E+0	1.711650E-6	NaN	1.711650E-5	5.196937E-1	1.836390E+1
7.940398E+3	3.278900E+2	3.535942E+1	-1.037851E+0	1.689910E-6	NaN	1.689910E-5	5.183971E-1	1.832771E+1
7.950226E+3	3.277200E+2	3.537776E+1	-9.379885E-1	1.674150E-6	NaN	1.674150E-5	5.217393E-1	1.845825E+1
7.963659E+3	3.275100E+2	3.540045E+1	-1.031434E+0	1.653010E-6	NaN	1.653010E-5	5.295700E-1	1.874818E+1
7.975875E+3	3.273000E+2	3.542316E+1	-9.696037E-1	1.633990E-6	NaN	1.633990E-5	5.247739E-1	1.858816E+1
7.988870E+3	3.270900E+2	3.544590E+1	-1.031971E+0	1.614460E-6	NaN	1.614460E-5	5.257001E-1	1.863228E+1
7.998754E+3	3.269200E+2	3.546433E+1	-8.996851E-1	1.599630E-6	NaN	1.599630E-5	5.318567E-1	1.886317E+1
8.012092E+3	3.267200E+2	3.548604E+1	-1.004719E+0	1.579960E-6	NaN	1.579960E-5	5.283447E-1	1.874985E+1
8.025230E+3	3.265000E+2	3.550995E+1	-1.069837E+0	1.560490E-6	NaN	1.560490E-5	5.295186E-1	1.880259E+1
8.035325E+3	3.263200E+2	3.552954E+1	-9.928545E-1	1.545210E-6	NaN	1.545210E-5	5.214744E-1	1.853047E+1
8.048620E+3	3.261000E+2	3.555351E+1	-1.011299E+0	1.525260E-6	NaN	1.525260E-5	5.291449E-1	1.881251E+1
8.064639E+3	3.258300E+2	3.558297E+1	-9.002251E-1	1.502200E-6	NaN	1.502200E-5	5.266881E-1	1.873650E+1
8.071304E+3	3.257300E+2	3.559390E+1	-1.081893E+0	1.492560E-6	NaN	1.492560E-5	5.303760E-1	1.887866E+1
8.084614E+3	3.254900E+2	3.562014E+1	-8.426121E-1	1.473410E-6	NaN	1.473410E-5	5.378484E-1	1.915802E+1
8.094583E+3	3.253500E+2	3.563547E+1	-9.711731E-1	1.459900E-6	NaN	1.459900E-5	5.286298E-1	1.883993E+1
8.107557E+3	3.251400E+2	3.565849E+1	-1.046803E+0	1.442080E-6	NaN	1.442080E-5	5.330195E-1	1.900823E+1
8.120740E+3	3.249100E+2	3.568373E+1	-9.588268E-1	1.424040E-6	NaN	1.424040E-5	5.226984E-1	1.864994E+1
8.131378E+3	3.247400E+2	3.570241E+1	-1.031097E+0	1.409440E-6	NaN	1.409440E-5	5.163730E-1	1.843737E+1
8.143598E+3	3.245300E+2	3.572551E+1	-1.076555E+0	1.392700E-6	NaN	1.392700E-5	5.275205E-1	1.884635E+1
8.156974E+3	3.242900E+2	3.575195E+1	-8.929457E-1	1.374530E-6	NaN	1.374530E-5	5.285874E-1	1.889536E+1
8.167053E+3	3.241400E+2	3.576850E+1	-1.011572E+0	1.360910E-6	NaN	1.360910E-5	5.218029E-1	1.866646E+1
8.180102E+3	3.239200E+2	3.579279E+1	-1.088271E+0	1.343810E-6	NaN	1.343810E-5	5.212804E-1	1.865911E+1
8.193334E+3	3.236800E+2	3.581933E+1	-9.459060E-1	1.326840E-6	NaN	1.326840E-5	5.193805E-1	1.860090E+1
8.203483E+3	3.235200E+2	3.583704E+1	-9.207161E-1	1.313960E-6	NaN	1.313960E-5	5.333581E-1	1.911574E+1
8.217168E+3	3.233100E+2	3.586032E+1	-9.640722E-1	1.297090E-6	NaN	1.297090E-5	5.462455E-1	1.958860E+1
8.232727E+3	3.230600E+2	3.588807E+1	-9.747452E-1	1.277720E-6	NaN	1.277720E-5	5.381026E-1	1.930731E+1
8.239498E+3	3.229500E+2	3.590029E+1	-9.985627E-1	1.269520E-6	NaN	1.269520E-5	5.228426E-1	1.877170E+1
8.252717E+3	3.227300E+2	3.592477E+1	-1.084337E+0	1.253410E-6	NaN	1.253410E-5	5.191782E-1	1.865309E+1
8.262677E+3	3.225500E+2	3.594481E+1	-1.001214E+0	1.241080E-6	NaN	1.241080E-5	5.219052E-1	1.876132E+1
8.275861E+3	3.223300E+2	3.596935E+1	-1.019730E+0	1.224660E-6	NaN	1.224660E-5	5.316838E-1	1.912374E+1
8.289394E+3	3.221000E+2	3.599503E+1	-9.056148E-1	1.208270E-6	NaN	1.208270E-5	4.849659E-1	1.745762E+1
8.299332E+3	3.219500E+2	3.601180E+1	-1.479427E+0	1.196760E-6	NaN	1.196760E-5	4.917750E-1	1.771209E+1
8.312310E+3	3.216300E+2	3.604763E+1	-5.829016E-1	1.181560E-6	NaN	1.181560E-5	5.103416E-1	1.839152E+1
8.324662E+3	3.215100E+2	3.606109E+1	-9.546178E-1	1.167680E-6	NaN	1.167680E-5	5.342677E-1	1.926500E+1
8.337861E+3	3.213000E+2	3.608466E+1	-9.573013E-1	1.152880E-6	NaN	1.152880E-5	5.771110E-1	2.082675E+1
8.351023E+3	3.210900E+2	3.610826E+1	-1.016645E+0	1.138250E-6	NaN	1.138250E-5	5.291766E-1	1.910707E+1
8.361056E+3	3.209200E+2	3.612738E+1	-1.035725E+0	1.127030E-6	NaN	1.127030E-5	5.228463E-1	1.888992E+1
8.374380E+3	3.206900E+2	3.615329E+1	-1.018879E+0	1.112110E-6	NaN	1.112110E-5	5.250307E-1	1.897929E+1
8.384391E+3	3.205200E+2	3.617247E+1	-9.520976E-1	1.100970E-6	NaN	1.100970E-5	5.333487E-1	1.929279E+1
8.394474E+3	3.203600E+2	3.619054E+1	-9.657481E-1	1.089930E-6	NaN	1.089930E-5	5.333249E-1	1.930437E+1
8.410006E+3	3.201100E+2	3.621880E+1	-1.035008E+0	1.073530E-6	NaN	1.073530E-5	5.255919E-1	1.903557E+1
8.419861E+3	3.199400E+2	3.623804E+1	-1.009174E+0	1.063240E-6	NaN	1.063240E-5	5.262796E-1	1.907140E+1
8.432941E+3	3.197200E+2	3.626298E+1	-9.106086E-1	1.049720E-6	NaN	1.049720E-5	5.272468E-1	1.912030E+1
8.446119E+3	3.195200E+2	3.628568E+1	-1.010024E+0	1.036290E-6	NaN	1.036290E-5	5.239518E-1	1.901156E+1
8.459188E+3	3.193000E+2	3.631068E+1	-1.088490E+0	1.023070E-6	NaN	1.023070E-5	5.201479E-1	1.888949E+1
8.469110E+3	3.191200E+2	3.633116E+1	-9.901501E-1	1.013000E-6	NaN	1.013000E-5	5.199825E-1	1.889286E+1
8.488501E+3	3.188000E+2	3.636763E+1	-9.125475E-1	9.936500E-7	NaN	9.936500E-6	5.265189E-1	1.914074E+1
8.495076E+3	3.187000E+2	3.637904E+1	-1.031971E+0	9.869100E-7	NaN	9.869100E-6	5.290009E-1	1.924388E+1
8.504960E+3	3.185300E+2	3.639846E+1	-1.033166E+0	9.772200E-7	NaN	9.772200E-6	5.290747E-1	1.926258E+1
8.518317E+3	3.183000E+2	3.642476E+1	-9.346488E-1	9.641900E-7	NaN	9.641900E-6	5.238760E-1	1.908136E+1
8.531798E+3	3.180900E+2	3.644880E+1	-1.018981E+0	9.513800E-7	NaN	9.513800E-6	5.263263E-1	1.918236E+1
8.541808E+3	3.179200E+2	3.646829E+1	-1.000455E+0	9.420400E-7	NaN	9.420400E-6	5.306404E-1	1.935176E+1
8.555002E+3	3.177000E+2	3.649355E+1	-9.463722E-1	9.296700E-7	NaN	9.296700E-6	5.245168E-1	1.914038E+1
8.565146E+3	3.175400E+2	3.651194E+1	-9.973404E-1	9.203000E-7	NaN	9.203000E-6	5.341684E-1	1.950452E+1
8.577178E+3	3.173400E+2	3.653495E+1	-9.303012E-1	9.095500E-7	NaN	9.095500E-6	5.354248E-1	1.956420E+1
8.590722E+3	3.171300E+2	3.655914E+1	-1.033089E+0	8.973100E-7	NaN	8.973100E-6	5.363701E-1	1.960872E+1
8.604080E+3	3.169000E+2	3.658567E+1	-9.656005E-1	8.849300E-7	NaN	8.849300E-6	5.374997E-1	1.966249E+1
8.614022E+3	3.167400E+2	3.660415E+1	-9.589771E-1	8.759800E-7	NaN	8.759800E-6	5.245213E-1	1.920143E+1
8.627161E+3	3.165300E+2	3.662844E+1	-1.025184E+0	8.649100E-7	NaN	8.649100E-6	4.750958E-1	1.740592E+1
8.640622E+3	3.163000E+2	3.665507E+1	-1.543332E+0	8.534300E-7	NaN	8.534300E-6	4.924314E-1	1.804864E+1
8.650730E+3	3.160400E+2	3.668523E+1	-5.740254E-1	8.445200E-7	NaN	8.445200E-6	5.245885E-1	1.923871E+1
8.663273E+3	3.159200E+2	3.669916E+1	-9.320216E-1	8.336600E-7	NaN	8.336600E-6	5.578967E-1	2.047404E+1
8.676792E+3	3.157100E+2	3.672358E+1	-1.020408E+0	8.222000E-7	NaN	8.222000E-6	5.783059E-1	2.124024E+1
8.686788E+3	3.155400E+2	3.674336E+1	-1.033553E+0	8.140200E-7	NaN	8.140200E-6	5.274695E-1	1.938191E+1
8.700140E+3	3.153100E+2	3.677016E+1	-9.958020E-1	8.028900E-7	NaN	8.028900E-6	5.267166E-1	1.936685E+1
8.710383E+3	3.151400E+2	3.679000E+1	-9.798100E-1	7.943400E-7	NaN	7.943400E-6	5.286035E-1	1.945171E+1
8.723855E+3	3.149200E+2	3.681570E+1	-1.046355E+0	7.832300E-7	NaN	7.832300E-6	5.366229E-1	1.975718E+1
8.741631E+3	3.146100E+2	3.685198E+1	-8.008305E-1	7.688300E-7	NaN	7.688300E-6	5.330026E-1	1.963330E+1
8.748374E+3	3.145200E+2	3.686252E+1	-1.016746E+0	7.637000E-7	NaN	7.637000E-6	5.248773E-1	1.934790E+1
8.758406E+3	3.143500E+2	3.688246E+1	-1.005561E+0	7.561600E-7	NaN	7.561600E-6	5.282202E-1	1.948723E+1
8.771533E+3	3.141300E+2	3.690829E+1	-9.482953E-1	7.462000E-7	NaN	7.462000E-6	5.250754E-1	1.938041E+1
8.784820E+3	3.139200E+2	3.693298E+1	-9.725975E-1	7.361700E-7	NaN	7.361700E-6	5.294044E-1	1.955098E+1
8.797775E+3	3.137100E+2	3.695770E+1	-1.006513E+0	7.265900E-7	NaN	7.265900E-6	5.295050E-1	1.956737E+1
8.807909E+3	3.135400E+2	3.697774E+1	-1.001405E+0	7.191400E-7	NaN	7.191400E-6	5.280576E-1	1.952736E+1
8.819293E+3	3.133500E+2	3.700016E+1	-9.738104E-1	7.106800E-7	NaN	7.106800E-6	5.250677E-1	1.942894E+1
8.832848E+3	3.131300E+2	3.702616E+1	-1.054894E+0	7.007400E-7	NaN	7.007400E-6	5.261748E-1	1.948185E+1
8.843086E+3	3.129500E+2	3.704745E+1	-9.883939E-1	6.933300E-7	NaN	6.933300E-6	5.225598E-1	1.936157E+1
8.856441E+3	3.127300E+2	3.707351E+1	-1.009818E+0	6.837500E-7	NaN	6.837500E-6	5.218039E-1	1.934519E+1
8.870701E+3	3.124900E+2	3.710199E+1	-9.593285E-1	6.737900E-7	NaN	6.737900E-6	5.298430E-1	1.965512E+1
8.880708E+3	3.123300E+2	3.712099E+1	-9.565019E-1	6.669500E-7	NaN	6.669500E-6	5.322849E-1	1.975901E+1
8.893881E+3	3.121200E+2	3.714597E+1	-9.755263E-1	6.579600E-7	NaN	6.579600E-6	5.373487E-1	1.996123E+1
8.905567E+3	3.119300E+2	3.716860E+1	-9.629347E-1	6.501100E-7	NaN	6.501100E-6	5.290819E-1	1.966480E+1
8.918652E+3	3.117200E+2	3.719364E+1	-1.038802E+0	6.414100E-7	NaN	6.414100E-6	5.257835E-1	1.955509E+1
8.928471E+3	3.115500E+2	3.721393E+1	-9.614651E-1	6.350500E-7	NaN	6.350500E-6	5.259911E-1	1.957589E+1
8.941576E+3	3.113400E+2	3.723903E+1	-1.008249E+0	6.264300E-7	NaN	6.264300E-6	5.360591E-1	1.996379E+1
8.954668E+3	3.111200E+2	3.726536E+1	-9.244314E-1	6.177900E-7	NaN	6.177900E-6	5.276893E-1	1.966408E+1
8.968298E+3	3.109100E+2	3.729053E+1	-1.191422E+0	6.089700E-7	NaN	6.089700E-6	5.246483E-1	1.956290E+1
8.978370E+3	3.107100E+2	3.731454E+1	-8.879388E-1	6.025600E-7	NaN	6.025600E-6	5.240675E-1	1.955528E+1
8.990533E+3	3.105300E+2	3.733617E+1	-9.688290E-1	5.950600E-7	NaN	5.950600E-6	5.238711E-1	1.956001E+1
9.004777E+3	3.103000E+2	3.736384E+1	-9.814298E-1	5.864800E-7	NaN	5.864800E-6	5.325029E-1	1.989602E+1
9.015170E+3	3.101300E+2	3.738432E+1	-1.021919E+0	5.801200E-7	NaN	5.801200E-6	5.270612E-1	1.970526E+1
9.028674E+3	3.099000E+2	3.741207E+1	-9.555589E-1	5.719800E-7	NaN	5.719800E-6	5.271669E-1	1.972171E+1
9.041860E+3	3.096900E+2	3.743744E+1	-1.009501E+0	5.640200E-7	NaN	5.640200E-6	5.258717E-1	1.968593E+1
9.051964E+3	3.095200E+2	3.745800E+1	-9.963180E-1	5.581200E-7	NaN	5.581200E-6	5.314384E-1	1.990781E+1
9.065815E+3	3.092900E+2	3.748585E+1	-9.340137E-1	5.500600E-7	NaN	5.500600E-6	5.321847E-1	1.994882E+1
9.077378E+3	3.091100E+2	3.750768E+1	-9.528851E-1	5.434600E-7	NaN	5.434600E-6	5.379431E-1	2.017579E+1
9.090601E+3	3.089000E+2	3.753318E+1	-9.650181E-1	5.360500E-7	NaN	5.360500E-6	5.354988E-1	2.009862E+1
9.100549E+3	3.087400E+2	3.755263E+1	-1.007249E+0	5.305000E-7	NaN	5.305000E-6	5.246268E-1	1.970367E+1
9.113654E+3	3.085200E+2	3.757941E+1	-1.012503E+0	5.231900E-7	NaN	5.231900E-6	5.246689E-1	1.971826E+1
9.126691E+3	3.083000E+2	3.760623E+1	-9.448819E-1	5.160700E-7	NaN	5.160700E-6	4.864327E-1	1.829399E+1
9.140026E+3	3.080900E+2	3.763186E+1	-1.456311E+0	5.088600E-7	NaN	5.088600E-6	5.050166E-1	1.900290E+1
9.150326E+3	3.078400E+2	3.766242E+1	-5.478088E-1	5.034100E-7	NaN	5.034100E-6	5.369302E-1	2.021618E+1
9.162374E+3	3.077300E+2	3.767588E+1	-8.882967E-1	4.971000E-7	NaN	4.971000E-6	5.639924E-1	2.125038E+1
9.175883E+3	3.075300E+2	3.770039E+1	-9.596344E-1	4.901500E-7	NaN	4.901500E-6	5.739780E-1	2.164288E+1
9.189013E+3	3.073200E+2	3.772615E+1	-1.144234E+0	4.834300E-7	NaN	4.834300E-6	5.271127E-1	1.988503E+1
9.198976E+3	3.071300E+2	3.774949E+1	-8.535490E-1	4.783300E-7	NaN	4.783300E-6	5.167553E-1	1.950888E+1
9.212332E+3	3.069400E+2	3.777285E+1	-9.532539E-1	4.719900E-7	NaN	4.719900E-6	5.219606E-1	1.972024E+1
9.228697E+3	3.066800E+2	3.780488E+1	-9.704341E-1	4.643500E-7	NaN	4.643500E-6	5.294490E-1	2.001321E+1
9.244154E+3	3.064300E+2	3.783572E+1	-1.004413E+0	4.567500E-7	NaN	4.567500E-6	5.268869E-1	1.992839E+1
9.250725E+3	3.063200E+2	3.784931E+1	-9.456620E-1	4.536000E-7	NaN	4.536000E-6	5.306989E-1	2.008745E+1
9.264049E+3	3.061100E+2	3.787527E+1	-1.026363E+0	4.471800E-7	NaN	4.471800E-6	5.302165E-1	2.008381E+1
9.273987E+3	3.059400E+2	3.789632E+1	-9.527410E-1	4.424100E-7	NaN	4.424100E-6	5.297288E-1	2.007661E+1
9.287212E+3	3.057300E+2	3.792235E+1	-9.817046E-1	4.362700E-7	NaN	4.362700E-6	5.277298E-1	2.001280E+1
9.300658E+3	3.055100E+2	3.794966E+1	-9.445100E-1	4.300700E-7	NaN	4.300700E-6	5.266822E-1	1.998848E+1
9.310822E+3	3.053500E+2	3.796954E+1	-9.831231E-1	4.255100E-7	NaN	4.255100E-6	5.230105E-1	1.986025E+1
9.329131E+3	3.050500E+2	3.800688E+1	-9.824352E-1	4.173900E-7	NaN	4.173900E-6	5.224424E-1	1.985125E+1
9.335849E+3	3.049400E+2	3.802059E+1	-9.476534E-1	4.144100E-7	NaN	4.144100E-6	5.210153E-1	1.980966E+1
9.349145E+3	3.047300E+2	3.804680E+1	-9.564293E-1	4.087300E-7	NaN	4.087300E-6	5.274870E-1	2.007191E+1
9.362319E+3	3.045200E+2	3.807303E+1	-9.026629E-1	4.032000E-7	NaN	4.032000E-6	5.348298E-1	2.036181E+1
9.375613E+3	3.043200E+2	3.809805E+1	-8.948546E-1	3.977500E-7	NaN	3.977500E-6	5.354844E-1	2.040414E+1
9.389023E+3	3.041200E+2	3.812311E+1	-9.418659E-1	3.922600E-7	NaN	3.922600E-6	5.383864E-1	2.052579E+1
9.408134E+3	3.038200E+2	3.816075E+1	-8.788633E-1	3.846500E-7	NaN	3.846500E-6	5.339437E-1	2.036879E+1
9.414961E+3	3.037200E+2	3.817332E+1	-9.294777E-1	3.819300E-7	NaN	3.819300E-6	5.308110E-1	2.026316E+1
9.428517E+3	3.035100E+2	3.819973E+1	-8.969280E-1	3.766900E-7	NaN	3.766900E-6	5.452109E-1	2.082893E+1
9.441896E+3	3.033100E+2	3.822492E+1	-8.119690E-1	3.716400E-7	NaN	3.716400E-6	5.441226E-1	2.079791E+1
9.455197E+3	3.031300E+2	3.824762E+1	-9.117155E-1	3.667000E-7	NaN	3.667000E-6	5.000217E-1	1.912833E+1
9.468359E+3	3.029300E+2	3.827287E+1	-1.226808E+0	3.619300E-7	NaN	3.619300E-6	5.060039E-1	1.936656E+1
9.481564E+3	3.026600E+2	3.830701E+1	-5.100740E-1	3.573000E-7	NaN	3.573000E-6	5.207665E-1	1.994302E+1
9.493327E+3	3.025600E+2	3.831967E+1	-7.936985E-1	3.532600E-7	NaN	3.532600E-6	5.447800E-1	2.087695E+1
9.509958E+3	3.023400E+2	3.834756E+1	-8.497950E-1	3.478000E-7	NaN	3.478000E-6	5.724192E-1	2.195419E+1
9.523373E+3	3.021500E+2	3.837167E+1	-7.684247E-1	3.435400E-7	NaN	3.435400E-6	5.362173E-1	2.057506E+1
9.540551E+3	3.019300E+2	3.839963E+1	-7.662260E-1	3.383400E-7	NaN	3.383400E-6	5.339291E-1	2.050361E+1
9.553863E+3	3.017600E+2	3.842126E+1	-7.221504E-1	3.344800E-7	NaN	3.344800E-6	5.396376E-1	2.073505E+1
9.576296E+3	3.014900E+2	3.845567E+1	-6.772519E-1	3.283400E-7	NaN	3.283400E-6	5.351459E-1	2.057595E+1
9.589585E+3	3.013400E+2	3.847481E+1	-7.100172E-1	3.249000E-7	NaN	3.249000E-6	5.386634E-1	2.072430E+1
9.606486E+3	3.011400E+2	3.850037E+1	-6.034396E-1	3.206500E-7	NaN	3.206500E-6	5.312242E-1	2.045474E+1
9.626372E+3	3.009400E+2	3.852595E+1	-6.546320E-1	3.160800E-7	NaN	3.160800E-6	5.350455E-1	2.061319E+1
9.646536E+3	3.007200E+2	3.855414E+1	-5.576496E-1	3.116500E-7	NaN	3.116500E-6	5.362321E-1	2.067148E+1
9.665903E+3	3.005400E+2	3.857723E+1	-5.947175E-1	3.075200E-7	NaN	3.075200E-6	5.362900E-1	2.068779E+1
9.683054E+3	3.003700E+2	3.859906E+1	-5.202312E-1	3.041100E-7	NaN	3.041100E-6	5.466840E-1	2.110341E+1
9.707274E+3	3.001600E+2	3.862607E+1	-4.931222E-1	2.996100E-7	NaN	2.996100E-6	5.431597E-1	2.098070E+1
9.730392E+3	2.999700E+2	3.865053E+1	-4.872955E-1	2.955600E-7	NaN	2.955600E-6	5.450461E-1	2.106614E+1
9.756249E+3	2.997600E+2	3.867761E+1	-4.657381E-1	2.912900E-7	NaN	2.912900E-6	5.374798E-1	2.078845E+1
9.779438E+3	2.995800E+2	3.870085E+1	-4.440706E-1	2.877100E-7	NaN	2.877100E-6	5.316045E-1	2.057408E+1
9.809163E+3	2.993600E+2	3.872929E+1	-4.148740E-1	2.834200E-7	NaN	2.834200E-6	5.355660E-1	2.074155E+1
9.835195E+3	2.991800E+2	3.875259E+1	-3.810100E-1	2.799400E-7	NaN	2.799400E-6	5.347180E-1	2.072217E+1
9.868265E+3	2.989700E+2	3.877981E+1	-3.860259E-1	2.757300E-7	NaN	2.757300E-6	5.384469E-1	2.088051E+1
9.899351E+3	2.987700E+2	3.880577E+1	-3.342722E-1	2.720800E-7	NaN	2.720800E-6	5.352719E-1	2.077131E+1
9.931660E+3	2.985900E+2	3.882916E+1	-3.307856E-1	2.685600E-7	NaN	2.685600E-6	5.354632E-1	2.079239E+1
9.971565E+3	2.983700E+2	3.885779E+1	-2.875552E-1	2.646000E-7	NaN	2.646000E-6	5.400659E-1	2.098529E+1
1.000912E+4	2.981900E+2	3.888125E+1	-2.850872E-1	2.611500E-7	NaN	2.611500E-6	5.432332E-1	2.112197E+1
1.005332E+4	2.979800E+2	3.890865E+1	-2.465078E-1	2.573500E-7	NaN	2.573500E-6	5.432187E-1	2.113596E+1
1.010200E+4	2.977800E+2	3.893478E+1	-2.480472E-1	2.536000E-7	NaN	2.536000E-6	5.383251E-1	2.095889E+1
1.014796E+4	2.975900E+2	3.895964E+1	-2.169903E-1	2.503900E-7	NaN	2.503900E-6	5.329541E-1	2.076419E+1
1.020326E+4	2.973900E+2	3.898584E+1	-2.059662E-1	2.468500E-7	NaN	2.468500E-6	5.299851E-1	2.066224E+1
1.026152E+4	2.971900E+2	3.901208E+1	-1.787523E-1	2.435200E-7	NaN	2.435200E-6	5.327546E-1	2.078425E+1
1.032865E+4	2.969900E+2	3.903835E+1	-1.659052E-1	2.400600E-7	NaN	2.400600E-6	5.253348E-1	2.050833E+1
1.040460E+4	2.967800E+2	3.906597E+1	-1.505348E-1	2.365900E-7	NaN	2.365900E-6	5.302011E-1	2.071206E+1
1.048033E+4	2.965900E+2	3.909100E+1	-1.212084E-1	2.336500E-7	NaN	2.336500E-6	5.312429E-1	2.076643E+1
1.057933E+4	2.963900E+2	3.911738E+1	-1.107409E-1	2.302000E-7	NaN	2.302000E-6	5.332316E-1	2.085860E+1
1.068228E+4	2.962000E+2	3.914247E+1	-9.822218E-2	2.271500E-7	NaN	2.271500E-6	NaN	NaN
1.080445E+4	2.960000E+2	3.916892E+1	NaN	2.240400E-7	NaN	2.240400E-6	NaN	NaN
--------------------
7/25/2024 5:22 PM
