6/27/2024
6:14 PM
fast cooling up 460_2024.06.27_COND_FILE END.txt

Data taken by: Akshat Sharma
ammeter is Keithley 6517A at GPIB0::27::INSTR
voltage source is Keithley 6517A at GPIB0::27::INSTR
temperature controller is Lake Shore 330 at GPIB0::12::INSTR with the settings: control sensor=A;sample sensor=;loop=1
Readings: 1
Voltage (V): 100
Geo Factor: 1000
Ea Window (pts): 5
Shut off V when done?: TRUE
Mconnect?: TRUE
Use Abs(Cond)?: TRUE
Rate (K/min): 5
Heater: High
DESCRIPTION
********************
Time (s)	Temperature (K)	1/kT (1/eV)	Rate (K/min)	Current (A)	Current Std Dev/Mean	Conductivity (Ohm-cm)^-1	Ea (eV)	Reduced Ea	
3.569000E+1	2.960800E+2	3.915834E+1	5.155550E-1	1.460020E-7	NaN	1.460020E-6	NaN	NaN
4.175600E+1	2.962900E+2	3.913058E+1	7.396090E-1	1.474890E-7	NaN	1.474890E-6	NaN	NaN
4.772200E+1	2.965900E+2	3.909100E+1	1.117915E+0	1.496540E-7	NaN	1.496540E-6	NaN	NaN
5.082600E+1	2.967700E+2	3.906729E+1	1.382086E+0	1.511320E-7	NaN	1.511320E-6	NaN	NaN
5.385700E+1	2.970400E+2	3.903178E+1	1.685005E+0	1.527480E-7	NaN	1.527480E-6	NaN	NaN
5.710400E+1	2.972700E+2	3.900158E+1	2.065316E+0	1.547790E-7	NaN	1.547790E-6	NaN	NaN
6.025400E+1	2.975300E+2	3.896750E+1	2.466241E+0	1.569900E-7	NaN	1.569900E-6	NaN	NaN
6.329600E+1	2.977900E+2	3.893348E+1	2.890784E+0	1.593740E-7	NaN	1.593740E-6	NaN	NaN
6.634200E+1	2.980600E+2	3.889821E+1	3.314316E+0	1.619740E-7	NaN	1.619740E-6	NaN	NaN
6.924900E+1	2.983300E+2	3.886300E+1	3.740564E+0	1.646000E-7	NaN	1.646000E-6	NaN	NaN
7.236900E+1	2.986200E+2	3.882526E+1	4.110100E+0	1.675690E-7	NaN	1.675690E-6	NaN	NaN
7.537700E+1	2.989100E+2	3.878759E+1	4.457313E+0	1.706280E-7	NaN	1.706280E-6	NaN	NaN
7.854100E+1	2.992000E+2	3.875000E+1	4.764362E+0	1.739860E-7	NaN	1.739860E-6	NaN	NaN
8.156900E+1	2.994800E+2	3.871377E+1	5.012407E+0	1.772510E-7	NaN	1.772510E-6	NaN	NaN
8.475000E+1	2.997900E+2	3.867374E+1	5.199329E+0	1.807500E-7	NaN	1.807500E-6	NaN	NaN
8.783600E+1	3.000700E+2	3.863765E+1	5.351174E+0	1.842190E-7	NaN	1.842190E-6	NaN	NaN
9.083600E+1	3.003400E+2	3.860292E+1	5.434329E+0	1.876110E-7	NaN	1.876110E-6	NaN	NaN
9.387200E+1	3.006200E+2	3.856696E+1	5.519743E+0	1.911250E-7	NaN	1.911250E-6	4.321890E-1	1.683209E+1
9.700700E+1	3.008800E+2	3.853363E+1	5.558041E+0	1.947220E-7	NaN	1.947220E-6	4.370162E-1	1.701326E+1
1.001090E+2	3.011500E+2	3.849909E+1	5.552648E+0	1.982690E-7	NaN	1.982690E-6	4.417988E-1	1.719272E+1
1.031580E+2	3.014100E+2	3.846588E+1	5.522491E+0	2.017590E-7	NaN	2.017590E-6	4.461686E-1	1.735601E+1
1.063340E+2	3.017400E+2	3.842381E+1	5.471904E+0	2.054900E-7	NaN	2.054900E-6	4.501646E-1	1.750471E+1
1.095490E+2	3.020200E+2	3.838819E+1	5.456837E+0	2.091810E-7	NaN	2.091810E-6	4.531820E-1	1.761473E+1
1.126970E+2	3.022700E+2	3.835644E+1	5.433063E+0	2.130700E-7	NaN	2.130700E-6	4.558971E-1	1.771293E+1
1.157780E+2	3.025200E+2	3.832474E+1	5.394052E+0	2.166900E-7	NaN	2.166900E-6	4.587935E-1	1.781835E+1
1.188370E+2	3.027700E+2	3.829309E+1	5.339519E+0	2.203200E-7	NaN	2.203200E-6	4.615172E-1	1.791714E+1
1.218650E+2	3.030200E+2	3.826150E+1	5.277125E+0	2.239700E-7	NaN	2.239700E-6	4.640500E-1	1.800855E+1
1.250460E+2	3.032800E+2	3.822870E+1	5.227790E+0	2.279100E-7	NaN	2.279100E-6	4.663901E-1	1.809250E+1
1.282640E+2	3.035300E+2	3.819721E+1	5.176050E+0	2.319500E-7	NaN	2.319500E-6	4.686282E-1	1.817243E+1
1.313770E+2	3.037900E+2	3.816452E+1	5.113654E+0	2.359900E-7	NaN	2.359900E-6	4.708628E-1	1.825224E+1
1.344350E+2	3.040700E+2	3.812938E+1	5.066018E+0	2.400000E-7	NaN	2.400000E-6	4.729717E-1	1.832710E+1
1.375920E+2	3.043300E+2	3.809680E+1	5.030046E+0	2.443000E-7	NaN	2.443000E-6	4.747837E-1	1.839025E+1
1.405670E+2	3.045900E+2	3.806428E+1	4.992247E+0	2.483500E-7	NaN	2.483500E-6	4.765754E-1	1.845258E+1
1.435420E+2	3.048600E+2	3.803057E+1	4.960510E+0	2.525600E-7	NaN	2.525600E-6	4.782019E-1	1.850844E+1
1.466440E+2	3.051200E+2	3.799816E+1	4.993989E+0	2.569600E-7	NaN	2.569600E-6	4.796659E-1	1.855791E+1
1.496700E+2	3.053800E+2	3.796581E+1	5.037003E+0	2.613900E-7	NaN	2.613900E-6	4.810891E-1	1.860577E+1
1.525380E+2	3.056400E+2	3.793352E+1	5.073959E+0	2.656300E-7	NaN	2.656300E-6	4.824568E-1	1.865144E+1
1.555550E+2	3.059200E+2	3.789880E+1	5.117065E+0	2.700800E-7	NaN	2.700800E-6	4.836870E-1	1.869175E+1
1.585780E+2	3.061800E+2	3.786661E+1	5.170215E+0	2.746300E-7	NaN	2.746300E-6	4.847463E-1	1.872530E+1
1.616860E+2	3.065300E+2	3.782338E+1	5.216242E+0	2.794200E-7	NaN	2.794200E-6	4.857582E-1	1.875701E+1
1.649360E+2	3.067900E+2	3.779132E+1	5.313176E+0	2.844700E-7	NaN	2.844700E-6	4.863734E-1	1.877289E+1
1.680800E+2	3.070500E+2	3.775932E+1	5.356962E+0	2.894100E-7	NaN	2.894100E-6	4.870806E-1	1.879240E+1
1.713540E+2	3.073100E+2	3.772738E+1	5.370308E+0	2.946100E-7	NaN	2.946100E-6	4.878154E-1	1.881303E+1
1.746000E+2	3.075700E+2	3.769548E+1	5.367031E+0	2.999100E-7	NaN	2.999100E-6	4.886113E-1	1.883606E+1
1.777480E+2	3.078200E+2	3.766487E+1	5.329338E+0	3.050300E-7	NaN	3.050300E-6	4.894587E-1	1.886111E+1
1.807910E+2	3.081000E+2	3.763064E+1	5.273174E+0	3.101400E-7	NaN	3.101400E-6	4.903286E-1	1.888708E+1
1.841370E+2	3.084400E+2	3.758916E+1	5.240241E+0	3.157500E-7	NaN	3.157500E-6	4.910950E-1	1.890898E+1
1.871520E+2	3.087000E+2	3.755750E+1	5.235780E+0	3.209600E-7	NaN	3.209600E-6	4.916459E-1	1.892221E+1
1.902790E+2	3.089600E+2	3.752589E+1	5.219273E+0	3.265000E-7	NaN	3.265000E-6	4.927287E-1	1.895354E+1
1.934120E+2	3.092200E+2	3.749434E+1	5.194993E+0	3.320600E-7	NaN	3.320600E-6	4.939008E-1	1.898804E+1
1.963460E+2	3.094800E+2	3.746284E+1	5.171598E+0	3.375100E-7	NaN	3.375100E-6	4.951091E-1	1.902366E+1
1.994540E+2	3.097400E+2	3.743139E+1	5.147513E+0	3.431800E-7	NaN	3.431800E-6	4.963260E-1	1.905928E+1
2.024060E+2	3.100200E+2	3.739759E+1	5.183251E+0	3.487200E-7	NaN	3.487200E-6	4.975783E-1	1.909589E+1
2.055300E+2	3.102800E+2	3.736625E+1	5.226603E+0	3.547100E-7	NaN	3.547100E-6	4.988081E-1	1.913109E+1
2.086810E+2	3.105500E+2	3.733376E+1	5.254303E+0	3.609200E-7	NaN	3.609200E-6	5.001115E-1	1.916866E+1
2.117680E+2	3.108100E+2	3.730253E+1	5.260712E+0	3.670000E-7	NaN	3.670000E-6	5.014575E-1	1.920733E+1
2.147940E+2	3.110600E+2	3.727255E+1	5.241629E+0	3.731600E-7	NaN	3.731600E-6	5.028347E-1	1.924667E+1
2.179650E+2	3.113300E+2	3.724023E+1	5.190308E+0	3.795900E-7	NaN	3.795900E-6	5.041982E-1	1.928509E+1
2.210900E+2	3.115900E+2	3.720915E+1	5.145363E+0	3.861100E-7	NaN	3.861100E-6	5.056755E-1	1.932710E+1
2.241960E+2	3.118600E+2	3.717694E+1	5.136092E+0	3.926600E-7	NaN	3.926600E-6	5.071348E-1	1.936790E+1
2.273100E+2	3.121200E+2	3.714597E+1	5.133476E+0	3.993900E-7	NaN	3.993900E-6	5.085527E-1	1.940652E+1
2.303330E+2	3.124100E+2	3.711149E+1	5.120707E+0	4.059900E-7	NaN	4.059900E-6	5.099847E-1	1.944510E+1
2.332650E+2	3.126800E+2	3.707944E+1	5.125534E+0	4.126100E-7	NaN	4.126100E-6	5.113027E-1	1.947862E+1
2.363150E+2	3.129500E+2	3.704745E+1	5.147954E+0	4.196900E-7	NaN	4.196900E-6	5.124764E-1	1.950621E+1
2.394380E+2	3.132100E+2	3.701670E+1	5.166390E+0	4.270400E-7	NaN	4.270400E-6	5.136054E-1	1.953165E+1
2.424200E+2	3.134800E+2	3.698482E+1	5.196423E+0	4.341300E-7	NaN	4.341300E-6	5.144509E-1	1.954642E+1
2.455400E+2	3.137600E+2	3.695181E+1	5.228389E+0	4.418400E-7	NaN	4.418400E-6	5.152021E-1	1.955739E+1
2.485360E+2	3.140500E+2	3.691769E+1	5.264610E+0	4.494200E-7	NaN	4.494200E-6	5.158257E-1	1.956343E+1
2.515900E+2	3.143200E+2	3.688598E+1	5.315015E+0	4.571200E-7	NaN	4.571200E-6	5.163048E-1	1.956384E+1
2.546700E+2	3.146800E+2	3.684378E+1	5.351642E+0	4.648000E-7	NaN	4.648000E-6	5.167177E-1	1.956174E+1
2.577760E+2	3.148500E+2	3.682388E+1	5.444613E+0	4.728600E-7	NaN	4.728600E-6	5.167748E-1	1.954574E+1
2.608020E+2	3.152000E+2	3.678299E+1	5.428877E+0	4.807200E-7	NaN	4.807200E-6	5.170932E-1	1.954027E+1
2.639750E+2	3.154700E+2	3.675151E+1	5.469276E+0	4.891100E-7	NaN	4.891100E-6	5.171087E-1	1.952306E+1
2.670240E+2	3.157300E+2	3.672125E+1	5.473287E+0	4.972600E-7	NaN	4.972600E-6	5.171786E-1	1.950805E+1
2.700300E+2	3.159900E+2	3.669103E+1	5.475401E+0	5.053200E-7	NaN	5.053200E-6	5.172841E-1	1.949451E+1
2.732950E+2	3.162700E+2	3.665855E+1	5.472889E+0	5.141700E-7	NaN	5.141700E-6	5.173497E-1	1.947976E+1
2.763200E+2	3.165300E+2	3.662844E+1	5.455425E+0	5.226600E-7	NaN	5.226600E-6	5.174571E-1	1.946662E+1
2.792850E+2	3.167900E+2	3.659838E+1	5.411578E+0	5.307100E-7	NaN	5.307100E-6	5.176143E-1	1.945546E+1
2.823880E+2	3.170400E+2	3.656952E+1	5.364208E+0	5.395500E-7	NaN	5.395500E-6	5.177511E-1	1.944365E+1
2.853500E+2	3.173000E+2	3.653955E+1	5.295446E+0	5.479400E-7	NaN	5.479400E-6	5.180356E-1	1.943744E+1
2.884500E+2	3.175600E+2	3.650964E+1	5.244319E+0	5.571200E-7	NaN	5.571200E-6	5.183218E-1	1.943136E+1
2.915450E+2	3.178200E+2	3.647977E+1	5.182916E+0	5.660100E-7	NaN	5.660100E-6	5.186749E-1	1.942779E+1
2.946100E+2	3.180800E+2	3.644995E+1	5.191804E+0	5.752300E-7	NaN	5.752300E-6	5.188599E-1	1.941832E+1
2.976600E+2	3.183600E+2	3.641789E+1	5.115641E+0	5.845400E-7	NaN	5.845400E-6	5.190360E-1	1.940865E+1
3.007230E+2	3.186200E+2	3.638817E+1	5.124167E+0	5.940200E-7	NaN	5.940200E-6	5.192764E-1	1.940125E+1
3.038400E+2	3.188900E+2	3.635736E+1	5.128975E+0	6.039000E-7	NaN	6.039000E-6	5.195662E-1	1.939568E+1
3.070160E+2	3.191400E+2	3.632888E+1	5.134723E+0	6.140300E-7	NaN	6.140300E-6	5.198867E-1	1.939119E+1
3.102020E+2	3.194000E+2	3.629931E+1	5.125116E+0	6.243600E-7	NaN	6.243600E-6	5.202962E-1	1.939003E+1
3.132140E+2	3.196700E+2	3.626865E+1	5.108617E+0	6.342200E-7	NaN	6.342200E-6	5.207868E-1	1.939189E+1
3.162230E+2	3.199300E+2	3.623918E+1	5.106379E+0	6.442400E-7	NaN	6.442400E-6	5.213236E-1	1.939533E+1
3.192980E+2	3.202800E+2	3.619958E+1	5.113796E+0	6.548000E-7	NaN	6.548000E-6	5.218906E-1	1.939985E+1
3.225170E+2	3.205600E+2	3.616796E+1	5.175042E+0	6.657900E-7	NaN	6.657900E-6	5.221619E-1	1.939304E+1
3.258600E+2	3.208200E+2	3.613864E+1	5.234549E+0	6.774300E-7	NaN	6.774300E-6	5.224888E-1	1.938821E+1
3.288450E+2	3.210800E+2	3.610938E+1	5.258624E+0	6.880600E-7	NaN	6.880600E-6	5.228989E-1	1.938651E+1
3.320940E+2	3.213500E+2	3.607904E+1	5.273905E+0	6.998400E-7	NaN	6.998400E-6	5.232863E-1	1.938401E+1
3.350510E+2	3.216100E+2	3.604987E+1	5.271821E+0	7.107400E-7	NaN	7.107400E-6	5.237542E-1	1.938445E+1
3.380760E+2	3.218700E+2	3.602075E+1	5.283599E+0	7.218500E-7	NaN	7.218500E-6	5.242480E-1	1.938581E+1
3.412160E+2	3.221300E+2	3.599168E+1	5.288054E+0	7.336900E-7	NaN	7.336900E-6	5.247190E-1	1.938631E+1
3.441050E+2	3.224000E+2	3.596154E+1	5.281686E+0	7.450700E-7	NaN	7.450700E-6	5.251631E-1	1.938592E+1
3.471320E+2	3.226900E+2	3.592922E+1	5.267725E+0	7.570500E-7	NaN	7.570500E-6	5.255815E-1	1.938449E+1
3.501670E+2	3.229600E+2	3.589918E+1	5.253672E+0	7.696200E-7	NaN	7.696200E-6	5.256565E-1	1.937073E+1
3.532220E+2	3.232300E+2	3.586920E+1	5.240349E+0	7.820800E-7	NaN	7.820800E-6	5.258226E-1	1.936032E+1
3.562740E+2	3.235100E+2	3.583815E+1	5.217865E+0	7.951800E-7	NaN	7.951800E-6	5.260254E-1	1.935122E+1
3.593610E+2	3.237900E+2	3.580716E+1	5.269762E+0	8.087300E-7	NaN	8.087300E-6	5.262992E-1	1.934465E+1
3.624450E+2	3.240700E+2	3.577622E+1	5.329178E+0	8.222600E-7	NaN	8.222600E-6	5.266649E-1	1.934137E+1
3.654830E+2	3.243400E+2	3.574644E+1	5.365610E+0	8.359100E-7	NaN	8.359100E-6	5.270976E-1	1.934040E+1
3.683900E+2	3.246000E+2	3.571781E+1	5.397626E+0	8.488100E-7	NaN	8.488100E-6	5.274995E-1	1.933839E+1
3.715340E+2	3.248900E+2	3.568592E+1	5.413202E+0	8.632200E-7	NaN	8.632200E-6	5.276988E-1	1.932935E+1
3.746750E+2	3.251500E+2	3.565739E+1	5.430956E+0	8.775400E-7	NaN	8.775400E-6	5.278785E-1	1.931952E+1
3.777950E+2	3.254200E+2	3.562780E+1	5.420849E+0	8.915900E-7	NaN	8.915900E-6	5.281520E-1	1.931317E+1
3.807290E+2	3.256700E+2	3.560045E+1	5.384489E+0	9.051100E-7	NaN	9.051100E-6	5.284490E-1	1.930765E+1
3.838750E+2	3.259300E+2	3.557206E+1	5.346874E+0	9.199100E-7	NaN	9.199100E-6	5.287553E-1	1.930253E+1
3.869130E+2	3.261800E+2	3.554479E+1	5.311012E+0	9.338800E-7	NaN	9.338800E-6	5.291242E-1	1.929972E+1
3.898580E+2	3.264400E+2	3.551648E+1	5.263902E+0	9.479400E-7	NaN	9.479400E-6	5.294198E-1	1.929439E+1
3.928720E+2	3.266900E+2	3.548930E+1	5.220371E+0	9.622800E-7	NaN	9.622800E-6	5.297314E-1	1.928962E+1
3.958680E+2	3.269700E+2	3.545891E+1	5.177264E+0	9.759500E-7	NaN	9.759500E-6	5.300790E-1	1.928624E+1
3.989890E+2	3.273100E+2	3.542208E+1	5.159297E+0	9.916200E-7	NaN	9.916200E-6	5.303278E-1	1.927913E+1
4.021780E+2	3.275600E+2	3.539504E+1	5.203143E+0	1.006910E-6	NaN	1.006910E-5	5.304309E-1	1.926632E+1
4.052610E+2	3.278200E+2	3.536697E+1	5.223163E+0	1.022760E-6	NaN	1.022760E-5	5.305896E-1	1.925562E+1
4.082430E+2	3.280800E+2	3.533894E+1	5.239485E+0	1.037970E-6	NaN	1.037970E-5	5.308246E-1	1.924770E+1
4.111900E+2	3.282500E+2	3.532064E+1	5.269306E+0	1.053050E-6	NaN	1.053050E-5	5.310460E-1	1.923931E+1
4.142100E+2	3.285900E+2	3.528409E+1	5.222458E+0	1.068650E-6	NaN	1.068650E-5	5.315537E-1	1.924167E+1
4.172280E+2	3.288500E+2	3.525620E+1	5.243097E+0	1.084880E-6	NaN	1.084880E-5	5.317079E-1	1.923097E+1
4.204320E+2	3.291200E+2	3.522727E+1	5.256992E+0	1.102430E-6	NaN	1.102430E-5	5.318336E-1	1.921929E+1
4.234810E+2	3.293800E+2	3.519947E+1	5.251177E+0	1.119030E-6	NaN	1.119030E-5	5.320008E-1	1.920912E+1
4.265690E+2	3.296400E+2	3.517170E+1	5.227419E+0	1.136570E-6	NaN	1.136570E-5	5.322397E-1	1.920150E+1
4.295410E+2	3.299100E+2	3.514292E+1	5.197956E+0	1.153480E-6	NaN	1.153480E-5	5.324999E-1	1.919468E+1
4.326360E+2	3.301700E+2	3.511524E+1	5.165286E+0	1.171360E-6	NaN	1.171360E-5	5.327391E-1	1.918711E+1
4.357300E+2	3.304300E+2	3.508761E+1	5.138602E+0	1.189840E-6	NaN	1.189840E-5	5.329537E-1	1.917879E+1
4.387650E+2	3.306900E+2	3.506003E+1	5.166384E+0	1.208110E-6	NaN	1.208110E-5	5.332293E-1	1.917270E+1
4.418010E+2	3.309700E+2	3.503037E+1	5.176981E+0	1.225940E-6	NaN	1.225940E-5	5.332022E-1	1.915624E+1
4.449650E+2	3.312300E+2	3.500287E+1	5.199418E+0	1.245800E-6	NaN	1.245800E-5	5.334861E-1	1.915039E+1
4.479580E+2	3.314900E+2	3.497541E+1	5.214710E+0	1.264490E-6	NaN	1.264490E-5	5.335449E-1	1.913693E+1
4.511020E+2	3.317600E+2	3.494695E+1	5.159227E+0	1.284190E-6	NaN	1.284190E-5	5.336417E-1	1.912488E+1
4.541800E+2	3.320300E+2	3.491853E+1	5.164094E+0	1.304770E-6	NaN	1.304770E-5	5.337715E-1	1.911399E+1
4.574350E+2	3.323000E+2	3.489016E+1	5.173751E+0	1.326460E-6	NaN	1.326460E-5	5.339356E-1	1.910431E+1
4.605060E+2	3.325600E+2	3.486288E+1	5.170571E+0	1.347240E-6	NaN	1.347240E-5	5.341701E-1	1.909721E+1
4.633770E+2	3.328300E+2	3.483460E+1	5.162721E+0	1.366920E-6	NaN	1.366920E-5	5.344699E-1	1.909246E+1
4.664640E+2	3.331200E+2	3.480427E+1	5.167828E+0	1.388870E-6	NaN	1.388870E-5	5.346863E-1	1.908469E+1
4.695710E+2	3.333900E+2	3.477609E+1	5.200600E+0	1.410970E-6	NaN	1.410970E-5	5.349469E-1	1.907832E+1
4.725730E+2	3.336600E+2	3.474795E+1	5.225386E+0	1.432270E-6	NaN	1.432270E-5	5.352105E-1	1.907203E+1
4.756900E+2	3.339200E+2	3.472089E+1	5.247734E+0	1.454400E-6	NaN	1.454400E-5	5.355032E-1	1.906671E+1
4.787020E+2	3.342700E+2	3.468454E+1	5.254901E+0	1.476710E-6	NaN	1.476710E-5	5.358328E-1	1.906271E+1
4.819990E+2	3.345300E+2	3.465758E+1	5.339851E+0	1.500890E-6	NaN	1.500890E-5	5.359375E-1	1.905030E+1
4.850320E+2	3.347800E+2	3.463170E+1	5.378727E+0	1.523390E-6	NaN	1.523390E-5	5.360821E-1	1.903945E+1
4.880980E+2	3.350600E+2	3.460276E+1	5.396418E+0	1.546190E-6	NaN	1.546190E-5	5.362940E-1	1.903106E+1
4.910530E+2	3.353100E+2	3.457696E+1	5.411960E+0	1.568030E-6	NaN	1.568030E-5	5.364688E-1	1.902130E+1
4.940830E+2	3.355700E+2	3.455017E+1	5.413446E+0	1.591080E-6	NaN	1.591080E-5	5.367385E-1	1.901489E+1
4.972160E+2	3.358200E+2	3.452445E+1	5.390234E+0	1.614760E-6	NaN	1.614760E-5	5.370761E-1	1.901085E+1
5.002440E+2	3.360700E+2	3.449877E+1	5.332588E+0	1.638250E-6	NaN	1.638250E-5	5.374291E-1	1.900743E+1
5.033190E+2	3.363300E+2	3.447210E+1	5.274021E+0	1.661950E-6	NaN	1.661950E-5	5.378161E-1	1.900523E+1
5.062600E+2	3.365800E+2	3.444649E+1	5.224168E+0	1.685070E-6	NaN	1.685070E-5	5.379065E-1	1.899299E+1
5.093130E+2	3.368200E+2	3.442195E+1	5.169067E+0	1.709210E-6	NaN	1.709210E-5	5.379736E-1	1.898005E+1
5.123230E+2	3.371000E+2	3.439336E+1	5.102174E+0	1.733580E-6	NaN	1.733580E-5	5.381870E-1	1.897233E+1
5.154570E+2	3.373500E+2	3.436787E+1	5.043336E+0	1.759270E-6	NaN	1.759270E-5	5.383191E-1	1.896165E+1
5.186480E+2	3.376100E+2	3.434140E+1	5.047490E+0	1.785820E-6	NaN	1.785820E-5	5.385458E-1	1.895438E+1
5.218640E+2	3.378600E+2	3.431599E+1	5.031234E+0	1.813390E-6	NaN	1.813390E-5	5.387991E-1	1.894803E+1
5.247750E+2	3.381100E+2	3.429062E+1	4.995342E+0	1.838380E-6	NaN	1.838380E-5	5.391332E-1	1.894456E+1
5.279110E+2	3.383700E+2	3.426427E+1	4.985779E+0	1.865850E-6	NaN	1.865850E-5	5.395024E-1	1.894231E+1
5.309170E+2	3.386300E+2	3.423796E+1	4.979427E+0	1.892380E-6	NaN	1.892380E-5	5.398543E-1	1.893946E+1
5.340880E+2	3.388800E+2	3.421270E+1	4.988410E+0	1.920980E-6	NaN	1.920980E-5	5.401083E-1	1.893330E+1
5.371260E+2	3.391600E+2	3.418446E+1	4.978225E+0	1.948180E-6	NaN	1.948180E-5	5.404508E-1	1.893028E+1
5.401860E+2	3.395100E+2	3.414922E+1	4.987806E+0	1.976640E-6	NaN	1.976640E-5	5.407121E-1	1.892434E+1
5.434560E+2	3.397700E+2	3.412308E+1	5.069104E+0	2.007320E-6	NaN	2.007320E-5	5.406999E-1	1.890851E+1
5.465180E+2	3.400200E+2	3.409799E+1	5.130955E+0	2.036730E-6	NaN	2.036730E-5	5.407749E-1	1.889584E+1
5.496630E+2	3.402800E+2	3.407194E+1	5.163859E+0	2.066720E-6	NaN	2.066720E-5	5.409012E-1	1.888511E+1
5.526150E+2	3.405400E+2	3.404593E+1	5.207651E+0	2.095760E-6	NaN	2.095760E-5	5.410818E-1	1.887632E+1
5.556460E+2	3.407900E+2	3.402095E+1	5.243140E+0	2.125800E-6	NaN	2.125800E-5	5.412469E-1	1.886700E+1
5.587200E+2	3.410500E+2	3.399502E+1	5.258670E+0	2.156100E-6	NaN	2.156100E-5	5.414297E-1	1.885847E+1
5.616550E+2	3.413200E+2	3.396812E+1	5.247534E+0	2.185500E-6	NaN	2.185500E-5	5.416826E-1	1.885237E+1
5.647470E+2	3.415900E+2	3.394127E+1	5.246875E+0	2.217600E-6	NaN	2.217600E-5	5.418715E-1	1.884403E+1
5.677360E+2	3.418400E+2	3.391645E+1	5.235287E+0	2.249000E-6	NaN	2.249000E-5	5.420834E-1	1.883642E+1
5.709970E+2	3.421000E+2	3.389068E+1	5.212585E+0	2.283700E-6	NaN	2.283700E-5	5.423900E-1	1.883212E+1
5.741740E+2	3.423700E+2	3.386395E+1	5.147677E+0	2.318600E-6	NaN	2.318600E-5	5.428024E-1	1.883145E+1
5.773640E+2	3.426400E+2	3.383726E+1	5.090651E+0	2.354300E-6	NaN	2.354300E-5	5.432370E-1	1.883150E+1
5.803510E+2	3.429100E+2	3.381062E+1	5.105007E+0	2.388600E-6	NaN	2.388600E-5	5.437436E-1	1.883394E+1
5.834050E+2	3.431800E+2	3.378402E+1	5.119490E+0	2.424100E-6	NaN	2.424100E-5	5.441058E-1	1.883144E+1
5.865200E+2	3.434600E+2	3.375648E+1	5.132099E+0	2.460700E-6	NaN	2.460700E-5	5.442299E-1	1.882104E+1
5.895250E+2	3.437300E+2	3.372996E+1	5.146202E+0	2.495800E-6	NaN	2.495800E-5	5.443867E-1	1.881167E+1
5.927220E+2	3.440700E+2	3.369663E+1	5.172642E+0	2.534400E-6	NaN	2.534400E-5	5.445461E-1	1.880236E+1
5.958570E+2	3.443300E+2	3.367119E+1	5.236045E+0	2.571600E-6	NaN	2.571600E-5	5.445065E-1	1.878588E+1
5.991220E+2	3.445900E+2	3.364578E+1	5.275803E+0	2.610600E-6	NaN	2.610600E-5	5.447985E-1	1.878045E+1
6.021140E+2	3.448400E+2	3.362139E+1	5.303829E+0	2.646400E-6	NaN	2.646400E-5	5.448428E-1	1.876692E+1
6.051590E+2	3.450900E+2	3.359703E+1	5.323823E+0	2.683100E-6	NaN	2.683100E-5	5.448978E-1	1.875382E+1
6.082230E+2	3.453300E+2	3.357368E+1	5.324681E+0	2.719900E-6	NaN	2.719900E-5	5.449992E-1	1.874243E+1
6.112930E+2	3.456000E+2	3.354745E+1	5.285385E+0	2.758500E-6	NaN	2.758500E-5	5.451389E-1	1.873246E+1
6.142370E+2	3.458500E+2	3.352320E+1	5.243644E+0	2.794400E-6	NaN	2.794400E-5	5.452901E-1	1.872284E+1
6.172350E+2	3.460900E+2	3.349996E+1	5.190845E+0	2.831700E-6	NaN	2.831700E-5	5.453628E-1	1.871061E+1
6.202220E+2	3.463500E+2	3.347481E+1	5.130723E+0	2.869200E-6	NaN	2.869200E-5	5.454859E-1	1.870020E+1
6.233710E+2	3.465900E+2	3.345163E+1	5.077464E+0	2.909000E-6	NaN	2.909000E-5	5.456103E-1	1.868980E+1
6.263920E+2	3.468400E+2	3.342752E+1	5.010849E+0	2.947400E-6	NaN	2.947400E-5	5.458145E-1	1.868220E+1
6.294940E+2	3.471000E+2	3.340248E+1	4.951352E+0	2.989100E-6	NaN	2.989100E-5	5.459156E-1	1.867120E+1
6.325710E+2	3.473500E+2	3.337844E+1	4.954232E+0	3.028600E-6	NaN	3.028600E-5	5.461043E-1	1.866316E+1
6.356400E+2	3.476100E+2	3.335347E+1	4.955917E+0	3.071900E-6	NaN	3.071900E-5	5.462850E-1	1.865486E+1
6.385430E+2	3.478700E+2	3.332854E+1	4.955558E+0	3.111800E-6	NaN	3.111800E-5	5.464926E-1	1.864750E+1
6.416470E+2	3.481200E+2	3.330461E+1	4.972541E+0	3.154100E-6	NaN	3.154100E-5	5.466796E-1	1.863942E+1
6.447060E+2	3.483800E+2	3.327975E+1	4.980459E+0	3.198500E-6	NaN	3.198500E-5	5.469573E-1	1.863447E+1
6.479420E+2	3.486300E+2	3.325589E+1	4.980008E+0	3.244500E-6	NaN	3.244500E-5	5.473039E-1	1.863183E+1
6.510520E+2	3.488900E+2	3.323110E+1	4.975962E+0	3.290100E-6	NaN	3.290100E-5	5.476663E-1	1.862979E+1
6.542280E+2	3.492300E+2	3.319875E+1	4.980000E+0	3.337100E-6	NaN	3.337100E-5	5.480101E-1	1.862720E+1
6.574550E+2	3.495000E+2	3.317310E+1	5.036123E+0	3.386300E-6	NaN	3.386300E-5	5.481608E-1	1.861772E+1
6.605420E+2	3.497600E+2	3.314844E+1	5.094592E+0	3.432800E-6	NaN	3.432800E-5	5.483266E-1	1.860879E+1
6.636150E+2	3.500100E+2	3.312477E+1	5.128146E+0	3.481000E-6	NaN	3.481000E-5	5.485402E-1	1.860146E+1
6.666790E+2	3.502700E+2	3.310018E+1	5.145695E+0	3.528100E-6	NaN	3.528100E-5	5.485095E-1	1.858633E+1
6.697090E+2	3.505300E+2	3.307563E+1	5.158778E+0	3.576000E-6	NaN	3.576000E-5	5.485673E-1	1.857421E+1
6.728680E+2	3.507900E+2	3.305111E+1	5.162458E+0	3.626900E-6	NaN	3.626900E-5	5.486707E-1	1.856361E+1
6.757940E+2	3.510500E+2	3.302663E+1	5.155986E+0	3.675700E-6	NaN	3.675700E-5	5.487502E-1	1.855232E+1
6.790220E+2	3.513200E+2	3.300125E+1	5.167731E+0	3.728800E-6	NaN	3.728800E-5	5.488148E-1	1.854052E+1
6.821920E+2	3.515900E+2	3.297591E+1	5.162171E+0	3.783600E-6	NaN	3.783600E-5	5.488959E-1	1.852927E+1
6.853500E+2	3.518600E+2	3.295061E+1	5.153804E+0	3.839000E-6	NaN	3.839000E-5	5.490599E-1	1.852077E+1
6.885850E+2	3.521300E+2	3.292534E+1	5.121069E+0	3.895200E-6	NaN	3.895200E-5	5.492850E-1	1.851427E+1
6.916090E+2	3.524800E+2	3.289265E+1	5.073929E+0	3.949600E-6	NaN	3.949600E-5	5.495306E-1	1.850845E+1
6.947250E+2	3.527400E+2	3.286840E+1	5.151219E+0	4.005900E-6	NaN	4.005900E-5	5.494986E-1	1.849289E+1
6.978380E+2	3.530000E+2	3.284419E+1	5.210749E+0	4.062100E-6	NaN	4.062100E-5	5.495732E-1	1.848089E+1
7.008260E+2	3.532500E+2	3.282095E+1	5.254689E+0	4.116200E-6	NaN	4.116200E-5	5.495879E-1	1.846702E+1
7.038810E+2	3.535100E+2	3.279681E+1	5.276749E+0	4.172800E-6	NaN	4.172800E-5	5.496784E-1	1.845572E+1
7.070170E+2	3.537700E+2	3.277271E+1	5.288640E+0	4.229700E-6	NaN	4.229700E-5	5.498234E-1	1.844627E+1
7.101190E+2	3.540200E+2	3.274956E+1	5.287610E+0	4.287100E-6	NaN	4.287100E-5	5.500798E-1	1.844051E+1
7.131920E+2	3.542700E+2	3.272645E+1	5.259579E+0	4.342800E-6	NaN	4.342800E-5	5.503713E-1	1.843594E+1
7.163350E+2	3.545100E+2	3.270430E+1	5.224890E+0	4.401600E-6	NaN	4.401600E-5	5.507019E-1	1.843270E+1
7.194790E+2	3.547500E+2	3.268217E+1	5.159699E+0	4.459700E-6	NaN	4.459700E-5	5.510928E-1	1.843155E+1
7.225400E+2	3.550000E+2	3.265915E+1	5.071644E+0	4.518000E-6	NaN	4.518000E-5	5.516211E-1	1.843497E+1
7.256200E+2	3.552400E+2	3.263709E+1	4.978671E+0	4.577000E-6	NaN	4.577000E-5	5.520710E-1	1.843587E+1
7.287550E+2	3.554900E+2	3.261414E+1	4.868818E+0	4.637500E-6	NaN	4.637500E-5	5.522362E-1	1.842774E+1
7.318360E+2	3.557300E+2	3.259213E+1	4.833591E+0	4.698100E-6	NaN	4.698100E-5	5.524870E-1	1.842248E+1
7.348390E+2	3.560000E+2	3.256742E+1	4.797932E+0	4.756800E-6	NaN	4.756800E-5	5.528297E-1	1.842030E+1
7.378790E+2	3.562500E+2	3.254456E+1	4.791236E+0	4.816800E-6	NaN	4.816800E-5	5.531029E-1	1.841572E+1
7.408780E+2	3.565000E+2	3.252174E+1	4.793659E+0	4.879700E-6	NaN	4.879700E-5	5.533379E-1	1.840988E+1
7.439900E+2	3.567500E+2	3.249895E+1	4.812478E+0	4.943300E-6	NaN	4.943300E-5	5.536217E-1	1.840563E+1
7.469030E+2	3.570000E+2	3.247619E+1	4.836285E+0	5.005000E-6	NaN	5.005000E-5	5.539125E-1	1.840163E+1
7.498920E+2	3.572600E+2	3.245256E+1	4.871591E+0	5.068400E-6	NaN	5.068400E-5	5.540960E-1	1.839411E+1
7.530660E+2	3.575200E+2	3.242896E+1	4.921784E+0	5.140000E-6	NaN	5.140000E-5	5.542233E-1	1.838474E+1
7.562250E+2	3.577700E+2	3.240629E+1	4.959085E+0	5.209400E-6	NaN	5.209400E-5	5.544305E-1	1.837797E+1
7.591110E+2	3.581400E+2	3.237282E+1	4.973695E+0	5.274600E-6	NaN	5.274600E-5	5.547615E-1	1.837528E+1
7.624610E+2	3.583900E+2	3.235023E+1	5.087657E+0	5.350600E-6	NaN	5.350600E-5	5.547160E-1	1.835968E+1
7.655140E+2	3.586400E+2	3.232768E+1	5.152097E+0	5.421000E-6	NaN	5.421000E-5	5.548327E-1	1.834953E+1
7.683920E+2	3.588900E+2	3.230516E+1	5.191203E+0	5.488600E-6	NaN	5.488600E-5	5.549736E-1	1.834027E+1
7.715390E+2	3.591400E+2	3.228268E+1	5.211253E+0	5.561400E-6	NaN	5.561400E-5	5.551154E-1	1.833111E+1
7.747850E+2	3.593900E+2	3.226022E+1	5.223843E+0	5.637500E-6	NaN	5.637500E-5	5.552903E-1	1.832315E+1
7.779130E+2	3.596500E+2	3.223690E+1	5.206189E+0	5.711900E-6	NaN	5.711900E-5	5.555070E-1	1.831666E+1
7.809730E+2	3.598900E+2	3.221540E+1	5.179689E+0	5.784800E-6	NaN	5.784800E-5	5.555154E-1	1.830366E+1
7.839710E+2	3.601600E+2	3.219125E+1	5.125686E+0	5.857000E-6	NaN	5.857000E-5	5.555992E-1	1.829323E+1
7.871080E+2	3.604100E+2	3.216892E+1	5.085943E+0	5.933600E-6	NaN	5.933600E-5	5.556779E-1	1.828259E+1
7.902540E+2	3.606800E+2	3.214484E+1	5.037505E+0	6.014200E-6	NaN	6.014200E-5	5.558006E-1	1.827342E+1
7.933900E+2	3.609400E+2	3.212168E+1	4.984362E+0	6.094100E-6	NaN	6.094100E-5	5.559474E-1	1.826498E+1
7.964520E+2	3.612000E+2	3.209856E+1	4.910898E+0	6.173700E-6	NaN	6.173700E-5	5.561624E-1	1.825872E+1
7.995630E+2	3.615600E+2	3.206660E+1	4.944548E+0	6.257400E-6	NaN	6.257400E-5	5.563529E-1	1.825169E+1
8.027750E+2	3.618200E+2	3.204356E+1	5.034475E+0	6.344800E-6	NaN	6.344800E-5	5.562162E-1	1.823353E+1
8.060170E+2	3.621000E+2	3.201878E+1	5.103950E+0	6.433500E-6	NaN	6.433500E-5	5.561830E-1	1.821874E+1
8.090750E+2	3.623600E+2	3.199581E+1	5.179811E+0	6.521000E-6	NaN	6.521000E-5	5.561048E-1	1.820247E+1
8.121360E+2	3.626200E+2	3.197286E+1	5.238478E+0	6.606900E-6	NaN	6.606900E-5	5.561445E-1	1.819002E+1
8.152200E+2	3.628700E+2	3.195084E+1	5.269870E+0	6.692800E-6	NaN	6.692800E-5	5.561911E-1	1.817780E+1
8.183960E+2	3.631200E+2	3.192884E+1	5.279715E+0	6.782800E-6	NaN	6.782800E-5	5.562962E-1	1.816755E+1
8.214920E+2	3.633700E+2	3.190687E+1	5.250869E+0	6.870700E-6	NaN	6.870700E-5	5.564634E-1	1.815935E+1
8.246690E+2	3.636200E+2	3.188493E+1	5.219404E+0	6.960300E-6	NaN	6.960300E-5	5.566982E-1	1.815340E+1
8.277610E+2	3.639400E+2	3.185690E+1	5.155594E+0	7.048700E-6	NaN	7.048700E-5	5.569148E-1	1.814691E+1
8.310500E+2	3.642000E+2	3.183416E+1	5.133961E+0	7.140700E-6	NaN	7.140700E-5	5.569396E-1	1.813389E+1
8.342190E+2	3.644500E+2	3.181232E+1	5.082574E+0	7.232000E-6	NaN	7.232000E-5	5.570001E-1	1.812205E+1
8.373520E+2	3.646900E+2	3.179138E+1	5.008799E+0	7.321300E-6	NaN	7.321300E-5	5.571750E-1	1.811392E+1
8.404390E+2	3.649300E+2	3.177048E+1	4.993544E+0	7.412700E-6	NaN	7.412700E-5	5.574100E-1	1.810781E+1
8.436230E+2	3.651700E+2	3.174960E+1	4.961586E+0	7.506900E-6	NaN	7.506900E-5	5.574219E-1	1.809489E+1
8.467330E+2	3.654200E+2	3.172787E+1	4.923603E+0	7.596800E-6	NaN	7.596800E-5	5.575212E-1	1.808492E+1
8.496610E+2	3.656600E+2	3.170705E+1	4.891994E+0	7.688000E-6	NaN	7.688000E-5	5.575931E-1	1.807410E+1
8.527700E+2	3.659300E+2	3.168366E+1	4.871816E+0	7.780900E-6	NaN	7.780900E-5	5.577358E-1	1.806560E+1
8.557540E+2	3.661800E+2	3.166202E+1	4.864779E+0	7.873900E-6	NaN	7.873900E-5	5.577847E-1	1.805402E+1
8.590680E+2	3.664300E+2	3.164042E+1	4.854862E+0	7.978100E-6	NaN	7.978100E-5	5.578040E-1	1.804151E+1
8.620870E+2	3.667600E+2	3.161195E+1	4.825951E+0	8.076600E-6	NaN	8.076600E-5	5.579304E-1	1.803250E+1
8.652780E+2	3.670100E+2	3.159042E+1	4.851426E+0	8.180300E-6	NaN	8.180300E-5	5.577838E-1	1.801440E+1
8.685180E+2	3.672700E+2	3.156806E+1	4.918111E+0	8.286000E-6	NaN	8.286000E-5	5.577066E-1	1.799864E+1
8.714810E+2	3.675200E+2	3.154658E+1	4.972862E+0	8.384400E-6	NaN	8.384400E-5	5.576909E-1	1.798492E+1
8.745360E+2	3.677900E+2	3.152342E+1	5.024171E+0	8.489600E-6	NaN	8.489600E-5	5.576977E-1	1.797199E+1
8.776630E+2	3.680400E+2	3.150201E+1	5.073077E+0	8.596600E-6	NaN	8.596600E-5	5.577104E-1	1.795927E+1
8.806670E+2	3.682900E+2	3.148063E+1	5.098816E+0	8.700800E-6	NaN	8.700800E-5	5.574504E-1	1.793822E+1
8.835640E+2	3.685400E+2	3.145927E+1	5.100974E+0	8.804600E-6	NaN	8.804600E-5	5.572394E-1	1.791884E+1
8.866620E+2	3.687900E+2	3.143795E+1	5.097283E+0	8.912900E-6	NaN	8.912900E-5	5.570520E-1	1.790028E+1
8.896470E+2	3.690500E+2	3.141580E+1	5.077237E+0	9.019200E-6	NaN	9.019200E-5	5.569035E-1	1.788302E+1
8.928130E+2	3.693000E+2	3.139453E+1	5.068769E+0	9.133300E-6	NaN	9.133300E-5	5.567314E-1	1.786503E+1
8.958880E+2	3.695600E+2	3.137244E+1	5.044396E+0	9.245800E-6	NaN	9.245800E-5	5.566141E-1	1.784889E+1
8.991580E+2	3.698400E+2	3.134869E+1	4.994676E+0	9.370900E-6	NaN	9.370900E-5	5.565303E-1	1.783381E+1
9.022530E+2	3.701000E+2	3.132667E+1	5.012604E+0	9.490800E-6	NaN	9.490800E-5	5.564598E-1	1.781910E+1
9.054770E+2	3.703600E+2	3.130468E+1	5.018982E+0	9.617000E-6	NaN	9.617000E-5	5.564977E-1	1.780782E+1
9.085760E+2	3.706300E+2	3.128187E+1	5.008627E+0	9.739900E-6	NaN	9.739900E-5	5.566585E-1	1.780043E+1
9.116130E+2	3.709800E+2	3.125236E+1	5.008624E+0	9.863800E-6	NaN	9.863800E-5	5.568296E-1	1.779330E+1
9.147010E+2	3.712400E+2	3.123047E+1	5.091735E+0	9.992100E-6	NaN	9.992100E-5	5.567827E-1	1.777881E+1
9.177510E+2	3.715000E+2	3.120861E+1	5.153072E+0	1.011710E-5	NaN	1.011710E-4	5.568219E-1	1.776707E+1
9.207870E+2	3.717500E+2	3.118763E+1	5.202870E+0	1.024310E-5	NaN	1.024310E-4	5.569419E-1	1.775787E+1
9.240600E+2	3.720200E+2	3.116499E+1	5.242779E+0	1.037740E-5	NaN	1.037740E-4	5.570181E-1	1.774739E+1
9.269810E+2	3.722700E+2	3.114406E+1	5.258614E+0	1.049810E-5	NaN	1.049810E-4	5.571134E-1	1.773748E+1
9.302040E+2	3.725200E+2	3.112316E+1	5.275434E+0	1.062880E-5	NaN	1.062880E-4	5.572246E-1	1.772808E+1
9.332210E+2	3.727600E+2	3.110312E+1	5.250799E+0	1.075480E-5	NaN	1.075480E-4	5.574107E-1	1.772108E+1
9.363550E+2	3.730000E+2	3.108311E+1	5.207227E+0	1.088390E-5	NaN	1.088390E-4	5.576235E-1	1.771496E+1
9.394410E+2	3.732400E+2	3.106312E+1	5.141474E+0	1.101040E-5	NaN	1.101040E-4	5.578489E-1	1.770931E+1
9.424350E+2	3.734800E+2	3.104316E+1	5.056364E+0	1.113400E-5	NaN	1.113400E-4	5.581694E-1	1.770671E+1
9.455010E+2	3.737200E+2	3.102323E+1	4.951253E+0	1.126200E-5	NaN	1.126200E-4	5.585538E-1	1.770611E+1
9.487040E+2	3.739800E+2	3.100166E+1	4.839479E+0	1.139660E-5	NaN	1.139660E-4	5.584871E-1	1.769174E+1
9.517670E+2	3.742200E+2	3.098178E+1	4.806221E+0	1.152420E-5	NaN	1.152420E-4	5.585253E-1	1.768064E+1
9.546910E+2	3.745400E+2	3.095531E+1	4.776259E+0	1.165060E-5	NaN	1.165060E-4	5.585947E-1	1.767054E+1
9.582350E+2	3.747900E+2	3.093466E+1	4.822317E+0	1.180500E-5	NaN	1.180500E-4	5.583672E-1	1.765078E+1
9.611860E+2	3.750400E+2	3.091404E+1	4.838713E+0	1.193520E-5	NaN	1.193520E-4	5.583063E-1	1.763632E+1
9.643310E+2	3.752800E+2	3.089427E+1	4.866343E+0	1.207770E-5	NaN	1.207770E-4	5.582870E-1	1.762314E+1
9.673690E+2	3.755400E+2	3.087288E+1	4.892930E+0	1.221770E-5	NaN	1.221770E-4	5.583383E-1	1.761226E+1
9.703510E+2	3.757900E+2	3.085234E+1	4.921933E+0	1.235440E-5	NaN	1.235440E-4	5.584150E-1	1.760208E+1
9.733580E+2	3.760500E+2	3.083101E+1	4.952252E+0	1.250140E-5	NaN	1.250140E-4	5.583881E-1	1.758869E+1
9.764250E+2	3.763100E+2	3.080970E+1	4.979631E+0	1.264770E-5	NaN	1.264770E-4	5.583994E-1	1.757645E+1
9.794410E+2	3.765600E+2	3.078925E+1	4.999863E+0	1.279630E-5	NaN	1.279630E-4	5.584001E-1	1.756388E+1
9.824920E+2	3.768200E+2	3.076801E+1	5.012558E+0	1.294840E-5	NaN	1.294840E-4	5.584464E-1	1.755276E+1
9.855340E+2	3.770800E+2	3.074679E+1	5.016383E+0	1.309820E-5	NaN	1.309820E-4	5.585004E-1	1.754187E+1
9.885670E+2	3.773300E+2	3.072642E+1	5.016524E+0	1.325320E-5	NaN	1.325320E-4	5.581913E-1	1.751997E+1
9.915810E+2	3.775900E+2	3.070526E+1	4.996559E+0	1.340540E-5	NaN	1.340540E-4	5.579833E-1	1.750129E+1
9.946030E+2	3.778400E+2	3.068495E+1	5.046913E+0	1.356470E-5	NaN	1.356470E-4	5.577467E-1	1.748180E+1
9.977100E+2	3.781000E+2	3.066385E+1	5.057580E+0	1.372270E-5	NaN	1.372270E-4	5.575951E-1	1.746502E+1
1.000805E+3	3.783400E+2	3.064439E+1	5.070150E+0	1.388450E-5	NaN	1.388450E-4	5.574484E-1	1.744840E+1
1.003666E+3	3.785900E+2	3.062416E+1	5.046728E+0	1.403300E-5	NaN	1.403300E-4	5.574127E-1	1.743531E+1
1.006862E+3	3.788400E+2	3.060395E+1	5.035678E+0	1.420510E-5	NaN	1.420510E-4	5.574121E-1	1.742329E+1
1.010039E+3	3.791000E+2	3.058296E+1	5.009955E+0	1.437280E-5	NaN	1.437280E-4	5.575304E-1	1.741497E+1
1.013188E+3	3.793600E+2	3.056200E+1	4.988047E+0	1.454440E-5	NaN	1.454440E-4	5.577100E-1	1.740852E+1
1.016199E+3	3.796200E+2	3.054107E+1	4.969371E+0	1.471310E-5	NaN	1.471310E-4	5.576671E-1	1.739537E+1
1.019339E+3	3.798800E+2	3.052016E+1	4.958405E+0	1.489110E-5	NaN	1.489110E-4	5.576304E-1	1.738243E+1
1.022495E+3	3.802500E+2	3.049047E+1	4.951827E+0	1.507730E-5	NaN	1.507730E-4	5.576581E-1	1.737147E+1
1.025687E+3	3.805100E+2	3.046963E+1	5.033003E+0	1.526560E-5	NaN	1.526560E-4	5.574179E-1	1.735171E+1
1.028733E+3	3.807700E+2	3.044883E+1	5.094246E+0	1.545070E-5	NaN	1.545070E-4	5.573045E-1	1.733589E+1
1.031861E+3	3.809500E+2	3.043444E+1	5.155406E+0	1.563780E-5	NaN	1.563780E-4	5.573115E-1	1.732376E+1
1.034744E+3	3.812900E+2	3.040730E+1	5.143540E+0	1.581050E-5	NaN	1.581050E-4	5.576133E-1	1.732108E+1
1.037993E+3	3.815500E+2	3.038658E+1	5.206076E+0	1.600420E-5	NaN	1.600420E-4	5.576278E-1	1.730910E+1
1.041040E+3	3.817900E+2	3.036748E+1	5.230848E+0	1.618690E-5	NaN	1.618690E-4	5.576158E-1	1.729637E+1
1.044156E+3	3.820500E+2	3.034681E+1	5.241899E+0	1.637410E-5	NaN	1.637410E-4	5.576481E-1	1.728507E+1
1.047310E+3	3.822900E+2	3.032776E+1	5.226806E+0	1.656020E-5	NaN	1.656020E-4	5.577713E-1	1.727654E+1
1.050314E+3	3.825300E+2	3.030873E+1	5.176147E+0	1.674100E-5	NaN	1.674100E-4	5.576608E-1	1.726115E+1
1.053384E+3	3.827700E+2	3.028973E+1	5.104578E+0	1.692410E-5	NaN	1.692410E-4	5.576242E-1	1.724809E+1
1.056602E+3	3.830100E+2	3.027075E+1	5.018528E+0	1.711590E-5	NaN	1.711590E-4	5.576346E-1	1.723655E+1
1.059719E+3	3.832400E+2	3.025258E+1	4.902413E+0	1.730420E-5	NaN	1.730420E-4	5.576797E-1	1.722614E+1
1.062700E+3	3.834900E+2	3.023286E+1	4.855585E+0	1.748240E-5	NaN	1.748240E-4	5.577443E-1	1.721646E+1
1.065694E+3	3.837300E+2	3.021395E+1	4.820177E+0	1.766810E-5	NaN	1.766810E-4	5.577906E-1	1.720620E+1
1.068716E+3	3.839900E+2	3.019349E+1	4.796962E+0	1.786000E-5	NaN	1.786000E-4	5.578432E-1	1.719614E+1
1.071809E+3	3.842300E+2	3.017463E+1	4.725020E+0	1.805570E-5	NaN	1.805570E-4	5.578408E-1	1.718434E+1
1.074934E+3	3.844800E+2	3.015501E+1	4.731044E+0	1.825720E-5	NaN	1.825720E-4	5.578909E-1	1.717418E+1
1.078028E+3	3.848200E+2	3.012837E+1	4.740889E+0	1.846450E-5	NaN	1.846450E-4	5.579085E-1	1.716303E+1
1.081299E+3	3.849900E+2	3.011507E+1	4.820414E+0	1.868360E-5	NaN	1.868360E-4	5.577043E-1	1.714473E+1
1.084233E+3	3.852400E+2	3.009552E+1	4.830751E+0	1.888140E-5	NaN	1.888140E-4	5.578362E-1	1.713708E+1
1.087191E+3	3.855000E+2	3.007523E+1	4.845952E+0	1.908910E-5	NaN	1.908910E-4	5.579509E-1	1.712897E+1
1.090257E+3	3.858500E+2	3.004795E+1	4.879125E+0	1.930410E-5	NaN	1.930410E-4	5.580686E-1	1.712092E+1
1.093408E+3	3.860300E+2	3.003394E+1	4.983418E+0	1.952530E-5	NaN	1.952530E-4	5.579502E-1	1.710527E+1
1.096272E+3	3.863600E+2	3.000828E+1	4.999805E+0	1.973080E-5	NaN	1.973080E-4	5.581206E-1	1.709881E+1
1.099491E+3	3.866100E+2	2.998888E+1	5.064399E+0	1.996140E-5	NaN	1.996140E-4	5.576752E-1	1.707358E+1
1.102661E+3	3.868700E+2	2.996872E+1	5.107037E+0	2.019210E-5	NaN	2.019210E-4	5.573521E-1	1.705218E+1
1.105868E+3	3.871200E+2	2.994937E+1	5.130752E+0	2.042210E-5	NaN	2.042210E-4	5.570692E-1	1.703206E+1
1.108853E+3	3.873600E+2	2.993081E+1	5.140415E+0	2.063750E-5	NaN	2.063750E-4	5.568841E-1	1.701497E+1
1.111860E+3	3.876100E+2	2.991151E+1	5.123323E+0	2.085770E-5	NaN	2.085770E-4	5.567449E-1	1.699941E+1
1.114943E+3	3.878800E+2	2.989069E+1	5.090789E+0	2.107800E-5	NaN	2.107800E-4	5.565866E-1	1.698331E+1
1.118012E+3	3.881300E+2	2.987143E+1	5.133729E+0	2.131200E-5	NaN	2.131200E-4	5.564025E-1	1.696636E+1
1.121110E+3	3.883900E+2	2.985144E+1	5.083702E+0	2.154800E-5	NaN	2.154800E-4	5.562995E-1	1.695188E+1
1.124055E+3	3.886400E+2	2.983224E+1	5.029185E+0	2.177600E-5	NaN	2.177600E-4	5.562572E-1	1.693921E+1
1.127174E+3	3.889100E+2	2.981152E+1	4.979313E+0	2.202500E-5	NaN	2.202500E-4	5.562451E-1	1.692744E+1
1.130196E+3	3.891600E+2	2.979237E+1	5.011372E+0	2.227200E-5	NaN	2.227200E-4	5.562335E-1	1.691560E+1
1.133232E+3	3.894200E+2	2.977248E+1	4.971066E+0	2.251700E-5	NaN	2.251700E-4	5.562983E-1	1.690606E+1
1.136405E+3	3.896800E+2	2.975262E+1	5.008590E+0	2.278400E-5	NaN	2.278400E-4	5.563513E-1	1.689617E+1
1.139506E+3	3.899600E+2	2.973125E+1	5.029315E+0	2.303800E-5	NaN	2.303800E-4	5.564773E-1	1.688846E+1
1.142490E+3	3.902200E+2	2.971144E+1	5.063416E+0	2.329300E-5	NaN	2.329300E-4	5.562238E-1	1.686942E+1
1.145557E+3	3.904700E+2	2.969242E+1	5.087680E+0	2.355000E-5	NaN	2.355000E-4	5.561074E-1	1.685452E+1
1.148492E+3	3.907200E+2	2.967342E+1	5.093413E+0	2.379600E-5	NaN	2.379600E-4	5.559817E-1	1.683938E+1
1.151765E+3	3.909700E+2	2.965445E+1	5.095899E+0	2.406800E-5	NaN	2.406800E-4	5.559149E-1	1.682600E+1
1.154820E+3	3.912900E+2	2.963020E+1	5.084623E+0	2.432600E-5	NaN	2.432600E-4	5.558835E-1	1.681376E+1
1.157876E+3	3.915300E+2	2.961203E+1	5.114770E+0	2.458000E-5	NaN	2.458000E-4	5.555986E-1	1.679364E+1
1.160948E+3	3.917700E+2	2.959389E+1	5.122644E+0	2.483500E-5	NaN	2.483500E-4	5.553393E-1	1.677439E+1
1.163978E+3	3.920200E+2	2.957502E+1	5.112351E+0	2.508800E-5	NaN	2.508800E-4	5.550851E-1	1.675541E+1
1.167019E+3	3.922600E+2	2.955693E+1	5.101552E+0	2.534700E-5	NaN	2.534700E-4	5.548308E-1	1.673644E+1
1.170110E+3	3.925100E+2	2.953810E+1	5.073293E+0	2.560700E-5	NaN	2.560700E-4	5.545981E-1	1.671821E+1
1.173082E+3	3.927500E+2	2.952005E+1	5.041137E+0	2.586100E-5	NaN	2.586100E-4	5.543231E-1	1.669877E+1
1.176279E+3	3.929900E+2	2.950202E+1	4.997039E+0	2.614000E-5	NaN	2.614000E-4	5.540754E-1	1.668019E+1
1.179206E+3	3.932400E+2	2.948327E+1	4.950296E+0	2.640100E-5	NaN	2.640100E-4	5.538600E-1	1.666267E+1
1.182186E+3	3.935000E+2	2.946379E+1	4.922881E+0	2.666700E-5	NaN	2.666700E-4	5.536513E-1	1.664535E+1
1.185212E+3	3.937400E+2	2.944583E+1	4.904444E+0	2.694100E-5	NaN	2.694100E-4	5.533697E-1	1.662585E+1
1.188297E+3	3.940100E+2	2.942565E+1	4.884229E+0	2.722300E-5	NaN	2.722300E-4	5.531914E-1	1.660945E+1
1.191345E+3	3.942600E+2	2.940699E+1	4.859351E+0	2.750800E-5	NaN	2.750800E-4	5.529032E-1	1.658970E+1
1.194466E+3	3.945200E+2	2.938761E+1	4.890875E+0	2.780200E-5	NaN	2.780200E-4	5.527097E-1	1.657278E+1
1.197563E+3	3.947700E+2	2.936900E+1	4.919541E+0	2.809500E-5	NaN	2.809500E-4	5.525222E-1	1.655604E+1
1.200566E+3	3.950200E+2	2.935041E+1	4.935867E+0	2.838500E-5	NaN	2.838500E-4	5.523770E-1	1.654060E+1
1.203792E+3	3.952700E+2	2.933185E+1	4.956711E+0	2.870300E-5	NaN	2.870300E-4	5.522302E-1	1.652515E+1
1.206852E+3	3.955200E+2	2.931331E+1	4.957985E+0	2.899600E-5	NaN	2.899600E-4	5.521988E-1	1.651317E+1
1.209830E+3	3.957700E+2	2.929479E+1	4.956193E+0	2.929400E-5	NaN	2.929400E-4	5.518161E-1	1.649114E+1
1.212875E+3	3.960400E+2	2.927482E+1	4.956067E+0	2.959100E-5	NaN	2.959100E-4	5.515000E-1	1.647113E+1
1.215986E+3	3.962800E+2	2.925709E+1	4.950717E+0	2.990600E-5	NaN	2.990600E-4	5.511464E-1	1.645000E+1
1.219132E+3	3.965300E+2	2.923865E+1	4.936168E+0	3.021800E-5	NaN	3.021800E-4	5.512082E-1	1.644105E+1
1.222132E+3	3.967800E+2	2.922022E+1	4.926178E+0	3.052000E-5	NaN	3.052000E-4	5.509431E-1	1.642269E+1
1.225250E+3	3.970200E+2	2.920256E+1	4.911945E+0	3.083700E-5	NaN	3.083700E-4	5.507157E-1	1.640551E+1
1.228297E+3	3.972700E+2	2.918418E+1	4.899330E+0	3.115200E-5	NaN	3.115200E-4	5.506002E-1	1.639167E+1
1.231243E+3	3.975200E+2	2.916583E+1	4.889602E+0	3.145900E-5	NaN	3.145900E-4	5.504897E-1	1.637803E+1
1.234342E+3	3.977800E+2	2.914676E+1	4.892507E+0	3.179200E-5	NaN	3.179200E-4	5.504162E-1	1.636547E+1
1.237437E+3	3.980600E+2	2.912626E+1	4.898500E+0	3.212300E-5	NaN	3.212300E-4	5.503730E-1	1.635375E+1
1.240456E+3	3.983300E+2	2.910652E+1	4.928471E+0	3.246400E-5	NaN	3.246400E-4	5.502845E-1	1.634057E+1
1.243536E+3	3.986900E+2	2.908024E+1	4.960084E+0	3.281600E-5	NaN	3.281600E-4	5.502413E-1	1.632865E+1
1.246680E+3	3.989500E+2	2.906129E+1	5.064479E+0	3.318100E-5	NaN	3.318100E-4	5.499729E-1	1.630963E+1
1.249697E+3	3.992100E+2	2.904236E+1	5.153809E+0	3.353900E-5	NaN	3.353900E-4	5.497179E-1	1.629105E+1
1.252780E+3	3.994700E+2	2.902346E+1	5.249316E+0	3.389700E-5	NaN	3.389700E-4	5.495145E-1	1.627397E+1
1.255825E+3	3.997300E+2	2.900458E+1	5.315819E+0	3.425600E-5	NaN	3.425600E-4	5.492989E-1	1.625659E+1
1.259002E+3	3.999900E+2	2.898572E+1	5.358596E+0	3.462300E-5	NaN	3.462300E-4	5.491504E-1	1.624115E+1
1.262148E+3	4.002500E+2	2.896690E+1	5.377974E+0	3.498600E-5	NaN	3.498600E-4	5.490624E-1	1.622750E+1
1.265487E+3	4.004900E+2	2.894954E+1	5.358512E+0	3.536300E-5	NaN	3.536300E-4	5.486908E-1	1.620580E+1
1.268439E+3	4.007300E+2	2.893220E+1	5.284538E+0	3.570500E-5	NaN	3.570500E-4	5.488158E-1	1.619853E+1
1.271454E+3	4.009700E+2	2.891488E+1	5.196379E+0	3.604400E-5	NaN	3.604400E-4	5.489382E-1	1.619122E+1
1.274500E+3	4.012000E+2	2.889831E+1	5.087474E+0	3.638600E-5	NaN	3.638600E-4	5.490423E-1	1.618343E+1
1.277719E+3	4.014400E+2	2.888103E+1	4.967561E+0	3.674600E-5	NaN	3.674600E-4	5.488409E-1	1.616706E+1
1.280874E+3	4.017500E+2	2.885874E+1	4.835584E+0	3.710000E-5	NaN	3.710000E-4	5.489936E-1	1.616089E+1
1.283995E+3	4.019800E+2	2.884223E+1	4.828642E+0	3.745200E-5	NaN	3.745200E-4	5.485987E-1	1.613871E+1
1.287141E+3	4.022400E+2	2.882359E+1	4.804780E+0	3.782400E-5	NaN	3.782400E-4	5.483208E-1	1.612005E+1
1.290298E+3	4.024900E+2	2.880568E+1	4.797308E+0	3.819000E-5	NaN	3.819000E-4	5.480512E-1	1.610166E+1
1.293474E+3	4.027400E+2	2.878780E+1	4.794968E+0	3.856500E-5	NaN	3.856500E-4	5.478299E-1	1.608471E+1
1.296414E+3	4.029900E+2	2.876994E+1	4.801445E+0	3.892700E-5	NaN	3.892700E-4	5.476368E-1	1.606858E+1
1.299305E+3	4.032400E+2	2.875211E+1	4.824199E+0	3.929500E-5	NaN	3.929500E-4	5.474116E-1	1.605151E+1
1.302480E+3	4.035000E+2	2.873358E+1	4.867276E+0	3.969400E-5	NaN	3.969400E-4	5.470775E-1	1.603135E+1
1.305233E+3	4.037600E+2	2.871508E+1	4.888491E+0	4.004900E-5	NaN	4.004900E-4	5.467852E-1	1.601240E+1
1.308374E+3	4.040200E+2	2.869660E+1	4.936054E+0	4.045400E-5	NaN	4.045400E-4	5.463956E-1	1.599061E+1
1.311458E+3	4.042700E+2	2.867885E+1	4.978392E+0	4.087200E-5	NaN	4.087200E-4	5.460074E-1	1.596887E+1
1.314567E+3	4.045500E+2	2.865900E+1	4.998503E+0	4.128200E-5	NaN	4.128200E-4	5.456765E-1	1.594890E+1
1.317751E+3	4.048000E+2	2.864130E+1	5.010462E+0	4.171400E-5	NaN	4.171400E-4	5.453339E-1	1.592852E+1
1.320823E+3	4.050500E+2	2.862363E+1	5.048103E+0	4.212000E-5	NaN	4.212000E-4	5.450671E-1	1.591043E+1
1.323792E+3	4.053000E+2	2.860597E+1	5.057092E+0	4.252500E-5	NaN	4.252500E-4	5.448914E-1	1.589504E+1
1.326895E+3	4.055400E+2	2.858904E+1	5.065930E+0	4.294100E-5	NaN	4.294100E-4	5.446628E-1	1.587821E+1
1.329837E+3	4.057900E+2	2.857143E+1	5.047882E+0	4.333400E-5	NaN	4.333400E-4	5.444977E-1	1.586333E+1
1.332764E+3	4.060300E+2	2.855454E+1	5.020760E+0	4.373000E-5	NaN	4.373000E-4	5.443452E-1	1.584882E+1
1.335684E+3	4.062900E+2	2.853627E+1	4.992609E+0	4.413100E-5	NaN	4.413100E-4	5.441898E-1	1.583427E+1
1.338721E+3	4.065300E+2	2.851942E+1	4.983251E+0	4.453900E-5	NaN	4.453900E-4	5.440596E-1	1.582042E+1
1.341747E+3	4.067800E+2	2.850189E+1	4.957545E+0	4.496600E-5	NaN	4.496600E-4	5.437083E-1	1.580042E+1
1.344791E+3	4.070300E+2	2.848439E+1	4.955854E+0	4.538300E-5	NaN	4.538300E-4	5.434006E-1	1.578169E+1
1.347866E+3	4.072900E+2	2.846620E+1	4.953006E+0	4.583100E-5	NaN	4.583100E-4	5.431076E-1	1.576337E+1
1.350824E+3	4.075600E+2	2.844735E+1	4.950127E+0	4.627400E-5	NaN	4.627400E-4	5.427974E-1	1.574457E+1
1.353783E+3	4.078300E+2	2.842851E+1	4.986560E+0	4.674500E-5	NaN	4.674500E-4	5.424711E-1	1.572523E+1
1.356909E+3	4.080900E+2	2.841040E+1	5.028642E+0	4.758000E-5	NaN	4.758000E-4	5.421348E-1	1.570559E+1
1.360022E+3	4.083800E+2	2.839022E+1	5.061012E+0	4.822100E-5	NaN	4.822100E-4	5.424907E-1	1.570608E+1
1.363065E+3	4.086500E+2	2.837147E+1	5.114534E+0	4.882900E-5	NaN	4.882900E-4	5.431281E-1	1.571462E+1
1.366150E+3	4.089100E+2	2.835343E+1	5.154651E+0	4.922700E-5	NaN	4.922700E-4	5.439255E-1	1.572775E+1
1.369273E+3	4.091600E+2	2.833610E+1	5.187617E+0	4.986500E-5	NaN	4.986500E-4	5.444931E-1	1.573420E+1
1.372353E+3	4.094200E+2	2.831811E+1	5.196118E+0	5.047300E-5	NaN	5.047300E-4	5.453804E-1	1.574989E+1
1.375639E+3	4.096700E+2	2.830083E+1	5.210199E+0	5.071700E-5	NaN	5.071700E-4	5.463876E-1	1.576908E+1
1.378552E+3	4.099100E+2	2.828426E+1	5.183552E+0	5.120600E-5	NaN	5.120600E-4	5.469738E-1	1.577601E+1
1.381634E+3	4.101500E+2	2.826771E+1	5.145508E+0	5.179900E-5	NaN	5.179900E-4	5.475903E-1	1.578385E+1
1.384855E+3	4.103900E+2	2.825118E+1	5.083443E+0	5.214900E-5	NaN	5.214900E-4	5.484312E-1	1.579819E+1
1.387874E+3	4.106300E+2	2.823466E+1	4.997000E+0	5.234300E-5	NaN	5.234300E-4	5.490529E-1	1.580617E+1
1.390906E+3	4.108700E+2	2.821817E+1	4.920794E+0	5.309000E-5	NaN	5.309000E-4	5.492812E-1	1.580272E+1
1.393904E+3	4.111700E+2	2.819758E+1	4.857736E+0	5.342800E-5	NaN	5.342800E-4	5.499636E-1	1.581242E+1
1.397156E+3	4.114100E+2	2.818113E+1	4.838374E+0	5.402000E-5	NaN	5.402000E-4	5.502076E-1	1.580928E+1
1.400242E+3	4.116500E+2	2.816470E+1	4.823874E+0	5.433000E-5	NaN	5.433000E-4	5.505500E-1	1.580907E+1
1.403271E+3	4.119000E+2	2.814761E+1	4.819606E+0	5.487400E-5	NaN	5.487400E-4	5.506793E-1	1.580266E+1
1.406458E+3	4.121500E+2	2.813053E+1	4.829251E+0	5.525100E-5	NaN	5.525100E-4	5.508935E-1	1.579868E+1
1.409562E+3	4.124200E+2	2.811212E+1	4.832543E+0	5.580100E-5	NaN	5.580100E-4	5.508758E-1	1.578799E+1
1.412613E+3	4.126700E+2	2.809509E+1	4.862077E+0	5.628300E-5	NaN	5.628300E-4	5.509157E-1	1.577884E+1
1.415805E+3	4.129300E+2	2.807740E+1	4.881137E+0	5.697400E-5	NaN	5.697400E-4	5.509140E-1	1.576848E+1
1.418644E+3	4.131800E+2	2.806041E+1	4.904202E+0	5.741200E-5	NaN	5.741200E-4	5.511302E-1	1.576435E+1
1.421638E+3	4.134400E+2	2.804276E+1	4.933463E+0	5.799200E-5	NaN	5.799200E-4	5.512153E-1	1.575644E+1
1.424651E+3	4.137000E+2	2.802514E+1	4.952898E+0	5.842800E-5	NaN	5.842800E-4	5.512615E-1	1.574748E+1
1.427878E+3	4.139500E+2	2.800821E+1	4.970824E+0	5.899800E-5	NaN	5.899800E-4	5.510945E-1	1.573243E+1
1.431021E+3	4.142100E+2	2.799063E+1	4.962895E+0	5.950000E-5	NaN	5.950000E-4	5.506276E-1	1.570920E+1
1.434107E+3	4.144800E+2	2.797240E+1	4.998671E+0	6.011600E-5	NaN	6.011600E-4	5.501209E-1	1.568485E+1
1.437273E+3	4.148100E+2	2.795015E+1	5.023554E+0	6.057400E-5	NaN	6.057400E-4	5.496824E-1	1.566246E+1
1.440402E+3	4.150500E+2	2.793398E+1	5.084389E+0	6.113600E-5	NaN	6.113600E-4	5.488482E-1	1.562860E+1
1.443443E+3	4.153000E+2	2.791717E+1	5.117064E+0	6.161000E-5	NaN	6.161000E-4	5.480919E-1	1.559709E+1
1.446507E+3	4.155400E+2	2.790104E+1	5.125420E+0	6.198500E-5	NaN	6.198500E-4	5.472529E-1	1.556330E+1
1.449635E+3	4.157800E+2	2.788494E+1	5.122964E+0	6.292900E-5	NaN	6.292900E-4	5.462008E-1	1.552353E+1
1.452798E+3	4.160200E+2	2.786885E+1	5.095784E+0	6.340000E-5	NaN	6.340000E-4	5.458770E-1	1.550461E+1
1.455834E+3	4.162600E+2	2.785278E+1	5.042626E+0	6.392900E-5	NaN	6.392900E-4	5.454628E-1	1.548314E+1
1.459032E+3	4.165300E+2	2.783473E+1	4.991166E+0	6.435400E-5	NaN	6.435400E-4	5.450255E-1	1.546104E+1
1.462092E+3	4.167900E+2	2.781737E+1	4.953901E+0	6.507700E-5	NaN	6.507700E-4	5.443497E-1	1.543206E+1
1.465127E+3	4.170600E+2	2.779936E+1	4.931498E+0	6.535000E-5	NaN	6.535000E-4	5.438992E-1	1.540947E+1
1.468214E+3	4.173200E+2	2.778204E+1	4.909174E+0	6.676600E-5	NaN	6.676600E-4	5.427071E-1	1.536598E+1
1.471268E+3	4.175900E+2	2.776407E+1	4.886396E+0	6.750200E-5	NaN	6.750200E-4	5.426929E-1	1.535602E+1
1.474497E+3	4.179600E+2	2.773950E+1	4.884757E+0	6.819100E-5	NaN	6.819100E-4	5.427596E-1	1.534837E+1
1.477814E+3	4.182200E+2	2.772225E+1	5.015646E+0	6.841800E-5	NaN	6.841800E-4	5.425101E-1	1.533147E+1
1.480992E+3	4.184800E+2	2.770503E+1	5.109160E+0	6.915700E-5	NaN	6.915700E-4	5.416993E-1	1.529864E+1
1.483938E+3	4.187500E+2	2.768716E+1	5.188033E+0	6.947400E-5	NaN	6.947400E-4	5.410006E-1	1.526906E+1
1.487088E+3	4.190100E+2	2.766998E+1	5.264889E+0	6.999200E-5	NaN	6.999200E-4	5.398062E-1	1.522546E+1
1.490101E+3	4.192500E+2	2.765414E+1	5.309409E+0	7.048900E-5	NaN	7.048900E-4	5.384652E-1	1.517779E+1
1.493173E+3	4.194900E+2	2.763832E+1	5.310827E+0	7.105700E-5	NaN	7.105700E-4	5.369057E-1	1.512413E+1
1.496290E+3	4.197200E+2	2.762318E+1	5.273495E+0	7.165200E-5	NaN	7.165200E-4	5.353315E-1	1.507021E+1
1.499481E+3	4.199600E+2	2.760739E+1	5.200978E+0	7.305100E-5	NaN	7.305100E-4	5.338655E-1	1.501949E+1
1.502660E+3	4.201800E+2	2.759294E+1	5.101927E+0	7.319300E-5	NaN	7.319300E-4	5.333569E-1	1.499608E+1
1.505706E+3	4.204300E+2	2.757653E+1	4.976974E+0	7.420400E-5	NaN	7.420400E-4	5.323779E-1	1.495946E+1
1.508759E+3	4.206700E+2	2.756080E+1	4.852302E+0	7.473500E-5	NaN	7.473500E-4	5.318684E-1	1.493616E+1
1.511791E+3	4.209100E+2	2.754508E+1	4.730830E+0	7.535800E-5	NaN	7.535800E-4	5.312304E-1	1.490930E+1
1.514835E+3	4.211600E+2	2.752873E+1	4.694951E+0	7.563200E-5	NaN	7.563200E-4	5.306292E-1	1.488351E+1
1.517957E+3	4.214900E+2	2.750718E+1	4.664024E+0	7.605000E-5	NaN	7.605000E-4	5.295109E-1	1.484318E+1
1.521136E+3	4.217400E+2	2.749087E+1	4.701210E+0	7.631800E-5	NaN	7.631800E-4	5.278352E-1	1.478699E+1
1.524230E+3	4.220000E+2	2.747393E+1	4.758219E+0	7.704200E-5	NaN	7.704200E-4	5.256301E-1	1.471605E+1
1.527369E+3	4.222500E+2	2.745767E+1	4.829519E+0	7.782800E-5	NaN	7.782800E-4	5.235048E-1	1.464741E+1
1.530461E+3	4.225100E+2	2.744077E+1	4.896659E+0	7.862900E-5	NaN	7.862900E-4	5.215574E-1	1.458390E+1
1.533471E+3	4.227900E+2	2.742260E+1	4.965815E+0	7.971000E-5	NaN	7.971000E-4	5.197309E-1	1.452387E+1
1.536626E+3	4.230500E+2	2.740574E+1	5.042384E+0	7.972700E-5	NaN	7.972700E-4	5.183040E-1	1.447512E+1
1.539480E+3	4.233000E+2	2.738956E+1	5.097610E+0	8.088600E-5	NaN	8.088600E-4	5.160201E-1	1.440244E+1
1.542556E+3	4.235500E+2	2.737339E+1	5.123056E+0	8.206400E-5	NaN	8.206400E-4	5.143214E-1	1.434635E+1
1.545575E+3	4.238000E+2	2.735724E+1	5.133622E+0	8.240900E-5	NaN	8.240900E-4	5.139799E-1	1.432816E+1
1.548589E+3	4.240400E+2	2.734176E+1	5.123774E+0	8.271900E-5	NaN	8.271900E-4	5.135144E-1	1.430653E+1
1.551603E+3	4.242900E+2	2.732565E+1	5.085818E+0	8.348900E-5	NaN	8.348900E-4	5.129241E-1	1.428142E+1
1.554706E+3	4.245300E+2	2.731020E+1	5.034362E+0	8.464100E-5	NaN	8.464100E-4	5.123179E-1	1.425597E+1
1.557832E+3	4.247900E+2	2.729349E+1	5.022324E+0	8.515600E-5	NaN	8.515600E-4	5.126406E-1	1.425645E+1
1.561023E+3	4.250300E+2	2.727807E+1	4.999239E+0	8.589000E-5	NaN	8.589000E-4	5.130061E-1	1.425802E+1
1.564265E+3	4.252700E+2	2.726268E+1	4.959302E+0	8.665400E-5	NaN	8.665400E-4	5.130442E-1	1.425060E+1
1.567361E+3	4.255200E+2	2.724666E+1	4.891383E+0	8.729900E-5	NaN	8.729900E-4	5.132735E-1	1.424848E+1
1.570395E+3	4.257700E+2	2.723066E+1	4.828310E+0	8.802100E-5	NaN	8.802100E-4	5.137242E-1	1.425241E+1
1.573488E+3	4.260200E+2	2.721468E+1	4.798187E+0	8.880500E-5	NaN	8.880500E-4	5.140116E-1	1.425180E+1
1.576552E+3	4.262800E+2	2.719809E+1	4.773669E+0	8.964200E-5	NaN	8.964200E-4	5.138855E-1	1.423978E+1
1.579522E+3	4.266400E+2	2.717514E+1	4.776134E+0	9.044200E-5	NaN	9.044200E-4	5.143995E-1	1.424535E+1
1.582698E+3	4.269400E+2	2.715604E+1	4.870126E+0	9.130400E-5	NaN	9.130400E-4	5.142140E-1	1.423145E+1
1.585744E+3	4.272100E+2	2.713888E+1	4.987984E+0	9.208600E-5	NaN	9.208600E-4	5.142518E-1	1.422357E+1
1.588966E+3	4.274600E+2	2.712301E+1	5.101889E+0	9.301100E-5	NaN	9.301100E-4	5.139929E-1	1.420747E+1
1.592038E+3	4.277200E+2	2.710652E+1	5.192106E+0	9.370800E-5	NaN	9.370800E-4	5.140279E-1	1.419954E+1
1.595210E+3	4.279800E+2	2.709005E+1	5.261734E+0	9.397100E-5	NaN	9.397100E-4	5.137663E-1	1.418342E+1
1.598294E+3	4.282400E+2	2.707360E+1	5.316910E+0	9.492200E-5	NaN	9.492200E-4	5.129973E-1	1.415326E+1
1.601288E+3	4.284800E+2	2.705844E+1	5.340692E+0	9.551200E-5	NaN	9.551200E-4	5.123794E-1	1.412732E+1
1.604249E+3	4.287400E+2	2.704203E+1	5.316370E+0	9.643600E-5	NaN	9.643600E-4	5.119311E-1	1.410607E+1
1.607383E+3	4.289700E+2	2.702753E+1	5.278688E+0	9.688800E-5	NaN	9.688800E-4	5.115099E-1	1.408561E+1
1.610354E+3	4.292000E+2	2.701305E+1	5.195311E+0	9.678000E-5	NaN	9.678000E-4	5.109369E-1	1.406101E+1
1.613537E+3	4.294300E+2	2.699858E+1	5.076220E+0	9.748500E-5	NaN	9.748500E-4	5.094079E-1	1.401011E+1
1.616432E+3	4.296700E+2	2.698350E+1	4.919319E+0	9.815300E-5	NaN	9.815300E-4	5.080118E-1	1.396296E+1
1.619581E+3	4.299000E+2	2.696906E+1	4.850807E+0	9.884500E-5	NaN	9.884500E-4	5.065182E-1	1.391322E+1
1.622717E+3	4.301400E+2	2.695401E+1	4.795562E+0	9.964200E-5	NaN	9.964200E-4	5.051334E-1	1.386661E+1
1.625818E+3	4.303800E+2	2.693898E+1	4.753948E+0	1.002940E-4	NaN	1.002940E-3	5.034435E-1	1.381196E+1
1.628855E+3	4.306400E+2	2.692272E+1	4.703237E+0	1.010260E-4	NaN	1.010260E-3	5.017700E-1	1.375780E+1
1.632003E+3	4.309800E+2	2.690148E+1	4.682082E+0	1.018250E-4	NaN	1.018250E-3	4.999401E-1	1.369940E+1
1.635205E+3	4.312400E+2	2.688526E+1	4.737238E+0	1.026610E-4	NaN	1.026610E-3	4.976227E-1	1.362753E+1
1.638379E+3	4.314900E+2	2.686968E+1	4.799042E+0	1.034780E-4	NaN	1.034780E-3	4.960443E-1	1.357583E+1
1.641380E+3	4.317500E+2	2.685350E+1	4.851106E+0	1.042680E-4	NaN	1.042680E-3	4.944441E-1	1.352361E+1
1.644547E+3	4.320100E+2	2.683734E+1	4.932005E+0	1.051470E-4	NaN	1.051470E-3	4.928465E-1	1.347148E+1
1.647778E+3	4.322700E+2	2.682120E+1	4.993571E+0	1.060170E-4	NaN	1.060170E-3	4.910548E-1	1.341419E+1
1.650888E+3	4.325300E+2	2.680508E+1	5.040341E+0	1.068660E-4	NaN	1.068660E-3	4.895585E-1	1.336502E+1
1.653901E+3	4.327800E+2	2.678959E+1	5.063050E+0	1.076790E-4	NaN	1.076790E-3	4.875743E-1	1.330272E+1
1.656973E+3	4.330500E+2	2.677289E+1	5.086137E+0	1.085150E-4	NaN	1.085150E-3	4.869310E-1	1.327687E+1
1.660030E+3	4.333000E+2	2.675744E+1	5.092988E+0	1.093380E-4	NaN	1.093380E-3	4.864962E-1	1.325668E+1
1.663188E+3	4.335400E+2	2.674263E+1	5.073242E+0	1.101750E-4	NaN	1.101750E-3	4.858998E-1	1.323243E+1
1.666226E+3	4.337800E+2	2.672783E+1	5.013332E+0	1.109890E-4	NaN	1.109890E-3	4.848371E-1	1.319566E+1
1.669335E+3	4.341000E+2	2.670813E+1	4.943040E+0	1.118030E-4	NaN	1.118030E-3	4.840357E-1	1.316608E+1
1.672474E+3	4.343400E+2	2.669337E+1	4.982722E+0	1.126300E-4	NaN	1.126300E-3	4.825859E-1	1.311886E+1
1.675761E+3	4.345800E+2	2.667863E+1	4.999340E+0	1.135040E-4	NaN	1.135040E-3	4.810611E-1	1.306977E+1
1.678864E+3	4.348400E+2	2.666268E+1	4.978574E+0	1.143370E-4	NaN	1.143370E-3	4.795204E-1	1.302035E+1
1.681981E+3	4.350800E+2	2.664797E+1	4.971089E+0	1.151480E-4	NaN	1.151480E-3	4.779577E-1	1.297038E+1
1.685173E+3	4.353400E+2	2.663206E+1	4.950025E+0	1.160480E-4	NaN	1.160480E-3	4.764749E-1	1.292264E+1
1.688230E+3	4.356000E+2	2.661616E+1	4.923397E+0	1.169160E-4	NaN	1.169160E-3	4.762111E-1	1.290778E+1
1.691424E+3	4.358700E+2	2.659967E+1	4.907832E+0	1.178750E-4	NaN	1.178750E-3	4.754183E-1	1.287861E+1
1.694559E+3	4.361400E+2	2.658321E+1	4.899767E+0	1.188470E-4	NaN	1.188470E-3	4.752668E-1	1.286672E+1
1.697628E+3	4.364200E+2	2.656615E+1	4.915066E+0	1.197750E-4	NaN	1.197750E-3	4.751213E-1	1.285495E+1
1.700502E+3	4.367900E+2	2.654365E+1	4.949391E+0	1.206850E-4	NaN	1.206850E-3	4.750331E-1	1.284465E+1
1.703730E+3	4.369900E+2	2.653150E+1	5.059868E+0	1.217040E-4	NaN	1.217040E-3	4.741891E-1	1.281372E+1
1.706549E+3	4.373400E+2	2.651027E+1	5.091094E+0	1.225840E-4	NaN	1.225840E-3	4.731204E-1	1.277719E+1
1.709781E+3	4.375900E+2	2.649512E+1	5.249801E+0	1.235730E-4	NaN	1.235730E-3	4.712858E-1	1.271989E+1
1.712934E+3	4.378400E+2	2.647999E+1	5.359203E+0	1.245160E-4	NaN	1.245160E-3	4.696583E-1	1.266832E+1
1.716024E+3	4.380700E+2	2.646609E+1	5.408958E+0	1.254140E-4	NaN	1.254140E-3	4.683018E-1	1.262413E+1
1.719062E+3	4.383000E+2	2.645220E+1	5.417399E+0	1.262680E-4	NaN	1.262680E-3	4.672179E-1	1.258742E+1
1.722229E+3	4.385300E+2	2.643833E+1	5.372820E+0	1.271400E-4	NaN	1.271400E-3	4.666707E-1	1.256524E+1
1.725286E+3	4.387600E+2	2.642447E+1	5.278190E+0	1.279830E-4	NaN	1.279830E-3	4.653339E-1	1.252207E+1
1.728381E+3	4.390100E+2	2.640942E+1	5.156073E+0	1.288090E-4	NaN	1.288090E-3	4.646795E-1	1.249725E+1
1.731360E+3	4.392400E+2	2.639559E+1	5.021909E+0	1.296240E-4	NaN	1.296240E-3	4.646642E-1	1.248952E+1
1.734530E+3	4.394800E+2	2.638118E+1	4.874872E+0	1.305230E-4	NaN	1.305230E-3	4.642764E-1	1.247189E+1
1.737562E+3	4.397200E+2	2.636678E+1	4.727476E+0	1.313900E-4	NaN	1.313900E-3	4.635206E-1	1.244447E+1
1.740821E+3	4.399700E+2	2.635180E+1	4.686085E+0	1.323380E-4	NaN	1.323380E-3	4.629088E-1	1.242094E+1
1.743791E+3	4.402200E+2	2.633683E+1	4.591324E+0	1.332200E-4	NaN	1.332200E-3	4.629851E-1	1.241576E+1
1.746877E+3	4.404800E+2	2.632129E+1	4.612231E+0	1.341710E-4	NaN	1.341710E-3	4.628426E-1	1.240475E+1
1.749946E+3	4.408300E+2	2.630039E+1	4.649296E+0	1.351560E-4	NaN	1.351560E-3	4.628300E-1	1.239716E+1
1.753228E+3	4.411100E+2	2.628369E+1	4.773053E+0	1.362010E-4	NaN	1.362010E-3	4.627548E-1	1.238763E+1
1.756278E+3	4.413700E+2	2.626821E+1	4.891196E+0	1.372120E-4	NaN	1.372120E-3	4.626799E-1	1.237805E+1
1.759422E+3	4.416300E+2	2.625275E+1	5.000588E+0	1.382420E-4	NaN	1.382420E-3	4.627217E-1	1.237157E+1
1.762438E+3	4.418900E+2	2.623730E+1	5.082257E+0	1.392300E-4	NaN	1.392300E-3	4.629625E-1	1.237036E+1
1.765666E+3	4.421400E+2	2.622246E+1	5.148337E+0	1.402820E-4	NaN	1.402820E-3	4.633964E-1	1.237428E+1
1.768749E+3	4.423800E+2	2.620824E+1	5.188279E+0	1.412990E-4	NaN	1.412990E-3	4.637210E-1	1.237553E+1
1.771926E+3	4.426200E+2	2.619403E+1	5.197236E+0	1.422760E-4	NaN	1.422760E-3	4.641861E-1	1.238064E+1
1.774816E+3	4.428800E+2	2.617865E+1	5.162919E+0	1.431700E-4	NaN	1.431700E-3	4.647527E-1	1.238850E+1
1.777908E+3	4.431200E+2	2.616447E+1	5.129639E+0	1.441470E-4	NaN	1.441470E-3	4.655252E-1	1.240177E+1
1.780925E+3	4.433500E+2	2.615090E+1	5.056691E+0	1.451080E-4	NaN	1.451080E-3	4.663257E-1	1.241581E+1
1.783923E+3	4.435900E+2	2.613675E+1	4.961600E+0	1.460360E-4	NaN	1.460360E-3	4.666672E-1	1.241775E+1
1.786855E+3	4.438300E+2	2.612261E+1	4.855589E+0	1.469170E-4	NaN	1.469170E-3	4.672561E-1	1.242627E+1
1.789898E+3	4.440700E+2	2.610850E+1	4.825620E+0	1.478220E-4	NaN	1.478220E-3	4.677171E-1	1.243137E+1
1.793033E+3	4.443200E+2	2.609381E+1	4.801896E+0	1.488260E-4	NaN	1.488260E-3	4.683678E-1	1.244150E+1
1.796115E+3	4.445900E+2	2.607796E+1	4.788042E+0	1.498650E-4	NaN	1.498650E-3	4.688194E-1	1.244631E+1
1.799316E+3	4.448700E+2	2.606155E+1	4.798300E+0	1.509540E-4	NaN	1.509540E-3	4.683971E-1	1.242796E+1
1.802461E+3	4.451700E+2	2.604398E+1	4.840603E+0	1.521620E-4	NaN	1.521620E-3	4.679804E-1	1.240968E+1
1.805528E+3	4.455400E+2	2.602235E+1	4.908073E+0	1.532880E-4	NaN	1.532880E-3	4.675136E-1	1.238997E+1
1.808793E+3	4.458200E+2	2.600601E+1	5.051799E+0	1.545460E-4	NaN	1.545460E-3	4.667871E-1	1.236310E+1
1.811783E+3	4.460900E+2	2.599027E+1	5.164658E+0	1.556790E-4	NaN	1.556790E-3	4.662368E-1	1.234086E+1
1.814815E+3	4.463400E+2	2.597571E+1	5.290947E+0	1.567860E-4	NaN	1.567860E-3	4.656377E-1	1.231732E+1
1.817778E+3	4.465100E+2	2.596582E+1	5.380882E+0	1.578800E-4	NaN	1.578800E-3	4.650433E-1	1.229398E+1
1.820720E+3	4.467500E+2	2.595187E+1	5.376540E+0	1.588750E-4	NaN	1.588750E-3	4.644814E-1	1.227192E+1
1.823658E+3	4.470100E+2	2.593678E+1	5.349483E+0	1.598620E-4	NaN	1.598620E-3	4.639538E-1	1.225083E+1
1.826685E+3	4.472300E+2	2.592402E+1	5.318602E+0	1.609130E-4	NaN	1.609130E-3	4.634036E-1	1.222912E+1
1.829713E+3	4.474600E+2	2.591070E+1	5.235583E+0	1.618570E-4	NaN	1.618570E-3	4.629206E-1	1.220930E+1
1.832705E+3	4.476800E+2	2.589796E+1	5.110469E+0	1.628670E-4	NaN	1.628670E-3	4.624906E-1	1.219092E+1
1.835750E+3	4.479100E+2	2.588466E+1	4.960801E+0	1.637740E-4	NaN	1.637740E-3	4.621690E-1	1.217548E+1
1.838750E+3	4.481300E+2	2.587196E+1	4.797203E+0	1.649190E-4	NaN	1.649190E-3	4.618332E-1	1.215971E+1
1.841776E+3	4.483700E+2	2.585811E+1	4.643675E+0	1.656550E-4	NaN	1.656550E-3	4.616498E-1	1.214801E+1
1.844705E+3	4.486300E+2	2.584312E+1	4.594242E+0	1.667310E-4	NaN	1.667310E-3	4.612572E-1	1.213082E+1
1.847712E+3	4.488900E+2	2.582815E+1	4.592433E+0	1.677780E-4	NaN	1.677780E-3	4.608604E-1	1.211349E+1
1.850564E+3	4.491500E+2	2.581320E+1	4.642408E+0	1.687890E-4	NaN	1.687890E-3	4.604815E-1	1.209657E+1
1.853618E+3	4.494200E+2	2.579769E+1	4.733410E+0	1.699640E-4	NaN	1.699640E-3	4.600712E-1	1.207876E+1
1.856656E+3	4.496900E+2	2.578221E+1	4.790654E+0	1.711320E-4	NaN	1.711320E-3	4.594438E-1	1.205539E+1
1.859722E+3	4.499500E+2	2.576731E+1	4.867092E+0	1.723140E-4	NaN	1.723140E-3	4.588476E-1	1.203278E+1
1.862684E+3	4.502100E+2	2.575243E+1	4.968899E+0	1.735040E-4	NaN	1.735040E-3	4.583611E-1	1.201301E+1
1.865698E+3	4.504700E+2	2.573756E+1	5.060495E+0	1.746590E-4	NaN	1.746590E-3	4.578786E-1	1.199336E+1
1.868660E+3	4.507200E+2	2.572329E+1	5.141221E+0	1.757960E-4	NaN	1.757960E-3	4.574112E-1	1.197406E+1
1.871739E+3	4.509900E+2	2.570789E+1	5.196119E+0	1.769670E-4	NaN	1.769670E-3	4.569940E-1	1.195610E+1
1.874863E+3	4.512300E+2	2.569421E+1	5.233036E+0	1.781200E-4	NaN	1.781200E-3	4.565521E-1	1.193747E+1
1.877954E+3	4.514700E+2	2.568055E+1	5.215086E+0	1.792500E-4	NaN	1.792500E-3	4.562104E-1	1.192151E+1
1.880995E+3	4.517000E+2	2.566748E+1	5.160020E+0	1.803620E-4	NaN	1.803620E-3	4.559592E-1	1.190797E+1
1.884042E+3	4.519400E+2	2.565385E+1	5.090317E+0	1.814430E-4	NaN	1.814430E-3	4.557335E-1	1.189519E+1
1.887057E+3	4.521700E+2	2.564080E+1	5.012946E+0	1.825260E-4	NaN	1.825260E-3	4.551753E-1	1.187401E+1
1.890165E+3	4.524100E+2	2.562720E+1	4.936582E+0	1.836340E-4	NaN	1.836340E-3	4.549358E-1	1.186107E+1
1.893202E+3	4.526600E+2	2.561304E+1	4.862847E+0	1.847520E-4	NaN	1.847520E-3	4.544008E-1	1.184067E+1
1.896327E+3	4.529200E+2	2.559834E+1	4.809797E+0	1.859420E-4	NaN	1.859420E-3	4.539461E-1	1.182236E+1
1.899213E+3	4.531700E+2	2.558422E+1	4.771421E+0	1.870580E-4	NaN	1.870580E-3	4.535398E-1	1.180531E+1
1.902166E+3	4.534300E+2	2.556955E+1	4.761994E+0	1.882460E-4	NaN	1.882460E-3	4.531827E-1	1.178949E+1
1.904933E+3	4.537000E+2	2.555433E+1	4.781823E+0	1.893960E-4	NaN	1.893960E-3	4.528452E-1	1.177414E+1
1.908007E+3	4.539700E+2	2.553913E+1	4.843757E+0	1.907270E-4	NaN	1.907270E-3	4.524889E-1	1.175822E+1
1.911013E+3	4.542500E+2	2.552339E+1	4.936302E+0	1.920710E-4	NaN	1.920710E-3	4.521887E-1	1.174370E+1
1.914062E+3	4.545400E+2	2.550711E+1	5.040187E+0	1.933190E-4	NaN	1.933190E-3	4.518373E-1	1.172781E+1
1.917225E+3	4.548100E+2	2.549196E+1	5.155631E+0	1.947480E-4	NaN	1.947480E-3	4.513951E-1	1.170947E+1
1.920320E+3	4.550800E+2	2.547684E+1	5.246385E+0	1.961030E-4	NaN	1.961030E-3	4.510620E-1	1.169392E+1
1.923309E+3	4.553300E+2	2.546285E+1	5.320384E+0	1.974130E-4	NaN	1.974130E-3	4.507579E-1	1.167909E+1
1.926373E+3	4.555900E+2	2.544832E+1	5.359140E+0	1.987690E-4	NaN	1.987690E-3	4.505464E-1	1.166667E+1
1.929342E+3	4.558300E+2	2.543492E+1	5.363700E+0	2.000720E-4	NaN	2.000720E-3	4.503574E-1	1.165483E+1
1.932298E+3	4.560700E+2	2.542154E+1	5.337339E+0	2.012260E-4	NaN	2.012260E-3	4.502372E-1	1.164481E+1
1.935152E+3	4.563000E+2	2.540872E+1	5.284115E+0	2.023150E-4	NaN	2.023150E-3	4.498371E-1	1.162781E+1
1.938280E+3	4.565500E+2	2.539481E+1	5.214051E+0	2.035010E-4	NaN	2.035010E-3	4.494087E-1	1.161017E+1
1.941221E+3	4.567700E+2	2.538258E+1	5.129321E+0	2.046040E-4	NaN	2.046040E-3	4.489759E-1	1.159246E+1
1.944305E+3	4.570100E+2	2.536925E+1	5.045542E+0	2.057780E-4	NaN	2.057780E-3	4.485884E-1	1.157600E+1
1.947467E+3	4.572400E+2	2.535649E+1	4.953956E+0	2.069870E-4	NaN	2.069870E-3	4.481873E-1	1.155923E+1
1.950696E+3	4.574800E+2	2.534318E+1	4.860649E+0	2.082820E-4	NaN	2.082820E-3	4.478980E-1	1.154540E+1
1.953684E+3	4.577100E+2	2.533045E+1	4.784519E+0	2.094680E-4	NaN	2.094680E-3	4.477350E-1	1.153481E+1
1.956798E+3	4.579600E+2	2.531662E+1	4.716538E+0	2.106300E-4	NaN	2.106300E-3	4.476286E-1	1.152570E+1
1.959715E+3	4.582100E+2	2.530281E+1	4.672669E+0	2.118700E-4	NaN	2.118700E-3	4.473735E-1	1.151278E+1
1.962760E+3	4.584800E+2	2.528791E+1	4.656528E+0	2.132000E-4	NaN	2.132000E-3	4.471353E-1	1.150027E+1
1.965633E+3	4.587400E+2	2.527358E+1	4.678092E+0	2.144100E-4	NaN	2.144100E-3	4.469193E-1	1.148825E+1
1.968580E+3	4.590000E+2	2.525926E+1	4.726412E+0	2.156800E-4	NaN	2.156800E-3	4.466276E-1	1.147424E+1
1.971655E+3	4.592600E+2	2.524496E+1	4.794898E+0	2.171100E-4	NaN	2.171100E-3	4.462481E-1	1.145795E+1
1.974624E+3	4.595100E+2	2.523122E+1	4.872791E+0	2.184400E-4	NaN	2.184400E-3	4.458774E-1	1.144186E+1
1.977698E+3	4.597600E+2	2.521750E+1	4.955188E+0	2.198500E-4	NaN	2.198500E-3	4.455317E-1	1.142642E+1
1.980751E+3	4.600200E+2	2.520325E+1	5.021090E+0	2.212100E-4	NaN	2.212100E-3	4.452104E-1	1.141165E+1
1.983807E+3	4.602600E+2	2.519011E+1	5.083504E+0	2.225900E-4	NaN	2.225900E-3	4.448586E-1	1.139615E+1
1.986844E+3	4.605100E+2	2.517643E+1	5.107583E+0	2.239700E-4	NaN	2.239700E-3	4.445672E-1	1.138232E+1
1.989687E+3	4.607600E+2	2.516277E+1	5.103232E+0	2.252700E-4	NaN	2.252700E-3	4.440185E-1	1.136217E+1
1.992706E+3	4.610000E+2	2.514967E+1	5.089662E+0	2.265800E-4	NaN	2.265800E-3	4.435349E-1	1.134375E+1
1.995538E+3	4.612400E+2	2.513659E+1	5.051633E+0	2.278300E-4	NaN	2.278300E-3	4.430787E-1	1.132612E+1
1.998605E+3	4.614800E+2	2.512352E+1	5.016401E+0	2.291700E-4	NaN	2.291700E-3	4.426531E-1	1.130932E+1
2.001560E+3	4.617200E+2	2.511046E+1	4.977635E+0	2.305000E-4	NaN	2.305000E-3	4.425320E-1	1.130016E+1
2.004754E+3	4.619500E+2	2.509795E+1	4.950676E+0	2.319300E-4	NaN	2.319300E-3	4.424252E-1	1.129138E+1
2.007741E+3	4.621900E+2	2.508492E+1	4.910684E+0	2.332600E-4	NaN	2.332600E-3	4.423348E-1	1.128311E+1
2.010839E+3	4.624500E+2	2.507082E+1	4.876422E+0	2.346700E-4	NaN	2.346700E-3	4.423439E-1	1.127732E+1
2.013866E+3	4.626900E+2	2.505781E+1	4.856844E+0	2.360600E-4	NaN	2.360600E-3	4.423229E-1	1.127072E+1
2.016910E+3	4.629400E+2	2.504428E+1	4.833385E+0	2.374700E-4	NaN	2.374700E-3	4.423913E-1	1.126635E+1
2.019791E+3	4.631800E+2	2.503131E+1	4.824251E+0	2.388000E-4	NaN	2.388000E-3	4.424182E-1	1.126090E+1
2.022816E+3	4.634200E+2	2.501834E+1	4.814728E+0	2.402700E-4	NaN	2.402700E-3	4.425947E-1	1.125917E+1
2.025747E+3	4.636700E+2	2.500485E+1	4.804389E+0	2.416800E-4	NaN	2.416800E-3	4.426182E-1	1.125357E+1
2.028760E+3	4.639200E+2	2.499138E+1	4.821500E+0	2.431400E-4	NaN	2.431400E-3	4.426078E-1	1.124712E+1
2.031772E+3	4.641600E+2	2.497846E+1	4.840591E+0	2.445800E-4	NaN	2.445800E-3	4.425578E-1	1.123967E+1
2.034778E+3	4.644200E+2	2.496447E+1	4.866486E+0	2.460300E-4	NaN	2.460300E-3	4.424504E-1	1.123080E+1
2.037777E+3	4.646600E+2	2.495158E+1	4.899618E+0	2.474500E-4	NaN	2.474500E-3	4.423139E-1	1.122120E+1
2.040813E+3	4.649000E+2	2.493870E+1	4.930168E+0	2.489100E-4	NaN	2.489100E-3	4.421772E-1	1.121165E+1
2.043830E+3	4.650500E+2	2.493065E+1	4.928725E+0	2.503300E-4	NaN	2.503300E-3	4.420927E-1	1.120344E+1
2.046794E+3	4.652900E+2	2.491779E+1	4.848413E+0	2.517000E-4	NaN	2.517000E-3	4.422853E-1	1.120245E+1
2.049780E+3	4.655200E+2	2.490548E+1	4.785338E+0	2.531300E-4	NaN	2.531300E-3	4.424479E-1	1.120070E+1
2.052780E+3	4.657500E+2	2.489318E+1	4.718728E+0	2.545100E-4	NaN	2.545100E-3	4.426475E-1	1.119990E+1
2.055686E+3	4.659900E+2	2.488036E+1	4.656726E+0	2.559000E-4	NaN	2.559000E-3	4.428147E-1	1.119832E+1
2.058691E+3	4.662100E+2	2.486862E+1	4.616957E+0	2.573000E-4	NaN	2.573000E-3	4.430013E-1	1.119720E+1
2.061561E+3	4.664400E+2	2.485636E+1	4.568380E+0	2.586100E-4	NaN	2.586100E-3	4.432459E-1	1.119754E+1
2.064626E+3	4.666800E+2	2.484358E+1	4.544515E+0	2.600000E-4	NaN	2.600000E-3	4.434941E-1	1.119793E+1
2.067537E+3	4.669000E+2	2.483187E+1	4.538542E+0	2.613400E-4	NaN	2.613400E-3	4.436972E-1	1.119714E+1
2.070537E+3	4.671200E+2	2.482017E+1	4.536910E+0	2.627100E-4	NaN	2.627100E-3	4.439161E-1	1.119672E+1
2.073635E+3	4.673400E+2	2.480849E+1	4.555124E+0	2.640800E-4	NaN	2.640800E-3	4.441443E-1	1.119652E+1
2.076731E+3	4.675500E+2	2.479735E+1	4.574973E+0	2.654600E-4	NaN	2.654600E-3	4.443495E-1	1.119575E+1
2.079686E+3	4.677700E+2	2.478569E+1	4.589614E+0	2.667500E-4	NaN	2.667500E-3	4.445739E-1	1.119549E+1
2.082556E+3	4.679800E+2	2.477456E+1	4.539643E+0	2.680600E-4	NaN	2.680600E-3	4.447223E-1	1.119332E+1
2.085362E+3	4.682100E+2	2.476239E+1	4.497864E+0	2.692700E-4	NaN	2.692700E-3	4.448421E-1	1.119047E+1
2.088420E+3	4.684100E+2	2.475182E+1	4.475545E+0	2.706000E-4	NaN	2.706000E-3	4.447649E-1	1.118267E+1
2.091538E+3	4.686200E+2	2.474073E+1	4.432210E+0	2.719800E-4	NaN	2.719800E-3	4.447479E-1	1.117646E+1
2.094621E+3	4.688200E+2	2.473017E+1	4.392268E+0	2.732900E-4	NaN	2.732900E-3	4.447533E-1	1.117088E+1
2.097675E+3	4.690200E+2	2.471963E+1	4.331848E+0	2.745800E-4	NaN	2.745800E-3	4.446706E-1	1.116321E+1
2.100709E+3	4.692200E+2	2.470909E+1	4.274186E+0	2.758600E-4	NaN	2.758600E-3	4.446711E-1	1.115769E+1
2.103835E+3	4.694200E+2	2.469856E+1	4.223113E+0	2.771900E-4	NaN	2.771900E-3	4.446949E-1	1.115282E+1
2.106817E+3	4.696200E+2	2.468805E+1	4.170388E+0	2.784800E-4	NaN	2.784800E-3	4.447943E-1	1.114988E+1
2.109836E+3	4.698200E+2	2.467754E+1	4.123315E+0	2.797500E-4	NaN	2.797500E-3	4.449445E-1	1.114824E+1
2.112925E+3	4.700200E+2	2.466704E+1	4.076451E+0	2.810200E-4	NaN	2.810200E-3	4.451642E-1	1.114835E+1
2.115904E+3	4.700200E+2	2.466704E+1	4.019723E+0	2.822600E-4	NaN	2.822600E-3	4.453496E-1	1.114761E+1
