6/17/2024
5:26 PM
fast cooling at 455K at 20k per minute_2024.06.17_COND_FILE END.txt

Data taken by: Akshat Sharma
ammeter is Keithley 6517A at GPIB0::27::INSTR
voltage source is Keithley 6517A at GPIB0::27::INSTR
temperature controller is Lake Shore 330 at GPIB0::12::INSTR with the settings: control sensor=A;sample sensor=;loop=1
Readings: 1
Voltage (V): 100
Geo Factor: 1000
Ea Window (pts): 5
Shut off V when done?: TRUE
Mconnect?: TRUE
Use Abs(Cond)?: TRUE
Rate (K/min): 20
Heater: Off
DESCRIPTION
********************
Time (s)	Temperature (K)	1/kT (1/eV)	Rate (K/min)	Current (A)	Current Std Dev/Mean	Conductivity (Ohm-cm)^-1	Ea (eV)	Reduced Ea	
1.675000E+0	4.549400E+2	2.548468E+1	NaN	1.666380E-4	NaN	1.666380E-3	NaN	NaN
7.839000E+0	4.545100E+2	2.550879E+1	-2.419355E+0	1.655140E-4	NaN	1.655140E-3	NaN	NaN
1.053600E+1	4.542600E+2	2.552283E+1	-4.102111E+0	1.641550E-4	NaN	1.641550E-3	NaN	NaN
1.337200E+1	4.537800E+2	2.554983E+1	-6.012108E+0	1.622550E-4	NaN	1.622550E-3	NaN	NaN
1.640500E+1	4.532200E+2	2.558140E+1	-7.935356E+0	1.598270E-4	NaN	1.598270E-3	NaN	NaN
1.919800E+1	4.525200E+2	2.562097E+1	-1.063729E+1	1.572690E-4	NaN	1.572690E-3	NaN	NaN
2.199800E+1	4.518100E+2	2.566123E+1	-1.294919E+1	1.545200E-4	NaN	1.545200E-3	NaN	NaN
2.506100E+1	4.510600E+2	2.570390E+1	-1.512609E+1	1.512240E-4	NaN	1.512240E-3	4.371009E-1	1.117653E+1
2.782900E+1	4.505200E+2	2.573471E+1	-1.493726E+1	1.481170E-4	NaN	1.481170E-3	4.449119E-1	1.138472E+1
3.065000E+1	4.494200E+2	2.579769E+1	-1.329898E+1	1.448660E-4	NaN	1.448660E-3	4.622093E-1	1.183406E+1
3.378900E+1	4.488500E+2	2.583046E+1	-1.762449E+1	1.411440E-4	NaN	1.411440E-3	4.591253E-1	1.176686E+1
3.668300E+1	4.479800E+2	2.588062E+1	-1.670134E+1	1.376950E-4	NaN	1.376950E-3	4.718933E-1	1.210246E+1
3.942600E+1	4.470900E+2	2.593214E+1	-1.427300E+1	1.343760E-4	NaN	1.343760E-3	4.799544E-1	1.231917E+1
4.218100E+1	4.461300E+2	2.598794E+1	-1.872699E+1	1.310360E-4	NaN	1.310360E-3	4.841827E-1	1.243872E+1
4.506900E+1	4.452200E+2	2.604106E+1	-2.018968E+1	1.276120E-4	NaN	1.276120E-3	4.852456E-1	1.247814E+1
4.792000E+1	4.446300E+2	2.607561E+1	-1.987518E+1	1.242200E-4	NaN	1.242200E-3	4.889066E-1	1.258887E+1
5.071700E+1	4.437100E+2	2.612968E+1	-1.568915E+1	1.209440E-4	NaN	1.209440E-3	4.976494E-1	1.282963E+1
5.341800E+1	4.427800E+2	2.618456E+1	-1.602942E+1	1.178520E-4	NaN	1.178520E-3	5.034132E-1	1.299615E+1
5.647400E+1	4.418500E+2	2.623967E+1	-2.018647E+1	1.144610E-4	NaN	1.144610E-3	5.082490E-1	1.314213E+1
5.933300E+1	4.409200E+2	2.629502E+1	-1.936056E+1	1.112590E-4	NaN	1.112590E-3	5.126363E-1	1.327850E+1
6.221600E+1	4.399900E+2	2.635060E+1	-1.886031E+1	1.081430E-4	NaN	1.081430E-3	5.165007E-1	1.340316E+1
6.520800E+1	4.390000E+2	2.641002E+1	-1.943562E+1	1.049440E-4	NaN	1.049440E-3	5.180945E-1	1.346952E+1
6.812900E+1	4.380700E+2	2.646609E+1	-1.961005E+1	1.019580E-4	NaN	1.019580E-3	5.177406E-1	1.348613E+1
7.120000E+1	4.374500E+2	2.650360E+1	-1.948400E+1	9.883800E-5	NaN	9.883800E-4	5.171094E-1	1.349555E+1
7.400900E+1	4.365200E+2	2.656007E+1	-1.549156E+1	9.606700E-5	NaN	9.606700E-4	5.247282E-1	1.372032E+1
7.673300E+1	4.356000E+2	2.661616E+1	-1.575891E+1	9.343200E-5	NaN	9.343200E-4	5.258669E-1	1.377420E+1
7.967500E+1	4.346700E+2	2.667311E+1	-2.006043E+1	9.067000E-5	NaN	9.067000E-4	5.301271E-1	1.391341E+1
8.248100E+1	4.337500E+2	2.672968E+1	-1.958224E+1	8.810000E-5	NaN	8.810000E-4	5.335286E-1	1.403109E+1
8.542500E+1	4.331400E+2	2.676733E+1	-1.930828E+1	8.548100E-5	NaN	8.548100E-4	5.348939E-1	1.409568E+1
8.811900E+1	4.322200E+2	2.682430E+1	-1.593628E+1	8.316900E-5	NaN	8.316900E-4	5.386825E-1	1.422078E+1
9.104300E+1	4.312500E+2	2.688464E+1	-1.622298E+1	8.068600E-5	NaN	8.068600E-4	5.394050E-1	1.426565E+1
9.385800E+1	4.303500E+2	2.694086E+1	-2.018113E+1	7.837900E-5	NaN	7.837900E-4	5.431705E-1	1.439560E+1
9.651400E+1	4.294400E+2	2.699795E+1	-1.955273E+1	7.625400E-5	NaN	7.625400E-4	5.453390E-1	1.448409E+1
9.938100E+1	4.288400E+2	2.703572E+1	-1.984347E+1	7.402000E-5	NaN	7.402000E-4	5.441666E-1	1.448424E+1
1.022060E+2	4.279400E+2	2.709258E+1	-1.635329E+1	7.189100E-5	NaN	7.189100E-4	5.473622E-1	1.459789E+1
1.050160E+2	4.270400E+2	2.714968E+1	-1.580360E+1	6.982300E-5	NaN	6.982300E-4	5.486584E-1	1.466180E+1
1.079670E+2	4.261400E+2	2.720702E+1	-1.916588E+1	6.772100E-5	NaN	6.772100E-4	5.478770E-1	1.467058E+1
1.108660E+2	4.252000E+2	2.726717E+1	-1.874300E+1	6.568200E-5	NaN	6.568200E-4	5.453868E-1	1.463269E+1
1.137470E+2	4.243000E+2	2.732501E+1	-1.887008E+1	6.375000E-5	NaN	6.375000E-4	5.408209E-1	1.453857E+1
1.165090E+2	4.237100E+2	2.736305E+1	-1.910072E+1	6.196600E-5	NaN	6.196600E-4	5.408402E-1	1.457049E+1
1.194290E+2	4.228200E+2	2.742065E+1	-1.586345E+1	6.010100E-5	NaN	6.010100E-4	5.437383E-1	1.467689E+1
1.221230E+2	4.219500E+2	2.747719E+1	-1.565363E+1	5.846100E-5	NaN	5.846100E-4	5.447745E-1	1.473352E+1
1.251350E+2	4.210700E+2	2.753461E+1	-1.880283E+1	5.666300E-5	NaN	5.666300E-4	5.436415E-1	1.473141E+1
1.278990E+2	4.202000E+2	2.759162E+1	-1.838460E+1	5.507200E-5	NaN	5.507200E-4	5.414087E-1	1.469884E+1
1.307480E+2	4.196200E+2	2.762976E+1	-1.816899E+1	5.346600E-5	NaN	5.346600E-4	5.428406E-1	1.476907E+1
1.335400E+2	4.187100E+2	2.768981E+1	-1.548290E+1	5.194100E-5	NaN	5.194100E-4	5.469830E-1	1.491036E+1
1.364540E+2	4.178500E+2	2.774680E+1	-1.583589E+1	5.042400E-5	NaN	5.042400E-4	5.478914E-1	1.496416E+1
1.392630E+2	4.170100E+2	2.780269E+1	-1.860541E+1	4.898200E-5	NaN	4.898200E-4	5.471678E-1	1.497343E+1
1.420730E+2	4.161700E+2	2.785881E+1	-1.782210E+1	4.759300E-5	NaN	4.759300E-4	5.437960E-1	1.490933E+1
1.449720E+2	4.153200E+2	2.791582E+1	-1.793913E+1	4.620500E-5	NaN	4.620500E-4	5.441145E-1	1.494944E+1
1.479060E+2	4.144900E+2	2.797172E+1	-1.776054E+1	4.483900E-5	NaN	4.483900E-4	5.432278E-1	1.495653E+1
1.508210E+2	4.139400E+2	2.800889E+1	-1.728037E+1	4.351000E-5	NaN	4.351000E-4	5.415370E-1	1.494092E+1
1.536120E+2	4.131300E+2	2.806381E+1	-1.415933E+1	4.228900E-5	NaN	4.228900E-4	5.442989E-1	1.504492E+1
1.563400E+2	4.123000E+2	2.812030E+1	-1.427868E+1	4.115400E-5	NaN	4.115400E-4	5.449322E-1	1.508976E+1
1.592640E+2	4.114400E+2	2.817908E+1	-1.782772E+1	3.993700E-5	NaN	3.993700E-4	5.426927E-1	1.505478E+1
1.620360E+2	4.106400E+2	2.823398E+1	-1.793704E+1	3.885000E-5	NaN	3.885000E-4	5.432447E-1	1.510071E+1
1.652530E+2	4.098400E+2	2.828909E+1	-1.748743E+1	3.761000E-5	NaN	3.761000E-4	5.426252E-1	1.511392E+1
1.682090E+2	4.090400E+2	2.834442E+1	-1.599994E+1	3.651400E-5	NaN	3.651400E-4	5.419145E-1	1.512386E+1
1.710680E+2	4.085100E+2	2.838119E+1	-1.554233E+1	3.547800E-5	NaN	3.547800E-4	5.410136E-1	1.512790E+1
1.739590E+2	4.077200E+2	2.843618E+1	-1.373735E+1	3.447900E-5	NaN	3.447900E-4	5.428022E-1	1.520366E+1
1.766130E+2	4.069400E+2	2.849069E+1	-1.377880E+1	3.358000E-5	NaN	3.358000E-4	5.481435E-1	1.538312E+1
1.795020E+2	4.061600E+2	2.854540E+1	-1.697948E+1	3.261500E-5	NaN	3.261500E-4	5.500293E-1	1.546597E+1
1.824650E+2	4.053400E+2	2.860315E+1	-1.687605E+1	3.168100E-5	NaN	3.168100E-4	5.508496E-1	1.551909E+1
1.852310E+2	4.045700E+2	2.865759E+1	-1.640550E+1	3.083200E-5	NaN	3.083200E-4	5.496643E-1	1.551617E+1
1.882930E+2	4.038100E+2	2.871152E+1	-1.665156E+1	2.991700E-5	NaN	2.991700E-4	5.463277E-1	1.545184E+1
1.912300E+2	4.030500E+2	2.876566E+1	-1.573627E+1	2.905300E-5	NaN	2.905300E-4	5.426826E-1	1.537735E+1
1.941710E+2	4.023000E+2	2.881929E+1	-1.520033E+1	2.824800E-5	NaN	2.824800E-4	5.387384E-1	1.529308E+1
1.971640E+2	4.018000E+2	2.885515E+1	-1.541338E+1	2.743200E-5	NaN	2.743200E-4	5.393464E-1	1.534065E+1
2.000510E+2	4.010600E+2	2.890839E+1	-1.263132E+1	2.666400E-5	NaN	2.666400E-4	5.442799E-1	1.550885E+1
2.028030E+2	4.003200E+2	2.896183E+1	-1.263698E+1	2.596900E-5	NaN	2.596900E-4	5.469978E-1	1.561449E+1
2.056240E+2	3.995400E+2	2.901837E+1	-1.574447E+1	2.527400E-5	NaN	2.527400E-4	5.470771E-1	1.564471E+1
2.084390E+2	3.990600E+2	2.905328E+1	-1.636556E+1	2.460200E-5	NaN	2.460200E-4	5.438766E-1	1.558136E+1
2.112210E+2	3.983400E+2	2.910579E+1	-1.341490E+1	2.395200E-5	NaN	2.395200E-4	5.454894E-1	1.565291E+1
2.139660E+2	3.976300E+2	2.915776E+1	-1.285883E+1	2.333900E-5	NaN	2.333900E-4	5.454438E-1	1.567703E+1
2.169560E+2	3.969300E+2	2.920918E+1	-1.552380E+1	2.268500E-5	NaN	2.268500E-4	5.487730E-1	1.580194E+1
2.198300E+2	3.962300E+2	2.926078E+1	-1.474107E+1	2.209000E-5	NaN	2.209000E-4	5.518942E-1	1.592163E+1
2.227480E+2	3.957700E+2	2.929479E+1	-1.432282E+1	2.148600E-5	NaN	2.148600E-4	5.525739E-1	1.597143E+1
2.253240E+2	3.950700E+2	2.934670E+1	-1.201005E+1	2.098300E-5	NaN	2.098300E-4	5.575278E-1	1.614255E+1
2.283130E+2	3.943400E+2	2.940102E+1	-1.259771E+1	2.040400E-5	NaN	2.040400E-4	5.582055E-1	1.619044E+1
2.310130E+2	3.936500E+2	2.945256E+1	-1.539752E+1	1.990990E-5	NaN	1.990990E-4	5.559795E-1	1.615444E+1
2.337840E+2	3.929700E+2	2.950352E+1	-1.497054E+1	1.939870E-5	NaN	1.939870E-4	5.517217E-1	1.605904E+1
2.367430E+2	3.923000E+2	2.955391E+1	-1.502336E+1	1.888230E-5	NaN	1.888230E-4	5.461980E-1	1.592560E+1
2.397310E+2	3.918600E+2	2.958710E+1	-1.412991E+1	1.837210E-5	NaN	1.837210E-4	5.397827E-1	1.576444E+1
2.425280E+2	3.912000E+2	2.963701E+1	-1.119506E+1	1.791280E-5	NaN	1.791280E-4	5.434189E-1	1.589652E+1
2.454650E+2	3.905500E+2	2.968634E+1	-1.137957E+1	1.744070E-5	NaN	1.744070E-4	5.457038E-1	1.598965E+1
2.484390E+2	3.899000E+2	2.973583E+1	-1.370413E+1	1.698750E-5	NaN	1.698750E-4	5.462673E-1	1.603213E+1
2.514670E+2	3.892200E+2	2.978778E+1	-1.319556E+1	1.653610E-5	NaN	1.653610E-4	5.441403E-1	1.599437E+1
2.543280E+2	3.885900E+2	2.983607E+1	-1.329611E+1	1.611650E-5	NaN	1.611650E-4	5.454960E-1	1.606207E+1
2.571210E+2	3.879600E+2	2.988452E+1	-1.334816E+1	1.572080E-5	NaN	1.572080E-4	5.456467E-1	1.609389E+1
2.600500E+2	3.873300E+2	2.993313E+1	-1.337042E+1	1.531810E-5	NaN	1.531810E-4	5.436943E-1	1.606302E+1
2.629690E+2	3.869600E+2	2.996175E+1	-1.320968E+1	1.492830E-5	NaN	1.492830E-4	5.417830E-1	1.603263E+1
2.656680E+2	3.863300E+2	3.001061E+1	-1.026143E+1	1.458180E-5	NaN	1.458180E-4	5.441768E-1	1.612593E+1
2.684000E+2	3.857200E+2	3.005807E+1	-1.063827E+1	1.423550E-5	NaN	1.423550E-4	5.499863E-1	1.632464E+1
2.713990E+2	3.851100E+2	3.010568E+1	-1.369852E+1	1.387830E-5	NaN	1.387830E-4	5.523430E-1	1.642146E+1
2.743110E+2	3.845000E+2	3.015345E+1	-1.276341E+1	1.352880E-5	NaN	1.352880E-4	5.533735E-1	1.647864E+1
2.772940E+2	3.838600E+2	3.020372E+1	-1.238280E+1	1.318690E-5	NaN	1.318690E-4	5.517670E-1	1.645682E+1
2.801820E+2	3.832700E+2	3.025022E+1	-1.272326E+1	1.286600E-5	NaN	1.286600E-4	5.477344E-1	1.636222E+1
2.831180E+2	3.826700E+2	3.029765E+1	-1.257192E+1	1.254640E-5	NaN	1.254640E-4	5.427699E-1	1.623843E+1
2.859790E+2	3.822800E+2	3.032855E+1	-1.225962E+1	1.225100E-5	NaN	1.225100E-4	5.427744E-1	1.626571E+1
2.887490E+2	3.817000E+2	3.037464E+1	-1.025548E+1	1.196430E-5	NaN	1.196430E-4	5.457362E-1	1.637914E+1
2.914870E+2	3.811200E+2	3.042086E+1	-1.032384E+1	1.169060E-5	NaN	1.169060E-4	5.476939E-1	1.646310E+1
2.942640E+2	3.805400E+2	3.046723E+1	-1.263602E+1	1.142680E-5	NaN	1.142680E-4	5.480276E-1	1.649861E+1
2.971470E+2	3.799700E+2	3.051294E+1	-1.261992E+1	1.115550E-5	NaN	1.115550E-4	5.460879E-1	1.646514E+1
3.000980E+2	3.795900E+2	3.054348E+1	-1.218873E+1	1.088690E-5	NaN	1.088690E-4	5.433167E-1	1.640603E+1
3.030030E+2	3.789800E+2	3.059264E+1	-9.762278E+0	1.062510E-5	NaN	1.062510E-4	5.438016E-1	1.644226E+1
3.059730E+2	3.784200E+2	3.063792E+1	-1.013706E+1	1.037260E-5	NaN	1.037260E-4	5.420585E-1	1.641145E+1
3.087890E+2	3.778700E+2	3.068251E+1	-1.194657E+1	1.013580E-5	NaN	1.013580E-4	5.460156E-1	1.655684E+1
3.115150E+2	3.773200E+2	3.072723E+1	-1.150875E+1	9.911200E-6	NaN	9.911200E-5	5.476440E-1	1.663190E+1
3.142890E+2	3.769500E+2	3.075739E+1	-1.190801E+1	9.693500E-6	NaN	9.693500E-5	5.471456E-1	1.664258E+1
3.170850E+2	3.764100E+2	3.080152E+1	-1.003040E+1	9.471700E-6	NaN	9.471700E-5	5.497840E-1	1.674659E+1
3.198120E+2	3.758600E+2	3.084659E+1	-9.804873E+0	9.271100E-6	NaN	9.271100E-5	5.513252E-1	1.681766E+1
3.227200E+2	3.753300E+2	3.089015E+1	-1.184032E+1	9.057200E-6	NaN	9.057200E-5	5.495164E-1	1.678624E+1
3.255000E+2	3.749300E+2	3.092311E+1	-1.149332E+1	8.857300E-6	NaN	8.857300E-5	5.468161E-1	1.672699E+1
3.282100E+2	3.744000E+2	3.096688E+1	-9.818756E+0	8.666700E-6	NaN	8.666700E-5	5.459953E-1	1.672277E+1
3.310800E+2	3.738700E+2	3.101078E+1	-1.015735E+1	8.473000E-6	NaN	8.473000E-5	5.481035E-1	1.681123E+1
3.338700E+2	3.733500E+2	3.105397E+1	-1.139473E+1	8.288400E-6	NaN	8.288400E-5	5.486042E-1	1.685075E+1
3.367600E+2	3.728300E+2	3.109728E+1	-1.113050E+1	8.104600E-6	NaN	8.104600E-5	5.468899E-1	1.682200E+1
3.395000E+2	3.724800E+2	3.112650E+1	-1.098478E+1	7.932900E-6	NaN	7.932900E-5	5.428606E-1	1.672122E+1
3.424130E+2	3.719600E+2	3.117002E+1	-9.285651E+0	7.754700E-6	NaN	7.754700E-5	5.414685E-1	1.669874E+1
3.452180E+2	3.714500E+2	3.121281E+1	-9.249554E+0	7.588500E-6	NaN	7.588500E-5	5.443064E-1	1.680978E+1
3.480850E+2	3.709100E+2	3.125826E+1	-1.080735E+1	7.423100E-6	NaN	7.423100E-5	5.446292E-1	1.684283E+1
3.510610E+2	3.704000E+2	3.130130E+1	-1.110791E+1	7.254800E-6	NaN	7.254800E-5	5.429520E-1	1.681423E+1
3.539580E+2	3.699100E+2	3.134276E+1	-1.077897E+1	7.098200E-6	NaN	7.098200E-5	5.404378E-1	1.675902E+1
3.566880E+2	3.695800E+2	3.137075E+1	-1.021654E+1	6.952300E-6	NaN	6.952300E-5	5.364437E-1	1.665666E+1
3.595810E+2	3.690900E+2	3.141239E+1	-8.757864E+0	6.799200E-6	NaN	6.799200E-5	5.397180E-1	1.677980E+1
3.623800E+2	3.686000E+2	3.145415E+1	-8.763820E+0	6.660700E-6	NaN	6.660700E-5	5.423683E-1	1.688398E+1
3.652240E+2	3.681100E+2	3.149602E+1	-1.032935E+1	6.518700E-6	NaN	6.518700E-5	5.416396E-1	1.688280E+1
3.680820E+2	3.676300E+2	3.153714E+1	-1.041977E+1	6.381400E-6	NaN	6.381400E-5	5.399130E-1	1.685027E+1
3.710170E+2	3.671500E+2	3.157837E+1	-1.020684E+1	6.244600E-6	NaN	6.244600E-5	5.406751E-1	1.689705E+1
3.739240E+2	3.668000E+2	3.160851E+1	-9.942449E+0	6.110600E-6	NaN	6.110600E-5	5.400386E-1	1.689991E+1
3.766970E+2	3.663200E+2	3.164992E+1	-8.526546E+0	5.986800E-6	NaN	5.986800E-5	5.421415E-1	1.698650E+1
3.796760E+2	3.658400E+2	3.169145E+1	-8.755182E+0	5.857200E-6	NaN	5.857200E-5	5.418301E-1	1.699762E+1
3.827430E+2	3.652100E+2	3.174612E+1	-1.000963E+1	5.728000E-6	NaN	5.728000E-5	5.402013E-1	1.696712E+1
3.859570E+2	3.649000E+2	3.177309E+1	-1.102199E+1	5.596900E-6	NaN	5.596900E-5	5.376175E-1	1.691095E+1
3.888360E+2	3.644400E+2	3.181319E+1	-8.953980E+0	5.482300E-6	NaN	5.482300E-5	5.407590E-1	1.703189E+1
3.917410E+2	3.639900E+2	3.185252E+1	-7.547795E+0	5.368300E-6	NaN	5.368300E-5	5.422373E-1	1.710056E+1
3.946150E+2	3.635300E+2	3.189283E+1	-9.439615E+0	5.257900E-6	NaN	5.257900E-5	5.416837E-1	1.710426E+1
3.974820E+2	3.630500E+2	3.193500E+1	-9.447725E+0	5.152800E-6	NaN	5.152800E-5	5.400256E-1	1.707252E+1
4.002850E+2	3.626000E+2	3.197463E+1	-9.823983E+0	5.052000E-6	NaN	5.052000E-5	5.361844E-1	1.697142E+1
4.031660E+2	3.623000E+2	3.200110E+1	-9.842046E+0	4.949100E-6	NaN	4.949100E-5	5.352416E-1	1.696377E+1
4.059930E+2	3.618600E+2	3.204002E+1	-7.909221E+0	4.852500E-6	NaN	4.852500E-5	5.385865E-1	1.709003E+1
4.088940E+2	3.614200E+2	3.207902E+1	-7.773684E+0	4.756600E-6	NaN	4.756600E-5	5.398118E-1	1.714934E+1
4.117560E+2	3.609900E+2	3.211723E+1	-9.217364E+0	4.662600E-6	NaN	4.662600E-5	5.395617E-1	1.716185E+1
4.145650E+2	3.605600E+2	3.215554E+1	-9.057879E+0	4.573000E-6	NaN	4.573000E-5	5.381730E-1	1.713795E+1
4.173240E+2	3.601300E+2	3.219393E+1	-9.098659E+0	4.485900E-6	NaN	4.485900E-5	5.354711E-1	1.707189E+1
4.202950E+2	3.598500E+2	3.221898E+1	-9.266992E+0	4.395100E-6	NaN	4.395100E-5	5.358433E-1	1.710580E+1
4.231670E+2	3.593900E+2	3.226022E+1	-7.411802E+0	4.309900E-6	NaN	4.309900E-5	5.398329E-1	1.725346E+1
4.259760E+2	3.589600E+2	3.229886E+1	-7.587671E+0	4.228700E-6	NaN	4.228700E-5	5.416939E-1	1.733437E+1
4.287590E+2	3.585400E+2	3.233670E+1	-9.400539E+0	4.149700E-6	NaN	4.149700E-5	5.368310E-1	1.719759E+1
4.315240E+2	3.581200E+2	3.237462E+1	-9.120272E+0	4.072400E-6	NaN	4.072400E-5	5.369886E-1	1.722379E+1
4.343160E+2	3.577100E+2	3.241173E+1	-9.084323E+0	3.996900E-6	NaN	3.996900E-5	5.357400E-1	1.720488E+1
4.373380E+2	3.574300E+2	3.243712E+1	-8.961425E+0	3.918000E-6	NaN	3.918000E-5	5.339705E-1	1.716903E+1
4.401540E+2	3.570200E+2	3.247437E+1	-7.099349E+0	3.845600E-6	NaN	3.845600E-5	5.362658E-1	1.726168E+1
4.430210E+2	3.566100E+2	3.251171E+1	-7.072819E+0	3.773200E-6	NaN	3.773200E-5	5.356011E-1	1.725866E+1
4.457620E+2	3.561800E+2	3.255096E+1	-8.657167E+0	3.705700E-6	NaN	3.705700E-5	5.327903E-1	1.718602E+1
4.485630E+2	3.559100E+2	3.257565E+1	-8.984047E+0	3.636600E-6	NaN	3.636600E-5	5.325193E-1	1.719770E+1
4.513330E+2	3.555100E+2	3.261230E+1	-7.571944E+0	3.572200E-6	NaN	3.572200E-5	5.356496E-1	1.731740E+1
4.542290E+2	3.551100E+2	3.264904E+1	-7.213268E+0	3.504600E-6	NaN	3.504600E-5	5.367562E-1	1.737211E+1
4.571110E+2	3.547100E+2	3.268586E+1	-8.470189E+0	3.440400E-6	NaN	3.440400E-5	5.369967E-1	1.739900E+1
4.597910E+2	3.544500E+2	3.270983E+1	-8.307357E+0	3.381500E-6	NaN	3.381500E-5	5.353907E-1	1.736596E+1
4.624730E+2	3.540600E+2	3.274586E+1	-7.134887E+0	3.322700E-6	NaN	3.322700E-5	5.356932E-1	1.739264E+1
4.654340E+2	3.536700E+2	3.278197E+1	-7.273586E+0	3.261300E-6	NaN	3.261300E-5	5.401388E-1	1.755684E+1
4.682780E+2	3.532500E+2	3.282095E+1	-8.286709E+0	3.202400E-6	NaN	3.202400E-5	5.422556E-1	1.764543E+1
4.711810E+2	3.528700E+2	3.285629E+1	-8.368877E+0	3.143300E-6	NaN	3.143300E-5	5.409951E-1	1.762458E+1
4.740410E+2	3.524900E+2	3.289171E+1	-8.350461E+0	3.087400E-6	NaN	3.087400E-5	5.384578E-1	1.756150E+1
4.769500E+2	3.521000E+2	3.292815E+1	-7.912399E+0	3.031300E-6	NaN	3.031300E-5	5.339865E-1	1.743442E+1
4.798950E+2	3.518500E+2	3.295154E+1	-8.008422E+0	2.976500E-6	NaN	2.976500E-5	5.278469E-1	1.725192E+1
4.824660E+2	3.514700E+2	3.298717E+1	-6.556593E+0	2.929600E-6	NaN	2.929600E-5	5.309206E-1	1.737019E+1
4.853740E+2	3.511000E+2	3.302193E+1	-6.810396E+0	2.876900E-6	NaN	2.876900E-5	5.307532E-1	1.738273E+1
4.881220E+2	3.507300E+2	3.305677E+1	-8.200591E+0	2.828700E-6	NaN	2.828700E-5	5.297025E-1	1.736602E+1
4.909700E+2	3.504900E+2	3.307940E+1	-7.847977E+0	2.779300E-6	NaN	2.779300E-5	5.252274E-1	1.723604E+1
4.936960E+2	3.500900E+2	3.311720E+1	-6.531388E+0	2.734300E-6	NaN	2.734300E-5	5.291817E-1	1.738264E+1
4.965290E+2	3.497300E+2	3.315129E+1	-6.875465E+0	2.686900E-6	NaN	2.686900E-5	5.290799E-1	1.739690E+1
4.994710E+2	3.493700E+2	3.318545E+1	-8.199132E+0	2.640000E-6	NaN	2.640000E-5	5.282722E-1	1.738778E+1
5.023280E+2	3.490100E+2	3.321968E+1	-7.479631E+0	2.594900E-6	NaN	2.594900E-5	5.262924E-1	1.733965E+1
5.049930E+2	3.486500E+2	3.325398E+1	-7.449027E+0	2.553600E-6	NaN	2.553600E-5	5.275574E-1	1.740042E+1
5.079800E+2	3.484200E+2	3.327593E+1	-7.820101E+0	2.508600E-6	NaN	2.508600E-5	5.264281E-1	1.738240E+1
5.107390E+2	3.480700E+2	3.330939E+1	-6.230322E+0	2.467200E-6	NaN	2.467200E-5	5.301187E-1	1.752175E+1
5.136120E+2	3.477200E+2	3.334292E+1	-6.036645E+0	2.425900E-6	NaN	2.425900E-5	5.308464E-1	1.756295E+1
5.165050E+2	3.473700E+2	3.337651E+1	-7.456368E+0	2.385500E-6	NaN	2.385500E-5	5.306048E-1	1.757215E+1
5.191940E+2	3.471100E+2	3.340152E+1	-7.284050E+0	2.347700E-6	NaN	2.347700E-5	5.287256E-1	1.752688E+1
5.220470E+2	3.467700E+2	3.343426E+1	-6.565651E+0	2.308700E-6	NaN	2.308700E-5	5.279694E-1	1.751698E+1
5.249860E+2	3.464300E+2	3.346708E+1	-6.502495E+0	2.270000E-6	NaN	2.270000E-5	5.314604E-1	1.765012E+1
5.278950E+2	3.460900E+2	3.349996E+1	-7.043681E+0	2.232300E-6	NaN	2.232300E-5	5.320874E-1	1.768811E+1
5.308420E+2	3.457500E+2	3.353290E+1	-6.976683E+0	2.195200E-6	NaN	2.195200E-5	5.318507E-1	1.769734E+1
5.337070E+2	3.454100E+2	3.356591E+1	-6.967115E+0	2.159700E-6	NaN	2.159700E-5	5.296159E-1	1.763967E+1
5.366190E+2	3.450800E+2	3.359801E+1	-7.019493E+0	2.124300E-6	NaN	2.124300E-5	5.314768E-1	1.772052E+1
5.395020E+2	3.447600E+2	3.362919E+1	-6.958194E+0	2.089600E-6	NaN	2.089600E-5	5.301172E-1	1.769311E+1
5.422800E+2	3.445200E+2	3.365262E+1	-6.730056E+0	2.057800E-6	NaN	2.057800E-5	5.284536E-1	1.765497E+1
5.449910E+2	3.441900E+2	3.368488E+1	-5.939908E+0	2.026600E-6	NaN	2.026600E-5	5.288471E-1	1.768391E+1
5.479580E+2	3.438600E+2	3.371721E+1	-6.226331E+0	1.993270E-6	NaN	1.993270E-5	5.268417E-1	1.763245E+1
5.508850E+2	3.435400E+2	3.374862E+1	-6.969564E+0	1.960990E-6	NaN	1.960990E-5	5.224974E-1	1.750203E+1
5.536880E+2	3.432100E+2	3.378107E+1	-6.617027E+0	1.931070E-6	NaN	1.931070E-5	5.230775E-1	1.753814E+1
5.565370E+2	3.430000E+2	3.380175E+1	-6.804465E+0	1.901740E-6	NaN	1.901740E-5	5.217008E-1	1.750866E+1
5.593600E+2	3.426800E+2	3.383331E+1	-5.728902E+0	1.872200E-6	NaN	1.872200E-5	5.234042E-1	1.758076E+1
5.622950E+2	3.423700E+2	3.386395E+1	-5.604671E+0	1.842710E-6	NaN	1.842710E-5	5.233853E-1	1.759509E+1
5.652020E+2	3.420400E+2	3.389662E+1	-6.563276E+0	1.813700E-6	NaN	1.813700E-5	5.256177E-1	1.768658E+1
5.679990E+2	3.417400E+2	3.392638E+1	-6.572713E+0	1.786620E-6	NaN	1.786620E-5	5.265040E-1	1.773338E+1
5.710260E+2	3.414300E+2	3.395718E+1	-6.628135E+0	1.758240E-6	NaN	1.758240E-5	5.267785E-1	1.775955E+1
5.739660E+2	3.411200E+2	3.398804E+1	-6.282431E+0	1.731060E-6	NaN	1.731060E-5	5.266089E-1	1.777068E+1
5.766740E+2	3.409200E+2	3.400798E+1	-6.233847E+0	1.706180E-6	NaN	1.706180E-5	5.255406E-1	1.775125E+1
5.795420E+2	3.406100E+2	3.403893E+1	-5.430793E+0	1.680570E-6	NaN	1.680570E-5	5.269545E-1	1.781376E+1
5.823770E+2	3.403100E+2	3.406894E+1	-5.497617E+0	1.655520E-6	NaN	1.655520E-5	5.267352E-1	1.782120E+1
5.851810E+2	3.400100E+2	3.409900E+1	-6.417806E+0	1.631470E-6	NaN	1.631470E-5	5.256648E-1	1.779980E+1
5.879800E+2	3.396900E+2	3.413112E+1	-6.384046E+0	1.607850E-6	NaN	1.607850E-5	5.263571E-1	1.783946E+1
5.907990E+2	3.394900E+2	3.415123E+1	-6.639235E+0	1.584800E-6	NaN	1.584800E-5	5.236956E-1	1.776560E+1
5.936420E+2	3.392000E+2	3.418042E+1	-5.552034E+0	1.561530E-6	NaN	1.561530E-5	5.242735E-1	1.779978E+1
5.965970E+2	3.389000E+2	3.421068E+1	-5.193828E+0	1.538310E-6	NaN	1.538310E-5	5.240843E-1	1.780792E+1
5.993050E+2	3.386100E+2	3.423998E+1	-6.105461E+0	1.517020E-6	NaN	1.517020E-5	5.213945E-1	1.773074E+1
6.022160E+2	3.383100E+2	3.427034E+1	-6.248682E+0	1.494680E-6	NaN	1.494680E-5	5.216044E-1	1.775385E+1
6.050490E+2	3.380300E+2	3.429873E+1	-6.298599E+0	1.473560E-6	NaN	1.473560E-5	5.204148E-1	1.772940E+1
6.079450E+2	3.377400E+2	3.432818E+1	-6.059069E+0	1.452010E-6	NaN	1.452010E-5	5.189467E-1	1.769524E+1
6.109260E+2	3.375500E+2	3.434750E+1	-5.969771E+0	1.430500E-6	NaN	1.430500E-5	5.161410E-1	1.761484E+1
6.138310E+2	3.372500E+2	3.437806E+1	-4.895196E+0	1.409770E-6	NaN	1.409770E-5	5.173394E-1	1.766943E+1
6.166960E+2	3.369700E+2	3.440662E+1	-4.989800E+0	1.389960E-6	NaN	1.389960E-5	5.170780E-1	1.767438E+1
6.195370E+2	3.366800E+2	3.443626E+1	-6.031580E+0	1.370830E-6	NaN	1.370830E-5	5.155259E-1	1.763486E+1
6.223720E+2	3.364100E+2	3.446390E+1	-5.993508E+0	1.351610E-6	NaN	1.351610E-5	5.164974E-1	1.768342E+1
6.251260E+2	3.362200E+2	3.448337E+1	-5.919734E+0	1.333370E-6	NaN	1.333370E-5	5.167434E-1	1.770688E+1
6.279970E+2	3.358600E+2	3.452034E+1	-4.942075E+0	1.314920E-6	NaN	1.314920E-5	5.197898E-1	1.782504E+1
6.310430E+2	3.356700E+2	3.453988E+1	-5.878391E+0	1.295620E-6	NaN	1.295620E-5	5.170309E-1	1.774551E+1
6.339180E+2	3.354000E+2	3.456768E+1	-5.558535E+0	1.277850E-6	NaN	1.277850E-5	5.166848E-1	1.774653E+1
6.367930E+2	3.351200E+2	3.459656E+1	-4.652277E+0	1.260070E-6	NaN	1.260070E-5	5.194593E-1	1.785643E+1
6.396060E+2	3.348500E+2	3.462446E+1	-5.739130E+0	1.243310E-6	NaN	1.243310E-5	5.211507E-1	1.792964E+1
6.423590E+2	3.346700E+2	3.464308E+1	-5.801841E+0	1.227220E-6	NaN	1.227220E-5	5.212707E-1	1.794879E+1
6.451290E+2	3.344100E+2	3.467002E+1	-4.854178E+0	1.211070E-6	NaN	1.211070E-5	5.233366E-1	1.803359E+1
6.479660E+2	3.341400E+2	3.469803E+1	-4.780887E+0	1.195220E-6	NaN	1.195220E-5	5.234176E-1	1.804991E+1
6.508940E+2	3.338800E+2	3.472505E+1	-5.671638E+0	1.178860E-6	NaN	1.178860E-5	5.212923E-1	1.799028E+1
6.538120E+2	3.336100E+2	3.475315E+1	-5.515039E+0	1.162830E-6	NaN	1.162830E-5	5.180713E-1	1.789236E+1
6.566030E+2	3.333500E+2	3.478026E+1	-5.439553E+0	1.147810E-6	NaN	1.147810E-5	5.189754E-1	1.793860E+1
6.594060E+2	3.331800E+2	3.479801E+1	-5.570013E+0	1.133060E-6	NaN	1.133060E-5	5.179084E-1	1.791639E+1
6.623130E+2	3.329000E+2	3.482728E+1	-4.611387E+0	1.117840E-6	NaN	1.117840E-5	5.200239E-1	1.800280E+1
6.652120E+2	3.326400E+2	3.485450E+1	-4.735040E+0	1.103300E-6	NaN	1.103300E-5	5.187703E-1	1.797276E+1
6.679470E+2	3.323800E+2	3.488176E+1	-5.580525E+0	1.089240E-6	NaN	1.089240E-5	5.161388E-1	1.789488E+1
6.708940E+2	3.321300E+2	3.490802E+1	-5.536242E+0	1.074870E-6	NaN	1.074870E-5	5.160324E-1	1.790600E+1
6.738940E+2	3.318700E+2	3.493537E+1	-5.381617E+0	1.060440E-6	NaN	1.060440E-5	5.105239E-1	1.772764E+1
6.767950E+2	3.316300E+2	3.496065E+1	-5.145615E+0	1.046680E-6	NaN	1.046680E-5	5.093006E-1	1.769912E+1
6.796360E+2	3.314700E+2	3.497752E+1	-5.084544E+0	1.033440E-6	NaN	1.033440E-5	5.080299E-1	1.766847E+1
6.824910E+2	3.311200E+2	3.501450E+1	-4.182488E+0	1.020370E-6	NaN	1.020370E-5	5.099350E-1	1.774651E+1
6.855560E+2	3.309600E+2	3.503142E+1	-5.373820E+0	1.006610E-6	NaN	1.006610E-5	5.046399E-1	1.757533E+1
6.883990E+2	3.307100E+2	3.505791E+1	-5.143991E+0	9.939900E-7	NaN	9.939900E-6	5.080214E-1	1.770594E+1
6.911130E+2	3.304700E+2	3.508337E+1	-4.150444E+0	9.821200E-7	NaN	9.821200E-6	5.100933E-1	1.779136E+1
6.939980E+2	3.302200E+2	3.510993E+1	-5.290510E+0	9.699000E-7	NaN	9.699000E-6	5.100452E-1	1.780278E+1
6.969890E+2	3.299900E+2	3.513440E+1	-5.250396E+0	9.573200E-7	NaN	9.573200E-6	5.090195E-1	1.778020E+1
6.997820E+2	3.297500E+2	3.515997E+1	-4.899534E+0	9.457600E-7	NaN	9.457600E-6	5.080002E-1	1.775725E+1
7.027610E+2	3.295800E+2	3.517811E+1	-4.872432E+0	9.336000E-7	NaN	9.336000E-6	5.052121E-1	1.767215E+1
7.056200E+2	3.293500E+2	3.520267E+1	-4.252666E+0	9.222100E-7	NaN	9.222100E-6	5.103180E-1	1.786365E+1
7.084560E+2	3.291000E+2	3.522941E+1	-4.106194E+0	9.110500E-7	NaN	9.110500E-6	5.137478E-1	1.799653E+1
7.114390E+2	3.288600E+2	3.525512E+1	-5.056756E+0	8.997100E-7	NaN	8.997100E-6	5.147397E-1	1.804450E+1
7.143370E+2	3.286400E+2	3.527872E+1	-5.050472E+0	8.886200E-7	NaN	8.886200E-6	5.138131E-1	1.802516E+1
7.172180E+2	3.284000E+2	3.530451E+1	-4.693736E+0	8.778700E-7	NaN	8.778700E-6	5.130109E-1	1.800985E+1
7.200350E+2	3.281800E+2	3.532817E+1	-4.775695E+0	8.674700E-7	NaN	8.674700E-6	5.105207E-1	1.793503E+1
7.229380E+2	3.279500E+2	3.535295E+1	-4.844390E+0	8.570600E-7	NaN	8.570600E-6	5.079877E-1	1.785831E+1
7.259040E+2	3.278000E+2	3.536913E+1	-4.720450E+0	8.465400E-7	NaN	8.465400E-6	5.097244E-1	1.793325E+1
7.288050E+2	3.275600E+2	3.539504E+1	-3.881743E+0	8.362900E-7	NaN	8.362900E-6	5.089828E-1	1.791776E+1
7.315760E+2	3.273200E+2	3.542099E+1	-3.984848E+0	8.268400E-7	NaN	8.268400E-6	5.121770E-1	1.804269E+1
7.346040E+2	3.270900E+2	3.544590E+1	-5.076685E+0	8.164800E-7	NaN	8.164800E-6	5.124241E-1	1.806414E+1
7.375720E+2	3.268700E+2	3.546976E+1	-4.858198E+0	8.066700E-7	NaN	8.066700E-6	5.115443E-1	1.804582E+1
7.403760E+2	3.266400E+2	3.549473E+1	-4.503185E+0	7.974200E-7	NaN	7.974200E-6	5.093818E-1	1.798175E+1
7.432480E+2	3.264900E+2	3.551104E+1	-4.675512E+0	7.882200E-7	NaN	7.882200E-6	5.065390E-1	1.789362E+1
7.460650E+2	3.262700E+2	3.553499E+1	-4.013344E+0	7.792300E-7	NaN	7.792300E-6	5.061499E-1	1.789061E+1
7.489940E+2	3.260500E+2	3.555896E+1	-3.899767E+0	7.699800E-7	NaN	7.699800E-6	5.089803E-1	1.800279E+1
7.518930E+2	3.258100E+2	3.558516E+1	-4.593919E+0	7.608900E-7	NaN	7.608900E-6	5.114883E-1	1.810403E+1
7.545810E+2	3.255900E+2	3.560920E+1	-4.735363E+0	7.528100E-7	NaN	7.528100E-6	5.107978E-1	1.809225E+1
7.575360E+2	3.253800E+2	3.563218E+1	-4.940394E+0	7.439700E-7	NaN	7.439700E-6	5.078640E-1	1.800076E+1
7.602670E+2	3.252300E+2	3.564862E+1	-4.566951E+0	7.359000E-7	NaN	7.359000E-6	5.058395E-1	1.794127E+1
7.631740E+2	3.250200E+2	3.567165E+1	-3.805150E+0	7.273300E-7	NaN	7.273300E-6	5.056685E-1	1.794610E+1
7.661360E+2	3.248000E+2	3.569581E+1	-3.836544E+0	7.189100E-7	NaN	7.189100E-6	5.051445E-1	1.793843E+1
7.690140E+2	3.245800E+2	3.572001E+1	-4.396170E+0	7.107600E-7	NaN	7.107600E-6	5.030950E-1	1.787653E+1
7.720360E+2	3.243700E+2	3.574313E+1	-4.520236E+0	7.022800E-7	NaN	7.022800E-6	5.049730E-1	1.795575E+1
7.748440E+2	3.241400E+2	3.576850E+1	-4.371186E+0	6.945400E-7	NaN	6.945400E-6	5.064352E-1	1.802006E+1
7.777190E+2	3.239300E+2	3.579168E+1	-4.523752E+0	6.869100E-7	NaN	6.869100E-6	5.039349E-1	1.794334E+1
7.804490E+2	3.237900E+2	3.580716E+1	-4.644389E+0	6.794400E-7	NaN	6.794400E-6	5.009453E-1	1.784873E+1
7.831430E+2	3.235800E+2	3.583040E+1	-3.752279E+0	6.723700E-7	NaN	6.723700E-6	5.016559E-1	1.788462E+1
7.860530E+2	3.233700E+2	3.585367E+1	-3.869911E+0	6.648900E-7	NaN	6.648900E-6	4.995236E-1	1.781895E+1
7.889030E+2	3.231600E+2	3.587696E+1	-4.494562E+0	6.575000E-7	NaN	6.575000E-6	5.007846E-1	1.787560E+1
7.918650E+2	3.229500E+2	3.590029E+1	-4.374842E+0	6.500900E-7	NaN	6.500900E-6	5.010780E-1	1.789788E+1
7.946240E+2	3.228100E+2	3.591586E+1	-4.335320E+0	6.432700E-7	NaN	6.432700E-6	5.011158E-1	1.791112E+1
7.974010E+2	3.226000E+2	3.593924E+1	-3.677827E+0	6.363800E-7	NaN	6.363800E-6	5.028287E-1	1.798280E+1
8.001490E+2	3.223800E+2	3.596377E+1	-3.794161E+0	6.297200E-7	NaN	6.297200E-6	5.014414E-1	1.794362E+1
8.029600E+2	3.221800E+2	3.598609E+1	-4.669450E+0	6.230100E-7	NaN	6.230100E-6	4.980577E-1	1.783321E+1
8.057020E+2	3.220500E+2	3.600062E+1	-4.532180E+0	6.165500E-7	NaN	6.165500E-6	4.974369E-1	1.782266E+1
8.084660E+2	3.218400E+2	3.602411E+1	-3.568589E+0	6.100000E-7	NaN	6.100000E-6	5.009353E-1	1.795883E+1
8.112180E+2	3.216300E+2	3.604763E+1	-3.706190E+0	6.036900E-7	NaN	6.036900E-6	5.026664E-1	1.803212E+1
8.141480E+2	3.214300E+2	3.607006E+1	-4.568521E+0	5.971600E-7	NaN	5.971600E-6	5.018732E-1	1.801507E+1
8.170700E+2	3.212300E+2	3.609252E+1	-4.326943E+0	5.904500E-7	NaN	5.904500E-6	5.013464E-1	1.800760E+1
8.199200E+2	3.211000E+2	3.610713E+1	-4.101159E+0	5.841500E-7	NaN	5.841500E-6	4.989878E-1	1.793373E+1
8.227330E+2	3.209000E+2	3.612964E+1	-3.433201E+0	5.780400E-7	NaN	5.780400E-6	4.997560E-1	1.797081E+1
8.257560E+2	3.206800E+2	3.615442E+1	-3.494715E+0	5.715900E-7	NaN	5.715900E-6	5.032965E-1	1.810906E+1
8.285410E+2	3.204800E+2	3.617698E+1	-4.318628E+0	5.656500E-7	NaN	5.656500E-6	5.038585E-1	1.814066E+1
8.314620E+2	3.202900E+2	3.619845E+1	-4.339236E+0	5.596300E-7	NaN	5.596300E-6	5.027376E-1	1.811160E+1
8.344290E+2	3.200800E+2	3.622219E+1	-4.099335E+0	5.534200E-7	NaN	5.534200E-6	5.009584E-1	1.805837E+1
8.371880E+2	3.198900E+2	3.624371E+1	-4.076535E+0	5.478500E-7	NaN	5.478500E-6	4.978728E-1	1.795781E+1
8.400490E+2	3.196900E+2	3.626638E+1	-4.192101E+0	5.421000E-7	NaN	5.421000E-6	4.976879E-1	1.796263E+1
8.430270E+2	3.195600E+2	3.628114E+1	-4.163890E+0	5.361200E-7	NaN	5.361200E-6	4.959106E-1	1.790972E+1
8.459470E+2	3.193600E+2	3.630386E+1	-3.385734E+0	5.303700E-7	NaN	5.303700E-6	4.966557E-1	1.794622E+1
8.488610E+2	3.191500E+2	3.632775E+1	-3.354628E+0	5.248400E-7	NaN	5.248400E-6	4.958558E-1	1.792692E+1
8.518100E+2	3.189500E+2	3.635053E+1	-4.216624E+0	5.192200E-7	NaN	5.192200E-6	4.971474E-1	1.798478E+1
8.547380E+2	3.187600E+2	3.637219E+1	-4.195551E+0	5.136900E-7	NaN	5.136900E-6	4.967145E-1	1.798021E+1
8.576240E+2	3.185600E+2	3.639503E+1	-3.981728E+0	5.083500E-7	NaN	5.083500E-6	4.946991E-1	1.791791E+1
8.604620E+2	3.183600E+2	3.641789E+1	-4.024449E+0	5.030900E-7	NaN	5.030900E-6	4.913087E-1	1.780561E+1
8.632850E+2	3.181800E+2	3.643849E+1	-4.192774E+0	4.979000E-7	NaN	4.979000E-6	4.871659E-1	1.766577E+1
8.663320E+2	3.179900E+2	3.646027E+1	-4.027735E+0	4.925400E-7	NaN	4.925400E-6	4.878468E-1	1.770166E+1
8.693290E+2	3.178000E+2	3.648206E+1	-3.781407E+0	4.872600E-7	NaN	4.872600E-6	4.884616E-1	1.773516E+1
8.723330E+2	3.176700E+2	3.649699E+1	-3.772250E+0	4.819200E-7	NaN	4.819200E-6	4.882810E-1	1.773938E+1
8.750820E+2	3.174700E+2	3.651999E+1	-3.199232E+0	4.772100E-7	NaN	4.772100E-6	4.915815E-1	1.786904E+1
8.780030E+2	3.172800E+2	3.654186E+1	-3.428651E+0	4.723000E-7	NaN	4.723000E-6	4.930298E-1	1.793198E+1
8.807350E+2	3.170900E+2	3.656375E+1	-4.124649E+0	4.676900E-7	NaN	4.676900E-6	4.931342E-1	1.794592E+1
8.835680E+2	3.169100E+2	3.658452E+1	-4.031754E+0	4.629000E-7	NaN	4.629000E-6	4.913071E-1	1.788962E+1
8.866060E+2	3.167100E+2	3.660762E+1	-3.988128E+0	4.579400E-7	NaN	4.579400E-6	4.886741E-1	1.780356E+1
8.895380E+2	3.165300E+2	3.662844E+1	-3.884296E+0	4.531400E-7	NaN	4.531400E-6	4.902141E-1	1.787095E+1
8.924380E+2	3.164000E+2	3.664349E+1	-3.819884E+0	4.484100E-7	NaN	4.484100E-6	4.920936E-1	1.795072E+1
8.953310E+2	3.162100E+2	3.666551E+1	-3.190209E+0	4.438700E-7	NaN	4.438700E-6	4.962095E-1	1.811108E+1
8.982030E+2	3.160100E+2	3.668871E+1	-3.314093E+0	4.392800E-7	NaN	4.392800E-6	4.987123E-1	1.821293E+1
9.012380E+2	3.158300E+2	3.670962E+1	-4.058832E+0	4.346100E-7	NaN	4.346100E-6	4.997714E-1	1.826260E+1
9.041940E+2	3.156400E+2	3.673172E+1	-3.856980E+0	4.300800E-7	NaN	4.300800E-6	5.000688E-1	1.828421E+1
9.069870E+2	3.154500E+2	3.675384E+1	-3.704903E+0	4.258000E-7	NaN	4.258000E-6	4.983601E-1	1.823227E+1
9.096690E+2	3.153200E+2	3.676900E+1	-3.964845E+0	4.216700E-7	NaN	4.216700E-6	4.954990E-1	1.813820E+1
9.125630E+2	3.151400E+2	3.679000E+1	-3.510812E+0	4.173800E-7	NaN	4.173800E-6	4.953411E-1	1.814197E+1
9.154740E+2	3.149500E+2	3.681219E+1	-3.340933E+0	4.131300E-7	NaN	4.131300E-6	4.945583E-1	1.812275E+1
9.183470E+2	3.147500E+2	3.683558E+1	-3.824379E+0	4.089100E-7	NaN	4.089100E-6	4.974996E-1	1.824141E+1
9.211550E+2	3.145700E+2	3.685666E+1	-4.045358E+0	4.048400E-7	NaN	4.048400E-6	4.969957E-1	1.823396E+1
9.241470E+2	3.143700E+2	3.688011E+1	-4.014008E+0	4.005100E-7	NaN	4.005100E-6	4.955956E-1	1.819344E+1
9.270830E+2	3.141800E+2	3.690241E+1	-3.931903E+0	3.963100E-7	NaN	3.963100E-6	4.920258E-1	1.807321E+1
9.298860E+2	3.140000E+2	3.692357E+1	-3.947570E+0	3.923500E-7	NaN	3.923500E-6	4.881965E-1	1.794326E+1
9.328230E+2	3.138700E+2	3.693886E+1	-3.868385E+0	3.882400E-7	NaN	3.882400E-6	4.834790E-1	1.777990E+1
9.356290E+2	3.136800E+2	3.696123E+1	-3.235763E+0	3.843700E-7	NaN	3.843700E-6	4.828210E-1	1.776466E+1
9.385800E+2	3.134900E+2	3.698364E+1	-3.337855E+0	3.803700E-7	NaN	3.803700E-6	4.847520E-1	1.784593E+1
9.415200E+2	3.133100E+2	3.700488E+1	-3.959559E+0	3.763200E-7	NaN	3.763200E-6	4.855477E-1	1.788561E+1
9.444560E+2	3.131200E+2	3.702734E+1	-3.768519E+0	3.723700E-7	NaN	3.723700E-6	4.856387E-1	1.789904E+1
9.472720E+2	3.129200E+2	3.705100E+1	-3.778057E+0	3.686400E-7	NaN	3.686400E-6	4.858359E-1	1.791659E+1
9.502360E+2	3.127300E+2	3.707351E+1	-4.066835E+0	3.647900E-7	NaN	3.647900E-6	4.839602E-1	1.785779E+1
9.530500E+2	3.125300E+2	3.709724E+1	-4.046673E+0	3.611300E-7	NaN	3.611300E-6	4.808272E-1	1.775225E+1
9.560270E+2	3.124100E+2	3.711149E+1	-4.048036E+0	3.572700E-7	NaN	3.572700E-6	4.792167E-1	1.770389E+1
9.588930E+2	3.122300E+2	3.713288E+1	-3.306839E+0	3.536100E-7	NaN	3.536100E-6	4.827736E-1	1.784544E+1
9.618480E+2	3.120400E+2	3.715549E+1	-3.076338E+0	3.498500E-7	NaN	3.498500E-6	4.856694E-1	1.796279E+1
9.646340E+2	3.118500E+2	3.717813E+1	-3.814006E+0	3.464400E-7	NaN	3.464400E-6	4.868192E-1	1.801562E+1
9.676410E+2	3.116700E+2	3.719960E+1	-3.970287E+0	3.427700E-7	NaN	3.427700E-6	4.861489E-1	1.800140E+1
9.706110E+2	3.114700E+2	3.722349E+1	-3.829037E+0	3.391400E-7	NaN	3.391400E-6	4.849602E-1	1.796756E+1
9.735700E+2	3.112900E+2	3.724501E+1	-3.814160E+0	3.356300E-7	NaN	3.356300E-6	4.822226E-1	1.787633E+1
9.763340E+2	3.111000E+2	3.726776E+1	-3.845626E+0	3.323200E-7	NaN	3.323200E-6	4.792260E-1	1.777515E+1
9.792260E+2	3.109800E+2	3.728214E+1	-3.876394E+0	3.289900E-7	NaN	3.289900E-6	4.789120E-1	1.777446E+1
9.821360E+2	3.108000E+2	3.730373E+1	-3.282381E+0	3.256300E-7	NaN	3.256300E-6	4.816351E-1	1.788544E+1
9.850250E+2	3.106100E+2	3.732655E+1	-3.103010E+0	3.223600E-7	NaN	3.223600E-6	4.836683E-1	1.797102E+1
9.878030E+2	3.104400E+2	3.734699E+1	-3.828105E+0	3.192100E-7	NaN	3.192100E-6	4.851489E-1	1.803665E+1
9.906420E+2	3.102600E+2	3.736866E+1	-3.812435E+0	3.161100E-7	NaN	3.161100E-6	4.862841E-1	1.808940E+1
9.935030E+2	3.100800E+2	3.739035E+1	-3.738890E+0	3.129800E-7	NaN	3.129800E-6	4.847824E-1	1.804382E+1
9.964650E+2	3.099600E+2	3.740483E+1	-3.789455E+0	3.098200E-7	NaN	3.098200E-6	4.821079E-1	1.795436E+1
9.993230E+2	3.097800E+2	3.742656E+1	-3.087306E+0	3.067700E-7	NaN	3.067700E-6	4.812427E-1	1.793077E+1
1.002111E+3	3.096100E+2	3.744711E+1	-3.088770E+0	3.038400E-7	NaN	3.038400E-6	4.841136E-1	1.804784E+1
1.005047E+3	3.094300E+2	3.746889E+1	-3.719696E+0	3.008700E-7	NaN	3.008700E-6	4.866160E-1	1.815157E+1
1.007942E+3	3.092500E+2	3.749070E+1	-3.668849E+0	2.978900E-7	NaN	2.978900E-6	4.880117E-1	1.821433E+1
1.010887E+3	3.090800E+2	3.751132E+1	-3.704278E+0	2.949500E-7	NaN	2.949500E-6	4.871498E-1	1.819286E+1
1.013944E+3	3.089000E+2	3.753318E+1	-3.595509E+0	2.919200E-7	NaN	2.919200E-6	4.866199E-1	1.818375E+1
1.016825E+3	3.087200E+2	3.755507E+1	-3.499049E+0	2.891300E-7	NaN	2.891300E-6	4.845725E-1	1.811754E+1
1.019623E+3	3.085400E+2	3.757698E+1	-3.636524E+0	2.864500E-7	NaN	2.864500E-6	4.813083E-1	1.800565E+1
1.022667E+3	3.084300E+2	3.759038E+1	-3.803216E+0	2.835700E-7	NaN	2.835700E-6	4.752850E-1	1.778995E+1
1.025449E+3	3.082600E+2	3.761111E+1	-2.966588E+0	2.810300E-7	NaN	2.810300E-6	4.778829E-1	1.789667E+1
1.028242E+3	3.080900E+2	3.763186E+1	-2.872426E+0	2.784700E-7	NaN	2.784700E-6	4.791694E-1	1.795451E+1
1.031112E+3	3.079200E+2	3.765264E+1	-3.659188E+0	2.758900E-7	NaN	2.758900E-6	4.783404E-1	1.793294E+1
1.034082E+3	3.077600E+2	3.767221E+1	-3.602109E+0	2.732300E-7	NaN	2.732300E-6	4.767458E-1	1.788272E+1
1.037021E+3	3.076000E+2	3.769181E+1	-3.389493E+0	2.706800E-7	NaN	2.706800E-6	4.747704E-1	1.781784E+1
1.039926E+3	3.074800E+2	3.770652E+1	-3.249251E+0	2.681500E-7	NaN	2.681500E-6	4.721403E-1	1.772798E+1
1.042738E+3	3.073100E+2	3.772738E+1	-2.875507E+0	2.657600E-7	NaN	2.657600E-6	4.765325E-1	1.790214E+1
1.045706E+3	3.071500E+2	3.774703E+1	-3.040441E+0	2.633400E-7	NaN	2.633400E-6	4.791301E-1	1.800935E+1
1.048505E+3	3.069800E+2	3.776793E+1	-3.423840E+0	2.610200E-7	NaN	2.610200E-6	4.812418E-1	1.809864E+1
1.051263E+3	3.068200E+2	3.778763E+1	-3.431329E+0	2.588100E-7	NaN	2.588100E-6	4.811073E-1	1.810371E+1
1.054034E+3	3.066600E+2	3.780734E+1	-3.563274E+0	2.566100E-7	NaN	2.566100E-6	4.792262E-1	1.804293E+1
1.056906E+3	3.065500E+2	3.782091E+1	-3.472593E+0	2.543600E-7	NaN	2.543600E-6	4.764955E-1	1.795010E+1
1.059763E+3	3.063900E+2	3.784066E+1	-2.867335E+0	2.521400E-7	NaN	2.521400E-6	4.769666E-1	1.797679E+1
1.062674E+3	3.062400E+2	3.785920E+1	-2.827255E+0	2.499400E-7	NaN	2.499400E-6	4.752767E-1	1.792186E+1
1.065627E+3	3.060700E+2	3.788022E+1	-3.224269E+0	2.476900E-7	NaN	2.476900E-6	4.717226E-1	1.779607E+1
1.068410E+3	3.059300E+2	3.789756E+1	-3.274648E+0	2.456700E-7	NaN	2.456700E-6	4.720394E-1	1.781757E+1
1.071247E+3	3.057800E+2	3.791615E+1	-3.244828E+0	2.435900E-7	NaN	2.435900E-6	4.714469E-1	1.780441E+1
1.074142E+3	3.056700E+2	3.792979E+1	-3.096332E+0	2.415300E-7	NaN	2.415300E-6	4.696324E-1	1.774487E+1
1.077002E+3	3.055200E+2	3.794842E+1	-2.720058E+0	2.395100E-7	NaN	2.395100E-6	4.697530E-1	1.775754E+1
1.079731E+3	3.053800E+2	3.796581E+1	-2.709808E+0	2.376000E-7	NaN	2.376000E-6	4.696654E-1	1.776246E+1
1.082512E+3	3.052300E+2	3.798447E+1	-3.113527E+0	2.357300E-7	NaN	2.357300E-6	4.692495E-1	1.775486E+1
1.085555E+3	3.050900E+2	3.800190E+1	-3.158144E+0	2.336700E-7	NaN	2.336700E-6	4.713426E-1	1.784319E+1
1.088411E+3	3.049400E+2	3.802059E+1	-2.984079E+0	2.318200E-7	NaN	2.318200E-6	4.732427E-1	1.792409E+1
1.091382E+3	3.047900E+2	3.803931E+1	-2.947590E+0	2.298700E-7	NaN	2.298700E-6	4.739358E-1	1.795948E+1
1.094235E+3	3.046900E+2	3.805179E+1	-3.088667E+0	2.280400E-7	NaN	2.280400E-6	4.727273E-1	1.792259E+1
1.097078E+3	3.045500E+2	3.806928E+1	-2.578675E+0	2.262700E-7	NaN	2.262700E-6	4.733422E-1	1.795384E+1
1.099912E+3	3.044100E+2	3.808679E+1	-2.527841E+0	2.245000E-7	NaN	2.245000E-6	4.717265E-1	1.790029E+1
1.102779E+3	3.042700E+2	3.810432E+1	-2.959307E+0	2.227500E-7	NaN	2.227500E-6	4.730177E-1	1.795790E+1
1.105776E+3	3.041300E+2	3.812186E+1	-2.946819E+0	2.209500E-7	NaN	2.209500E-6	4.728844E-1	1.796140E+1
1.108576E+3	3.040000E+2	3.813816E+1	-2.864469E+0	2.193400E-7	NaN	2.193400E-6	4.726361E-1	1.796057E+1
1.111506E+3	3.039100E+2	3.814945E+1	-2.794646E+0	2.176100E-7	NaN	2.176100E-6	4.705023E-1	1.788749E+1
1.114298E+3	3.037800E+2	3.816578E+1	-2.300103E+0	2.160500E-7	NaN	2.160500E-6	4.720236E-1	1.795262E+1
1.117316E+3	3.036400E+2	3.818338E+1	-2.303067E+0	2.143300E-7	NaN	2.143300E-6	4.719272E-1	1.795617E+1
1.120058E+3	3.035100E+2	3.819973E+1	-2.788229E+0	2.128200E-7	NaN	2.128200E-6	4.745101E-1	1.806261E+1
1.122906E+3	3.033800E+2	3.821610E+1	-2.812012E+0	2.113000E-7	NaN	2.113000E-6	4.755556E-1	1.811060E+1
1.125752E+3	3.032500E+2	3.823248E+1	-2.790363E+0	2.097600E-7	NaN	2.097600E-6	4.755241E-1	1.811774E+1
1.128545E+3	3.031600E+2	3.824383E+1	-2.739726E+0	2.083000E-7	NaN	2.083000E-6	4.733737E-1	1.804395E+1
1.131424E+3	3.030400E+2	3.825898E+1	-2.342105E+0	2.068200E-7	NaN	2.068200E-6	4.747475E-1	1.810388E+1
1.134404E+3	3.029200E+2	3.827413E+1	-2.222872E+0	2.053300E-7	NaN	2.053300E-6	4.743642E-1	1.809658E+1
1.137200E+3	3.027800E+2	3.829183E+1	-2.457514E+0	2.039300E-7	NaN	2.039300E-6	4.730473E-1	1.805331E+1
1.140094E+3	3.026500E+2	3.830828E+1	-2.697712E+0	2.025200E-7	NaN	2.025200E-6	4.727460E-1	1.804984E+1
1.142724E+3	3.025800E+2	3.831714E+1	-2.846213E+0	2.012300E-7	NaN	2.012300E-6	4.705644E-1	1.797458E+1
1.145612E+3	3.024600E+2	3.833234E+1	-2.181060E+0	1.954770E-7	NaN	1.954770E-6	4.715248E-1	1.801828E+1
1.148397E+3	3.023400E+2	3.834756E+1	-2.072929E+0	1.983710E-7	NaN	1.983710E-6	5.062556E-1	1.935177E+1
1.151347E+3	3.022300E+2	3.836151E+1	-2.538061E+0	1.970100E-7	NaN	1.970100E-6	5.009209E-1	1.915553E+1
1.154299E+3	3.021100E+2	3.837675E+1	-2.404610E+0	1.956800E-7	NaN	1.956800E-6	4.949485E-1	1.893442E+1
1.157203E+3	3.019900E+2	3.839200E+1	-2.338202E+0	1.944010E-7	NaN	1.944010E-6	4.929231E-1	1.886509E+1
1.160046E+3	3.018600E+2	3.840853E+1	-2.458961E+0	1.931480E-7	NaN	1.931480E-6	4.888463E-1	1.871723E+1
1.162890E+3	3.017600E+2	3.842126E+1	-2.609590E+0	1.919410E-7	NaN	1.919410E-6	4.817618E-1	1.845400E+1
1.165945E+3	3.016800E+2	3.843145E+1	-2.426568E+0	1.906670E-7	NaN	1.906670E-6	4.744498E-1	1.818124E+1
1.168862E+3	3.015700E+2	3.844547E+1	-1.827614E+0	1.894660E-7	NaN	1.894660E-6	4.695100E-1	1.799832E+1
1.171770E+3	3.014600E+2	3.845950E+1	-1.906247E+0	1.882650E-7	NaN	1.882650E-6	4.629449E-1	1.775268E+1
1.174820E+3	3.013500E+2	3.847354E+1	-2.266093E+0	1.870570E-7	NaN	1.870570E-6	4.585360E-1	1.759009E+1
1.177537E+3	3.012400E+2	3.848758E+1	-2.215089E+0	1.859730E-7	NaN	1.859730E-6	4.537893E-1	1.741443E+1
1.180319E+3	3.011400E+2	3.850037E+1	-2.286344E+0	1.849080E-7	NaN	1.849080E-6	4.478591E-1	1.719322E+1
1.183177E+3	3.010300E+2	3.851443E+1	-2.290789E+0	1.838320E-7	NaN	1.838320E-6	4.389145E-1	1.685545E+1
1.186072E+3	3.009600E+2	3.852339E+1	-2.234385E+0	1.827530E-7	NaN	1.827530E-6	4.274158E-1	1.641898E+1
1.188997E+3	3.008600E+2	3.853620E+1	-1.876361E+0	1.816660E-7	NaN	1.816660E-6	4.216682E-1	1.620324E+1
1.191780E+3	3.007600E+2	3.854901E+1	-1.753093E+0	1.806770E-7	NaN	1.806770E-6	4.640200E-1	1.783823E+1
1.194492E+3	3.006600E+2	3.856183E+1	-2.101879E+0	1.797160E-7	NaN	1.797160E-6	4.646025E-1	1.786689E+1
1.197332E+3	3.006000E+2	3.856953E+1	-2.183682E+0	1.787030E-7	NaN	1.787030E-6	4.650206E-1	1.788947E+1
1.200131E+3	3.005000E+2	3.858236E+1	-1.725479E+0	1.777610E-7	NaN	1.777610E-6	4.689297E-1	1.804571E+1
1.202998E+3	3.004100E+2	3.859392E+1	-1.701368E+0	1.767920E-7	NaN	1.767920E-6	4.702114E-1	1.810097E+1
1.205904E+3	3.003200E+2	3.860549E+1	-2.011481E+0	1.758310E-7	NaN	1.758310E-6	4.685541E-1	1.804260E+1
1.208772E+3	3.002200E+2	3.861835E+1	-1.870749E+0	1.748870E-7	NaN	1.748870E-6	4.671413E-1	1.799366E+1
1.211507E+3	3.001200E+2	3.863121E+1	-1.974111E+0	1.740030E-7	NaN	1.740030E-6	4.686034E-1	1.805621E+1
1.214398E+3	3.000600E+2	3.863894E+1	-2.141308E+0	1.730900E-7	NaN	1.730900E-6	4.678362E-1	1.803303E+1
1.217279E+3	2.999700E+2	3.865053E+1	-1.701984E+0	1.721940E-7	NaN	1.721940E-6	4.705147E-1	1.814206E+1
1.220214E+3	2.998800E+2	3.866213E+1	-1.559070E+0	1.713100E-7	NaN	1.713100E-6	4.724496E-1	1.822244E+1
1.223188E+3	2.997900E+2	3.867374E+1	-1.856893E+0	1.704240E-7	NaN	1.704240E-6	4.718604E-1	1.820531E+1
1.226041E+3	2.997000E+2	3.868535E+1	-1.827694E+0	1.695750E-7	NaN	1.695750E-6	4.699641E-1	1.813768E+1
1.228948E+3	2.996200E+2	3.869568E+1	-1.853175E+0	1.687370E-7	NaN	1.687370E-6	4.651263E-1	1.795613E+1
1.231857E+3	2.995200E+2	3.870860E+1	-1.770456E+0	1.679090E-7	NaN	1.679090E-6	4.644934E-1	1.793715E+1
1.234762E+3	2.994400E+2	3.871894E+1	-1.856970E+0	1.671030E-7	NaN	1.671030E-6	4.615603E-1	1.782944E+1
1.237637E+3	2.993600E+2	3.872929E+1	-1.857632E+0	1.663140E-7	NaN	1.663140E-6	4.578535E-1	1.769140E+1
1.240553E+3	2.993100E+2	3.873576E+1	-1.660885E+0	1.655220E-7	NaN	1.655220E-6	4.527804E-1	1.750010E+1
1.243375E+3	2.992200E+2	3.874741E+1	-1.346162E+0	1.647930E-7	NaN	1.647930E-6	4.564873E-1	1.764816E+1
1.246189E+3	2.991500E+2	3.875648E+1	-1.461510E+0	1.640540E-7	NaN	1.640540E-6	4.566790E-1	1.766046E+1
1.249099E+3	2.990700E+2	3.876684E+1	-1.703435E+0	1.633100E-7	NaN	1.633100E-6	4.580386E-1	1.771785E+1
1.251924E+3	2.989900E+2	3.877722E+1	-1.572766E+0	1.625840E-7	NaN	1.625840E-6	4.593353E-1	1.777295E+1
1.254868E+3	2.989100E+2	3.878759E+1	-1.673809E+0	1.618670E-7	NaN	1.618670E-6	4.585915E-1	1.774898E+1
1.258009E+3	2.988400E+2	3.879668E+1	-1.663831E+0	1.611050E-7	NaN	1.611050E-6	4.547487E-1	1.760477E+1
1.260962E+3	2.987700E+2	3.880577E+1	-1.477467E+0	1.603850E-7	NaN	1.603850E-6	4.566707E-1	1.768410E+1
1.263913E+3	2.986900E+2	3.881616E+1	-1.377968E+0	1.597100E-7	NaN	1.597100E-6	4.592658E-1	1.778948E+1
1.266848E+3	2.986400E+2	3.882266E+1	-1.524379E+0	1.590220E-7	NaN	1.590220E-6	4.601798E-1	1.782988E+1
1.269713E+3	2.985700E+2	3.883176E+1	-1.325452E+0	1.583670E-7	NaN	1.583670E-6	4.641761E-1	1.798930E+1
1.272653E+3	2.985000E+2	3.884087E+1	-1.240487E+0	1.577130E-7	NaN	1.577130E-6	4.668871E-1	1.809891E+1
1.275581E+3	2.984400E+2	3.884868E+1	-1.446948E+0	1.570800E-7	NaN	1.570800E-6	4.698804E-1	1.821964E+1
1.278371E+3	2.983600E+2	3.885910E+1	-1.329311E+0	1.564720E-7	NaN	1.564720E-6	4.705014E-1	1.824788E+1
1.281429E+3	2.982900E+2	3.886822E+1	-1.467072E+0	1.558310E-7	NaN	1.558310E-6	4.680401E-1	1.815673E+1
1.284411E+3	2.982300E+2	3.887604E+1	-1.536345E+0	1.552150E-7	NaN	1.552150E-6	4.647315E-1	1.803255E+1
1.287182E+3	2.981600E+2	3.888516E+1	-1.291739E+0	1.546400E-7	NaN	1.546400E-6	4.676880E-1	1.815189E+1
1.290146E+3	2.981100E+2	3.889168E+1	-1.353932E+0	1.540470E-7	NaN	1.540470E-6	4.663243E-1	1.810338E+1
1.292933E+3	2.980500E+2	3.889951E+1	-1.252629E+0	1.534910E-7	NaN	1.534910E-6	4.682742E-1	1.818338E+1
1.295912E+3	2.979800E+2	3.890865E+1	-1.146194E+0	1.529210E-7	NaN	1.529210E-6	4.692819E-1	1.822671E+1
1.298669E+3	2.979300E+2	3.891518E+1	-1.353412E+0	1.523940E-7	NaN	1.523940E-6	4.674072E-1	1.815810E+1
1.301632E+3	2.978700E+2	3.892302E+1	-1.257301E+0	1.518400E-7	NaN	1.518400E-6	4.652075E-1	1.807644E+1
1.304402E+3	2.978000E+2	3.893217E+1	-1.154606E+0	1.513280E-7	NaN	1.513280E-6	4.642142E-1	1.804164E+1
1.307307E+3	2.977600E+2	3.893740E+1	-1.358856E+0	1.508020E-7	NaN	1.508020E-6	4.612965E-1	1.793221E+1
1.309952E+3	2.977000E+2	3.894525E+1	-1.160262E+0	1.503340E-7	NaN	1.503340E-6	4.595166E-1	1.786634E+1
1.312813E+3	2.976400E+2	3.895310E+1	-1.076917E+0	1.498260E-7	NaN	1.498260E-6	4.602336E-1	1.789798E+1
1.315725E+3	2.975900E+2	3.895964E+1	-1.306994E+0	1.493280E-7	NaN	1.493280E-6	4.601693E-1	1.789930E+1
1.318609E+3	2.975300E+2	3.896750E+1	-1.142917E+0	1.488290E-7	NaN	1.488290E-6	4.610645E-1	1.793781E+1
1.321566E+3	2.974700E+2	3.897536E+1	-1.138541E+0	1.483400E-7	NaN	1.483400E-6	4.628994E-1	1.801318E+1
1.324556E+3	2.974400E+2	3.897929E+1	-1.232601E+0	1.478560E-7	NaN	1.478560E-6	4.603929E-1	1.791939E+1
1.327247E+3	2.973900E+2	3.898584E+1	-9.074517E-1	1.474190E-7	NaN	1.474190E-6	4.621821E-1	1.799221E+1
1.330174E+3	2.973300E+2	3.899371E+1	-8.404398E-1	1.469520E-7	NaN	1.469520E-6	4.646726E-1	1.809242E+1
1.333101E+3	2.972800E+2	3.900027E+1	-1.175599E+0	1.465030E-7	NaN	1.465030E-6	4.633334E-1	1.804351E+1
1.336028E+3	2.972300E+2	3.900683E+1	-1.127434E+0	1.460500E-7	NaN	1.460500E-6	4.650526E-1	1.811389E+1
1.338993E+3	2.971800E+2	3.901339E+1	-1.024940E+0	1.456050E-7	NaN	1.456050E-6	4.670640E-1	1.819571E+1
1.341858E+3	2.971300E+2	3.901996E+1	-1.018316E+0	1.451750E-7	NaN	1.451750E-6	4.669723E-1	1.819537E+1
1.344741E+3	2.970800E+2	3.902652E+1	-1.029059E+0	1.447660E-7	NaN	1.447660E-6	4.681898E-1	1.824623E+1
1.347787E+3	2.970300E+2	3.903309E+1	-1.043838E+0	1.443240E-7	NaN	1.443240E-6	4.686835E-1	1.826888E+1
1.350703E+3	2.970000E+2	3.903704E+1	-1.011720E+0	1.439170E-7	NaN	1.439170E-6	4.655877E-1	1.815128E+1
1.353402E+3	2.969400E+2	3.904492E+1	-8.064341E-1	1.435450E-7	NaN	1.435450E-6	4.704031E-1	1.834210E+1
1.356241E+3	2.969000E+2	3.905019E+1	-9.571036E-1	1.431620E-7	NaN	1.431620E-6	4.687099E-1	1.827934E+1
1.359111E+3	2.968500E+2	3.905676E+1	-1.081367E+0	1.427760E-7	NaN	1.427760E-6	4.667040E-1	1.820409E+1
1.362012E+3	2.968100E+2	3.906203E+1	-9.460559E-1	1.423890E-7	NaN	1.423890E-6	4.643555E-1	1.811558E+1
1.365071E+3	2.967600E+2	3.906861E+1	-9.355179E-1	1.419910E-7	NaN	1.419910E-6	4.617576E-1	1.801702E+1
1.367967E+3	2.967200E+2	3.907387E+1	-9.067175E-1	1.416260E-7	NaN	1.416260E-6	4.564368E-1	1.781203E+1
1.370776E+3	2.966900E+2	3.907783E+1	-9.074937E-1	1.412780E-7	NaN	1.412780E-6	4.577272E-1	1.786532E+1
1.373540E+3	2.966500E+2	3.908309E+1	-7.366738E-1	1.409410E-7	NaN	1.409410E-6	4.615765E-1	1.801836E+1
1.376457E+3	2.966000E+2	3.908968E+1	-7.533274E-1	1.405890E-7	NaN	1.405890E-6	4.631398E-1	1.808203E+1
1.379286E+3	2.965600E+2	3.909496E+1	-9.512550E-1	1.402480E-7	NaN	1.402480E-6	4.624479E-1	1.805784E+1
1.382132E+3	2.965300E+2	3.909891E+1	-9.402438E-1	1.399150E-7	NaN	1.399150E-6	4.620991E-1	1.804700E+1
1.385108E+3	2.964800E+2	3.910550E+1	-7.399803E-1	1.395680E-7	NaN	1.395680E-6	4.642627E-1	1.813409E+1
1.388025E+3	2.964500E+2	3.910946E+1	-8.258558E-1	1.392420E-7	NaN	1.392420E-6	4.634674E-1	1.810577E+1
1.390909E+3	2.964200E+2	3.911342E+1	-8.151780E-1	1.389200E-7	NaN	1.389200E-6	4.638273E-1	1.812232E+1
1.393732E+3	2.963700E+2	3.912002E+1	-6.205760E-1	1.386110E-7	NaN	1.386110E-6	4.660359E-1	1.821090E+1
1.396594E+3	2.963400E+2	3.912398E+1	-8.402912E-1	1.382970E-7	NaN	1.382970E-6	4.698044E-1	1.836110E+1
1.399409E+3	2.963000E+2	3.912926E+1	-8.438313E-1	1.380020E-7	NaN	1.380020E-6	4.700835E-1	1.837447E+1
1.402423E+3	2.962700E+2	3.913322E+1	-7.395188E-1	1.376900E-7	NaN	1.376900E-6	4.698339E-1	1.836733E+1
1.405269E+3	2.962300E+2	3.913851E+1	-7.190845E-1	1.373940E-7	NaN	1.373940E-6	4.695182E-1	1.835733E+1
1.408269E+3	2.962000E+2	3.914247E+1	-7.155490E-1	1.370930E-7	NaN	1.370930E-6	4.687626E-1	1.833026E+1
1.411075E+3	2.961800E+2	3.914511E+1	-7.173728E-1	1.368130E-7	NaN	1.368130E-6	4.680502E-1	1.830458E+1
1.413968E+3	2.961300E+2	3.915172E+1	-5.176652E-1	1.365290E-7	NaN	1.365290E-6	4.713317E-1	1.843486E+1
1.416987E+3	2.961000E+2	3.915569E+1	-7.385212E-1	1.362390E-7	NaN	1.362390E-6	4.727573E-1	1.849313E+1
1.419779E+3	2.960600E+2	3.916098E+1	-8.103433E-1	1.359800E-7	NaN	1.359800E-6	4.755063E-1	1.860313E+1
1.422727E+3	2.960300E+2	3.916495E+1	-7.210559E-1	1.357060E-7	NaN	1.357060E-6	4.714536E-1	1.844693E+1
1.425535E+3	2.960000E+2	3.916892E+1	-7.305805E-1	1.354470E-7	NaN	1.354470E-6	4.680084E-1	1.831430E+1
1.428434E+3	2.960000E+2	3.916892E+1	-6.253110E-1	1.351880E-7	NaN	1.351880E-6	4.679993E-1	1.831624E+1
