5/30/2024
12:35 PM
slow cooling at 470K at 1k per minute sitti9ng for 2 hours_2024.05.30_COND_FILE END.txt

Data taken by: Akshat Sharma
ammeter is Keithley 6517A at GPIB0::27::INSTR
voltage source is Keithley 6517A at GPIB0::27::INSTR
temperature controller is Lake Shore 330 at GPIB0::12::INSTR with the settings: control sensor=A;sample sensor=;loop=1
Readings: 5
Voltage (V): 100
Geo Factor: 1000
Ea Window (pts): 5
Shut off V when done?: TRUE
Mconnect?: TRUE
Use Abs(Cond)?: TRUE
Rate (K/min): 20
Heater: Off
DESCRIPTION
********************
Time (s)	Temperature (K)	1/kT (1/eV)	Rate (K/min)	Current (A)	Current Std Dev/Mean	Conductivity (Ohm-cm)^-1	Ea (eV)	Reduced Ea	
1.714000E+0	4.688300E+2	2.472965E+1	NaN	3.697360E-4	2.934096E-3	3.697360E-3	NaN	NaN
8.997000E+0	4.659100E+2	2.488463E+1	NaN	3.556800E-4	2.205654E-2	3.556800E-3	NaN	NaN
1.615700E+1	4.617800E+2	2.510719E+1	-2.405602E+1	3.248360E-4	3.330522E-2	3.248360E-3	NaN	NaN
2.319800E+1	4.570100E+2	2.536925E+1	-2.927257E+1	2.879740E-4	4.144845E-2	2.879740E-3	NaN	NaN
3.053800E+1	4.516100E+2	2.567259E+1	-3.759455E+1	2.513380E-4	4.538439E-2	2.513380E-3	NaN	NaN
3.809800E+1	4.468900E+2	2.594374E+1	-4.244309E+1	2.173900E-4	4.555099E-2	2.173900E-3	NaN	NaN
4.543700E+1	4.414700E+2	2.626226E+1	-4.073524E+1	1.877362E-4	4.698514E-2	1.877362E-3	NaN	NaN
5.297000E+1	4.369700E+2	2.653271E+1	-4.081802E+1	1.619234E-4	4.543968E-2	1.619234E-3	NaN	NaN
6.025700E+1	4.325800E+2	2.680198E+1	-4.000311E+1	1.400604E-4	4.642925E-2	1.400604E-3	4.641512E-1	1.187886E+1
6.784600E+1	4.283300E+2	2.706791E+1	-3.599106E+1	1.211396E-4	4.356849E-2	1.211396E-3	4.744536E-1	1.220206E+1
7.494200E+1	4.235100E+2	2.737598E+1	-3.483947E+1	1.054716E-4	4.359625E-2	1.054716E-3	4.833832E-1	1.249138E+1
8.222700E+1	4.195400E+2	2.763503E+1	-3.701825E+1	9.170180E-5	4.257908E-2	9.170180E-4	4.864596E-1	1.263818E+1
8.937600E+1	4.157100E+2	2.788963E+1	-3.665574E+1	8.006520E-5	4.241031E-2	8.006520E-4	4.901425E-1	1.279720E+1
9.669500E+1	4.120100E+2	2.814009E+1	-3.242431E+1	6.994360E-5	4.225920E-2	6.994360E-4	4.936430E-1	1.294983E+1
1.040190E+2	4.078000E+2	2.843060E+1	-3.122399E+1	6.095760E-5	4.410810E-2	6.095760E-4	4.970245E-1	1.309839E+1
1.115720E+2	4.043600E+2	2.867247E+1	-3.241163E+1	5.322820E-5	4.111614E-2	5.322820E-4	4.986274E-1	1.320476E+1
1.187510E+2	4.009300E+2	2.891777E+1	-3.083463E+1	4.693780E-5	3.924793E-2	4.693780E-4	5.065825E-1	1.353473E+1
1.259710E+2	3.977100E+2	2.915189E+1	-2.797424E+1	4.128300E-5	3.901576E-2	4.128300E-4	5.116130E-1	1.379986E+1
1.331440E+2	3.946000E+2	2.938165E+1	-2.770935E+1	3.643180E-5	3.854760E-2	3.643180E-4	5.156577E-1	1.404529E+1
1.402770E+2	3.915800E+2	2.960825E+1	-2.638823E+1	3.216380E-5	3.884505E-2	3.216380E-4	5.191824E-1	1.428018E+1
1.475960E+2	3.885800E+2	2.983684E+1	-2.570978E+1	2.850500E-5	3.751403E-2	2.850500E-4	5.212966E-1	1.447257E+1
1.549600E+2	3.853600E+2	3.008615E+1	-2.499134E+1	2.523340E-5	3.735477E-2	2.523340E-4	5.240697E-1	1.468708E+1
1.624040E+2	3.826400E+2	3.030002E+1	-2.541799E+1	2.236880E-5	3.672542E-2	2.236880E-4	5.238854E-1	1.481488E+1
1.698750E+2	3.796300E+2	3.054026E+1	-2.406419E+1	1.982268E-5	3.812090E-2	1.982268E-4	5.252007E-1	1.498386E+1
1.776440E+2	3.770200E+2	3.075168E+1	-2.305130E+1	1.757074E-5	3.583388E-2	1.757074E-4	5.264974E-1	1.515623E+1
1.850060E+2	3.745700E+2	3.095283E+1	-2.211290E+1	1.573286E-5	3.345712E-2	1.573286E-4	5.296468E-1	1.538307E+1
1.920930E+2	3.718600E+2	3.117840E+1	-2.006562E+1	1.412776E-5	3.438110E-2	1.412776E-4	5.305217E-1	1.553422E+1
1.994250E+2	3.694900E+2	3.137839E+1	-2.141765E+1	1.266846E-5	3.283926E-2	1.266846E-4	5.304282E-1	1.565903E+1
2.066210E+2	3.672600E+2	3.156892E+1	-2.112873E+1	1.139806E-5	3.330851E-2	1.139806E-4	5.308727E-1	1.579815E+1
2.142130E+2	3.648100E+2	3.178093E+1	-1.899905E+1	1.024342E-5	3.176440E-2	1.024342E-4	5.322585E-1	1.596441E+1
2.214590E+2	3.626800E+2	3.196757E+1	-1.899180E+1	9.261680E-6	3.079264E-2	9.261680E-5	5.309298E-1	1.604230E+1
2.285760E+2	3.606600E+2	3.214662E+1	-1.852672E+1	8.412320E-6	2.993348E-2	8.412320E-5	5.306173E-1	1.614814E+1
2.356750E+2	3.587000E+2	3.232227E+1	-1.733712E+1	7.632740E-6	3.035446E-2	7.632740E-5	5.298124E-1	1.623450E+1
2.429140E+2	3.567500E+2	3.249895E+1	-1.679807E+1	6.932640E-6	2.972273E-2	6.932640E-5	5.298941E-1	1.634576E+1
2.502210E+2	3.549200E+2	3.266652E+1	-1.636146E+1	6.319180E-6	2.950175E-2	6.319180E-5	5.306072E-1	1.647607E+1
2.575180E+2	3.531400E+2	3.283117E+1	-1.559103E+1	5.771040E-6	2.710580E-2	5.771040E-5	5.323712E-1	1.663914E+1
2.646650E+2	3.514200E+2	3.299186E+1	-1.483160E+1	5.283360E-6	2.754801E-2	5.283360E-5	5.345214E-1	1.681447E+1
2.718280E+2	3.494700E+2	3.317595E+1	-1.453925E+1	4.843740E-6	2.724496E-2	4.843740E-5	5.353843E-1	1.694424E+1
2.792230E+2	3.478500E+2	3.333046E+1	-1.538819E+1	4.436320E-6	2.695664E-2	4.436320E-5	5.356660E-1	1.706021E+1
2.865960E+2	3.462800E+2	3.348158E+1	-1.470509E+1	4.074660E-6	2.659183E-2	4.074660E-5	5.355302E-1	1.715640E+1
2.939830E+2	3.445100E+2	3.365359E+1	-1.296055E+1	3.750940E-6	2.569800E-2	3.750940E-5	5.371262E-1	1.730683E+1
3.013000E+2	3.430400E+2	3.379781E+1	-1.357749E+1	3.457780E-6	2.562659E-2	3.457780E-5	5.380556E-1	1.743977E+1
3.086740E+2	3.416200E+2	3.393829E+1	-1.322273E+1	3.195220E-6	2.411594E-2	3.195220E-5	5.375362E-1	1.751872E+1
3.158920E+2	3.400500E+2	3.409499E+1	-1.180282E+1	2.960420E-6	2.430226E-2	2.960420E-5	5.377613E-1	1.761903E+1
3.234360E+2	3.386500E+2	3.423594E+1	-1.229174E+1	2.736760E-6	2.435951E-2	2.736760E-5	5.374171E-1	1.770220E+1
3.309510E+2	3.373500E+2	3.436787E+1	-1.206449E+1	2.535720E-6	2.336571E-2	2.535720E-5	5.363560E-1	1.775520E+1
3.384360E+2	3.359200E+2	3.451417E+1	-1.075793E+1	2.357100E-6	2.223077E-2	2.357100E-5	5.361202E-1	1.783168E+1
3.456960E+2	3.346700E+2	3.464308E+1	-1.091964E+1	2.200740E-6	2.158742E-2	2.200740E-5	5.348902E-1	1.787475E+1
3.529690E+2	3.334800E+2	3.476670E+1	-1.090827E+1	2.052094E-6	2.151781E-2	2.052094E-5	5.340462E-1	1.792840E+1
3.603100E+2	3.323200E+2	3.488806E+1	-1.007355E+1	1.918334E-6	2.122160E-2	1.918334E-5	5.340357E-1	1.800697E+1
3.676610E+2	3.310200E+2	3.502507E+1	-9.648022E+0	1.794420E-6	2.054368E-2	1.794420E-5	5.349279E-1	1.811480E+1
3.749300E+2	3.299200E+2	3.514185E+1	-1.004641E+1	1.682284E-6	2.012524E-2	1.682284E-5	5.352794E-1	1.820634E+1
3.821460E+2	3.288400E+2	3.525727E+1	-9.850952E+0	1.580510E-6	1.969081E-2	1.580510E-5	5.366641E-1	1.833287E+1
3.894650E+2	3.277800E+2	3.537129E+1	-9.030092E+0	1.485814E-6	1.870260E-2	1.485814E-5	5.358314E-1	1.837806E+1
3.967780E+2	3.267700E+2	3.548061E+1	-8.833506E+0	1.397830E-6	1.878354E-2	1.397830E-5	5.360782E-1	1.845973E+1
4.040370E+2	3.256400E+2	3.560373E+1	-8.488272E+0	1.315988E-6	1.914912E-2	1.315988E-5	5.377352E-1	1.859007E+1
4.117610E+2	3.245200E+2	3.572661E+1	-8.810768E+0	1.237330E-6	1.849141E-2	1.237330E-5	5.362527E-1	1.860898E+1
4.192420E+2	3.235800E+2	3.583040E+1	-9.006906E+0	1.167490E-6	1.757398E-2	1.167490E-5	5.347775E-1	1.862906E+1
4.265600E+2	3.226900E+2	3.592922E+1	-8.131996E+0	1.104444E-6	1.673097E-2	1.104444E-5	5.347873E-1	1.869979E+1
4.336250E+2	3.217900E+2	3.602971E+1	-7.419864E+0	1.047118E-6	1.682398E-2	1.047118E-5	5.336082E-1	1.872377E+1
4.407720E+2	3.209000E+2	3.612964E+1	-7.466134E+0	9.927460E-7	1.637427E-2	9.927460E-6	5.329230E-1	1.876315E+1
4.478680E+2	3.200600E+2	3.622446E+1	-7.556829E+0	9.429020E-7	1.556859E-2	9.429020E-6	5.336207E-1	1.885121E+1
4.548860E+2	3.192100E+2	3.632092E+1	-7.288011E+0	8.962860E-7	1.593305E-2	8.962860E-6	5.332935E-1	1.889917E+1
4.621810E+2	3.182500E+2	3.643048E+1	-7.184205E+0	8.503800E-7	1.653573E-2	8.503800E-6	5.326240E-1	1.893389E+1
4.697960E+2	3.174400E+2	3.652344E+1	-7.589535E+0	8.069680E-7	1.554926E-2	8.069680E-6	5.316156E-1	1.895835E+1
4.768580E+2	3.166500E+2	3.661456E+1	-7.117325E+0	7.684020E-7	1.589275E-2	7.684020E-6	5.321603E-1	1.903770E+1
4.842410E+2	3.158700E+2	3.670497E+1	-6.538779E+0	7.305260E-7	1.561335E-2	7.305260E-6	5.312343E-1	1.906052E+1
4.916220E+2	3.149800E+2	3.680869E+1	-6.519907E+0	6.952900E-7	1.526197E-2	6.952900E-6	5.314332E-1	1.912292E+1
4.989660E+2	3.142300E+2	3.689654E+1	-6.786758E+0	6.628460E-7	1.450540E-2	6.628460E-6	5.304825E-1	1.914542E+1
5.060760E+2	3.135000E+2	3.698246E+1	-6.682976E+0	6.328320E-7	1.445503E-2	6.328320E-6	5.302324E-1	1.919215E+1
5.133940E+2	3.127800E+2	3.706759E+1	-6.143539E+0	6.042860E-7	1.394903E-2	6.042860E-6	5.311788E-1	1.928228E+1
5.205520E+2	3.120900E+2	3.714954E+1	-6.029324E+0	5.777220E-7	1.439956E-2	5.777220E-6	5.310138E-1	1.932911E+1
5.280130E+2	3.114200E+2	3.722947E+1	-5.844376E+0	5.529080E-7	1.299661E-2	5.529080E-6	5.300529E-1	1.934284E+1
5.351960E+2	3.104000E+2	3.735180E+1	-5.580411E+0	5.230080E-7	2.398594E-2	5.230080E-6	5.301284E-1	1.939311E+1
5.461420E+2	3.097800E+2	3.742656E+1	-6.914432E+0	4.978040E-7	1.239039E-2	4.978040E-6	5.285185E-1	1.938701E+1
5.533420E+2	3.090900E+2	3.751011E+1	-5.260621E+0	4.785180E-7	1.227485E-2	4.785180E-6	5.297686E-1	1.948263E+1
5.644240E+2	3.080000E+2	3.764286E+1	-4.255160E+0	4.472580E-7	1.550321E-2	4.472580E-6	5.297585E-1	1.953153E+1
5.737950E+2	3.074600E+2	3.770897E+1	-5.846854E+0	4.296020E-7	1.171995E-2	4.296020E-6	5.294224E-1	1.957474E+1
5.814050E+2	3.068200E+2	3.778763E+1	-4.815453E+0	4.138460E-7	1.157310E-2	4.138460E-6	5.306553E-1	1.967156E+1
5.890530E+2	3.063100E+2	3.785054E+1	-4.142302E+0	3.989740E-7	1.132808E-2	3.989740E-6	5.289765E-1	1.965648E+1
5.966410E+2	3.057500E+2	3.791987E+1	-4.521784E+0	3.852860E-7	1.089068E-2	3.852860E-6	5.291065E-1	1.970540E+1
6.044370E+2	3.052800E+2	3.797825E+1	-4.213424E+0	3.724080E-7	1.001727E-2	3.724080E-6	5.289234E-1	1.974162E+1
6.117840E+2	3.047300E+2	3.804680E+1	-4.015334E+0	3.608820E-7	9.723238E-3	3.608820E-6	5.304911E-1	1.984162E+1
6.191390E+2	3.043000E+2	3.810056E+1	-4.037155E+0	3.500220E-7	9.660389E-3	3.500220E-6	5.289670E-1	1.982365E+1
6.265880E+2	3.038900E+2	3.815196E+1	-3.999367E+0	3.398220E-7	8.990456E-3	3.398220E-6	5.283404E-1	1.983751E+1
6.339750E+2	3.034100E+2	3.821232E+1	-3.404268E+0	3.302640E-7	8.949337E-3	3.302640E-6	5.285555E-1	1.988201E+1
6.413680E+2	3.030200E+2	3.826150E+1	-3.598938E+0	3.212200E-7	8.806118E-3	3.212200E-6	5.281181E-1	1.990308E+1
6.490210E+2	3.025800E+2	3.831714E+1	-3.531750E+0	3.126360E-7	8.365127E-3	3.126360E-6	5.289202E-1	1.997180E+1
6.566530E+2	3.022100E+2	3.836405E+1	-3.310669E+0	3.044960E-7	8.178951E-3	3.044960E-6	5.300029E-1	2.005495E+1
6.642970E+2	3.018100E+2	3.841490E+1	-3.179712E+0	2.969700E-7	7.652061E-3	2.969700E-6	5.274611E-1	1.999459E+1
6.718010E+2	3.014400E+2	3.846205E+1	-3.024382E+0	2.899900E-7	7.542413E-3	2.899900E-6	5.287527E-1	2.008296E+1
6.795960E+2	3.011300E+2	3.850164E+1	-3.050187E+0	2.833620E-7	6.702807E-3	2.833620E-6	5.274823E-1	2.007522E+1
6.868030E+2	3.008300E+2	3.854004E+1	-2.665028E+0	2.774200E-7	6.647659E-3	2.774200E-6	5.256919E-1	2.003693E+1
6.944820E+2	3.005000E+2	3.858236E+1	-2.438948E+0	2.715540E-7	6.225542E-3	2.715540E-6	5.269970E-1	2.011659E+1
7.019290E+2	3.002300E+2	3.861706E+1	-2.539726E+0	2.661180E-7	6.148308E-3	2.661180E-6	5.256267E-1	2.009180E+1
7.092440E+2	2.999700E+2	3.865053E+1	-2.381038E+0	2.611820E-7	6.066506E-3	2.611820E-6	5.269399E-1	2.016901E+1
7.168090E+2	2.996700E+2	3.868922E+1	-2.154243E+0	2.564140E-7	5.500413E-3	2.564140E-6	5.277750E-1	2.022598E+1
7.241350E+2	2.994200E+2	3.872153E+1	-2.258755E+0	2.519380E-7	5.542473E-3	2.519380E-6	5.297082E-1	2.032592E+1
7.319150E+2	2.991600E+2	3.875518E+1	-2.216991E+0	2.476100E-7	5.065759E-3	2.476100E-6	5.289332E-1	2.031929E+1
7.392450E+2	2.989400E+2	3.878370E+1	-2.025473E+0	2.436620E-7	5.036318E-3	2.436620E-6	5.291649E-1	2.035142E+1
7.468740E+2	2.986800E+2	3.881746E+1	-1.907035E+0	2.399080E-7	4.746187E-3	2.399080E-6	5.318993E-1	2.048002E+1
7.545710E+2	2.984900E+2	3.884217E+1	-1.926075E+0	2.362660E-7	4.611755E-3	2.362660E-6	5.309393E-1	2.046530E+1
7.622200E+2	2.982700E+2	3.887082E+1	-1.761295E+0	2.328940E-7	4.284837E-3	2.328940E-6	5.327940E-1	2.055857E+1
7.696910E+2	2.980800E+2	3.889560E+1	-1.602896E+0	2.297560E-7	4.193461E-3	2.297560E-6	5.322469E-1	2.055781E+1
7.773140E+2	2.978700E+2	3.892302E+1	-1.627376E+0	2.267920E-7	3.911945E-3	2.267920E-6	5.332395E-1	2.061606E+1
7.846800E+2	2.977100E+2	3.894394E+1	-1.590249E+0	2.240480E-7	3.811171E-3	2.240480E-6	5.313788E-1	2.056272E+1
7.923690E+2	2.975200E+2	3.896881E+1	-1.482085E+0	2.213780E-7	3.564466E-3	2.213780E-6	5.288613E-1	2.048187E+1
7.998990E+2	2.973700E+2	3.898847E+1	-1.395526E+0	2.188880E-7	3.446968E-3	2.188880E-6	5.270370E-1	2.042772E+1
8.072230E+2	2.972400E+2	3.900552E+1	-1.340930E+0	2.166540E-7	3.145527E-3	2.166540E-6	5.266724E-1	2.042948E+1
8.146200E+2	2.970700E+2	3.902784E+1	-1.131309E+0	2.144680E-7	2.971241E-3	2.144680E-6	5.261279E-1	2.042250E+1
8.219300E+2	2.969400E+2	3.904492E+1	-1.223002E+0	2.124020E-7	2.978081E-3	2.124020E-6	5.260768E-1	2.043501E+1
8.294110E+2	2.968200E+2	3.906071E+1	-1.224214E+0	2.104640E-7	2.772884E-3	2.104640E-6	5.281108E-1	2.052845E+1
8.366460E+2	2.966900E+2	3.907783E+1	-1.013929E+0	2.086540E-7	2.690408E-3	2.086540E-6	5.287443E-1	2.056608E+1
8.438460E+2	2.965600E+2	3.909496E+1	-1.018977E+0	2.069160E-7	2.613690E-3	2.069160E-6	5.296682E-1	2.061487E+1
8.513560E+2	2.964500E+2	3.910946E+1	-1.080704E+0	2.052240E-7	2.398202E-3	2.052240E-6	5.293146E-1	2.061336E+1
8.586580E+2	2.963400E+2	3.912398E+1	-9.782080E-1	2.036680E-7	2.345087E-3	2.036680E-6	5.310811E-1	2.069437E+1
8.660840E+2	2.962400E+2	3.913719E+1	-8.911107E-1	2.021640E-7	2.245233E-3	2.021640E-6	5.293134E-1	2.063630E+1
8.735150E+2	2.961400E+2	3.915040E+1	-8.553788E-1	2.007260E-7	2.214460E-3	2.007260E-6	5.313017E-1	2.072483E+1
8.809540E+2	2.960300E+2	3.916495E+1	-8.077000E-1	1.991806E-7	2.138912E-3	1.991806E-6	5.323811E-1	2.077724E+1
8.888250E+2	2.959800E+2	3.917157E+1	-8.473508E-1	1.978370E-7	2.068264E-3	1.978370E-6	5.343871E-1	2.086589E+1
8.964750E+2	2.959800E+2	3.917157E+1	-6.246637E-1	1.967424E-7	1.221941E-3	1.967424E-6	5.379308E-1	2.101285E+1
