6/24/2024
5:01 PM
fast cooling up 470_2024.06.24_COND_FILE END.txt

Data taken by: Akshat Sharma
ammeter is Keithley 6517A at GPIB0::27::INSTR
voltage source is Keithley 6517A at GPIB0::27::INSTR
temperature controller is Lake Shore 330 at GPIB0::12::INSTR with the settings: control sensor=A;sample sensor=;loop=1
Readings: 1
Voltage (V): 100
Geo Factor: 1000
Ea Window (pts): 5
Shut off V when done?: TRUE
Mconnect?: TRUE
Use Abs(Cond)?: TRUE
Rate (K/min): 5
Heater: High
DESCRIPTION
********************
Time (s)	Temperature (K)	1/kT (1/eV)	Rate (K/min)	Current (A)	Current Std Dev/Mean	Conductivity (Ohm-cm)^-1	Ea (eV)	Reduced Ea	
2.006000E+1	2.960400E+2	3.916363E+1	3.230934E-1	1.647660E-7	NaN	1.647660E-6	NaN	NaN
3.490900E+1	2.963000E+2	3.912926E+1	5.406212E-1	1.667290E-7	NaN	1.667290E-6	NaN	NaN
4.373000E+1	2.966000E+2	3.908968E+1	8.973991E-1	1.694220E-7	NaN	1.694220E-6	NaN	NaN
4.682000E+1	2.967500E+2	3.906992E+1	1.093426E+0	1.708000E-7	NaN	1.708000E-6	NaN	NaN
5.288200E+1	2.971400E+2	3.901864E+1	1.632463E+0	1.742040E-7	NaN	1.742040E-6	NaN	NaN
5.577600E+1	2.973600E+2	3.898978E+1	1.959702E+0	1.762010E-7	NaN	1.762010E-6	NaN	NaN
5.888600E+1	2.976700E+2	3.894917E+1	2.327556E+0	1.785870E-7	NaN	1.785870E-6	NaN	NaN
6.210900E+1	2.978500E+2	3.892563E+1	2.760346E+0	1.814280E-7	NaN	1.814280E-6	NaN	NaN
6.499000E+1	2.981100E+2	3.889168E+1	3.125007E+0	1.841050E-7	NaN	1.841050E-6	NaN	NaN
6.801300E+1	2.983800E+2	3.885649E+1	3.502659E+0	1.872320E-7	NaN	1.872320E-6	NaN	NaN
7.091200E+1	2.986600E+2	3.882006E+1	3.872622E+0	1.903120E-7	NaN	1.903120E-6	NaN	NaN
7.381100E+1	2.989700E+2	3.877981E+1	4.233605E+0	1.935850E-7	NaN	1.935850E-6	NaN	NaN
7.708200E+1	2.992600E+2	3.874223E+1	4.564653E+0	1.975140E-7	NaN	1.975140E-6	NaN	NaN
8.001400E+1	2.995500E+2	3.870472E+1	4.846301E+0	2.010450E-7	NaN	2.010450E-6	NaN	NaN
8.298600E+1	2.998300E+2	3.866858E+1	5.091399E+0	2.048550E-7	NaN	2.048550E-6	NaN	NaN
8.588600E+1	3.001100E+2	3.863250E+1	5.274158E+0	2.085500E-7	NaN	2.085500E-6	NaN	NaN
8.862300E+1	3.003900E+2	3.859649E+1	5.438107E+0	2.122300E-7	NaN	2.122300E-6	NaN	NaN
9.167900E+1	3.006600E+2	3.856183E+1	5.558515E+0	2.162900E-7	NaN	2.162900E-6	4.369508E-1	1.700904E+1
9.460900E+1	3.009200E+2	3.852851E+1	5.635858E+0	2.200900E-7	NaN	2.200900E-6	4.411010E-1	1.716376E+1
9.742200E+1	3.011200E+2	3.850292E+1	5.729402E+0	2.238800E-7	NaN	2.238800E-6	4.450062E-1	1.730898E+1
1.003580E+2	3.013800E+2	3.846971E+1	5.674453E+0	2.277400E-7	NaN	2.277400E-6	4.494828E-1	1.747692E+1
1.033430E+2	3.016400E+2	3.843655E+1	5.603347E+0	2.316800E-7	NaN	2.316800E-6	4.534841E-1	1.762619E+1
1.063780E+2	3.019000E+2	3.840344E+1	5.509858E+0	2.357400E-7	NaN	2.357400E-6	4.571017E-1	1.776038E+1
1.094370E+2	3.021500E+2	3.837167E+1	5.411205E+0	2.398000E-7	NaN	2.398000E-6	4.604405E-1	1.788359E+1
1.121790E+2	3.024000E+2	3.833995E+1	5.330856E+0	2.435100E-7	NaN	2.435100E-6	4.635849E-1	1.799919E+1
1.150730E+2	3.026500E+2	3.830828E+1	5.253963E+0	2.474100E-7	NaN	2.474100E-6	4.662362E-1	1.809555E+1
1.181000E+2	3.029000E+2	3.827666E+1	5.195872E+0	2.515800E-7	NaN	2.515800E-6	4.685836E-1	1.818003E+1
1.210880E+2	3.031700E+2	3.824257E+1	5.140416E+0	2.557600E-7	NaN	2.557600E-6	4.708108E-1	1.825979E+1
1.240260E+2	3.034300E+2	3.820980E+1	5.116630E+0	2.599000E-7	NaN	2.599000E-6	4.727221E-1	1.832710E+1
1.270730E+2	3.036900E+2	3.817709E+1	5.134934E+0	2.642200E-7	NaN	2.642200E-6	4.743929E-1	1.838498E+1
1.299510E+2	3.039400E+2	3.814569E+1	5.158922E+0	2.684900E-7	NaN	2.684900E-6	4.759200E-1	1.843721E+1
1.328560E+2	3.042000E+2	3.811308E+1	5.193965E+0	2.729400E-7	NaN	2.729400E-6	4.773394E-1	1.848525E+1
1.357510E+2	3.043800E+2	3.809054E+1	5.201229E+0	2.775000E-7	NaN	2.775000E-6	4.786451E-1	1.852880E+1
1.386560E+2	3.046400E+2	3.805804E+1	5.157066E+0	2.819500E-7	NaN	2.819500E-6	4.803777E-1	1.858932E+1
1.416080E+2	3.049100E+2	3.802434E+1	5.129895E+0	2.866300E-7	NaN	2.866300E-6	4.818978E-1	1.864144E+1
1.446080E+2	3.051700E+2	3.799194E+1	5.119601E+0	2.914700E-7	NaN	2.914700E-6	4.832333E-1	1.868625E+1
1.476820E+2	3.054500E+2	3.795711E+1	5.101847E+0	2.965100E-7	NaN	2.965100E-6	4.844924E-1	1.872799E+1
1.506920E+2	3.057100E+2	3.792483E+1	5.110064E+0	3.016500E-7	NaN	3.016500E-6	4.856135E-1	1.876420E+1
1.535020E+2	3.059500E+2	3.789508E+1	5.120649E+0	3.064100E-7	NaN	3.064100E-6	4.867200E-1	1.879979E+1
1.566490E+2	3.062100E+2	3.786290E+1	5.120680E+0	3.117800E-7	NaN	3.117800E-6	4.877806E-1	1.883365E+1
1.595160E+2	3.064700E+2	3.783078E+1	5.123830E+0	3.167900E-7	NaN	3.167900E-6	4.888429E-1	1.886752E+1
1.625720E+2	3.067300E+2	3.779872E+1	5.146698E+0	3.221700E-7	NaN	3.221700E-6	4.897954E-1	1.889707E+1
1.653510E+2	3.070000E+2	3.776547E+1	5.167027E+0	3.271600E-7	NaN	3.271600E-6	4.907175E-1	1.892539E+1
1.683170E+2	3.072600E+2	3.773352E+1	5.215269E+0	3.324600E-7	NaN	3.324600E-6	4.914687E-1	1.894700E+1
1.713020E+2	3.075200E+2	3.770161E+1	5.274556E+0	3.379800E-7	NaN	3.379800E-6	4.921589E-1	1.896622E+1
1.742700E+2	3.077800E+2	3.766976E+1	5.271963E+0	3.434300E-7	NaN	3.434300E-6	4.928214E-1	1.898434E+1
1.771510E+2	3.079500E+2	3.764897E+1	5.270803E+0	3.489800E-7	NaN	3.489800E-6	4.934301E-1	1.900035E+1
1.800730E+2	3.082100E+2	3.761721E+1	5.213258E+0	3.545400E-7	NaN	3.545400E-6	4.943060E-1	1.902706E+1
1.830150E+2	3.084700E+2	3.758550E+1	5.166193E+0	3.601300E-7	NaN	3.601300E-6	4.956084E-1	1.906779E+1
1.861590E+2	3.087300E+2	3.755385E+1	5.140299E+0	3.664800E-7	NaN	3.664800E-6	4.968993E-1	1.910770E+1
1.889460E+2	3.090000E+2	3.752104E+1	5.109907E+0	3.721100E-7	NaN	3.721100E-6	4.982440E-1	1.914934E+1
1.918640E+2	3.092600E+2	3.748949E+1	5.105865E+0	3.780600E-7	NaN	3.780600E-6	4.994902E-1	1.918674E+1
1.947460E+2	3.095300E+2	3.745679E+1	5.099110E+0	3.840000E-7	NaN	3.840000E-6	5.007557E-1	1.922442E+1
1.978460E+2	3.097800E+2	3.742656E+1	5.118815E+0	3.905700E-7	NaN	3.905700E-6	5.019663E-1	1.925947E+1
2.007210E+2	3.100400E+2	3.739517E+1	5.119100E+0	3.966500E-7	NaN	3.966500E-6	5.032422E-1	1.929663E+1
2.037280E+2	3.103000E+2	3.736384E+1	5.155456E+0	4.033000E-7	NaN	4.033000E-6	5.045223E-1	1.933337E+1
2.067280E+2	3.105600E+2	3.733256E+1	5.197809E+0	4.099100E-7	NaN	4.099100E-6	5.058259E-1	1.937047E+1
2.096430E+2	3.108200E+2	3.730133E+1	5.245288E+0	4.164800E-7	NaN	4.164800E-6	5.070962E-1	1.940579E+1
2.126250E+2	3.110900E+2	3.726896E+1	5.305063E+0	4.233000E-7	NaN	4.233000E-6	5.083348E-1	1.943930E+1
2.155330E+2	3.113600E+2	3.723664E+1	5.304154E+0	4.299600E-7	NaN	4.299600E-6	5.095039E-1	1.946956E+1
2.184960E+2	3.115400E+2	3.721512E+1	5.314316E+0	4.369800E-7	NaN	4.369800E-6	5.106924E-1	1.949978E+1
2.214630E+2	3.118000E+2	3.718409E+1	5.258210E+0	4.441100E-7	NaN	4.441100E-6	5.120853E-1	1.953763E+1
2.243800E+2	3.120600E+2	3.715311E+1	5.193782E+0	4.512100E-7	NaN	4.512100E-6	5.134042E-1	1.957209E+1
2.273200E+2	3.123200E+2	3.712218E+1	5.159640E+0	4.583400E-7	NaN	4.583400E-6	5.146571E-1	1.960351E+1
2.302270E+2	3.125800E+2	3.709130E+1	5.137517E+0	4.656100E-7	NaN	4.656100E-6	5.156950E-1	1.962646E+1
2.332930E+2	3.128500E+2	3.705929E+1	5.142013E+0	4.734700E-7	NaN	4.734700E-6	5.166440E-1	1.964564E+1
2.363060E+2	3.131200E+2	3.702734E+1	5.136469E+0	4.812500E-7	NaN	4.812500E-6	5.174447E-1	1.965891E+1
2.392290E+2	3.134000E+2	3.699426E+1	5.148172E+0	4.890800E-7	NaN	4.890800E-6	5.178397E-1	1.965702E+1
2.422640E+2	3.136800E+2	3.696123E+1	5.180729E+0	4.974200E-7	NaN	4.974200E-6	5.183973E-1	1.966071E+1
2.451340E+2	3.139500E+2	3.692945E+1	5.223255E+0	5.055000E-7	NaN	5.055000E-6	5.188016E-1	1.965848E+1
2.480350E+2	3.142300E+2	3.689654E+1	5.283105E+0	5.137200E-7	NaN	5.137200E-6	5.191238E-1	1.965312E+1
2.508740E+2	3.144100E+2	3.687542E+1	5.367959E+0	5.220500E-7	NaN	5.220500E-6	5.192660E-1	1.964096E+1
2.537760E+2	3.146800E+2	3.684378E+1	5.408858E+0	5.308100E-7	NaN	5.308100E-6	5.194681E-1	1.963178E+1
2.567180E+2	3.149500E+2	3.681219E+1	5.395228E+0	5.393900E-7	NaN	5.393900E-6	5.197090E-1	1.962413E+1
2.597010E+2	3.152300E+2	3.677949E+1	5.384017E+0	5.483000E-7	NaN	5.483000E-6	5.198300E-1	1.961208E+1
2.626400E+2	3.155100E+2	3.674685E+1	5.382663E+0	5.573300E-7	NaN	5.573300E-6	5.199136E-1	1.959866E+1
2.655590E+2	3.157700E+2	3.671660E+1	5.390453E+0	5.664400E-7	NaN	5.664400E-6	5.199120E-1	1.958208E+1
2.684100E+2	3.160300E+2	3.668639E+1	5.392987E+0	5.753000E-7	NaN	5.753000E-6	5.198638E-1	1.956393E+1
2.715590E+2	3.163000E+2	3.665507E+1	5.391195E+0	5.851300E-7	NaN	5.851300E-6	5.198493E-1	1.954716E+1
2.745230E+2	3.165700E+2	3.662381E+1	5.375035E+0	5.948400E-7	NaN	5.948400E-6	5.198690E-1	1.953171E+1
2.774630E+2	3.168300E+2	3.659376E+1	5.376283E+0	6.043100E-7	NaN	6.043100E-6	5.200997E-1	1.952389E+1
2.803910E+2	3.170900E+2	3.656375E+1	5.381144E+0	6.136700E-7	NaN	6.136700E-6	5.203296E-1	1.951610E+1
2.834550E+2	3.173500E+2	3.653380E+1	5.396441E+0	6.240100E-7	NaN	6.240100E-6	5.205421E-1	1.950769E+1
2.865420E+2	3.176100E+2	3.650389E+1	5.421141E+0	6.342100E-7	NaN	6.342100E-6	5.208224E-1	1.950189E+1
2.895480E+2	3.178800E+2	3.647288E+1	5.372445E+0	6.442300E-7	NaN	6.442300E-6	5.211663E-1	1.949848E+1
2.925950E+2	3.181400E+2	3.644308E+1	5.333274E+0	6.546900E-7	NaN	6.546900E-6	5.214223E-1	1.949174E+1
2.957700E+2	3.184000E+2	3.641332E+1	5.290925E+0	6.656000E-7	NaN	6.656000E-6	5.216751E-1	1.948491E+1
2.987080E+2	3.186600E+2	3.638361E+1	5.245242E+0	6.754900E-7	NaN	6.754900E-6	5.219932E-1	1.948052E+1
3.017730E+2	3.189200E+2	3.635394E+1	5.221047E+0	6.866300E-7	NaN	6.866300E-6	5.221986E-1	1.947203E+1
3.046740E+2	3.191800E+2	3.632433E+1	5.195714E+0	6.969400E-7	NaN	6.969400E-6	5.223910E-1	1.946314E+1
3.077040E+2	3.194400E+2	3.629477E+1	5.186925E+0	7.081200E-7	NaN	7.081200E-6	5.225171E-1	1.945184E+1
3.105410E+2	3.197100E+2	3.626411E+1	5.172691E+0	7.187200E-7	NaN	7.187200E-6	5.226438E-1	1.944059E+1
3.136170E+2	3.199700E+2	3.623465E+1	5.187245E+0	7.302500E-7	NaN	7.302500E-6	5.226723E-1	1.942570E+1
3.166340E+2	3.202300E+2	3.620523E+1	5.199100E+0	7.418300E-7	NaN	7.418300E-6	5.229910E-1	1.942123E+1
3.196920E+2	3.204900E+2	3.617586E+1	5.214728E+0	7.536200E-7	NaN	7.536200E-6	5.232736E-1	1.941546E+1
3.226610E+2	3.207500E+2	3.614653E+1	5.221677E+0	7.651600E-7	NaN	7.651600E-6	5.235163E-1	1.940832E+1
3.255610E+2	3.210100E+2	3.611725E+1	5.223882E+0	7.768700E-7	NaN	7.768700E-6	5.237413E-1	1.940054E+1
3.286010E+2	3.212800E+2	3.608690E+1	5.240167E+0	7.894400E-7	NaN	7.894400E-6	5.239003E-1	1.939047E+1
3.316330E+2	3.215400E+2	3.605772E+1	5.256575E+0	8.018300E-7	NaN	8.018300E-6	5.240841E-1	1.938132E+1
3.347540E+2	3.218200E+2	3.602635E+1	5.254014E+0	8.151600E-7	NaN	8.151600E-6	5.242892E-1	1.937291E+1
3.378110E+2	3.220900E+2	3.599615E+1	5.259194E+0	8.280500E-7	NaN	8.280500E-6	5.245276E-1	1.936569E+1
3.409620E+2	3.223500E+2	3.596712E+1	5.258046E+0	8.419600E-7	NaN	8.419600E-6	5.247118E-1	1.935649E+1
3.437360E+2	3.226200E+2	3.593702E+1	5.247995E+0	8.542700E-7	NaN	8.542700E-6	5.249760E-1	1.935030E+1
3.467450E+2	3.229000E+2	3.590585E+1	5.254986E+0	8.681500E-7	NaN	8.681500E-6	5.250578E-1	1.933746E+1
3.497690E+2	3.231700E+2	3.587585E+1	5.290566E+0	8.824300E-7	NaN	8.824300E-6	5.250878E-1	1.932271E+1
3.526910E+2	3.234500E+2	3.584480E+1	5.318962E+0	8.962000E-7	NaN	8.962000E-6	5.251316E-1	1.930852E+1
3.558460E+2	3.237200E+2	3.581490E+1	5.357280E+0	9.120600E-7	NaN	9.120600E-6	5.250894E-1	1.929117E+1
3.588460E+2	3.240100E+2	3.578285E+1	5.374945E+0	9.265700E-7	NaN	9.265700E-6	5.254311E-1	1.928751E+1
3.619820E+2	3.242800E+2	3.575305E+1	5.404653E+0	9.425400E-7	NaN	9.425400E-6	5.256731E-1	1.928009E+1
3.649950E+2	3.245500E+2	3.572331E+1	5.423737E+0	9.576900E-7	NaN	9.576900E-6	5.259410E-1	1.927368E+1
3.682120E+2	3.248200E+2	3.569361E+1	5.439748E+0	9.743500E-7	NaN	9.743500E-6	5.262755E-1	1.926970E+1
3.713230E+2	3.250900E+2	3.566397E+1	5.429610E+0	9.907300E-7	NaN	9.907300E-6	5.265885E-1	1.926504E+1
3.743620E+2	3.253400E+2	3.563656E+1	5.412667E+0	1.006190E-6	NaN	1.006190E-5	5.269165E-1	1.926095E+1
3.774640E+2	3.256100E+2	3.560701E+1	5.376487E+0	1.022500E-6	NaN	1.022500E-5	5.272052E-1	1.925561E+1
3.804370E+2	3.258700E+2	3.557860E+1	5.319022E+0	1.038340E-6	NaN	1.038340E-5	5.275728E-1	1.925309E+1
3.836080E+2	3.261500E+2	3.554806E+1	5.277202E+0	1.055370E-6	NaN	1.055370E-5	5.278943E-1	1.924895E+1
3.867470E+2	3.264100E+2	3.551975E+1	5.246850E+0	1.072070E-6	NaN	1.072070E-5	5.282232E-1	1.924504E+1
3.898170E+2	3.266600E+2	3.549256E+1	5.207143E+0	1.088460E-6	NaN	1.088460E-5	5.285722E-1	1.924191E+1
3.927650E+2	3.269200E+2	3.546433E+1	5.174199E+0	1.104500E-6	NaN	1.104500E-5	5.289245E-1	1.923900E+1
3.958750E+2	3.271700E+2	3.543723E+1	5.142683E+0	1.121680E-6	NaN	1.121680E-5	5.292041E-1	1.923353E+1
3.988930E+2	3.274300E+2	3.540910E+1	5.122835E+0	1.138370E-6	NaN	1.138370E-5	5.294509E-1	1.922702E+1
4.018830E+2	3.276800E+2	3.538208E+1	5.106854E+0	1.155120E-6	NaN	1.155120E-5	5.299537E-1	1.922941E+1
4.047630E+2	3.279400E+2	3.535403E+1	5.098336E+0	1.171840E-6	NaN	1.171840E-5	5.304584E-1	1.923190E+1
4.078300E+2	3.282100E+2	3.532494E+1	5.098778E+0	1.189720E-6	NaN	1.189720E-5	5.309055E-1	1.923228E+1
4.108990E+2	3.284600E+2	3.529806E+1	5.109453E+0	1.207740E-6	NaN	1.207740E-5	5.312979E-1	1.923064E+1
4.137390E+2	3.287200E+2	3.527014E+1	5.102161E+0	1.224920E-6	NaN	1.224920E-5	5.316958E-1	1.922924E+1
4.166870E+2	3.289700E+2	3.524334E+1	5.112608E+0	1.242750E-6	NaN	1.242750E-5	5.320413E-1	1.922596E+1
4.197190E+2	3.292300E+2	3.521550E+1	5.125788E+0	1.261700E-6	NaN	1.261700E-5	5.323606E-1	1.922182E+1
4.226710E+2	3.294900E+2	3.518771E+1	5.147889E+0	1.280510E-6	NaN	1.280510E-5	5.326151E-1	1.921545E+1
4.256250E+2	3.297500E+2	3.515997E+1	5.169294E+0	1.299510E-6	NaN	1.299510E-5	5.328307E-1	1.920777E+1
4.287910E+2	3.300200E+2	3.513120E+1	5.183840E+0	1.320370E-6	NaN	1.320370E-5	5.329957E-1	1.919832E+1
4.317430E+2	3.302900E+2	3.510249E+1	5.201177E+0	1.340050E-6	NaN	1.340050E-5	5.331102E-1	1.918715E+1
4.346660E+2	3.305600E+2	3.507381E+1	5.214640E+0	1.359750E-6	NaN	1.359750E-5	5.334739E-1	1.918449E+1
4.376000E+2	3.308200E+2	3.504625E+1	5.237894E+0	1.380360E-6	NaN	1.380360E-5	5.337935E-1	1.918021E+1
4.405690E+2	3.310900E+2	3.501767E+1	5.253027E+0	1.400700E-6	NaN	1.400700E-5	5.340921E-1	1.917523E+1
4.435220E+2	3.312600E+2	3.499970E+1	5.281372E+0	1.421440E-6	NaN	1.421440E-5	5.343005E-1	1.916705E+1
4.463580E+2	3.315200E+2	3.497225E+1	5.240539E+0	1.441400E-6	NaN	1.441400E-5	5.347278E-1	1.916722E+1
4.493140E+2	3.317800E+2	3.494484E+1	5.202309E+0	1.462760E-6	NaN	1.462760E-5	5.351166E-1	1.916596E+1
4.522790E+2	3.320500E+2	3.491643E+1	5.181310E+0	1.484250E-6	NaN	1.484250E-5	5.354716E-1	1.916346E+1
4.552440E+2	3.323100E+2	3.488911E+1	5.168374E+0	1.505860E-6	NaN	1.505860E-5	5.358038E-1	1.916011E+1
4.583820E+2	3.325900E+2	3.485974E+1	5.155839E+0	1.529100E-6	NaN	1.529100E-5	5.361123E-1	1.915591E+1
4.614730E+2	3.328500E+2	3.483251E+1	5.153427E+0	1.553270E-6	NaN	1.553270E-5	5.363827E-1	1.915026E+1
4.642990E+2	3.331200E+2	3.480427E+1	5.147880E+0	1.575640E-6	NaN	1.575640E-5	5.366747E-1	1.914539E+1
4.673980E+2	3.333900E+2	3.477609E+1	5.159018E+0	1.600050E-6	NaN	1.600050E-5	5.369602E-1	1.914020E+1
4.705620E+2	3.336600E+2	3.474795E+1	5.181081E+0	1.625830E-6	NaN	1.625830E-5	5.372751E-1	1.913600E+1
4.734830E+2	3.339300E+2	3.471985E+1	5.213365E+0	1.649810E-6	NaN	1.649810E-5	5.375867E-1	1.913169E+1
4.765310E+2	3.342000E+2	3.469180E+1	5.264817E+0	1.675440E-6	NaN	1.675440E-5	5.378825E-1	1.912675E+1
4.798100E+2	3.344700E+2	3.466380E+1	5.331348E+0	1.702360E-6	NaN	1.702360E-5	5.382354E-1	1.912378E+1
4.826470E+2	3.347500E+2	3.463480E+1	5.310261E+0	1.727180E-6	NaN	1.727180E-5	5.385709E-1	1.912017E+1
4.855370E+2	3.350100E+2	3.460792E+1	5.319706E+0	1.751510E-6	NaN	1.751510E-5	5.388711E-1	1.911519E+1
4.883450E+2	3.352600E+2	3.458212E+1	5.328316E+0	1.776530E-6	NaN	1.776530E-5	5.390887E-1	1.910728E+1
4.914840E+2	3.355200E+2	3.455532E+1	5.341611E+0	1.803830E-6	NaN	1.803830E-5	5.393291E-1	1.910020E+1
4.942940E+2	3.357700E+2	3.452959E+1	5.336852E+0	1.828140E-6	NaN	1.828140E-5	5.395214E-1	1.909150E+1
4.972690E+2	3.360300E+2	3.450287E+1	5.334812E+0	1.853990E-6	NaN	1.853990E-5	5.396914E-1	1.908201E+1
5.002590E+2	3.362800E+2	3.447722E+1	5.317533E+0	1.880920E-6	NaN	1.880920E-5	5.398372E-1	1.907165E+1
5.031190E+2	3.364500E+2	3.445980E+1	5.305424E+0	1.906620E-6	NaN	1.906620E-5	5.400175E-1	1.906254E+1
5.059700E+2	3.367200E+2	3.443217E+1	5.227898E+0	1.932100E-6	NaN	1.932100E-5	5.404008E-1	1.906097E+1
5.090100E+2	3.370600E+2	3.439744E+1	5.168341E+0	1.960680E-6	NaN	1.960680E-5	5.406515E-1	1.905460E+1
5.121330E+2	3.372300E+2	3.438010E+1	5.185042E+0	1.989450E-6	NaN	1.989450E-5	5.406467E-1	1.903888E+1
5.150270E+2	3.374900E+2	3.435361E+1	5.120402E+0	2.016890E-6	NaN	2.016890E-5	5.409350E-1	1.903387E+1
5.180820E+2	3.377400E+2	3.432818E+1	5.059261E+0	2.045640E-6	NaN	2.045640E-5	5.411569E-1	1.902656E+1
5.210360E+2	3.380800E+2	3.429366E+1	5.022854E+0	2.074560E-6	NaN	2.074560E-5	5.413607E-1	1.901865E+1
5.242620E+2	3.382500E+2	3.427642E+1	5.072481E+0	2.105500E-6	NaN	2.105500E-5	5.413528E-1	1.900289E+1
5.271000E+2	3.385200E+2	3.424908E+1	5.043099E+0	2.134100E-6	NaN	2.134100E-5	5.415589E-1	1.899510E+1
5.301900E+2	3.387800E+2	3.422280E+1	5.039351E+0	2.165200E-6	NaN	2.165200E-5	5.416369E-1	1.898283E+1
5.329860E+2	3.390400E+2	3.419655E+1	5.047405E+0	2.193700E-6	NaN	2.193700E-5	5.417292E-1	1.897106E+1
5.358970E+2	3.392900E+2	3.417136E+1	5.084487E+0	2.223400E-6	NaN	2.223400E-5	5.416660E-1	1.895392E+1
5.386720E+2	3.395500E+2	3.414519E+1	5.123278E+0	2.252800E-6	NaN	2.252800E-5	5.416716E-1	1.893923E+1
5.414750E+2	3.398100E+2	3.411907E+1	5.116863E+0	2.282900E-6	NaN	2.282900E-5	5.415142E-1	1.891896E+1
5.445880E+2	3.400600E+2	3.409398E+1	5.141347E+0	2.315900E-6	NaN	2.315900E-5	5.413616E-1	1.889889E+1
5.475410E+2	3.403100E+2	3.406894E+1	5.221605E+0	2.347000E-6	NaN	2.347000E-5	5.412439E-1	1.888013E+1
5.505170E+2	3.405800E+2	3.404193E+1	5.215367E+0	2.379800E-6	NaN	2.379800E-5	5.411853E-1	1.886349E+1
5.535950E+2	3.408400E+2	3.401596E+1	5.225635E+0	2.413800E-6	NaN	2.413800E-5	5.411228E-1	1.884671E+1
5.565890E+2	3.411000E+2	3.399003E+1	5.214569E+0	2.447800E-6	NaN	2.447800E-5	5.411127E-1	1.883171E+1
5.596480E+2	3.413500E+2	3.396514E+1	5.279692E+0	2.481800E-6	NaN	2.481800E-5	5.411095E-1	1.881701E+1
5.626490E+2	3.416100E+2	3.393929E+1	5.238636E+0	2.516700E-6	NaN	2.516700E-5	5.411300E-1	1.880317E+1
5.655900E+2	3.418700E+2	3.391348E+1	5.215443E+0	2.551700E-6	NaN	2.551700E-5	5.411358E-1	1.878892E+1
5.686230E+2	3.420500E+2	3.389563E+1	5.188529E+0	2.588700E-6	NaN	2.588700E-5	5.411596E-1	1.877529E+1
5.714830E+2	3.424100E+2	3.385999E+1	5.110666E+0	2.624100E-6	NaN	2.624100E-5	5.415009E-1	1.877299E+1
5.746350E+2	3.426900E+2	3.383233E+1	5.128465E+0	2.664400E-6	NaN	2.664400E-5	5.414552E-1	1.875683E+1
5.777370E+2	3.429600E+2	3.380569E+1	5.164001E+0	2.704800E-6	NaN	2.704800E-5	5.414813E-1	1.874306E+1
5.807830E+2	3.432300E+2	3.377910E+1	5.212649E+0	2.744400E-6	NaN	2.744400E-5	5.415233E-1	1.872984E+1
5.838380E+2	3.435000E+2	3.375255E+1	5.246698E+0	2.785100E-6	NaN	2.785100E-5	5.415783E-1	1.871703E+1
5.868140E+2	3.437700E+2	3.372604E+1	5.274667E+0	2.825800E-6	NaN	2.825800E-5	5.416067E-1	1.870330E+1
5.897960E+2	3.440300E+2	3.370055E+1	5.316627E+0	2.865200E-6	NaN	2.865200E-5	5.416082E-1	1.868870E+1
5.929360E+2	3.442900E+2	3.367510E+1	5.347335E+0	2.909000E-6	NaN	2.909000E-5	5.416448E-1	1.867530E+1
5.960330E+2	3.445500E+2	3.364969E+1	5.361660E+0	2.950400E-6	NaN	2.950400E-5	5.417049E-1	1.866278E+1
5.989890E+2	3.448200E+2	3.362334E+1	5.350138E+0	2.991300E-6	NaN	2.991300E-5	5.417813E-1	1.865082E+1
6.020460E+2	3.450700E+2	3.359898E+1	5.343046E+0	3.033600E-6	NaN	3.033600E-5	5.418278E-1	1.863781E+1
6.051210E+2	3.453200E+2	3.357466E+1	5.321071E+0	3.075100E-6	NaN	3.075100E-5	5.419083E-1	1.862606E+1
6.081690E+2	3.455600E+2	3.355134E+1	5.207263E+0	3.117000E-6	NaN	3.117000E-5	5.419907E-1	1.861445E+1
6.110920E+2	3.458100E+2	3.352708E+1	5.160392E+0	3.158000E-6	NaN	3.158000E-5	5.421458E-1	1.860547E+1
6.141410E+2	3.460600E+2	3.350286E+1	5.121197E+0	3.200900E-6	NaN	3.200900E-5	5.422403E-1	1.859451E+1
6.173040E+2	3.463000E+2	3.347964E+1	5.077680E+0	3.245800E-6	NaN	3.245800E-5	5.422886E-1	1.858209E+1
6.203180E+2	3.465500E+2	3.345549E+1	5.021345E+0	3.288400E-6	NaN	3.288400E-5	5.424165E-1	1.857251E+1
6.235440E+2	3.468200E+2	3.342944E+1	4.974538E+0	3.335000E-6	NaN	3.335000E-5	5.424727E-1	1.856058E+1
6.265230E+2	3.470700E+2	3.340536E+1	4.946974E+0	3.378500E-6	NaN	3.378500E-5	5.428403E-1	1.855884E+1
6.294820E+2	3.473200E+2	3.338132E+1	4.932484E+0	3.422600E-6	NaN	3.422600E-5	5.431384E-1	1.855475E+1
6.322960E+2	3.475700E+2	3.335731E+1	4.921978E+0	3.466500E-6	NaN	3.466500E-5	5.434193E-1	1.855009E+1
6.354210E+2	3.478300E+2	3.333238E+1	4.926666E+0	3.513800E-6	NaN	3.513800E-5	5.436246E-1	1.854291E+1
6.384760E+2	3.480800E+2	3.330843E+1	4.952689E+0	3.562100E-6	NaN	3.562100E-5	5.438031E-1	1.853481E+1
6.415370E+2	3.483400E+2	3.328357E+1	4.974738E+0	3.610800E-6	NaN	3.610800E-5	5.439762E-1	1.852665E+1
6.444980E+2	3.485900E+2	3.325970E+1	4.998544E+0	3.658300E-6	NaN	3.658300E-5	5.442084E-1	1.852048E+1
6.474010E+2	3.487800E+2	3.324158E+1	5.014265E+0	3.706300E-6	NaN	3.706300E-5	5.443737E-1	1.851212E+1
6.502910E+2	3.490300E+2	3.321777E+1	4.996300E+0	3.754300E-6	NaN	3.754300E-5	5.447352E-1	1.851073E+1
6.533040E+2	3.492900E+2	3.319305E+1	4.989223E+0	3.804400E-6	NaN	3.804400E-5	5.451276E-1	1.851043E+1
6.562920E+2	3.495400E+2	3.316931E+1	4.973068E+0	3.855300E-6	NaN	3.855300E-5	5.454574E-1	1.850801E+1
6.593200E+2	3.498000E+2	3.314465E+1	4.957816E+0	3.907500E-6	NaN	3.907500E-5	5.458122E-1	1.850650E+1
6.622510E+2	3.500600E+2	3.312004E+1	4.950938E+0	3.957600E-6	NaN	3.957600E-5	5.462076E-1	1.850636E+1
6.650730E+2	3.503100E+2	3.309640E+1	4.957953E+0	4.009000E-6	NaN	4.009000E-5	5.464661E-1	1.850167E+1
6.679460E+2	3.505700E+2	3.307185E+1	4.977497E+0	4.061200E-6	NaN	4.061200E-5	5.466748E-1	1.849533E+1
6.708360E+2	3.508300E+2	3.304734E+1	5.024100E+0	4.114000E-6	NaN	4.114000E-5	5.468554E-1	1.848800E+1
6.738420E+2	3.510900E+2	3.302287E+1	5.081743E+0	4.168800E-6	NaN	4.168800E-5	5.470445E-1	1.848094E+1
6.769210E+2	3.513500E+2	3.299843E+1	5.136111E+0	4.224800E-6	NaN	4.224800E-5	5.471790E-1	1.847201E+1
6.798480E+2	3.516100E+2	3.297403E+1	5.188335E+0	4.279700E-6	NaN	4.279700E-5	5.472735E-1	1.846176E+1
6.829940E+2	3.518800E+2	3.294873E+1	5.247219E+0	4.342400E-6	NaN	4.342400E-5	5.473656E-1	1.845138E+1
6.861130E+2	3.521400E+2	3.292441E+1	5.252983E+0	4.403400E-6	NaN	4.403400E-5	5.477832E-1	1.845155E+1
6.890950E+2	3.524100E+2	3.289918E+1	5.247876E+0	4.461700E-6	NaN	4.461700E-5	5.481248E-1	1.844921E+1
6.919470E+2	3.526800E+2	3.287399E+1	5.250092E+0	4.519500E-6	NaN	4.519500E-5	5.481306E-1	1.843589E+1
6.948410E+2	3.529400E+2	3.284978E+1	5.259407E+0	4.579100E-6	NaN	4.579100E-5	5.484239E-1	1.843179E+1
6.978270E+2	3.532200E+2	3.282374E+1	5.266545E+0	4.641500E-6	NaN	4.641500E-5	5.486619E-1	1.842583E+1
7.007820E+2	3.534000E+2	3.280702E+1	5.286710E+0	4.701900E-6	NaN	4.701900E-5	5.488779E-1	1.841900E+1
7.036850E+2	3.536600E+2	3.278290E+1	5.243016E+0	4.763200E-6	NaN	4.763200E-5	5.490108E-1	1.841010E+1
7.067710E+2	3.539100E+2	3.275974E+1	5.216446E+0	4.829400E-6	NaN	4.829400E-5	5.494943E-1	1.841252E+1
7.097260E+2	3.541600E+2	3.273662E+1	5.185808E+0	4.891600E-6	NaN	4.891600E-5	5.499531E-1	1.841418E+1
7.126930E+2	3.544100E+2	3.271352E+1	5.154560E+0	4.953600E-6	NaN	4.953600E-5	5.504261E-1	1.841632E+1
7.157710E+2	3.546500E+2	3.269139E+1	5.116926E+0	5.018600E-6	NaN	5.018600E-5	5.508053E-1	1.841534E+1
7.188710E+2	3.549000E+2	3.266836E+1	5.069606E+0	5.085100E-6	NaN	5.085100E-5	5.512171E-1	1.841546E+1
7.218060E+2	3.551600E+2	3.264444E+1	5.016278E+0	5.149300E-6	NaN	5.149300E-5	5.515754E-1	1.841382E+1
7.247780E+2	3.554000E+2	3.262240E+1	4.971704E+0	5.213000E-6	NaN	5.213000E-5	5.518145E-1	1.840818E+1
7.278170E+2	3.556400E+2	3.260038E+1	4.934862E+0	5.277800E-6	NaN	5.277800E-5	5.521008E-1	1.840410E+1
7.306800E+2	3.559000E+2	3.257657E+1	4.914763E+0	5.342800E-6	NaN	5.342800E-5	5.523701E-1	1.839947E+1
7.335840E+2	3.561400E+2	3.255461E+1	4.931903E+0	5.407300E-6	NaN	5.407300E-5	5.525086E-1	1.839048E+1
7.367160E+2	3.563900E+2	3.253178E+1	4.979440E+0	5.478500E-6	NaN	5.478500E-5	5.526299E-1	1.838096E+1
7.397920E+2	3.566400E+2	3.250897E+1	4.966883E+0	5.550500E-6	NaN	5.550500E-5	5.527606E-1	1.837178E+1
7.428140E+2	3.569000E+2	3.248529E+1	4.966522E+0	5.619300E-6	NaN	5.619300E-5	5.529258E-1	1.836372E+1
7.458710E+2	3.572500E+2	3.245346E+1	4.970034E+0	5.690800E-6	NaN	5.690800E-5	5.530174E-1	1.835318E+1
7.501030E+2	3.575100E+2	3.242986E+1	5.052478E+0	5.795000E-6	NaN	5.795000E-5	5.527427E-1	1.833010E+1
7.530890E+2	3.577700E+2	3.240629E+1	5.052701E+0	5.868200E-6	NaN	5.868200E-5	5.531572E-1	1.832956E+1
7.560180E+2	3.580200E+2	3.238367E+1	5.049939E+0	5.941500E-6	NaN	5.941500E-5	5.531025E-1	1.831395E+1
7.589240E+2	3.582800E+2	3.236017E+1	5.043542E+0	6.015100E-6	NaN	6.015100E-5	5.530347E-1	1.829804E+1
7.619090E+2	3.585200E+2	3.233850E+1	5.060400E+0	6.089200E-6	NaN	6.089200E-5	5.529410E-1	1.828132E+1
7.648280E+2	3.587900E+2	3.231417E+1	5.060919E+0	6.164400E-6	NaN	6.164400E-5	5.528532E-1	1.826493E+1
7.680290E+2	3.590300E+2	3.229257E+1	5.066250E+0	6.245600E-6	NaN	6.245600E-5	5.526862E-1	1.824596E+1
7.710430E+2	3.592800E+2	3.227010E+1	5.062130E+0	6.322600E-6	NaN	6.322600E-5	5.525883E-1	1.822943E+1
7.741940E+2	3.595300E+2	3.224766E+1	5.053393E+0	6.405100E-6	NaN	6.405100E-5	5.524595E-1	1.821197E+1
7.771520E+2	3.597700E+2	3.222614E+1	5.022945E+0	6.485800E-6	NaN	6.485800E-5	5.524465E-1	1.819839E+1
7.802780E+2	3.600200E+2	3.220377E+1	4.978983E+0	6.568400E-6	NaN	6.568400E-5	5.524820E-1	1.818651E+1
7.831260E+2	3.602700E+2	3.218142E+1	4.930524E+0	6.646300E-6	NaN	6.646300E-5	5.524778E-1	1.817345E+1
7.861830E+2	3.605300E+2	3.215821E+1	4.980134E+0	6.730300E-6	NaN	6.730300E-5	5.524724E-1	1.816036E+1
7.890880E+2	3.608000E+2	3.213415E+1	4.960695E+0	6.812100E-6	NaN	6.812100E-5	5.524571E-1	1.814694E+1
7.919170E+2	3.610700E+2	3.211012E+1	4.970523E+0	6.893800E-6	NaN	6.893800E-5	5.524037E-1	1.813218E+1
7.948070E+2	3.613300E+2	3.208701E+1	5.006998E+0	6.979400E-6	NaN	6.979400E-5	5.522357E-1	1.811361E+1
7.978740E+2	3.616000E+2	3.206305E+1	5.066463E+0	7.073500E-6	NaN	7.073500E-5	5.520511E-1	1.809451E+1
8.007670E+2	3.617700E+2	3.204799E+1	5.121751E+0	7.162400E-6	NaN	7.162400E-5	5.519629E-1	1.807850E+1
8.036630E+2	3.620400E+2	3.202409E+1	5.136895E+0	7.253900E-6	NaN	7.253900E-5	5.521468E-1	1.807176E+1
8.066100E+2	3.623100E+2	3.200022E+1	5.151053E+0	7.347300E-6	NaN	7.347300E-5	5.522717E-1	1.806309E+1
8.096160E+2	3.625700E+2	3.197727E+1	5.177562E+0	7.441700E-6	NaN	7.441700E-5	5.523437E-1	1.805265E+1
8.125640E+2	3.628500E+2	3.195260E+1	5.189657E+0	7.539000E-6	NaN	7.539000E-5	5.523977E-1	1.804162E+1
8.155700E+2	3.631100E+2	3.192972E+1	5.210118E+0	7.634900E-6	NaN	7.634900E-5	5.523673E-1	1.802776E+1
8.184860E+2	3.633600E+2	3.190775E+1	5.209159E+0	7.728100E-6	NaN	7.728100E-5	5.523185E-1	1.801334E+1
8.215100E+2	3.636100E+2	3.188581E+1	5.204465E+0	7.824800E-6	NaN	7.824800E-5	5.522978E-1	1.799987E+1
8.246550E+2	3.638500E+2	3.186478E+1	5.182277E+0	7.924400E-6	NaN	7.924400E-5	5.522858E-1	1.798675E+1
8.276020E+2	3.640900E+2	3.184377E+1	5.148847E+0	8.020300E-6	NaN	8.020300E-5	5.523335E-1	1.797566E+1
8.304780E+2	3.643400E+2	3.182192E+1	5.130915E+0	8.109600E-6	NaN	8.109600E-5	5.526284E-1	1.797240E+1
8.333950E+2	3.645800E+2	3.180098E+1	5.132599E+0	8.203700E-6	NaN	8.203700E-5	5.528351E-1	1.796625E+1
8.363170E+2	3.648500E+2	3.177744E+1	5.139597E+0	8.296800E-6	NaN	8.296800E-5	5.530128E-1	1.795922E+1
8.393190E+2	3.650900E+2	3.175655E+1	5.099775E+0	8.392600E-6	NaN	8.392600E-5	5.530867E-1	1.794872E+1
8.424110E+2	3.653300E+2	3.173569E+1	5.061606E+0	8.494400E-6	NaN	8.494400E-5	5.531502E-1	1.793794E+1
8.454650E+2	3.655700E+2	3.171486E+1	5.020801E+0	8.595800E-6	NaN	8.595800E-5	5.531926E-1	1.792657E+1
8.483910E+2	3.658100E+2	3.169405E+1	4.972348E+0	8.694000E-6	NaN	8.694000E-5	5.532513E-1	1.791577E+1
8.512900E+2	3.660600E+2	3.167240E+1	4.950681E+0	8.792300E-6	NaN	8.792300E-5	5.532554E-1	1.790325E+1
8.544050E+2	3.663000E+2	3.165165E+1	4.947817E+0	8.898500E-6	NaN	8.898500E-5	5.531625E-1	1.788764E+1
8.573270E+2	3.665500E+2	3.163006E+1	4.939949E+0	9.003300E-6	NaN	9.003300E-5	5.530857E-1	1.787262E+1
8.604020E+2	3.668200E+2	3.160678E+1	4.942812E+0	9.113300E-6	NaN	9.113300E-5	5.529796E-1	1.785669E+1
8.633180E+2	3.670000E+2	3.159128E+1	4.942749E+0	9.219500E-6	NaN	9.219500E-5	5.527774E-1	1.783763E+1
8.662830E+2	3.672500E+2	3.156978E+1	4.890292E+0	9.325200E-6	NaN	9.325200E-5	5.528282E-1	1.782705E+1
8.691730E+2	3.675000E+2	3.154830E+1	4.858632E+0	9.433300E-6	NaN	9.433300E-5	5.528771E-1	1.781642E+1
8.721350E+2	3.677600E+2	3.152600E+1	4.841081E+0	9.546400E-6	NaN	9.546400E-5	5.528383E-1	1.780303E+1
8.750090E+2	3.680100E+2	3.150458E+1	4.866314E+0	9.655000E-6	NaN	9.655000E-5	5.526859E-1	1.778603E+1
8.780330E+2	3.682600E+2	3.148319E+1	4.900932E+0	9.773100E-6	NaN	9.773100E-5	5.524674E-1	1.776694E+1
8.809150E+2	3.685100E+2	3.146183E+1	4.925950E+0	9.885300E-6	NaN	9.885300E-5	5.522015E-1	1.774646E+1
8.838030E+2	3.687800E+2	3.143880E+1	4.950730E+0	9.999800E-6	NaN	9.999800E-5	5.521771E-1	1.773346E+1
8.868000E+2	3.690300E+2	3.141750E+1	4.996878E+0	1.011930E-5	NaN	1.011930E-4	5.520378E-1	1.771672E+1
8.897080E+2	3.692800E+2	3.139623E+1	5.049075E+0	1.023510E-5	NaN	1.023510E-4	5.519857E-1	1.770277E+1
8.926570E+2	3.695300E+2	3.137499E+1	5.087495E+0	1.035620E-5	NaN	1.035620E-4	5.519128E-1	1.768814E+1
8.956440E+2	3.697800E+2	3.135378E+1	5.130162E+0	1.047870E-5	NaN	1.047870E-4	5.518343E-1	1.767333E+1
8.987860E+2	3.700300E+2	3.133259E+1	5.180750E+0	1.060690E-5	NaN	1.060690E-4	5.518260E-1	1.766071E+1
9.016800E+2	3.702900E+2	3.131059E+1	5.159550E+0	1.072990E-5	NaN	1.072990E-4	5.518922E-1	1.765046E+1
9.046290E+2	3.705600E+2	3.128778E+1	5.145693E+0	1.085750E-5	NaN	1.085750E-4	5.518682E-1	1.763732E+1
9.076670E+2	3.707500E+2	3.127175E+1	5.146664E+0	1.098980E-5	NaN	1.098980E-4	5.518028E-1	1.762274E+1
9.105390E+2	3.710100E+2	3.124983E+1	5.095270E+0	1.111780E-5	NaN	1.111780E-4	5.519986E-1	1.761668E+1
9.135360E+2	3.712800E+2	3.122711E+1	5.066156E+0	1.125380E-5	NaN	1.125380E-4	5.520864E-1	1.760714E+1
9.163620E+2	3.715400E+2	3.120525E+1	5.045490E+0	1.138560E-5	NaN	1.138560E-4	5.521362E-1	1.759627E+1
9.192800E+2	3.718100E+2	3.118259E+1	5.044112E+0	1.152320E-5	NaN	1.152320E-4	5.521932E-1	1.758556E+1
9.223950E+2	3.720600E+2	3.116164E+1	5.079717E+0	1.166880E-5	NaN	1.166880E-4	5.522534E-1	1.757484E+1
9.253960E+2	3.723200E+2	3.113988E+1	5.097839E+0	1.180840E-5	NaN	1.180840E-4	5.523313E-1	1.756472E+1
9.281600E+2	3.725700E+2	3.111898E+1	5.121824E+0	1.193940E-5	NaN	1.193940E-4	5.520080E-1	1.754225E+1
9.310810E+2	3.728400E+2	3.109645E+1	5.156117E+0	1.207540E-5	NaN	1.207540E-4	5.520408E-1	1.753105E+1
9.340110E+2	3.730000E+2	3.108311E+1	5.200952E+0	1.221120E-5	NaN	1.221120E-4	5.519558E-1	1.751608E+1
9.368980E+2	3.733300E+2	3.105563E+1	5.153289E+0	1.234420E-5	NaN	1.234420E-4	5.521526E-1	1.751041E+1
9.399840E+2	3.734900E+2	3.104233E+1	5.188321E+0	1.249390E-5	NaN	1.249390E-4	5.519673E-1	1.749236E+1
9.429630E+2	3.737300E+2	3.102240E+1	5.153987E+0	1.263050E-5	NaN	1.263050E-4	5.521594E-1	1.748658E+1
9.457410E+2	3.739900E+2	3.100083E+1	5.056650E+0	1.276690E-5	NaN	1.276690E-4	5.522416E-1	1.747743E+1
9.488350E+2	3.742300E+2	3.098095E+1	4.995871E+0	1.291440E-5	NaN	1.291440E-4	5.523198E-1	1.746804E+1
9.517330E+2	3.744700E+2	3.096109E+1	4.933298E+0	1.305260E-5	NaN	1.305260E-4	5.524196E-1	1.745937E+1
9.547150E+2	3.747200E+2	3.094044E+1	4.890829E+0	1.319150E-5	NaN	1.319150E-4	5.525360E-1	1.745124E+1
9.575450E+2	3.749700E+2	3.091981E+1	4.876939E+0	1.332940E-5	NaN	1.332940E-4	5.526398E-1	1.744262E+1
9.606460E+2	3.752100E+2	3.090003E+1	4.871649E+0	1.347630E-5	NaN	1.347630E-4	5.526936E-1	1.743240E+1
9.635070E+2	3.754500E+2	3.088028E+1	4.864454E+0	1.362650E-5	NaN	1.362650E-4	5.527095E-1	1.742101E+1
9.666900E+2	3.757000E+2	3.085973E+1	4.882715E+0	1.378450E-5	NaN	1.378450E-4	5.527197E-1	1.740950E+1
9.695810E+2	3.759400E+2	3.084003E+1	4.923117E+0	1.393230E-5	NaN	1.393230E-4	5.526458E-1	1.739543E+1
9.725560E+2	3.761900E+2	3.081953E+1	4.900355E+0	1.408930E-5	NaN	1.408930E-4	5.524428E-1	1.737742E+1
9.754090E+2	3.764300E+2	3.079988E+1	4.965003E+0	1.423990E-5	NaN	1.423990E-4	5.521904E-1	1.735791E+1
9.783210E+2	3.766200E+2	3.078434E+1	4.957625E+0	1.439290E-5	NaN	1.439290E-4	5.519274E-1	1.733817E+1
9.813090E+2	3.768700E+2	3.076392E+1	4.903664E+0	1.455780E-5	NaN	1.455780E-4	5.521584E-1	1.733383E+1
9.842280E+2	3.771200E+2	3.074353E+1	4.884203E+0	1.472210E-5	NaN	1.472210E-4	5.523579E-1	1.732854E+1
9.872610E+2	3.773800E+2	3.072235E+1	4.865599E+0	1.488850E-5	NaN	1.488850E-4	5.525222E-1	1.732219E+1
9.902220E+2	3.776300E+2	3.070201E+1	4.859667E+0	1.505600E-5	NaN	1.505600E-4	5.526574E-1	1.731491E+1
9.930320E+2	3.778900E+2	3.068089E+1	4.864907E+0	1.522010E-5	NaN	1.522010E-4	5.527360E-1	1.730595E+1
9.962460E+2	3.781500E+2	3.065979E+1	4.909789E+0	1.540460E-5	NaN	1.540460E-4	5.527487E-1	1.729492E+1
9.992280E+2	3.784000E+2	3.063953E+1	4.937751E+0	1.558130E-5	NaN	1.558130E-4	5.527920E-1	1.728484E+1
1.002314E+3	3.786400E+2	3.062011E+1	4.972030E+0	1.576130E-5	NaN	1.576130E-4	5.528771E-1	1.727607E+1
1.005234E+3	3.789100E+2	3.059830E+1	4.982320E+0	1.593570E-5	NaN	1.593570E-4	5.531060E-1	1.727179E+1
1.008323E+3	3.791600E+2	3.057812E+1	5.016411E+0	1.611350E-5	NaN	1.611350E-4	5.532894E-1	1.726597E+1
1.011239E+3	3.794200E+2	3.055717E+1	5.046290E+0	1.628950E-5	NaN	1.628950E-4	5.533907E-1	1.725761E+1
1.014241E+3	3.796600E+2	3.053785E+1	5.092708E+0	1.647700E-5	NaN	1.647700E-4	5.534349E-1	1.724742E+1
1.017141E+3	3.799200E+2	3.051695E+1	5.083132E+0	1.665980E-5	NaN	1.665980E-4	5.534003E-1	1.723492E+1
1.020253E+3	3.801900E+2	3.049528E+1	5.082137E+0	1.686330E-5	NaN	1.686330E-4	5.533167E-1	1.722085E+1
1.023113E+3	3.804500E+2	3.047444E+1	5.086488E+0	1.704950E-5	NaN	1.704950E-4	5.532879E-1	1.720841E+1
1.026020E+3	3.807100E+2	3.045363E+1	5.104582E+0	1.724910E-5	NaN	1.724910E-4	5.532453E-1	1.719550E+1
1.028872E+3	3.809000E+2	3.043844E+1	5.127904E+0	1.743270E-5	NaN	1.743270E-4	5.532036E-1	1.718259E+1
1.031745E+3	3.811600E+2	3.041767E+1	5.125834E+0	1.762800E-5	NaN	1.762800E-4	5.532760E-1	1.717347E+1
1.034539E+3	3.814100E+2	3.039773E+1	5.128600E+0	1.781560E-5	NaN	1.781560E-4	5.533608E-1	1.716468E+1
1.037482E+3	3.816700E+2	3.037703E+1	5.139030E+0	1.801020E-5	NaN	1.801020E-4	5.533885E-1	1.715412E+1
1.040303E+3	3.819200E+2	3.035714E+1	5.134985E+0	1.819410E-5	NaN	1.819410E-4	5.533058E-1	1.714019E+1
1.043176E+3	3.821600E+2	3.033808E+1	5.153765E+0	1.838730E-5	NaN	1.838730E-4	5.534077E-1	1.713171E+1
1.046048E+3	3.824000E+2	3.031904E+1	5.153187E+0	1.857830E-5	NaN	1.857830E-4	5.534773E-1	1.712228E+1
1.048955E+3	3.826400E+2	3.030002E+1	5.155477E+0	1.877010E-5	NaN	1.877010E-4	5.535081E-1	1.711168E+1
1.051989E+3	3.828200E+2	3.028577E+1	5.134322E+0	1.897050E-5	NaN	1.897050E-4	5.534895E-1	1.709963E+1
1.054883E+3	3.830600E+2	3.026680E+1	5.058448E+0	1.916250E-5	NaN	1.916250E-4	5.536489E-1	1.709332E+1
1.057676E+3	3.832900E+2	3.024864E+1	4.992630E+0	1.935520E-5	NaN	1.935520E-4	5.538000E-1	1.708677E+1
1.060742E+3	3.835400E+2	3.022892E+1	4.947923E+0	1.956880E-5	NaN	1.956880E-4	5.539133E-1	1.707909E+1
1.063559E+3	3.837900E+2	3.020923E+1	4.921536E+0	1.976380E-5	NaN	1.976380E-4	5.539255E-1	1.706837E+1
1.066312E+3	3.840300E+2	3.019035E+1	4.872185E+0	1.995280E-5	NaN	1.995280E-4	5.538623E-1	1.705531E+1
1.069116E+3	3.842800E+2	3.017071E+1	4.850345E+0	2.015410E-5	NaN	2.015410E-4	5.536887E-1	1.703887E+1
1.072174E+3	3.844400E+2	3.015815E+1	4.858356E+0	2.037560E-5	NaN	2.037560E-4	5.534474E-1	1.702034E+1
1.075050E+3	3.846900E+2	3.013855E+1	4.807173E+0	2.058220E-5	NaN	2.058220E-4	5.535265E-1	1.701199E+1
1.078051E+3	3.849500E+2	3.011820E+1	4.795592E+0	2.080610E-5	NaN	2.080610E-4	5.535744E-1	1.700264E+1
1.080942E+3	3.852000E+2	3.009865E+1	4.810933E+0	2.101500E-5	NaN	2.101500E-4	5.535255E-1	1.699030E+1
1.083876E+3	3.854600E+2	3.007835E+1	4.850961E+0	2.122800E-5	NaN	2.122800E-4	5.533342E-1	1.697367E+1
1.086869E+3	3.857100E+2	3.005885E+1	4.917049E+0	2.146400E-5	NaN	2.146400E-4	5.533231E-1	1.696227E+1
1.089745E+3	3.859600E+2	3.003938E+1	4.928114E+0	2.168200E-5	NaN	2.168200E-4	5.532914E-1	1.695028E+1
1.092659E+3	3.862200E+2	3.001916E+1	4.948499E+0	2.191800E-5	NaN	2.191800E-4	5.531720E-1	1.693566E+1
1.095538E+3	3.864700E+2	2.999974E+1	4.980447E+0	2.214300E-5	NaN	2.214300E-4	5.529870E-1	1.691905E+1
1.098477E+3	3.867400E+2	2.997880E+1	5.012884E+0	2.237800E-5	NaN	2.237800E-4	5.527158E-1	1.689988E+1
1.101493E+3	3.869100E+2	2.996563E+1	5.074544E+0	2.261600E-5	NaN	2.261600E-4	5.524459E-1	1.688070E+1
1.104339E+3	3.871600E+2	2.994628E+1	5.076320E+0	2.284800E-5	NaN	2.284800E-4	5.524421E-1	1.686999E+1
1.107272E+3	3.874000E+2	2.992772E+1	5.111724E+0	2.308600E-5	NaN	2.308600E-4	5.523511E-1	1.685663E+1
1.110280E+3	3.876400E+2	2.990919E+1	5.062614E+0	2.333100E-5	NaN	2.333100E-4	5.521687E-1	1.684061E+1
1.113220E+3	3.878900E+2	2.988992E+1	5.009450E+0	2.357100E-5	NaN	2.357100E-4	5.523380E-1	1.683502E+1
1.116164E+3	3.881400E+2	2.987067E+1	4.967658E+0	2.380400E-5	NaN	2.380400E-4	5.520973E-1	1.681725E+1
1.119036E+3	3.883900E+2	2.985144E+1	4.936734E+0	2.404800E-5	NaN	2.404800E-4	5.521935E-1	1.680939E+1
1.122142E+3	3.886400E+2	2.983224E+1	4.927901E+0	2.430700E-5	NaN	2.430700E-4	5.522505E-1	1.680030E+1
1.125166E+3	3.889100E+2	2.981152E+1	4.913130E+0	2.456700E-5	NaN	2.456700E-4	5.522208E-1	1.678863E+1
1.128411E+3	3.891700E+2	2.979161E+1	4.923525E+0	2.484900E-5	NaN	2.484900E-4	5.521734E-1	1.677632E+1
1.131383E+3	3.894300E+2	2.977172E+1	4.941936E+0	2.512400E-5	NaN	2.512400E-4	5.521396E-1	1.676439E+1
1.134497E+3	3.897000E+2	2.975109E+1	4.982778E+0	2.541000E-5	NaN	2.541000E-4	5.520400E-1	1.675047E+1
1.137558E+3	3.899600E+2	2.973125E+1	5.057452E+0	2.570200E-5	NaN	2.570200E-4	5.518489E-1	1.673376E+1
1.140551E+3	3.902200E+2	2.971144E+1	5.067649E+0	2.598400E-5	NaN	2.598400E-4	5.517010E-1	1.671833E+1
1.143586E+3	3.904800E+2	2.969166E+1	5.091153E+0	2.628000E-5	NaN	2.628000E-4	5.515654E-1	1.670325E+1
1.146496E+3	3.907400E+2	2.967190E+1	5.110168E+0	2.655200E-5	NaN	2.655200E-4	5.514798E-1	1.668970E+1
1.149511E+3	3.910100E+2	2.965142E+1	5.125585E+0	2.685500E-5	NaN	2.685500E-4	5.513221E-1	1.667393E+1
1.152526E+3	3.912700E+2	2.963171E+1	5.148459E+0	2.714400E-5	NaN	2.714400E-4	5.511575E-1	1.665795E+1
1.155312E+3	3.915200E+2	2.961279E+1	5.169232E+0	2.741400E-5	NaN	2.741400E-4	5.509580E-1	1.664090E+1
1.158509E+3	3.917600E+2	2.959465E+1	5.200534E+0	2.771600E-5	NaN	2.771600E-4	5.508990E-1	1.662791E+1
1.161601E+3	3.920100E+2	2.957578E+1	5.188496E+0	2.800700E-5	NaN	2.800700E-4	5.509380E-1	1.661794E+1
1.164624E+3	3.922600E+2	2.955693E+1	5.174187E+0	2.829500E-5	NaN	2.829500E-4	5.509808E-1	1.660812E+1
1.167687E+3	3.924900E+2	2.953961E+1	5.139289E+0	2.858600E-5	NaN	2.858600E-4	5.509725E-1	1.659681E+1
1.170521E+3	3.927300E+2	2.952155E+1	5.085971E+0	2.884900E-5	NaN	2.884900E-4	5.510214E-1	1.658732E+1
1.173581E+3	3.929800E+2	2.950277E+1	5.040765E+0	2.913500E-5	NaN	2.913500E-4	5.509293E-1	1.657368E+1
1.176528E+3	3.932300E+2	2.948402E+1	4.992207E+0	2.941400E-5	NaN	2.941400E-4	5.508321E-1	1.655993E+1
1.179471E+3	3.934600E+2	2.946678E+1	4.954178E+0	2.970500E-5	NaN	2.970500E-4	5.506886E-1	1.654480E+1
1.182351E+3	3.937000E+2	2.944882E+1	4.909314E+0	2.999000E-5	NaN	2.999000E-4	5.506490E-1	1.653285E+1
1.185314E+3	3.939400E+2	2.943088E+1	4.881187E+0	3.027400E-5	NaN	3.027400E-4	5.504933E-1	1.651755E+1
1.188454E+3	3.941900E+2	2.941221E+1	4.868571E+0	3.058400E-5	NaN	3.058400E-4	5.502994E-1	1.650116E+1
1.191425E+3	3.944400E+2	2.939357E+1	4.862783E+0	3.089200E-5	NaN	3.089200E-4	5.500403E-1	1.648289E+1
1.194372E+3	3.946900E+2	2.937495E+1	4.885415E+0	3.119600E-5	NaN	3.119600E-4	5.498335E-1	1.646620E+1
1.197429E+3	3.949600E+2	2.935487E+1	4.899989E+0	3.152500E-5	NaN	3.152500E-4	5.495496E-1	1.644726E+1
1.200413E+3	3.952100E+2	2.933630E+1	4.927965E+0	3.184100E-5	NaN	3.184100E-4	5.492402E-1	1.642762E+1
1.203349E+3	3.954700E+2	2.931702E+1	4.960150E+0	3.215200E-5	NaN	3.215200E-4	5.488725E-1	1.640633E+1
1.206416E+3	3.956400E+2	2.930442E+1	4.985530E+0	3.249500E-5	NaN	3.249500E-4	5.484504E-1	1.638346E+1
1.209422E+3	3.959800E+2	2.927926E+1	4.946926E+0	3.282000E-5	NaN	3.282000E-4	5.485465E-1	1.637620E+1
1.212534E+3	3.962300E+2	2.926078E+1	4.984531E+0	3.318000E-5	NaN	3.318000E-4	5.482890E-1	1.635814E+1
1.215647E+3	3.964800E+2	2.924233E+1	5.016862E+0	3.352900E-5	NaN	3.352900E-4	5.480755E-1	1.634148E+1
1.218867E+3	3.967300E+2	2.922391E+1	5.027998E+0	3.389800E-5	NaN	3.389800E-4	5.478530E-1	1.632466E+1
1.221914E+3	3.969900E+2	2.920477E+1	5.024132E+0	3.424300E-5	NaN	3.424300E-4	5.476392E-1	1.630819E+1
1.225267E+3	3.972400E+2	2.918639E+1	5.020674E+0	3.462400E-5	NaN	3.462400E-4	5.474011E-1	1.629099E+1
1.228308E+3	3.974900E+2	2.916803E+1	4.984296E+0	3.500000E-5	NaN	3.500000E-4	5.472370E-1	1.627606E+1
1.231452E+3	3.978200E+2	2.914383E+1	4.950848E+0	3.536300E-5	NaN	3.536300E-4	5.471177E-1	1.626250E+1
1.234763E+3	3.980700E+2	2.912553E+1	4.975904E+0	3.575900E-5	NaN	3.575900E-4	5.469862E-1	1.624814E+1
1.238034E+3	3.983200E+2	2.910725E+1	4.989078E+0	3.614700E-5	NaN	3.614700E-4	5.469296E-1	1.623606E+1
1.240992E+3	3.985900E+2	2.908753E+1	4.986516E+0	3.648900E-5	NaN	3.648900E-4	5.469489E-1	1.622623E+1
1.244051E+3	3.988500E+2	2.906857E+1	5.017556E+0	3.687100E-5	NaN	3.687100E-4	5.468664E-1	1.621337E+1
1.247215E+3	3.991400E+2	2.904745E+1	4.981382E+0	3.727800E-5	NaN	3.727800E-4	5.467152E-1	1.619851E+1
1.250222E+3	3.994000E+2	2.902854E+1	5.031194E+0	3.767500E-5	NaN	3.767500E-4	5.464433E-1	1.618001E+1
1.253453E+3	3.996600E+2	2.900966E+1	5.078670E+0	3.810400E-5	NaN	3.810400E-4	5.461312E-1	1.616039E+1
1.256420E+3	3.999300E+2	2.899007E+1	5.107823E+0	3.848900E-5	NaN	3.848900E-4	5.462641E-1	1.615367E+1
1.259534E+3	4.001800E+2	2.897196E+1	5.133950E+0	3.888100E-5	NaN	3.888100E-4	5.462900E-1	1.614376E+1
1.262700E+3	4.004400E+2	2.895315E+1	5.149648E+0	3.932200E-5	NaN	3.932200E-4	5.463137E-1	1.613388E+1
1.265837E+3	4.006800E+2	2.893581E+1	5.128580E+0	3.973700E-5	NaN	3.973700E-4	5.463650E-1	1.612486E+1
1.268783E+3	4.009500E+2	2.891632E+1	5.077500E+0	4.011300E-5	NaN	4.011300E-4	5.464122E-1	1.611585E+1
1.271810E+3	4.011800E+2	2.889975E+1	5.096558E+0	4.049900E-5	NaN	4.049900E-4	5.463818E-1	1.610451E+1
1.274875E+3	4.014200E+2	2.888247E+1	5.073243E+0	4.090600E-5	NaN	4.090600E-4	5.463452E-1	1.609311E+1
1.277759E+3	4.016600E+2	2.886521E+1	5.015265E+0	4.126500E-5	NaN	4.126500E-4	5.463302E-1	1.608246E+1
1.281022E+3	4.019000E+2	2.884797E+1	4.973487E+0	4.167400E-5	NaN	4.167400E-4	5.462120E-1	1.606883E+1
1.284014E+3	4.022200E+2	2.882502E+1	4.910852E+0	4.206500E-5	NaN	4.206500E-4	5.460454E-1	1.605393E+1
1.287190E+3	4.024600E+2	2.880783E+1	4.929006E+0	4.247200E-5	NaN	4.247200E-4	5.458939E-1	1.603900E+1
1.290289E+3	4.027100E+2	2.878995E+1	4.935348E+0	4.288600E-5	NaN	4.288600E-4	5.457376E-1	1.602401E+1
1.293562E+3	4.029500E+2	2.877280E+1	4.930268E+0	4.331500E-5	NaN	4.331500E-4	5.456013E-1	1.600961E+1
1.296561E+3	4.032100E+2	2.875425E+1	4.923344E+0	4.275100E-5	NaN	4.275100E-4	5.455611E-1	1.599806E+1
1.299575E+3	4.034500E+2	2.873714E+1	4.925931E+0	4.316100E-5	NaN	4.316100E-4	5.435021E-1	1.592698E+1
1.302703E+3	4.037000E+2	2.871935E+1	4.924314E+0	4.358900E-5	NaN	4.358900E-4	5.414689E-1	1.585684E+1
1.305471E+3	4.039600E+2	2.870086E+1	4.904678E+0	4.395400E-5	NaN	4.395400E-4	5.394850E-1	1.578827E+1
1.308536E+3	4.042100E+2	2.868311E+1	4.934752E+0	4.434800E-5	NaN	4.434800E-4	5.374312E-1	1.571773E+1
1.311504E+3	4.044600E+2	2.866538E+1	4.947842E+0	4.474800E-5	NaN	4.474800E-4	5.353202E-1	1.564569E+1
1.314447E+3	4.047400E+2	2.864555E+1	4.953405E+0	4.518300E-5	NaN	4.518300E-4	5.332672E-1	1.557549E+1
1.317483E+3	4.049900E+2	2.862787E+1	4.986237E+0	4.561800E-5	NaN	4.561800E-4	5.311982E-1	1.550489E+1
1.320522E+3	4.051600E+2	2.861586E+1	4.985402E+0	4.606600E-5	NaN	4.606600E-4	5.292088E-1	1.543679E+1
1.323335E+3	4.054100E+2	2.859821E+1	4.978833E+0	4.648000E-5	NaN	4.648000E-4	5.276328E-1	1.538114E+1
1.326357E+3	4.056600E+2	2.858058E+1	4.975769E+0	4.693000E-5	NaN	4.693000E-4	5.260765E-1	1.532616E+1
1.329293E+3	4.059900E+2	2.855735E+1	4.972276E+0	4.736600E-5	NaN	4.736600E-4	5.246419E-1	1.527484E+1
1.332517E+3	4.062400E+2	2.853978E+1	5.012369E+0	4.782900E-5	NaN	4.782900E-4	5.229427E-1	1.521569E+1
1.335516E+3	4.064100E+2	2.852784E+1	5.038831E+0	4.828800E-5	NaN	4.828800E-4	5.213585E-1	1.516006E+1
1.338402E+3	4.066700E+2	2.850960E+1	4.987873E+0	4.870300E-5	NaN	4.870300E-4	5.201124E-1	1.511462E+1
1.341419E+3	4.069200E+2	2.849209E+1	4.947995E+0	4.915300E-5	NaN	4.915300E-4	5.187808E-1	1.506674E+1
1.344475E+3	4.071700E+2	2.847459E+1	4.934154E+0	4.958000E-5	NaN	4.958000E-4	5.175869E-1	1.502289E+1
1.347462E+3	4.075100E+2	2.845084E+1	4.916974E+0	5.007100E-5	NaN	5.007100E-4	5.164086E-1	1.497954E+1
1.350692E+3	4.077700E+2	2.843269E+1	4.977228E+0	5.059900E-5	NaN	5.059900E-4	5.150486E-1	1.493075E+1
1.353773E+3	4.080400E+2	2.841388E+1	5.054466E+0	5.113500E-5	NaN	5.113500E-4	5.139005E-1	1.488811E+1
1.356864E+3	4.082100E+2	2.840205E+1	5.136683E+0	5.164100E-5	NaN	5.164100E-4	5.128059E-1	1.484705E+1
1.359690E+3	4.085000E+2	2.838188E+1	5.073112E+0	5.210600E-5	NaN	5.210600E-4	5.120474E-1	1.481603E+1
1.362691E+3	4.087600E+2	2.836383E+1	5.062961E+0	5.260000E-5	NaN	5.260000E-4	5.111333E-1	1.478045E+1
1.365679E+3	4.090200E+2	2.834580E+1	5.050343E+0	5.314000E-5	NaN	5.314000E-4	5.103017E-1	1.474722E+1
1.368685E+3	4.092800E+2	2.832780E+1	5.113126E+0	5.365300E-5	NaN	5.365300E-4	5.095633E-1	1.471670E+1
1.371717E+3	4.095300E+2	2.831050E+1	5.166078E+0	5.415000E-5	NaN	5.415000E-4	5.088539E-1	1.468701E+1
1.374753E+3	4.097700E+2	2.829392E+1	5.141859E+0	5.466900E-5	NaN	5.466900E-4	5.082088E-1	1.465922E+1
1.377706E+3	4.100200E+2	2.827667E+1	5.111069E+0	5.515700E-5	NaN	5.515700E-4	5.076739E-1	1.463467E+1
1.380628E+3	4.102600E+2	2.826013E+1	5.071977E+0	5.562800E-5	NaN	5.562800E-4	5.071403E-1	1.461018E+1
1.383648E+3	4.105100E+2	2.824292E+1	5.014894E+0	5.612400E-5	NaN	5.612400E-4	5.066043E-1	1.458570E+1
1.386644E+3	4.107500E+2	2.822642E+1	5.028948E+0	5.661200E-5	NaN	5.661200E-4	5.060912E-1	1.456191E+1
1.389594E+3	4.109800E+2	2.821062E+1	5.029115E+0	5.709000E-5	NaN	5.709000E-4	5.055565E-1	1.453757E+1
1.392614E+3	4.112200E+2	2.819415E+1	5.031355E+0	5.758000E-5	NaN	5.758000E-4	5.054090E-1	1.452414E+1
1.395580E+3	4.114600E+2	2.817771E+1	4.951321E+0	5.807700E-5	NaN	5.807700E-4	5.049873E-1	1.450313E+1
1.398740E+3	4.117000E+2	2.816128E+1	4.910707E+0	5.858500E-5	NaN	5.858500E-4	5.046952E-1	1.448584E+1
1.401729E+3	4.119400E+2	2.814488E+1	4.865528E+0	5.906000E-5	NaN	5.906000E-4	5.045073E-1	1.447155E+1
1.404843E+3	4.121900E+2	2.812781E+1	4.832488E+0	5.959700E-5	NaN	5.959700E-4	5.044194E-1	1.446009E+1
1.407746E+3	4.124600E+2	2.810939E+1	4.812909E+0	6.011800E-5	NaN	6.011800E-4	5.043824E-1	1.445010E+1
1.410491E+3	4.127100E+2	2.809237E+1	4.826851E+0	6.060500E-5	NaN	6.060500E-4	5.044347E-1	1.444256E+1
1.413424E+3	4.129700E+2	2.807468E+1	4.854495E+0	6.119800E-5	NaN	6.119800E-4	5.045650E-1	1.443719E+1
1.416406E+3	4.132200E+2	2.805769E+1	4.902852E+0	6.172400E-5	NaN	6.172400E-4	5.045685E-1	1.442839E+1
1.419416E+3	4.134800E+2	2.804005E+1	4.953378E+0	6.228900E-5	NaN	6.228900E-4	5.047285E-1	1.442402E+1
1.422405E+3	4.137300E+2	2.802311E+1	5.013059E+0	6.284300E-5	NaN	6.284300E-4	5.050407E-1	1.442393E+1
1.425398E+3	4.139900E+2	2.800551E+1	5.066515E+0	6.338300E-5	NaN	6.338300E-4	5.053127E-1	1.442273E+1
1.428474E+3	4.142400E+2	2.798861E+1	5.114077E+0	6.396100E-5	NaN	6.396100E-4	5.056197E-1	1.442249E+1
1.431576E+3	4.145100E+2	2.797037E+1	5.142114E+0	6.455300E-5	NaN	6.455300E-4	5.059933E-1	1.442423E+1
1.434523E+3	4.147600E+2	2.795352E+1	5.167860E+0	6.511400E-5	NaN	6.511400E-4	5.064560E-1	1.442846E+1
1.437551E+3	4.150100E+2	2.793668E+1	5.167848E+0	6.570000E-5	NaN	6.570000E-4	5.070954E-1	1.443769E+1
1.440459E+3	4.152600E+2	2.791986E+1	5.146644E+0	6.632600E-5	NaN	6.632600E-4	5.077865E-1	1.444843E+1
1.443510E+3	4.154100E+2	2.790978E+1	5.111364E+0	6.692300E-5	NaN	6.692300E-4	5.086599E-1	1.446432E+1
1.446509E+3	4.156600E+2	2.789299E+1	5.007541E+0	6.749100E-5	NaN	6.749100E-4	5.100546E-1	1.449526E+1
1.449340E+3	4.159000E+2	2.787689E+1	4.927652E+0	6.801700E-5	NaN	6.801700E-4	5.116130E-1	1.453072E+1
1.452300E+3	4.161600E+2	2.785948E+1	4.871978E+0	6.861400E-5	NaN	6.861400E-4	5.130917E-1	1.456391E+1
1.455569E+3	4.164300E+2	2.784141E+1	4.836021E+0	6.927100E-5	NaN	6.927100E-4	5.146874E-1	1.460024E+1
1.458535E+3	4.166900E+2	2.782404E+1	4.814276E+0	6.988900E-5	NaN	6.988900E-4	5.164533E-1	1.464122E+1
1.461487E+3	4.169600E+2	2.780602E+1	4.811896E+0	7.048500E-5	NaN	7.048500E-4	5.182414E-1	1.468269E+1
1.464680E+3	4.172200E+2	2.778870E+1	4.844589E+0	7.116100E-5	NaN	7.116100E-4	5.200980E-1	1.472589E+1
1.467604E+3	4.174900E+2	2.777073E+1	4.872938E+0	7.180400E-5	NaN	7.180400E-4	5.217917E-1	1.476460E+1
1.470616E+3	4.177600E+2	2.775278E+1	4.936682E+0	7.255000E-5	NaN	7.255000E-4	5.235720E-1	1.480559E+1
1.473623E+3	4.180100E+2	2.773618E+1	5.021612E+0	7.321000E-5	NaN	7.321000E-4	5.255385E-1	1.485173E+1
1.476645E+3	4.182700E+2	2.771894E+1	5.104397E+0	7.386200E-5	NaN	7.386200E-4	5.277022E-1	1.490331E+1
1.479591E+3	4.185400E+2	2.770106E+1	5.201242E+0	7.451900E-5	NaN	7.451900E-4	5.276318E-1	1.489214E+1
1.482575E+3	4.187900E+2	2.768452E+1	5.223638E+0	7.511300E-5	NaN	7.511300E-4	5.275563E-1	1.488075E+1
1.485557E+3	4.190300E+2	2.766866E+1	5.230186E+0	7.575600E-5	NaN	7.575600E-4	5.274556E-1	1.486866E+1
1.488611E+3	4.192600E+2	2.765348E+1	5.217435E+0	7.637600E-5	NaN	7.637600E-4	5.272340E-1	1.485326E+1
1.491512E+3	4.194900E+2	2.763832E+1	5.182288E+0	7.699000E-5	NaN	7.699000E-4	5.269819E-1	1.483708E+1
1.494652E+3	4.197200E+2	2.762318E+1	5.125107E+0	7.765000E-5	NaN	7.765000E-4	5.266908E-1	1.481989E+1
1.497678E+3	4.199600E+2	2.760739E+1	5.045469E+0	7.828300E-5	NaN	7.828300E-4	5.263701E-1	1.480202E+1
1.500657E+3	4.202000E+2	2.759162E+1	4.975350E+0	7.890300E-5	NaN	7.890300E-4	5.260467E-1	1.478413E+1
1.503460E+3	4.204400E+2	2.757587E+1	4.896201E+0	7.949500E-5	NaN	7.949500E-4	5.260203E-1	1.477436E+1
1.506453E+3	4.207000E+2	2.755883E+1	4.848032E+0	8.019200E-5	NaN	8.019200E-4	5.258848E-1	1.476153E+1
1.509505E+3	4.209500E+2	2.754246E+1	4.830424E+0	8.087200E-5	NaN	8.087200E-4	5.257667E-1	1.474916E+1
1.512347E+3	4.211200E+2	2.753134E+1	4.815663E+0	8.150800E-5	NaN	8.150800E-4	5.253370E-1	1.472830E+1
1.515109E+3	4.213800E+2	2.751436E+1	4.763705E+0	8.211700E-5	NaN	8.211700E-4	5.251393E-1	1.471417E+1
1.518110E+3	4.216400E+2	2.749739E+1	4.773566E+0	8.286100E-5	NaN	8.286100E-4	5.251229E-1	1.470482E+1
1.520976E+3	4.219000E+2	2.748045E+1	4.809782E+0	8.357100E-5	NaN	8.357100E-4	5.250158E-1	1.469294E+1
1.524085E+3	4.221600E+2	2.746352E+1	4.870786E+0	8.431300E-5	NaN	8.431300E-4	5.248730E-1	1.468002E+1
1.527033E+3	4.224100E+2	2.744727E+1	4.922641E+0	8.501000E-5	NaN	8.501000E-4	5.246705E-1	1.466541E+1
1.529882E+3	4.226800E+2	2.742973E+1	4.975380E+0	8.567300E-5	NaN	8.567300E-4	5.241707E-1	1.464277E+1
1.532716E+3	4.229400E+2	2.741287E+1	5.029853E+0	8.637900E-5	NaN	8.637900E-4	5.236215E-1	1.461872E+1
1.535792E+3	4.231900E+2	2.739668E+1	5.088190E+0	8.709800E-5	NaN	8.709800E-4	5.230762E-1	1.459483E+1
1.538920E+3	4.234400E+2	2.738050E+1	5.125108E+0	8.781900E-5	NaN	8.781900E-4	5.228843E-1	1.458056E+1
1.542015E+3	4.236800E+2	2.736499E+1	5.150499E+0	8.856800E-5	NaN	8.856800E-4	5.225177E-1	1.456157E+1
1.545093E+3	4.239100E+2	2.735015E+1	5.164128E+0	8.927600E-5	NaN	8.927600E-4	5.221925E-1	1.454381E+1
1.548169E+3	4.241500E+2	2.733467E+1	5.149518E+0	8.998900E-5	NaN	8.998900E-4	5.219712E-1	1.452903E+1
1.551219E+3	4.244000E+2	2.731857E+1	5.063685E+0	9.071900E-5	NaN	9.071900E-4	5.217619E-1	1.451465E+1
1.554274E+3	4.246500E+2	2.730248E+1	4.996644E+0	9.143200E-5	NaN	9.143200E-4	5.215443E-1	1.450005E+1
1.557380E+3	4.249700E+2	2.728193E+1	4.934619E+0	9.218600E-5	NaN	9.218600E-4	5.213677E-1	1.448656E+1
1.560592E+3	4.252200E+2	2.726589E+1	4.939295E+0	9.294100E-5	NaN	9.294100E-4	5.209395E-1	1.446591E+1
1.563584E+3	4.253800E+2	2.725563E+1	4.926887E+0	9.370700E-5	NaN	9.370700E-4	5.204944E-1	1.444482E+1
1.566415E+3	4.256400E+2	2.723898E+1	4.848726E+0	9.441500E-5	NaN	9.441500E-4	5.203387E-1	1.443203E+1
1.569429E+3	4.259100E+2	2.722171E+1	4.827097E+0	9.514700E-5	NaN	9.514700E-4	5.200820E-1	1.441639E+1
1.572543E+3	4.261800E+2	2.720447E+1	4.851341E+0	9.597600E-5	NaN	9.597600E-4	5.197271E-1	1.439794E+1
1.575431E+3	4.264700E+2	2.718597E+1	4.890574E+0	9.678800E-5	NaN	9.678800E-4	5.193511E-1	1.437886E+1
1.578221E+3	4.267500E+2	2.716813E+1	4.967400E+0	9.751100E-5	NaN	9.751100E-4	5.188707E-1	1.435678E+1
1.581140E+3	4.270200E+2	2.715095E+1	5.066178E+0	9.836700E-5	NaN	9.836700E-4	5.182390E-1	1.433044E+1
1.584149E+3	4.272900E+2	2.713380E+1	5.155693E+0	9.919600E-5	NaN	9.919600E-4	5.175610E-1	1.430280E+1
1.587111E+3	4.275400E+2	2.711793E+1	5.231825E+0	1.000210E-4	NaN	1.000210E-3	5.168688E-1	1.427477E+1
1.590123E+3	4.277900E+2	2.710208E+1	5.287833E+0	1.008850E-4	NaN	1.008850E-3	5.161133E-1	1.424512E+1
1.592924E+3	4.280400E+2	2.708625E+1	5.318026E+0	1.016580E-4	NaN	1.016580E-3	5.153326E-1	1.421485E+1
1.596058E+3	4.282000E+2	2.707613E+1	5.397368E+0	1.024710E-4	NaN	1.024710E-3	5.145665E-1	1.418505E+1
1.598805E+3	4.284500E+2	2.706033E+1	5.361876E+0	1.031610E-4	NaN	1.031610E-3	5.140618E-1	1.416276E+1
1.601910E+3	4.287600E+2	2.704077E+1	5.258391E+0	1.039710E-4	NaN	1.039710E-3	5.134125E-1	1.413652E+1
1.604941E+3	4.289800E+2	2.702690E+1	5.197147E+0	1.047420E-4	NaN	1.047420E-3	5.125483E-1	1.410425E+1
1.608046E+3	4.291400E+2	2.701682E+1	5.104363E+0	1.055100E-4	NaN	1.055100E-3	5.116640E-1	1.407159E+1
1.610986E+3	4.294500E+2	2.699732E+1	4.929027E+0	1.062520E-4	NaN	1.062520E-3	5.110330E-1	1.404616E+1
1.614066E+3	4.296900E+2	2.698224E+1	4.851837E+0	1.070150E-4	NaN	1.070150E-3	5.100816E-1	1.401185E+1
1.617190E+3	4.299300E+2	2.696718E+1	4.802588E+0	1.078470E-4	NaN	1.078470E-3	5.090740E-1	1.397606E+1
1.620249E+3	4.301800E+2	2.695151E+1	4.768992E+0	1.086690E-4	NaN	1.086690E-3	5.081044E-1	1.394140E+1
1.623102E+3	4.304500E+2	2.693460E+1	4.762717E+0	1.094700E-4	NaN	1.094700E-3	5.071836E-1	1.390812E+1
1.626297E+3	4.307100E+2	2.691834E+1	4.799587E+0	1.104060E-4	NaN	1.104060E-3	5.065283E-1	1.388182E+1
1.629267E+3	4.309700E+2	2.690210E+1	4.843437E+0	1.112350E-4	NaN	1.112350E-3	5.058982E-1	1.385622E+1
1.632244E+3	4.311400E+2	2.689150E+1	4.923787E+0	1.121050E-4	NaN	1.121050E-3	5.051528E-1	1.382745E+1
1.635203E+3	4.314000E+2	2.687529E+1	4.868177E+0	1.129920E-4	NaN	1.129920E-3	5.046462E-1	1.380548E+1
1.638022E+3	4.316600E+2	2.685910E+1	4.851133E+0	1.138350E-4	NaN	1.138350E-3	5.041435E-1	1.378364E+1
1.640787E+3	4.319100E+2	2.684356E+1	4.910710E+0	1.146440E-4	NaN	1.146440E-3	5.035709E-1	1.375991E+1
1.643805E+3	4.321700E+2	2.682741E+1	4.971373E+0	1.155510E-4	NaN	1.155510E-3	5.028523E-1	1.373226E+1
1.646691E+3	4.324300E+2	2.681128E+1	4.956711E+0	1.164020E-4	NaN	1.164020E-3	5.021874E-1	1.370610E+1
1.649753E+3	4.326800E+2	2.679578E+1	5.010284E+0	1.172680E-4	NaN	1.172680E-3	5.014338E-1	1.367758E+1
1.652624E+3	4.329300E+2	2.678031E+1	5.044649E+0	1.181100E-4	NaN	1.181100E-3	5.007789E-1	1.365181E+1
1.655614E+3	4.331600E+2	2.676609E+1	5.066265E+0	1.189790E-4	NaN	1.189790E-3	5.001384E-1	1.362645E+1
1.658610E+3	4.334100E+2	2.675065E+1	5.061437E+0	1.198310E-4	NaN	1.198310E-3	4.995449E-1	1.360249E+1
1.661554E+3	4.336500E+2	2.673585E+1	5.082606E+0	1.206510E-4	NaN	1.206510E-3	4.988818E-1	1.357671E+1
1.664606E+3	4.338900E+2	2.672106E+1	5.092909E+0	1.215670E-4	NaN	1.215670E-3	4.981244E-1	1.354843E+1
1.667660E+3	4.341300E+2	2.670629E+1	5.102698E+0	1.224220E-4	NaN	1.224220E-3	4.974471E-1	1.352237E+1
1.670531E+3	4.343900E+2	2.669030E+1	5.032719E+0	1.232620E-4	NaN	1.232620E-3	4.967916E-1	1.349691E+1
1.673577E+3	4.346500E+2	2.667434E+1	4.987083E+0	1.241250E-4	NaN	1.241250E-3	4.960672E-1	1.346953E+1
1.676604E+3	4.349100E+2	2.665839E+1	4.962839E+0	1.251140E-4	NaN	1.251140E-3	4.953519E-1	1.344235E+1
1.679813E+3	4.351900E+2	2.664124E+1	4.958466E+0	1.261800E-4	NaN	1.261800E-3	4.946725E-1	1.341614E+1
1.682696E+3	4.353600E+2	2.663083E+1	4.969821E+0	1.271510E-4	NaN	1.271510E-3	4.940005E-1	1.339009E+1
1.685584E+3	4.356400E+2	2.661372E+1	4.941548E+0	1.281030E-4	NaN	1.281030E-3	4.935523E-1	1.337032E+1
1.688481E+3	4.359100E+2	2.659723E+1	4.948737E+0	1.291330E-4	NaN	1.291330E-3	4.930246E-1	1.334836E+1
1.691388E+3	4.361900E+2	2.658016E+1	4.990944E+0	1.301050E-4	NaN	1.301050E-3	4.925144E-1	1.332687E+1
1.694445E+3	4.364600E+2	2.656372E+1	5.045897E+0	1.311330E-4	NaN	1.311330E-3	4.921541E-1	1.330916E+1
1.697341E+3	4.367200E+2	2.654790E+1	5.106603E+0	1.320870E-4	NaN	1.320870E-3	4.916696E-1	1.328811E+1
1.700318E+3	4.369700E+2	2.653271E+1	5.168496E+0	1.330830E-4	NaN	1.330830E-3	4.912007E-1	1.326750E+1
1.703128E+3	4.372100E+2	2.651815E+1	5.206616E+0	1.340140E-4	NaN	1.340140E-3	4.907590E-1	1.324767E+1
1.705918E+3	4.374500E+2	2.650360E+1	5.221508E+0	1.348660E-4	NaN	1.348660E-3	4.903561E-1	1.322894E+1
1.708987E+3	4.376900E+2	2.648907E+1	5.245054E+0	1.358340E-4	NaN	1.358340E-3	4.898986E-1	1.320877E+1
1.711957E+3	4.378400E+2	2.647999E+1	5.245576E+0	1.367120E-4	NaN	1.367120E-3	4.893560E-1	1.318642E+1
1.714915E+3	4.380700E+2	2.646609E+1	5.162753E+0	1.375940E-4	NaN	1.375940E-3	4.890133E-1	1.316972E+1
1.717808E+3	4.383000E+2	2.645220E+1	5.079850E+0	1.384890E-4	NaN	1.384890E-3	4.886612E-1	1.315281E+1
1.720748E+3	4.385500E+2	2.643712E+1	4.930061E+0	1.394890E-4	NaN	1.394890E-3	4.883045E-1	1.313581E+1
1.723750E+3	4.387900E+2	2.642266E+1	4.818843E+0	1.405130E-4	NaN	1.405130E-3	4.880217E-1	1.312076E+1
1.726659E+3	4.390400E+2	2.640762E+1	4.729174E+0	1.414170E-4	NaN	1.414170E-3	4.878381E-1	1.310835E+1
1.729728E+3	4.392900E+2	2.639259E+1	4.688899E+0	1.426800E-4	NaN	1.426800E-3	4.875982E-1	1.309438E+1
1.732511E+3	4.395400E+2	2.637758E+1	4.672754E+0	1.437150E-4	NaN	1.437150E-3	4.875450E-1	1.308544E+1
1.735305E+3	4.398000E+2	2.636198E+1	4.702504E+0	1.446790E-4	NaN	1.446790E-3	4.874755E-1	1.307604E+1
1.738341E+3	4.400500E+2	2.634701E+1	4.770177E+0	1.456590E-4	NaN	1.456590E-3	4.871028E-1	1.305865E+1
1.741392E+3	4.403100E+2	2.633145E+1	4.853635E+0	1.468250E-4	NaN	1.468250E-3	4.867001E-1	1.304047E+1
1.744417E+3	4.405900E+2	2.631471E+1	4.963037E+0	1.476990E-4	NaN	1.476990E-3	4.866923E-1	1.303261E+1
1.747482E+3	4.408500E+2	2.629919E+1	5.093216E+0	1.489600E-4	NaN	1.489600E-3	4.863861E-1	1.301669E+1
1.750373E+3	4.411100E+2	2.628369E+1	5.143286E+0	1.500220E-4	NaN	1.500220E-3	4.861101E-1	1.300164E+1
1.753410E+3	4.413600E+2	2.626881E+1	5.185694E+0	1.510840E-4	NaN	1.510840E-3	4.858207E-1	1.298625E+1
1.756421E+3	4.416100E+2	2.625393E+1	5.203218E+0	1.521320E-4	NaN	1.521320E-3	4.854501E-1	1.296881E+1
1.759307E+3	4.417700E+2	2.624443E+1	5.211260E+0	1.530860E-4	NaN	1.530860E-3	4.849087E-1	1.294692E+1
1.762325E+3	4.420100E+2	2.623018E+1	5.135572E+0	1.541850E-4	NaN	1.541850E-3	4.845841E-1	1.293107E+1
1.765348E+3	4.422500E+2	2.621594E+1	5.055827E+0	1.552220E-4	NaN	1.552220E-3	4.842836E-1	1.291596E+1
1.768212E+3	4.424900E+2	2.620172E+1	4.962772E+0	1.561820E-4	NaN	1.561820E-3	4.840169E-1	1.290177E+1
1.771157E+3	4.427500E+2	2.618634E+1	4.888475E+0	1.571600E-4	NaN	1.571600E-3	4.837673E-1	1.288805E+1
1.774312E+3	4.429900E+2	2.617215E+1	4.852526E+0	1.582300E-4	NaN	1.582300E-3	4.833807E-1	1.287066E+1
1.777357E+3	4.432300E+2	2.615798E+1	4.801584E+0	1.593020E-4	NaN	1.593020E-3	4.833306E-1	1.286203E+1
1.780291E+3	4.434700E+2	2.614382E+1	4.753811E+0	1.603490E-4	NaN	1.603490E-3	4.831731E-1	1.285058E+1
1.783383E+3	4.437200E+2	2.612909E+1	4.739043E+0	1.614270E-4	NaN	1.614270E-3	4.828042E-1	1.283369E+1
1.786506E+3	4.439700E+2	2.611438E+1	4.738748E+0	1.625300E-4	NaN	1.625300E-3	4.824672E-1	1.281758E+1
1.789467E+3	4.442400E+2	2.609851E+1	4.764910E+0	1.636770E-4	NaN	1.636770E-3	4.823806E-1	1.280791E+1
1.792553E+3	4.445200E+2	2.608207E+1	4.826793E+0	1.648880E-4	NaN	1.648880E-3	4.819605E-1	1.278950E+1
1.795617E+3	4.449000E+2	2.605979E+1	4.922085E+0	1.661190E-4	NaN	1.661190E-3	4.814684E-1	1.276912E+1
1.798807E+3	4.451800E+2	2.604340E+1	5.053929E+0	1.673820E-4	NaN	1.673820E-3	4.806670E-1	1.274024E+1
1.801751E+3	4.454600E+2	2.602703E+1	5.170882E+0	1.683200E-4	NaN	1.683200E-3	4.798517E-1	1.271100E+1
1.804747E+3	4.457300E+2	2.601126E+1	5.283933E+0	1.698080E-4	NaN	1.698080E-3	4.787092E-1	1.267311E+1
1.807895E+3	4.459800E+2	2.599668E+1	5.389821E+0	1.709570E-4	NaN	1.709570E-3	4.778067E-1	1.264166E+1
1.810871E+3	4.461500E+2	2.598678E+1	5.473160E+0	1.720520E-4	NaN	1.720520E-3	4.768613E-1	1.260919E+1
1.813758E+3	4.464000E+2	2.597222E+1	5.453623E+0	1.732230E-4	NaN	1.732230E-3	4.764238E-1	1.259019E+1
1.816837E+3	4.466400E+2	2.595827E+1	5.414855E+0	1.742220E-4	NaN	1.742220E-3	4.759977E-1	1.257154E+1
1.819830E+3	4.468700E+2	2.594491E+1	5.340714E+0	1.752790E-4	NaN	1.752790E-3	4.754518E-1	1.254980E+1
1.822638E+3	4.470900E+2	2.593214E+1	5.227122E+0	1.762990E-4	NaN	1.762990E-3	4.748474E-1	1.252660E+1
1.825567E+3	4.473200E+2	2.591881E+1	5.077943E+0	1.772690E-4	NaN	1.772690E-3	4.742477E-1	1.250364E+1
1.828577E+3	4.475500E+2	2.590549E+1	4.921184E+0	1.783240E-4	NaN	1.783240E-3	4.735287E-1	1.247762E+1
1.831481E+3	4.477800E+2	2.589218E+1	4.756638E+0	1.793720E-4	NaN	1.793720E-3	4.727845E-1	1.245101E+1
1.834504E+3	4.480200E+2	2.587831E+1	4.692116E+0	1.804630E-4	NaN	1.804630E-3	4.719804E-1	1.242290E+1
1.837496E+3	4.482700E+2	2.586388E+1	4.647760E+0	1.815820E-4	NaN	1.815820E-3	4.711972E-1	1.239534E+1
1.840498E+3	4.485400E+2	2.584831E+1	4.654826E+0	1.827830E-4	NaN	1.827830E-3	4.703338E-1	1.236571E+1
1.843355E+3	4.487100E+2	2.583851E+1	4.720765E+0	1.838630E-4	NaN	1.838630E-3	4.693744E-1	1.233353E+1
1.846092E+3	4.489800E+2	2.582298E+1	4.746247E+0	1.850490E-4	NaN	1.850490E-3	4.686331E-1	1.230726E+1
1.849087E+3	4.492400E+2	2.580803E+1	4.763523E+0	1.861480E-4	NaN	1.861480E-3	4.678028E-1	1.227862E+1
1.852026E+3	4.495100E+2	2.579253E+1	4.813034E+0	1.871560E-4	NaN	1.871560E-3	4.667770E-1	1.224488E+1
1.854847E+3	4.497700E+2	2.577762E+1	4.882217E+0	1.892350E-4	NaN	1.892350E-3	4.654878E-1	1.220424E+1
1.857757E+3	4.500300E+2	2.576273E+1	4.961637E+0	1.903020E-4	NaN	1.903020E-3	4.647063E-1	1.217704E+1
1.860643E+3	4.502900E+2	2.574785E+1	5.045129E+0	1.911590E-4	NaN	1.911590E-3	4.638250E-1	1.214727E+1
1.863572E+3	4.505300E+2	2.573414E+1	5.129844E+0	1.926530E-4	NaN	1.926530E-3	4.629875E-1	1.211844E+1
1.866647E+3	4.507900E+2	2.571929E+1	5.185367E+0	1.942070E-4	NaN	1.942070E-3	4.622580E-1	1.209259E+1
1.869360E+3	4.510300E+2	2.570561E+1	5.223293E+0	1.953040E-4	NaN	1.953040E-3	4.616975E-1	1.207124E+1
1.872449E+3	4.511900E+2	2.569649E+1	5.249752E+0	1.966190E-4	NaN	1.966190E-3	4.610072E-1	1.204660E+1
1.875382E+3	4.515100E+2	2.567828E+1	5.182462E+0	1.977740E-4	NaN	1.977740E-3	4.606165E-1	1.203005E+1
1.878531E+3	4.516600E+2	2.566975E+1	5.192964E+0	1.988240E-4	NaN	1.988240E-3	4.599216E-1	1.200546E+1
1.881507E+3	4.519000E+2	2.565612E+1	5.041476E+0	2.002330E-4	NaN	2.002330E-3	4.594249E-1	1.198626E+1
1.884450E+3	4.521400E+2	2.564250E+1	4.921676E+0	2.013580E-4	NaN	2.013580E-3	4.590274E-1	1.196968E+1
1.887496E+3	4.524800E+2	2.562323E+1	4.813749E+0	2.025300E-4	NaN	2.025300E-3	4.584956E-1	1.194963E+1
1.890660E+3	4.526500E+2	2.561361E+1	4.804502E+0	2.038520E-4	NaN	2.038520E-3	4.576608E-1	1.192149E+1
1.893565E+3	4.529900E+2	2.559438E+1	4.742943E+0	2.050460E-4	NaN	2.050460E-3	4.573065E-1	1.190585E+1
1.896650E+3	4.531600E+2	2.558478E+1	4.787668E+0	2.064340E-4	NaN	2.064340E-3	4.566164E-1	1.188125E+1
1.899485E+3	4.534300E+2	2.556955E+1	4.785691E+0	2.078000E-4	NaN	2.078000E-3	4.561996E-1	1.186393E+1
1.902437E+3	4.537100E+2	2.555377E+1	4.823222E+0	2.091690E-4	NaN	2.091690E-3	4.557652E-1	1.184611E+1
1.905370E+3	4.539900E+2	2.553801E+1	4.902643E+0	2.104500E-4	NaN	2.104500E-3	4.553320E-1	1.182825E+1
1.908484E+3	4.542700E+2	2.552227E+1	5.031142E+0	2.120500E-4	NaN	2.120500E-3	4.547148E-1	1.180557E+1
1.911574E+3	4.545600E+2	2.550598E+1	5.093198E+0	2.138400E-4	NaN	2.138400E-3	4.543801E-1	1.179017E+1
1.914563E+3	4.548200E+2	2.549140E+1	5.239381E+0	2.153300E-4	NaN	2.153300E-3	4.542043E-1	1.177886E+1
1.917530E+3	4.550800E+2	2.547684E+1	5.285684E+0	2.167600E-4	NaN	2.167600E-3	4.540114E-1	1.176713E+1
1.920666E+3	4.553200E+2	2.546341E+1	5.312674E+0	2.181700E-4	NaN	2.181700E-3	4.538038E-1	1.175504E+1
1.923730E+3	4.555600E+2	2.545000E+1	5.293139E+0	2.195400E-4	NaN	2.195400E-3	4.537397E-1	1.174670E+1
1.926829E+3	4.557900E+2	2.543715E+1	5.317055E+0	2.208500E-4	NaN	2.208500E-3	4.534895E-1	1.173368E+1
1.929815E+3	4.560900E+2	2.542042E+1	5.225182E+0	2.220600E-4	NaN	2.220600E-3	4.534115E-1	1.172516E+1
1.933027E+3	4.563200E+2	2.540761E+1	5.244127E+0	2.235200E-4	NaN	2.235200E-3	4.530892E-1	1.171025E+1
1.936225E+3	4.565600E+2	2.539425E+1	5.145495E+0	2.248200E-4	NaN	2.248200E-3	4.528852E-1	1.169848E+1
1.939302E+3	4.568000E+2	2.538091E+1	5.040199E+0	2.260600E-4	NaN	2.260600E-3	4.526675E-1	1.168639E+1
1.942428E+3	4.570400E+2	2.536758E+1	4.944634E+0	2.274200E-4	NaN	2.274200E-3	4.526145E-1	1.167839E+1
1.945574E+3	4.572900E+2	2.535371E+1	4.863088E+0	2.288500E-4	NaN	2.288500E-3	4.526465E-1	1.167258E+1
1.948373E+3	4.575400E+2	2.533986E+1	4.796653E+0	2.300700E-4	NaN	2.300700E-3	4.527162E-1	1.166772E+1
1.951387E+3	4.578000E+2	2.532547E+1	4.780356E+0	2.314700E-4	NaN	2.314700E-3	4.526529E-1	1.165940E+1
1.954527E+3	4.580700E+2	2.531054E+1	4.791222E+0	2.330300E-4	NaN	2.330300E-3	4.524607E-1	1.164779E+1
1.957667E+3	4.583200E+2	2.529674E+1	4.831623E+0	2.345700E-4	NaN	2.345700E-3	4.523167E-1	1.163736E+1
1.960613E+3	4.586000E+2	2.528129E+1	4.857609E+0	2.358400E-4	NaN	2.358400E-3	4.522639E-1	1.162927E+1
1.963726E+3	4.588600E+2	2.526697E+1	4.906861E+0	2.375600E-4	NaN	2.375600E-3	4.520551E-1	1.161708E+1
1.966704E+3	4.591100E+2	2.525321E+1	4.936502E+0	2.390300E-4	NaN	2.390300E-3	4.519585E-1	1.160778E+1
1.969741E+3	4.593500E+2	2.524001E+1	5.014662E+0	2.405400E-4	NaN	2.405400E-3	4.518887E-1	1.159918E+1
1.972856E+3	4.595900E+2	2.522683E+1	5.056939E+0	2.420300E-4	NaN	2.420300E-3	4.518538E-1	1.159154E+1
1.975973E+3	4.598400E+2	2.521312E+1	5.064307E+0	2.435400E-4	NaN	2.435400E-3	4.518487E-1	1.158475E+1
1.978900E+3	4.600800E+2	2.519997E+1	5.052455E+0	2.449000E-4	NaN	2.449000E-3	4.515382E-1	1.157043E+1
1.982044E+3	4.603200E+2	2.518683E+1	5.021716E+0	2.465900E-4	NaN	2.465900E-3	4.512057E-1	1.155566E+1
1.985083E+3	4.605800E+2	2.517261E+1	4.963642E+0	2.479800E-4	NaN	2.479800E-3	4.507706E-1	1.153841E+1
1.987998E+3	4.608200E+2	2.515950E+1	4.926650E+0	2.493300E-4	NaN	2.493300E-3	4.504349E-1	1.152373E+1
1.990995E+3	4.610500E+2	2.514695E+1	4.897636E+0	2.506700E-4	NaN	2.506700E-3	4.500628E-1	1.150817E+1
1.994056E+3	4.613000E+2	2.513332E+1	4.865404E+0	2.522500E-4	NaN	2.522500E-3	4.498832E-1	1.149744E+1
1.997107E+3	4.615400E+2	2.512025E+1	4.827220E+0	2.538100E-4	NaN	2.538100E-3	4.497549E-1	1.148804E+1
2.000024E+3	4.617900E+2	2.510665E+1	4.816076E+0	2.551400E-4	NaN	2.551400E-3	4.496027E-1	1.147808E+1
2.002810E+3	4.620300E+2	2.509361E+1	4.824562E+0	2.566200E-4	NaN	2.566200E-3	4.493557E-1	1.146567E+1
2.005812E+3	4.622800E+2	2.508004E+1	4.853186E+0	2.581300E-4	NaN	2.581300E-3	4.491124E-1	1.145335E+1
2.008756E+3	4.625500E+2	2.506540E+1	4.882757E+0	2.594600E-4	NaN	2.594600E-3	4.487869E-1	1.143893E+1
2.011743E+3	4.628000E+2	2.505186E+1	4.924421E+0	2.609400E-4	NaN	2.609400E-3	4.482929E-1	1.142016E+1
2.014841E+3	4.630600E+2	2.503779E+1	4.963035E+0	2.623900E-4	NaN	2.623900E-3	4.477470E-1	1.140005E+1
2.017692E+3	4.632400E+2	2.502806E+1	5.002986E+0	2.639300E-4	NaN	2.639300E-3	4.470997E-1	1.137736E+1
2.020661E+3	4.635000E+2	2.501402E+1	4.979937E+0	2.655200E-4	NaN	2.655200E-3	4.465983E-1	1.135854E+1
2.023655E+3	4.638500E+2	2.499515E+1	4.979981E+0	2.671300E-4	NaN	2.671300E-3	4.460187E-1	1.133779E+1
2.026724E+3	4.641100E+2	2.498115E+1	5.062191E+0	2.690700E-4	NaN	2.690700E-3	4.453365E-1	1.131410E+1
2.029778E+3	4.642800E+2	2.497200E+1	5.121307E+0	2.707600E-4	NaN	2.707600E-3	4.447169E-1	1.129207E+1
2.032776E+3	4.645600E+2	2.495695E+1	5.097234E+0	2.722800E-4	NaN	2.722800E-3	4.442626E-1	1.127447E+1
2.035657E+3	4.648100E+2	2.494353E+1	5.083427E+0	2.737600E-4	NaN	2.737600E-3	4.434867E-1	1.124872E+1
2.038598E+3	4.650600E+2	2.493012E+1	5.077233E+0	2.753000E-4	NaN	2.753000E-3	4.431729E-1	1.123466E+1
2.041545E+3	4.653100E+2	2.491672E+1	5.075087E+0	2.768000E-4	NaN	2.768000E-3	4.427018E-1	1.121667E+1
2.044389E+3	4.655500E+2	2.490388E+1	5.069513E+0	2.783200E-4	NaN	2.783200E-3	4.419140E-1	1.119073E+1
2.047363E+3	4.657900E+2	2.489105E+1	5.081662E+0	2.797800E-4	NaN	2.797800E-3	4.412999E-1	1.116919E+1
2.050175E+3	4.660300E+2	2.487823E+1	5.084541E+0	2.813400E-4	NaN	2.813400E-3	4.408106E-1	1.115084E+1
2.053162E+3	4.662700E+2	2.486542E+1	5.090438E+0	2.828700E-4	NaN	2.828700E-3	4.402603E-1	1.113098E+1
2.056058E+3	4.664300E+2	2.485689E+1	5.032174E+0	2.842700E-4	NaN	2.842700E-3	4.400117E-1	1.111859E+1
2.058955E+3	4.666800E+2	2.484358E+1	4.910534E+0	2.859100E-4	NaN	2.859100E-3	4.396416E-1	1.110343E+1
2.062027E+3	4.669200E+2	2.483081E+1	4.891902E+0	2.875600E-4	NaN	2.875600E-3	4.394408E-1	1.109236E+1
2.064981E+3	4.671600E+2	2.481805E+1	4.880627E+0	2.892000E-4	NaN	2.892000E-3	4.393893E-1	1.108502E+1
2.068128E+3	4.674000E+2	2.480531E+1	4.804532E+0	2.907000E-4	NaN	2.907000E-3	4.393011E-1	1.107674E+1
2.071161E+3	4.676400E+2	2.479258E+1	4.747984E+0	2.923300E-4	NaN	2.923300E-3	4.388274E-1	1.105893E+1
2.074071E+3	4.679600E+2	2.477562E+1	4.706467E+0	2.939100E-4	NaN	2.939100E-3	4.386285E-1	1.104789E+1
2.077347E+3	4.681900E+2	2.476345E+1	4.748771E+0	2.956600E-4	NaN	2.956600E-3	4.378553E-1	1.102243E+1
2.080352E+3	4.684500E+2	2.474971E+1	4.770154E+0	2.977800E-4	NaN	2.977800E-3	4.374652E-1	1.100649E+1
2.083449E+3	4.686800E+2	2.473756E+1	4.815023E+0	2.988600E-4	NaN	2.988600E-3	4.371980E-1	1.099368E+1
2.086467E+3	4.689200E+2	2.472490E+1	4.843901E+0	2.999500E-4	NaN	2.999500E-3	4.366796E-1	1.097461E+1
2.089582E+3	4.691500E+2	2.471278E+1	4.884315E+0	3.018600E-4	NaN	3.018600E-3	4.358309E-1	1.094729E+1
2.092586E+3	4.693800E+2	2.470067E+1	4.912214E+0	3.033000E-4	NaN	3.033000E-3	4.351982E-1	1.092551E+1
2.095666E+3	4.696100E+2	2.468857E+1	4.874104E+0	3.049500E-4	NaN	3.049500E-3	4.346688E-1	1.090640E+1
2.098740E+3	4.698400E+2	2.467649E+1	4.836253E+0	3.064400E-4	NaN	3.064400E-3	4.342372E-1	1.088980E+1
2.101857E+3	4.700500E+2	2.466546E+1	4.782352E+0	3.080700E-4	NaN	3.080700E-3	4.337994E-1	1.087308E+1
2.105030E+3	4.700500E+2	2.466546E+1	4.704266E+0	3.095100E-4	NaN	3.095100E-3	4.335114E-1	1.086016E+1
