6/16/2024
5:19 PM
fast cooling at 475K at 20k per minute_2024.06.16_COND_FILE END.txt

Data taken by: Akshat Sharma
ammeter is Keithley 6517A at GPIB0::27::INSTR
voltage source is Keithley 6517A at GPIB0::27::INSTR
temperature controller is Lake Shore 330 at GPIB0::12::INSTR with the settings: control sensor=A;sample sensor=;loop=1
Readings: 1
Voltage (V): 100
Geo Factor: 1000
Ea Window (pts): 5
Shut off V when done?: TRUE
Mconnect?: TRUE
Use Abs(Cond)?: TRUE
Rate (K/min): 20
Heater: Off
DESCRIPTION
********************
Time (s)	Temperature (K)	1/kT (1/eV)	Rate (K/min)	Current (A)	Current Std Dev/Mean	Conductivity (Ohm-cm)^-1	Ea (eV)	Reduced Ea	
1.670000E+0	4.749400E+2	2.441150E+1	NaN	3.635500E-4	NaN	3.635500E-3	NaN	NaN
7.933000E+0	4.733300E+2	2.449454E+1	-8.024519E+0	3.576000E-4	NaN	3.576000E-3	NaN	NaN
1.082900E+1	4.716400E+2	2.458231E+1	-1.501385E+1	3.480100E-4	NaN	3.480100E-3	NaN	NaN
1.365100E+1	4.695900E+2	2.468962E+1	-3.044104E+1	3.350900E-4	NaN	3.350900E-3	NaN	NaN
1.667600E+1	4.679300E+2	2.477721E+1	-3.922601E+1	3.185400E-4	NaN	3.185400E-3	NaN	NaN
1.953100E+1	4.655500E+2	2.490388E+1	-3.800922E+1	3.021500E-4	NaN	3.021500E-3	NaN	NaN
2.227700E+1	4.631100E+2	2.503509E+1	-4.114222E+1	2.858700E-4	NaN	2.858700E-3	NaN	NaN
2.511600E+1	4.606200E+2	2.517042E+1	-5.162295E+1	2.688700E-4	NaN	2.688700E-3	3.935049E-1	9.719473E+0
2.787000E+1	4.581300E+2	2.530723E+1	-5.296138E+1	2.531800E-4	NaN	2.531800E-3	4.052145E-1	1.003431E+1
3.077900E+1	4.564700E+2	2.539926E+1	-5.341981E+1	2.370600E-4	NaN	2.370600E-3	4.129013E-1	1.025109E+1
3.349500E+1	4.540100E+2	2.553688E+1	-4.387844E+1	2.227800E-4	NaN	2.227800E-3	4.289736E-1	1.067050E+1
3.624400E+1	4.515700E+2	2.567487E+1	-4.383187E+1	2.091700E-4	NaN	2.091700E-3	4.389608E-1	1.094370E+1
3.885400E+1	4.499500E+2	2.576731E+1	-5.379579E+1	1.970040E-4	NaN	1.970040E-3	4.454112E-1	1.113175E+1
4.162200E+1	4.473900E+2	2.591475E+1	-4.552541E+1	1.847620E-4	NaN	1.847620E-3	4.540314E-1	1.137024E+1
4.456200E+1	4.450400E+2	2.605159E+1	-4.672369E+1	1.725650E-4	NaN	1.725650E-3	4.589353E-1	1.152046E+1
4.735300E+1	4.427100E+2	2.618870E+1	-5.157399E+1	1.618950E-4	NaN	1.618950E-3	4.691292E-1	1.182056E+1
5.016600E+1	4.404100E+2	2.632547E+1	-4.898746E+1	1.516620E-4	NaN	1.516620E-3	4.779063E-1	1.209404E+1
5.306200E+1	4.389000E+2	2.641604E+1	-4.957106E+1	1.419100E-4	NaN	1.419100E-3	4.838610E-1	1.230264E+1
5.578900E+1	4.366600E+2	2.655155E+1	-3.999898E+1	1.331870E-4	NaN	1.331870E-3	4.916175E-1	1.255498E+1
5.854600E+1	4.344600E+2	2.668600E+1	-3.992417E+1	1.250270E-4	NaN	1.250270E-3	4.955538E-1	1.271335E+1
6.139800E+1	4.321400E+2	2.682927E+1	-4.857640E+1	1.171900E-4	NaN	1.171900E-3	5.005062E-1	1.290579E+1
6.404100E+1	4.307300E+2	2.691709E+1	-4.835349E+1	1.103650E-4	NaN	1.103650E-3	5.022392E-1	1.301819E+1
6.684400E+1	4.286300E+2	2.704897E+1	-4.083422E+1	1.035160E-4	NaN	1.035160E-3	5.052659E-1	1.315782E+1
6.944100E+1	4.265500E+2	2.718087E+1	-3.873389E+1	9.759300E-5	NaN	9.759300E-4	5.062150E-1	1.324357E+1
7.237600E+1	4.245100E+2	2.731149E+1	-4.642475E+1	9.135800E-5	NaN	9.135800E-4	5.035287E-1	1.323288E+1
7.518700E+1	4.231700E+2	2.739797E+1	-4.462111E+1	8.581900E-5	NaN	8.581900E-4	5.049760E-1	1.333711E+1
7.794600E+1	4.211800E+2	2.752742E+1	-3.534121E+1	8.074600E-5	NaN	8.074600E-4	5.087316E-1	1.349610E+1
8.064800E+1	4.192400E+2	2.765480E+1	-3.584791E+1	7.599000E-5	NaN	7.599000E-4	5.097857E-1	1.358396E+1
8.359200E+1	4.173100E+2	2.778270E+1	-4.317925E+1	7.123300E-5	NaN	7.123300E-4	5.129021E-1	1.373532E+1
8.650500E+1	4.153100E+2	2.791650E+1	-4.109977E+1	6.690300E-5	NaN	6.690300E-4	5.135659E-1	1.381983E+1
8.946900E+1	4.134500E+2	2.804208E+1	-4.025788E+1	6.266300E-5	NaN	6.266300E-4	5.126975E-1	1.386356E+1
9.238400E+1	4.122300E+2	2.812508E+1	-3.940274E+1	5.882500E-5	NaN	5.882500E-4	5.107878E-1	1.387637E+1
9.525900E+1	4.104200E+2	2.824911E+1	-3.145134E+1	5.530700E-5	NaN	5.530700E-4	5.119295E-1	1.396330E+1
9.800600E+1	4.086400E+2	2.837216E+1	-3.138439E+1	5.215200E-5	NaN	5.215200E-4	5.167728E-1	1.415952E+1
1.006500E+2	4.068900E+2	2.849419E+1	-3.830958E+1	4.932900E-5	NaN	4.932900E-4	5.192810E-1	1.429255E+1
1.034000E+2	4.057400E+2	2.857495E+1	-3.928505E+1	4.656000E-5	NaN	4.656000E-4	5.188563E-1	1.434429E+1
1.063090E+2	4.040500E+2	2.869447E+1	-3.221020E+1	4.379700E-5	NaN	4.379700E-4	5.196059E-1	1.441931E+1
1.091750E+2	4.023900E+2	2.881284E+1	-3.015701E+1	4.124700E-5	NaN	4.124700E-4	5.232491E-1	1.458230E+1
1.119270E+2	4.006400E+2	2.893870E+1	-3.480533E+1	3.896600E-5	NaN	3.896600E-4	5.255408E-1	1.470833E+1
1.147300E+2	3.995600E+2	2.901692E+1	-3.640716E+1	3.677800E-5	NaN	3.677800E-4	5.235199E-1	1.471380E+1
1.174120E+2	3.979600E+2	2.913358E+1	-3.054405E+1	3.485600E-5	NaN	3.485600E-4	5.244894E-1	1.479589E+1
1.203180E+2	3.963900E+2	2.924897E+1	-2.926974E+1	3.284100E-5	NaN	3.284100E-4	5.278992E-1	1.495568E+1
1.230620E+2	3.948400E+2	2.936379E+1	-3.401470E+1	3.107900E-5	NaN	3.107900E-4	5.296640E-1	1.506982E+1
1.259720E+2	3.933100E+2	2.947802E+1	-3.312570E+1	2.930300E-5	NaN	2.930300E-4	5.287958E-1	1.510922E+1
1.288090E+2	3.923200E+2	2.955241E+1	-3.267336E+1	2.771000E-5	NaN	2.771000E-4	5.270605E-1	1.512254E+1
1.315590E+2	3.908400E+2	2.966431E+1	-2.633183E+1	2.625100E-5	NaN	2.625100E-4	5.271423E-1	1.517906E+1
1.342560E+2	3.893900E+2	2.977478E+1	-2.649641E+1	2.488900E-5	NaN	2.488900E-4	5.253899E-1	1.518166E+1
1.369520E+2	3.878600E+2	2.989223E+1	-3.227470E+1	2.362100E-5	NaN	2.362100E-4	5.271579E-1	1.529271E+1
1.397520E+2	3.869200E+2	2.996485E+1	-3.315403E+1	2.237200E-5	NaN	2.237200E-4	5.260239E-1	1.532026E+1
1.425110E+2	3.855300E+2	3.007289E+1	-2.692122E+1	2.122300E-5	NaN	2.122300E-4	5.274004E-1	1.541374E+1
1.452670E+2	3.841500E+2	3.018092E+1	-2.513601E+1	2.014800E-5	NaN	2.014800E-4	5.253147E-1	1.540463E+1
1.479340E+2	3.828100E+2	3.028657E+1	-3.013601E+1	1.915410E-5	NaN	1.915410E-4	5.257936E-1	1.547703E+1
1.508460E+2	3.819300E+2	3.035635E+1	-3.009376E+1	1.814800E-5	NaN	1.814800E-4	5.248633E-1	1.550766E+1
1.535520E+2	3.806200E+2	3.046083E+1	-2.378754E+1	1.724300E-5	NaN	1.724300E-4	5.276654E-1	1.564271E+1
1.563780E+2	3.793200E+2	3.056522E+1	-2.332252E+1	1.637420E-5	NaN	1.637420E-4	5.267440E-1	1.566559E+1
1.591560E+2	3.780400E+2	3.066871E+1	-2.830280E+1	1.555040E-5	NaN	1.555040E-4	5.293298E-1	1.579973E+1
1.620870E+2	3.771200E+2	3.074353E+1	-2.762306E+1	1.475500E-5	NaN	1.475500E-4	5.291886E-1	1.585234E+1
1.648030E+2	3.758800E+2	3.084495E+1	-2.308206E+1	1.404230E-5	NaN	1.404230E-4	5.319520E-1	1.598745E+1
1.677910E+2	3.746600E+2	3.094539E+1	-2.289603E+1	1.332170E-5	NaN	1.332170E-4	5.317735E-1	1.603381E+1
1.705040E+2	3.734500E+2	3.104566E+1	-2.585364E+1	1.268740E-5	NaN	1.268740E-4	5.306344E-1	1.604966E+1
1.734820E+2	3.722700E+2	3.114406E+1	-2.555633E+1	1.204600E-5	NaN	1.204600E-4	5.329247E-1	1.617558E+1
1.761040E+2	3.711000E+2	3.124225E+1	-2.517458E+1	1.149570E-5	NaN	1.149570E-4	5.339447E-1	1.626225E+1
1.790190E+2	3.703300E+2	3.130721E+1	-2.514697E+1	1.093960E-5	NaN	1.093960E-4	5.321813E-1	1.626279E+1
1.817690E+2	3.691900E+2	3.140388E+1	-2.092623E+1	1.042800E-5	NaN	1.042800E-4	5.315492E-1	1.628912E+1
1.844300E+2	3.680000E+2	3.150543E+1	-2.018572E+1	9.972600E-6	NaN	9.972600E-5	5.341124E-1	1.641947E+1
1.873710E+2	3.669000E+2	3.159989E+1	-2.583089E+1	9.489300E-6	NaN	9.489300E-5	5.328923E-1	1.643416E+1
1.901710E+2	3.661700E+2	3.166289E+1	-2.449050E+1	9.054000E-6	NaN	9.054000E-5	5.300856E-1	1.639760E+1
1.929090E+2	3.650900E+2	3.175655E+1	-1.915339E+1	8.651600E-6	NaN	8.651600E-5	5.291026E-1	1.641060E+1
1.957270E+2	3.640400E+2	3.184815E+1	-1.959500E+1	8.254100E-6	NaN	8.254100E-5	5.315253E-1	1.653561E+1
1.985440E+2	3.633400E+2	3.190951E+1	-2.299902E+1	7.885900E-6	NaN	7.885900E-5	5.323226E-1	1.661016E+1
2.012050E+2	3.623100E+2	3.200022E+1	-1.863376E+1	7.552900E-6	NaN	7.552900E-5	5.353636E-1	1.675012E+1
2.040160E+2	3.613000E+2	3.208968E+1	-1.890910E+1	7.219800E-6	NaN	7.219800E-5	5.354482E-1	1.679786E+1
2.068100E+2	3.603000E+2	3.217874E+1	-2.236082E+1	6.904300E-6	NaN	6.904300E-5	5.386171E-1	1.694793E+1
2.098090E+2	3.592400E+2	3.227369E+1	-2.151655E+1	6.586100E-6	NaN	6.586100E-5	5.396379E-1	1.703110E+1
2.127070E+2	3.582600E+2	3.236197E+1	-2.133452E+1	6.292400E-6	NaN	6.292400E-5	5.393623E-1	1.707421E+1
2.155720E+2	3.573100E+2	3.244801E+1	-2.075893E+1	6.018200E-6	NaN	6.018200E-5	5.371680E-1	1.705492E+1
2.183970E+2	3.566800E+2	3.250533E+1	-2.009408E+1	5.765200E-6	NaN	5.765200E-5	5.343950E-1	1.701498E+1
2.213120E+2	3.557400E+2	3.259122E+1	-1.666844E+1	5.515400E-6	NaN	5.515400E-5	5.334067E-1	1.702483E+1
2.240330E+2	3.548200E+2	3.267572E+1	-1.642674E+1	5.290100E-6	NaN	5.290100E-5	5.363613E-1	1.716596E+1
2.269860E+2	3.539200E+2	3.275882E+1	-1.979590E+1	5.064400E-6	NaN	5.064400E-5	5.371141E-1	1.723646E+1
2.297540E+2	3.533200E+2	3.281445E+1	-1.923208E+1	4.864100E-6	NaN	4.864100E-5	5.343756E-1	1.719198E+1
2.324110E+2	3.524400E+2	3.289638E+1	-1.575994E+1	4.678200E-6	NaN	4.678200E-5	5.340807E-1	1.722037E+1
2.352370E+2	3.515100E+2	3.298341E+1	-1.634526E+1	4.488300E-6	NaN	4.488300E-5	5.361727E-1	1.733087E+1
2.380510E+2	3.506600E+2	3.306337E+1	-1.980602E+1	4.311800E-6	NaN	4.311800E-5	5.351248E-1	1.734027E+1
2.408060E+2	3.501000E+2	3.311625E+1	-1.893675E+1	4.145100E-6	NaN	4.145100E-5	5.325684E-1	1.729951E+1
2.435700E+2	3.492700E+2	3.319495E+1	-1.520170E+1	3.989300E-6	NaN	3.989300E-5	5.380411E-1	1.752081E+1
2.465510E+2	3.484600E+2	3.327211E+1	-1.511302E+1	3.826100E-6	NaN	3.826100E-5	5.407274E-1	1.765289E+1
2.492800E+2	3.476500E+2	3.334963E+1	-1.711717E+1	3.684700E-6	NaN	3.684700E-5	5.426512E-1	1.776076E+1
2.524030E+2	3.468500E+2	3.342655E+1	-1.701172E+1	3.531100E-6	NaN	3.531100E-5	5.420928E-1	1.778767E+1
2.551120E+2	3.460700E+2	3.350189E+1	-1.647997E+1	3.403400E-6	NaN	3.403400E-5	5.404390E-1	1.777643E+1
2.578490E+2	3.455500E+2	3.355231E+1	-1.623275E+1	3.281500E-6	NaN	3.281500E-5	5.366807E-1	1.769406E+1
2.605580E+2	3.447300E+2	3.363212E+1	-1.431740E+1	3.165400E-6	NaN	3.165400E-5	5.352303E-1	1.768211E+1
2.634020E+2	3.439800E+2	3.370545E+1	-1.475733E+1	3.051700E-6	NaN	3.051700E-5	5.355788E-1	1.773496E+1
2.662010E+2	3.432500E+2	3.377713E+1	-1.695433E+1	2.942900E-6	NaN	2.942900E-5	5.345343E-1	1.774096E+1
2.689860E+2	3.427600E+2	3.382542E+1	-1.573654E+1	2.838300E-6	NaN	2.838300E-5	5.316021E-1	1.768264E+1
2.716910E+2	3.420300E+2	3.389761E+1	-1.311101E+1	2.743600E-6	NaN	2.743600E-5	5.318598E-1	1.772549E+1
2.746250E+2	3.413200E+2	3.396812E+1	-1.331965E+1	2.642100E-6	NaN	2.642100E-5	5.344708E-1	1.785183E+1
2.776190E+2	3.406200E+2	3.403793E+1	-1.531057E+1	2.545900E-6	NaN	2.545900E-5	5.354795E-1	1.792463E+1
2.803630E+2	3.399200E+2	3.410803E+1	-1.427043E+1	2.461500E-6	NaN	2.461500E-5	5.343837E-1	1.792518E+1
2.831390E+2	3.394600E+2	3.415424E+1	-1.462999E+1	2.379300E-6	NaN	2.379300E-5	5.307233E-1	1.783842E+1
2.859480E+2	3.387300E+2	3.422785E+1	-1.260351E+1	2.300400E-6	NaN	2.300400E-5	5.347716E-1	1.801143E+1
2.887370E+2	3.380700E+2	3.429467E+1	-1.278981E+1	2.224700E-6	NaN	2.224700E-5	5.353544E-1	1.806919E+1
2.916230E+2	3.374200E+2	3.436074E+1	-1.489901E+1	2.149500E-6	NaN	2.149500E-5	5.354369E-1	1.811012E+1
2.945350E+2	3.367700E+2	3.442706E+1	-1.384827E+1	2.077000E-6	NaN	2.077000E-5	5.337228E-1	1.808922E+1
2.971620E+2	3.363500E+2	3.447005E+1	-1.345282E+1	2.015500E-6	NaN	2.015500E-5	5.322829E-1	1.807651E+1
2.999510E+2	3.357200E+2	3.453473E+1	-1.162301E+1	1.951680E-6	NaN	1.951680E-5	5.321536E-1	1.810367E+1
3.025890E+2	3.350900E+2	3.459966E+1	-1.165192E+1	1.893570E-6	NaN	1.893570E-5	5.350911E-1	1.823955E+1
3.053280E+2	3.344700E+2	3.466380E+1	-1.392675E+1	1.835620E-6	NaN	1.835620E-5	5.336493E-1	1.822515E+1
3.083080E+2	3.340300E+2	3.470946E+1	-1.394596E+1	1.776280E-6	NaN	1.776280E-5	5.299352E-1	1.813209E+1
3.110290E+2	3.334300E+2	3.477192E+1	-1.108774E+1	1.723290E-6	NaN	1.723290E-5	5.287064E-1	1.812011E+1
3.138260E+2	3.328300E+2	3.483460E+1	-1.091244E+1	1.671210E-6	NaN	1.671210E-5	5.306927E-1	1.822250E+1
3.166020E+2	3.322500E+2	3.489541E+1	-1.304738E+1	1.621010E-6	NaN	1.621010E-5	5.298009E-1	1.822601E+1
3.195260E+2	3.316700E+2	3.495643E+1	-1.270432E+1	1.570950E-6	NaN	1.570950E-5	5.283870E-1	1.821109E+1
3.222840E+2	3.312800E+2	3.499759E+1	-1.220778E+1	1.525990E-6	NaN	1.525990E-5	5.267662E-1	1.818826E+1
3.252370E+2	3.307200E+2	3.505685E+1	-1.025949E+1	1.478460E-6	NaN	1.478460E-5	5.266177E-1	1.821215E+1
3.279170E+2	3.301600E+2	3.511631E+1	-9.997182E+0	1.437870E-6	NaN	1.437870E-5	5.308834E-1	1.839281E+1
3.307110E+2	3.297900E+2	3.515571E+1	-1.192037E+1	1.397290E-6	NaN	1.397290E-5	5.312195E-1	1.843674E+1
3.332470E+2	3.292100E+2	3.521764E+1	-1.017771E+1	1.360510E-6	NaN	1.360510E-5	5.338480E-1	1.855723E+1
3.361690E+2	3.286700E+2	3.527550E+1	-1.064772E+1	1.320920E-6	NaN	1.320920E-5	5.331162E-1	1.856173E+1
3.388230E+2	3.281500E+2	3.533140E+1	-1.228136E+1	1.286750E-6	NaN	1.286750E-5	5.312495E-1	1.852587E+1
3.416440E+2	3.277900E+2	3.537021E+1	-1.140069E+1	1.250650E-6	NaN	1.250650E-5	5.314564E-1	1.856550E+1
3.443370E+2	3.272600E+2	3.542749E+1	-9.623023E+0	1.217970E-6	NaN	1.217970E-5	5.345226E-1	1.870225E+1
3.473160E+2	3.267600E+2	3.548170E+1	-9.668389E+0	1.182820E-6	NaN	1.182820E-5	5.335686E-1	1.869844E+1
3.500730E+2	3.262400E+2	3.553825E+1	-1.088107E+1	1.151120E-6	NaN	1.151120E-5	5.311110E-1	1.864073E+1
3.531230E+2	3.257400E+2	3.559280E+1	-1.066143E+1	1.117890E-6	NaN	1.117890E-5	5.316200E-1	1.869014E+1
3.558960E+2	3.252100E+2	3.565081E+1	-1.052660E+1	1.089240E-6	NaN	1.089240E-5	5.311001E-1	1.870276E+1
3.589000E+2	3.247300E+2	3.570351E+1	-1.060019E+1	1.058130E-6	NaN	1.058130E-5	5.270582E-1	1.859076E+1
3.617870E+2	3.244000E+2	3.573983E+1	-1.047737E+1	1.030320E-6	NaN	1.030320E-5	5.229338E-1	1.847378E+1
3.645690E+2	3.239300E+2	3.579168E+1	-8.258901E+0	1.004060E-6	NaN	1.004060E-5	5.218244E-1	1.845909E+1
3.673720E+2	3.234600E+2	3.584369E+1	-8.456987E+0	9.786500E-7	NaN	9.786500E-6	5.232841E-1	1.853781E+1
3.701910E+2	3.229900E+2	3.589585E+1	-1.009843E+1	9.538700E-7	NaN	9.538700E-6	5.241904E-1	1.859681E+1
3.731020E+2	3.225300E+2	3.594704E+1	-1.003199E+1	9.290100E-7	NaN	9.290100E-6	5.225032E-1	1.856293E+1
3.759220E+2	3.220700E+2	3.599839E+1	-9.736823E+0	9.059700E-7	NaN	9.059700E-6	5.249184E-1	1.867763E+1
3.788840E+2	3.217700E+2	3.603195E+1	-9.631017E+0	8.823200E-7	NaN	8.823200E-6	5.236771E-1	1.866113E+1
3.814940E+2	3.212900E+2	3.608578E+1	-7.871370E+0	8.622400E-7	NaN	8.622400E-6	5.263100E-1	1.877953E+1
3.843890E+2	3.208500E+2	3.613527E+1	-8.347219E+0	8.410400E-7	NaN	8.410400E-6	5.243432E-1	1.873427E+1
3.871950E+2	3.204100E+2	3.618489E+1	-1.001078E+1	8.209100E-7	NaN	8.209100E-6	5.261998E-1	1.882857E+1
3.901790E+2	3.201200E+2	3.621767E+1	-9.260781E+0	8.001000E-7	NaN	8.001000E-6	5.253968E-1	1.882755E+1
3.928500E+2	3.196900E+2	3.626638E+1	-7.546461E+0	7.820800E-7	NaN	7.820800E-6	5.294981E-1	1.900026E+1
3.958240E+2	3.192600E+2	3.631523E+1	-7.604087E+0	7.630200E-7	NaN	7.630200E-6	5.304935E-1	1.906191E+1
3.986730E+2	3.188400E+2	3.636307E+1	-9.132062E+0	7.450300E-7	NaN	7.450300E-6	5.310904E-1	1.910954E+1
4.014070E+2	3.184200E+2	3.641103E+1	-8.757764E+0	7.285000E-7	NaN	7.285000E-6	5.280547E-1	1.902515E+1
4.040660E+2	3.181200E+2	3.644537E+1	-9.026128E+0	7.127200E-7	NaN	7.127200E-6	5.239223E-1	1.890056E+1
4.069140E+2	3.177100E+2	3.649240E+1	-8.016056E+0	6.963300E-7	NaN	6.963300E-6	5.262997E-1	1.901133E+1
4.097290E+2	3.173200E+2	3.653725E+1	-7.746278E+0	6.808800E-7	NaN	6.808800E-6	5.272546E-1	1.907123E+1
4.125300E+2	3.169500E+2	3.657990E+1	-8.476388E+0	6.660100E-7	NaN	6.660100E-6	5.266947E-1	1.907609E+1
4.152440E+2	3.165600E+2	3.662497E+1	-8.119819E+0	6.518000E-7	NaN	6.518000E-6	5.249277E-1	1.903626E+1
4.181450E+2	3.163000E+2	3.665507E+1	-8.266529E+0	6.373300E-7	NaN	6.373300E-6	5.216756E-1	1.894191E+1
4.210940E+2	3.159200E+2	3.669916E+1	-6.927699E+0	6.229800E-7	NaN	6.229800E-6	5.209073E-1	1.893458E+1
4.238650E+2	3.155400E+2	3.674336E+1	-6.567321E+0	6.097700E-7	NaN	6.097700E-6	5.252030E-1	1.911449E+1
4.267020E+2	3.151500E+2	3.678883E+1	-7.969455E+0	5.970100E-7	NaN	5.970100E-6	5.252878E-1	1.914065E+1
4.293560E+2	3.149000E+2	3.681804E+1	-8.238270E+0	5.851800E-7	NaN	5.851800E-6	5.229905E-1	1.907993E+1
4.321750E+2	3.145400E+2	3.686018E+1	-7.007662E+0	5.731300E-7	NaN	5.731300E-6	5.221037E-1	1.906778E+1
4.350990E+2	3.141800E+2	3.690241E+1	-6.697464E+0	5.610200E-7	NaN	5.610200E-6	5.258192E-1	1.922674E+1
4.380410E+2	3.138300E+2	3.694357E+1	-7.521363E+0	5.492800E-7	NaN	5.492800E-6	5.275226E-1	1.931241E+1
4.407690E+2	3.134800E+2	3.698482E+1	-7.262061E+0	5.387200E-7	NaN	5.387200E-6	5.284319E-1	1.936879E+1
4.436220E+2	3.131300E+2	3.702616E+1	-7.403892E+0	5.280500E-7	NaN	5.280500E-6	5.271756E-1	1.934539E+1
4.465550E+2	3.129000E+2	3.705337E+1	-7.524275E+0	5.173300E-7	NaN	5.173300E-6	5.231132E-1	1.921790E+1
4.493340E+2	3.125600E+2	3.709368E+1	-6.008400E+0	5.074700E-7	NaN	5.074700E-6	5.256114E-1	1.933082E+1
4.520800E+2	3.122100E+2	3.713526E+1	-5.975563E+0	4.981200E-7	NaN	4.981200E-6	5.258827E-1	1.936179E+1
4.549170E+2	3.118800E+2	3.717455E+1	-7.492907E+0	4.888100E-7	NaN	4.888100E-6	5.232710E-1	1.928663E+1
4.577480E+2	3.115700E+2	3.721154E+1	-7.306084E+0	4.796700E-7	NaN	4.796700E-6	5.194189E-1	1.916531E+1
4.607260E+2	3.112500E+2	3.724980E+1	-6.774949E+0	4.703400E-7	NaN	4.703400E-6	5.139941E-1	1.898441E+1
4.637100E+2	3.109300E+2	3.728814E+1	-6.506626E+0	4.613400E-7	NaN	4.613400E-6	5.130934E-1	1.897219E+1
4.667070E+2	3.107300E+2	3.731214E+1	-6.440790E+0	4.526200E-7	NaN	4.526200E-6	5.121800E-1	1.895910E+1
4.694500E+2	3.104300E+2	3.734819E+1	-5.215639E+0	4.448900E-7	NaN	4.448900E-6	5.147029E-1	1.907072E+1
4.722280E+2	3.101300E+2	3.738432E+1	-5.207663E+0	4.373400E-7	NaN	4.373400E-6	5.143073E-1	1.907353E+1
4.750990E+2	3.098300E+2	3.742052E+1	-6.520471E+0	4.296900E-7	NaN	4.296900E-6	5.162339E-1	1.916461E+1
4.778600E+2	3.095200E+2	3.745800E+1	-6.372234E+0	4.225700E-7	NaN	4.225700E-6	5.169096E-1	1.920944E+1
4.807110E+2	3.093400E+2	3.747980E+1	-6.497060E+0	4.153900E-7	NaN	4.153900E-6	5.155734E-1	1.917963E+1
4.836350E+2	3.090600E+2	3.751375E+1	-5.230896E+0	4.082600E-7	NaN	4.082600E-6	5.183962E-1	1.930241E+1
4.865360E+2	3.087800E+2	3.754777E+1	-4.783344E+0	4.014600E-7	NaN	4.014600E-6	5.193933E-1	1.935711E+1
4.892740E+2	3.085000E+2	3.758185E+1	-5.768210E+0	3.951700E-7	NaN	3.951700E-6	5.183670E-1	1.933597E+1
4.920690E+2	3.082300E+2	3.761477E+1	-5.956844E+0	3.889300E-7	NaN	3.889300E-6	5.211628E-1	1.945986E+1
4.949060E+2	3.080500E+2	3.763675E+1	-5.963631E+0	3.827800E-7	NaN	3.827800E-6	5.222568E-1	1.952029E+1
4.978210E+2	3.077800E+2	3.766976E+1	-4.791562E+0	3.767600E-7	NaN	3.767600E-6	5.244798E-1	1.962081E+1
5.004160E+2	3.075000E+2	3.770407E+1	-4.697975E+0	3.714300E-7	NaN	3.714300E-6	5.241230E-1	1.962483E+1
5.032920E+2	3.072600E+2	3.773352E+1	-5.980279E+0	3.658000E-7	NaN	3.658000E-6	5.203594E-1	1.950155E+1
5.061490E+2	3.070000E+2	3.776547E+1	-5.690282E+0	3.602700E-7	NaN	3.602700E-6	5.162973E-1	1.936593E+1
5.089310E+2	3.068400E+2	3.778516E+1	-5.232612E+0	3.551700E-7	NaN	3.551700E-6	5.106321E-1	1.916919E+1
5.118220E+2	3.066000E+2	3.781474E+1	-4.473331E+0	3.498700E-7	NaN	3.498700E-6	5.139493E-1	1.930982E+1
5.147200E+2	3.063700E+2	3.784313E+1	-4.235464E+0	3.448000E-7	NaN	3.448000E-6	5.161477E-1	1.940857E+1
5.177270E+2	3.061300E+2	3.787280E+1	-4.871264E+0	3.396800E-7	NaN	3.396800E-6	5.169698E-1	1.945531E+1
5.204130E+2	3.059000E+2	3.790127E+1	-4.775697E+0	3.351400E-7	NaN	3.351400E-6	5.164095E-1	1.944968E+1
5.232440E+2	3.057500E+2	3.791987E+1	-4.950186E+0	3.306400E-7	NaN	3.306400E-6	5.121154E-1	1.930228E+1
5.259580E+2	3.055100E+2	3.794966E+1	-4.124109E+0	3.264500E-7	NaN	3.264500E-6	5.162653E-1	1.947359E+1
5.287550E+2	3.052900E+2	3.797701E+1	-4.212543E+0	3.221800E-7	NaN	3.221800E-6	5.181682E-1	1.956084E+1
5.313920E+2	3.051400E+2	3.799567E+1	-5.006694E+0	3.182200E-7	NaN	3.182200E-6	5.186926E-1	1.959597E+1
5.341420E+2	3.049200E+2	3.802309E+1	-4.091792E+0	3.142600E-7	NaN	3.142600E-6	5.198684E-1	1.965412E+1
5.369100E+2	3.047200E+2	3.804804E+1	-4.125878E+0	3.103100E-7	NaN	3.103100E-6	5.181294E-1	1.960194E+1
5.397410E+2	3.045100E+2	3.807428E+1	-4.566619E+0	3.065000E-7	NaN	3.065000E-6	5.209750E-1	1.972483E+1
5.425050E+2	3.043000E+2	3.810056E+1	-4.393858E+0	3.028300E-7	NaN	3.028300E-6	5.217702E-1	1.977010E+1
5.453790E+2	3.041700E+2	3.811684E+1	-4.503806E+0	2.991100E-7	NaN	2.991100E-6	5.174193E-1	1.961949E+1
5.481320E+2	3.039700E+2	3.814192E+1	-3.612309E+0	2.956000E-7	NaN	2.956000E-6	5.168443E-1	1.961035E+1
5.509040E+2	3.037700E+2	3.816703E+1	-3.512857E+0	2.922400E-7	NaN	2.922400E-6	5.132997E-1	1.948790E+1
5.535810E+2	3.036400E+2	3.818338E+1	-4.343874E+0	2.890300E-7	NaN	2.890300E-6	5.123635E-1	1.946596E+1
5.563380E+2	3.034500E+2	3.820728E+1	-3.637805E+0	2.857800E-7	NaN	2.857800E-6	5.139403E-1	1.953827E+1
5.594470E+2	3.032700E+2	3.822996E+1	-3.536304E+0	2.823300E-7	NaN	2.823300E-6	5.144270E-1	1.956935E+1
5.622070E+2	3.030900E+2	3.825266E+1	-3.777940E+0	2.792500E-7	NaN	2.792500E-6	5.149917E-1	1.960295E+1
5.651190E+2	3.029100E+2	3.827540E+1	-3.676021E+0	2.762100E-7	NaN	2.762100E-6	5.131898E-1	1.954597E+1
5.678850E+2	3.027300E+2	3.829815E+1	-3.807269E+0	2.732900E-7	NaN	2.732900E-6	5.153445E-1	1.964108E+1
5.708960E+2	3.025600E+2	3.831967E+1	-3.803318E+0	2.702400E-7	NaN	2.702400E-6	5.134959E-1	1.958297E+1
5.737970E+2	3.023900E+2	3.834121E+1	-3.631459E+0	2.674200E-7	NaN	2.674200E-6	5.108730E-1	1.949456E+1
5.766530E+2	3.022600E+2	3.835771E+1	-3.450211E+0	2.646300E-7	NaN	2.646300E-6	5.112099E-1	1.952003E+1
5.794890E+2	3.021000E+2	3.837802E+1	-3.127651E+0	2.620600E-7	NaN	2.620600E-6	5.122566E-1	1.957138E+1
5.823370E+2	3.019400E+2	3.839836E+1	-3.056539E+0	2.594600E-7	NaN	2.594600E-6	5.123717E-1	1.958705E+1
5.852600E+2	3.017800E+2	3.841872E+1	-3.377898E+0	2.568600E-7	NaN	2.568600E-6	5.105307E-1	1.952741E+1
5.880860E+2	3.016300E+2	3.843782E+1	-3.326792E+0	2.544600E-7	NaN	2.544600E-6	5.063226E-1	1.937642E+1
5.910600E+2	3.014700E+2	3.845822E+1	-3.235625E+0	2.519600E-7	NaN	2.519600E-6	5.066432E-1	1.939962E+1
5.938350E+2	3.013700E+2	3.847098E+1	-3.207080E+0	2.496700E-7	NaN	2.496700E-6	5.053288E-1	1.935991E+1
5.966880E+2	3.012100E+2	3.849142E+1	-2.719654E+0	2.474200E-7	NaN	2.474200E-6	5.052897E-1	1.936756E+1
5.995710E+2	3.010700E+2	3.850932E+1	-2.774632E+0	2.452100E-7	NaN	2.452100E-6	5.071703E-1	1.945020E+1
6.025010E+2	3.009200E+2	3.852851E+1	-3.137682E+0	2.429600E-7	NaN	2.429600E-6	5.079384E-1	1.949002E+1
6.052770E+2	3.007800E+2	3.854645E+1	-2.993504E+0	2.409500E-7	NaN	2.409500E-6	5.091254E-1	1.954617E+1
6.081560E+2	3.006500E+2	3.856311E+1	-3.049627E+0	2.388900E-7	NaN	2.388900E-6	5.087366E-1	1.954174E+1
6.109620E+2	3.005500E+2	3.857594E+1	-2.863761E+0	2.369300E-7	NaN	2.369300E-6	5.078512E-1	1.951780E+1
6.137020E+2	3.004300E+2	3.859135E+1	-2.428662E+0	2.350800E-7	NaN	2.350800E-6	5.078365E-1	1.952631E+1
6.165950E+2	3.003100E+2	3.860677E+1	-2.379123E+0	2.331900E-7	NaN	2.331900E-6	5.079901E-1	1.954102E+1
6.192870E+2	3.001800E+2	3.862349E+1	-2.555736E+0	2.314100E-7	NaN	2.314100E-6	5.074512E-1	1.952868E+1
6.221240E+2	3.001000E+2	3.863379E+1	-2.683318E+0	2.295900E-7	NaN	2.295900E-6	5.089484E-1	1.959548E+1
6.248830E+2	2.999600E+2	3.865182E+1	-2.273629E+0	2.279100E-7	NaN	2.279100E-6	5.133871E-1	1.977484E+1
6.276650E+2	2.998400E+2	3.866729E+1	-2.355686E+0	2.262800E-7	NaN	2.262800E-6	5.144494E-1	1.982465E+1
6.304150E+2	2.997100E+2	3.868406E+1	-2.815060E+0	2.246600E-7	NaN	2.246600E-6	5.138322E-1	1.980963E+1
6.333600E+2	2.996000E+2	3.869826E+1	-2.711257E+0	2.229900E-7	NaN	2.229900E-6	5.103795E-1	1.968536E+1
6.361520E+2	2.995300E+2	3.870731E+1	-2.525142E+0	2.214200E-7	NaN	2.214200E-6	5.064014E-1	1.954006E+1
6.389830E+2	2.994100E+2	3.872282E+1	-1.885789E+0	2.199000E-7	NaN	2.199000E-6	5.111459E-1	1.973145E+1
6.417770E+2	2.993100E+2	3.873576E+1	-2.028588E+0	2.184200E-7	NaN	2.184200E-6	5.119488E-1	1.977064E+1
6.445600E+2	2.991900E+2	3.875130E+1	-2.347101E+0	2.169800E-7	NaN	2.169800E-6	5.127557E-1	1.980980E+1
6.474700E+2	2.990800E+2	3.876555E+1	-2.366719E+0	2.155300E-7	NaN	2.155300E-6	5.101520E-1	1.971705E+1
6.502990E+2	2.990100E+2	3.877462E+1	-2.422844E+0	2.141100E-7	NaN	2.141100E-6	5.049684E-1	1.952409E+1
6.531520E+2	2.989000E+2	3.878889E+1	-1.883703E+0	2.127400E-7	NaN	2.127400E-6	5.032233E-1	1.946304E+1
6.560640E+2	2.988000E+2	3.880187E+1	-1.901323E+0	2.114000E-7	NaN	2.114000E-6	5.029998E-1	1.946143E+1
6.589220E+2	2.986900E+2	3.881616E+1	-2.185171E+0	2.100800E-7	NaN	2.100800E-6	5.024386E-1	1.944674E+1
6.617100E+2	2.986000E+2	3.882786E+1	-2.183321E+0	2.088200E-7	NaN	2.088200E-6	5.008182E-1	1.939122E+1
6.645130E+2	2.985000E+2	3.884087E+1	-2.126168E+0	2.076000E-7	NaN	2.076000E-6	4.980438E-1	1.929044E+1
6.674250E+2	2.984500E+2	3.884738E+1	-2.039082E+0	2.063700E-7	NaN	2.063700E-6	5.000038E-1	1.937396E+1
6.701440E+2	2.983400E+2	3.886170E+1	-1.571275E+0	2.052400E-7	NaN	2.052400E-6	5.038383E-1	1.952887E+1
6.730580E+2	2.982600E+2	3.887212E+1	-1.696880E+0	2.040500E-7	NaN	2.040500E-6	5.031065E-1	1.950709E+1
6.757710E+2	2.981700E+2	3.888386E+1	-2.019294E+0	2.029700E-7	NaN	2.029700E-6	5.006045E-1	1.941592E+1
6.785630E+2	2.981100E+2	3.889168E+1	-1.810649E+0	2.018800E-7	NaN	2.018800E-6	4.971814E-1	1.928887E+1
6.813400E+2	2.980300E+2	3.890212E+1	-1.633201E+0	2.008400E-7	NaN	2.008400E-6	5.021376E-1	1.948726E+1
6.842650E+2	2.979500E+2	3.891257E+1	-1.508153E+0	1.995900E-7	NaN	1.995900E-6	5.050930E-1	1.960787E+1
6.871470E+2	2.978700E+2	3.892302E+1	-1.683242E+0	1.985270E-7	NaN	1.985270E-6	5.108558E-1	1.983770E+1
6.900320E+2	2.977900E+2	3.893348E+1	-1.653147E+0	1.975110E-7	NaN	1.975110E-6	5.135328E-1	1.994747E+1
6.929760E+2	2.977000E+2	3.894525E+1	-1.664644E+0	1.965090E-7	NaN	1.965090E-6	5.139933E-1	1.997095E+1
6.956400E+2	2.976500E+2	3.895179E+1	-1.750159E+0	1.956200E-7	NaN	1.956200E-6	5.175199E-1	2.011459E+1
6.984960E+2	2.975800E+2	3.896095E+1	-1.503733E+0	1.946870E-7	NaN	1.946870E-6	5.219246E-1	2.029169E+1
7.011830E+2	2.975000E+2	3.897143E+1	-1.306341E+0	1.938270E-7	NaN	1.938270E-6	5.256999E-1	2.044430E+1
7.041280E+2	2.974300E+2	3.898060E+1	-1.622067E+0	1.928950E-7	NaN	1.928950E-6	5.238444E-1	2.037769E+1
7.070510E+2	2.973600E+2	3.898978E+1	-1.595269E+0	1.920090E-7	NaN	1.920090E-6	5.219041E-1	2.030759E+1
7.098680E+2	2.973100E+2	3.899633E+1	-1.431486E+0	1.911500E-7	NaN	1.911500E-6	5.169250E-1	2.011874E+1
7.125880E+2	2.972500E+2	3.900421E+1	-1.255500E+0	1.903620E-7	NaN	1.903620E-6	5.218608E-1	2.031622E+1
7.153130E+2	2.971800E+2	3.901339E+1	-1.191227E+0	1.895820E-7	NaN	1.895820E-6	5.212981E-1	2.029899E+1
7.179370E+2	2.971300E+2	3.901996E+1	-1.432540E+0	1.888500E-7	NaN	1.888500E-6	5.198181E-1	2.024617E+1
7.207510E+2	2.970600E+2	3.902915E+1	-1.347298E+0	1.880810E-7	NaN	1.880810E-6	5.168656E-1	2.013542E+1
7.238490E+2	2.970000E+2	3.903704E+1	-1.326047E+0	1.872530E-7	NaN	1.872530E-6	5.156431E-1	2.009262E+1
7.267080E+2	2.969300E+2	3.904624E+1	-1.316713E+0	1.865000E-7	NaN	1.865000E-6	5.145420E-1	2.005445E+1
7.294460E+2	2.968700E+2	3.905413E+1	-1.307335E+0	1.857950E-7	NaN	1.857950E-6	5.141945E-1	2.004587E+1
7.324410E+2	2.968100E+2	3.906203E+1	-1.394159E+0	1.850580E-7	NaN	1.850580E-6	5.132990E-1	2.001582E+1
7.354040E+2	2.967500E+2	3.906992E+1	-1.255046E+0	1.843320E-7	NaN	1.843320E-6	5.117055E-1	1.995835E+1
7.382370E+2	2.967100E+2	3.907519E+1	-1.208448E+0	1.836420E-7	NaN	1.836420E-6	5.067732E-1	1.977009E+1
7.410000E+2	2.966400E+2	3.908441E+1	-1.036571E+0	1.830080E-7	NaN	1.830080E-6	5.088450E-1	1.985506E+1
7.438490E+2	2.965800E+2	3.909232E+1	-1.178011E+0	1.823450E-7	NaN	1.823450E-6	5.075822E-1	1.981023E+1
7.467830E+2	2.965300E+2	3.909891E+1	-1.389224E+0	1.816970E-7	NaN	1.816970E-6	5.021599E-1	1.960270E+1
7.495430E+2	2.964800E+2	3.910550E+1	-1.140686E+0	1.810920E-7	NaN	1.810920E-6	4.980761E-1	1.944706E+1
7.523290E+2	2.964500E+2	3.910946E+1	-1.053413E+0	1.804870E-7	NaN	1.804870E-6	4.938491E-1	1.928548E+1
7.550090E+2	2.964000E+2	3.911606E+1	-8.651442E-1	1.799350E-7	NaN	1.799350E-6	4.975567E-1	1.943362E+1
7.579960E+2	2.963400E+2	3.912398E+1	-8.766268E-1	1.793180E-7	NaN	1.793180E-6	5.012376E-1	1.958091E+1
7.609820E+2	2.962800E+2	3.913190E+1	-1.165409E+0	1.787130E-7	NaN	1.787130E-6	5.013545E-1	1.958905E+1
7.637780E+2	2.962400E+2	3.913719E+1	-1.205424E+0	1.781740E-7	NaN	1.781740E-6	5.018302E-1	1.961171E+1
7.666670E+2	2.961800E+2	3.914511E+1	-1.039602E+0	1.776170E-7	NaN	1.776170E-6	5.018068E-1	1.961452E+1
7.695370E+2	2.961400E+2	3.915040E+1	-1.056466E+0	1.770740E-7	NaN	1.770740E-6	5.008153E-1	1.957980E+1
7.723560E+2	2.961100E+2	3.915437E+1	-1.042073E+0	1.765580E-7	NaN	1.765580E-6	4.994012E-1	1.952809E+1
7.750950E+2	2.960600E+2	3.916098E+1	-7.385622E-1	1.760580E-7	NaN	1.760580E-6	5.006265E-1	1.957920E+1
7.778760E+2	2.960200E+2	3.916627E+1	-8.625246E-1	1.755850E-7	NaN	1.755850E-6	4.999066E-1	1.955429E+1
7.808830E+2	2.960000E+2	3.916892E+1	-9.779663E-1	1.750720E-7	NaN	1.750720E-6	4.990258E-1	1.952289E+1
7.833370E+2	2.960000E+2	3.916892E+1	-6.189635E-1	1.746550E-7	NaN	1.746550E-6	5.091292E-1	1.992128E+1
