6/17/2024									
6:21 PM									
slow cooling at 455K at 1k per minute_2024.06.17_COND_FILE END.txt									
									
Data taken by: Akshat Sharma									
ammeter is Keithley 6517A at GPIB0::27::INSTR									
voltage source is Keithley 6517A at GPIB0::27::INSTR									
temperature controller is Lake Shore 330 at GPIB0::12::INSTR with the settings: control sensor=A;sample sensor=;loop=1									
Readings: 1									
Voltage (V): 100									
Geo Factor: 1000									
Ea Window (pts): 5									
Shut off V when done?: TRUE									
Mconnect?: TRUE									
Use Abs(Cond)?: TRUE									
Rate (K/min): 1									
Heater: High									
DESCRIPTION									
********************
Time (s)	Temperature (K)	1/kT (1/eV)	Rate (K/min)	Current (A)	Current Std Dev/Mean	Conductivity (Ohm-cm)^-1	Ea (eV)	Reduced Ea
1.405000E+0	4.550000E+2	2.548132E+1	-5.796168E-1	1.664670E-4	NaN	1.664670E-3	NaN	NaN
3.246000E+1	4.547000E+2	2.549813E+1	-1.647958E+0	1.653500E-4	NaN	1.653500E-3	NaN	NaN
4.083400E+1	4.544700E+2	2.551103E+1	-1.245459E+0	1.644680E-4	NaN	1.644680E-3	4.510791E-1	1.150466E+1
4.661500E+1	4.543500E+2	2.551777E+1	-1.208127E+0	1.638420E-4	NaN	1.638420E-3	5.050242E-1	1.288732E+1
5.754100E+1	4.541300E+2	2.553013E+1	-7.981554E-1	1.628280E-4	NaN	1.628280E-3	5.301901E-1	1.353696E+1
6.881700E+1	4.539800E+2	2.553857E+1	-8.274171E-1	1.620220E-4	NaN	1.620220E-3	5.225356E-1	1.334634E+1
8.839600E+1	4.537100E+2	2.555377E+1	-1.017494E+0	1.607850E-4	NaN	1.607850E-3	5.202423E-1	1.329359E+1
9.960000E+1	4.535200E+2	2.556447E+1	-1.059883E+0	1.599080E-4	NaN	1.599080E-3	5.038142E-1	1.287890E+1
1.109220E+2	4.533200E+2	2.557575E+1	-1.082446E+0	1.589760E-4	NaN	1.589760E-3	4.883772E-1	1.249045E+1
1.220080E+2	4.531200E+2	2.558704E+1	-1.198590E+0	1.581330E-4	NaN	1.581330E-3	4.861930E-1	1.244021E+1
1.305180E+2	4.529500E+2	2.559664E+1	-9.395425E-1	1.574670E-4	NaN	1.574670E-3	4.904197E-1	1.255352E+1
1.452060E+2	4.527200E+2	2.560965E+1	-8.940310E-1	1.563900E-4	NaN	1.563900E-3	4.974103E-1	1.273784E+1
1.566150E+2	4.525500E+2	2.561927E+1	-9.967649E-1	1.556220E-4	NaN	1.556220E-3	5.001195E-1	1.281308E+1
1.680520E+2	4.523600E+2	2.563003E+1	-9.961022E-1	1.548320E-4	NaN	1.548320E-3	4.900132E-1	1.255981E+1
1.819060E+2	4.521300E+2	2.564307E+1	-9.745533E-1	1.538400E-4	NaN	1.538400E-3	4.887054E-1	1.253113E+1
1.929880E+2	4.519500E+2	2.565328E+1	-1.020226E+0	1.530700E-4	NaN	1.530700E-3	4.887814E-1	1.253903E+1
2.041620E+2	4.517600E+2	2.566407E+1	-9.876897E-1	1.522580E-4	NaN	1.522580E-3	4.835127E-1	1.240954E+1
2.181340E+2	4.515300E+2	2.567714E+1	-9.776410E-1	1.513120E-4	NaN	1.513120E-3	4.728657E-1	1.214156E+1
2.291810E+2	4.513500E+2	2.568738E+1	-1.144542E+0	1.505790E-4	NaN	1.505790E-3	4.652625E-1	1.195159E+1
2.407140E+2	4.511300E+2	2.569991E+1	-1.084011E+0	1.497360E-4	NaN	1.497360E-3	4.684482E-1	1.203875E+1
2.517840E+2	4.509300E+2	2.571131E+1	-9.654063E-1	1.489390E-4	NaN	1.489390E-3	4.765441E-1	1.225207E+1
2.629710E+2	4.507500E+2	2.572158E+1	-9.228741E-1	1.481740E-4	NaN	1.481740E-3	4.907313E-1	1.262240E+1
2.766240E+2	4.505400E+2	2.573356E+1	-9.063444E-1	1.473110E-4	NaN	1.473110E-3	4.920433E-1	1.266230E+1
2.878780E+2	4.503700E+2	2.574328E+1	-1.018964E+0	1.465870E-4	NaN	1.465870E-3	4.794947E-1	1.234489E+1
3.020100E+2	4.501300E+2	2.575700E+1	-1.085552E+0	1.456320E-4	NaN	1.456320E-3	4.724308E-1	1.216826E+1
3.136170E+2	4.499200E+2	2.576903E+1	-1.011086E+0	1.448540E-4	NaN	1.448540E-3	4.641806E-1	1.196053E+1
3.248920E+2	4.497300E+2	2.577991E+1	-1.032328E+0	1.440990E-4	NaN	1.440990E-3	4.691081E-1	1.209298E+1
3.359350E+2	4.495400E+2	2.579081E+1	-8.950509E-1	1.433850E-4	NaN	1.433850E-3	4.703530E-1	1.213151E+1
3.473310E+2	4.493700E+2	2.580057E+1	-1.103565E+0	1.426820E-4	NaN	1.426820E-3	4.790414E-1	1.236022E+1
3.614670E+2	4.491100E+2	2.581550E+1	-9.336445E-1	1.417300E-4	NaN	1.417300E-3	4.825523E-1	1.245662E+1
3.704640E+2	4.489700E+2	2.582355E+1	-1.053593E+0	1.410950E-4	NaN	1.410950E-3	4.912661E-1	1.268672E+1
3.847010E+2	4.487200E+2	2.583794E+1	-9.711357E-1	1.401590E-4	NaN	1.401590E-3	4.925651E-1	1.272650E+1
3.958220E+2	4.485400E+2	2.584831E+1	-1.006445E+0	1.393730E-4	NaN	1.393730E-3	4.813082E-1	1.244074E+1
4.071490E+2	4.483500E+2	2.585926E+1	-9.402379E-1	1.387080E-4	NaN	1.387080E-3	4.805333E-1	1.242687E+1
4.211880E+2	4.481300E+2	2.587196E+1	-9.725303E-1	1.378540E-4	NaN	1.378540E-3	4.766933E-1	1.233318E+1
4.329100E+2	4.479400E+2	2.588293E+1	-1.057579E+0	1.371320E-4	NaN	1.371320E-3	4.865967E-1	1.259518E+1
4.465260E+2	4.477000E+2	2.589681E+1	-1.119602E+0	1.362000E-4	NaN	1.362000E-3	4.925482E-1	1.275479E+1
4.577800E+2	4.474900E+2	2.590896E+1	-9.778180E-1	1.353930E-4	NaN	1.353930E-3	4.988128E-1	1.292234E+1
4.688250E+2	4.473100E+2	2.591938E+1	-9.673952E-1	1.346660E-4	NaN	1.346660E-3	4.979860E-1	1.290707E+1
4.799890E+2	4.471300E+2	2.592982E+1	-9.706120E-1	1.339640E-4	NaN	1.339640E-3	4.958657E-1	1.285849E+1
4.911160E+2	4.469500E+2	2.594026E+1	-9.489101E-1	1.332990E-4	NaN	1.332990E-3	4.900720E-1	1.271353E+1
5.056590E+2	4.467200E+2	2.595362E+1	-1.013784E+0	1.324170E-4	NaN	1.324170E-3	4.781431E-1	1.240941E+1
5.169040E+2	4.465300E+2	2.596466E+1	-1.131161E+0	1.317080E-4	NaN	1.317080E-3	4.756389E-1	1.234946E+1
5.280430E+2	4.463200E+2	2.597688E+1	-9.583814E-1	1.310060E-4	NaN	1.310060E-3	4.639359E-1	1.205188E+1
5.393120E+2	4.461400E+2	2.598736E+1	-1.015730E+0	1.303240E-4	NaN	1.303240E-3	4.689056E-1	1.218594E+1
5.534890E+2	4.459000E+2	2.600135E+1	-8.945799E-1	1.295170E-4	NaN	1.295170E-3	4.714700E-1	1.225809E+1
5.648910E+2	4.457300E+2	2.601126E+1	-1.072578E+0	1.288550E-4	NaN	1.288550E-3	4.699930E-1	1.222498E+1
5.760790E+2	4.455300E+2	2.602294E+1	-1.029336E+0	1.281930E-4	NaN	1.281930E-3	4.760862E-1	1.238945E+1
5.877370E+2	4.453300E+2	2.603463E+1	-1.020226E+0	1.274660E-4	NaN	1.274660E-3	4.864460E-1	1.266461E+1
5.989110E+2	4.451400E+2	2.604574E+1	-9.578677E-1	1.267890E-4	NaN	1.267890E-3	4.896189E-1	1.275315E+1
6.133180E+2	4.449100E+2	2.605920E+1	-1.011463E+0	1.258830E-4	NaN	1.258830E-3	4.871210E-1	1.269343E+1
6.251820E+2	4.447100E+2	2.607092E+1	-9.285530E-1	1.252470E-4	NaN	1.252470E-3	4.794069E-1	1.249763E+1
6.368130E+2	4.445300E+2	2.608148E+1	-9.748172E-1	1.245900E-4	NaN	1.245900E-3	4.557806E-1	1.188761E+1
6.478920E+2	4.443500E+2	2.609204E+1	-1.120697E+0	1.239870E-4	NaN	1.239870E-3	4.548186E-1	1.186778E+1
6.591350E+2	4.441400E+2	2.610438E+1	-9.693053E-1	1.233450E-4	NaN	1.233450E-3	4.593357E-1	1.199097E+1
6.708960E+2	4.439500E+2	2.611555E+1	-9.701230E-1	1.227050E-4	NaN	1.227050E-3	4.776133E-1	1.247335E+1
6.851210E+2	4.437200E+2	2.612909E+1	-1.037118E+0	1.218730E-4	NaN	1.218730E-3	4.843915E-1	1.265627E+1
6.961130E+2	4.435300E+2	2.614028E+1	-1.070950E+0	1.211760E-4	NaN	1.211760E-3	4.774924E-1	1.248147E+1
7.073180E+2	4.433300E+2	2.615208E+1	-1.014596E+0	1.205630E-4	NaN	1.205630E-3	4.709630E-1	1.231637E+1
7.185540E+2	4.431400E+2	2.616329E+1	-8.967121E-1	1.199320E-4	NaN	1.199320E-3	4.654327E-1	1.217749E+1
7.305980E+2	4.429600E+2	2.617392E+1	-9.686930E-1	1.192950E-4	NaN	1.192950E-3	4.646068E-1	1.216141E+1
7.448440E+2	4.427300E+2	2.618752E+1	-1.027305E+0	1.185640E-4	NaN	1.185640E-3	4.635898E-1	1.214036E+1
7.559410E+2	4.425400E+2	2.619876E+1	-1.006344E+0	1.179870E-4	NaN	1.179870E-3	4.607362E-1	1.207073E+1
7.696540E+2	4.423100E+2	2.621238E+1	-1.026010E+0	1.172040E-4	NaN	1.172040E-3	4.703651E-1	1.232861E+1
7.807650E+2	4.421200E+2	2.622365E+1	-9.807483E-1	1.165980E-4	NaN	1.165980E-3	4.742054E-1	1.243484E+1
7.917770E+2	4.419400E+2	2.623433E+1	-1.040673E+0	1.159900E-4	NaN	1.159900E-3	4.715538E-1	1.237149E+1
8.033080E+2	4.417400E+2	2.624621E+1	-1.076095E+0	1.153630E-4	NaN	1.153630E-3	4.753554E-1	1.247643E+1
8.150170E+2	4.415300E+2	2.625869E+1	-9.443861E-1	1.146730E-4	NaN	1.146730E-3	4.693698E-1	1.232488E+1
8.264530E+2	4.413500E+2	2.626940E+1	-9.693053E-1	1.140800E-4	NaN	1.140800E-3	4.693590E-1	1.233002E+1
8.400710E+2	4.411300E+2	2.628250E+1	-9.675685E-1	1.134130E-4	NaN	1.134130E-3	4.700898E-1	1.235520E+1
8.512330E+2	4.409500E+2	2.629323E+1	-9.700548E-1	1.128370E-4	NaN	1.128370E-3	4.685413E-1	1.231994E+1
8.654590E+2	4.407200E+2	2.630695E+1	-1.068376E+0	1.120870E-4	NaN	1.120870E-3	4.702513E-1	1.237059E+1
8.766910E+2	4.405200E+2	2.631890E+1	-1.033077E+0	1.114820E-4	NaN	1.114820E-3	4.668104E-1	1.228510E+1
8.877260E+2	4.403300E+2	2.633025E+1	-9.811938E-1	1.108960E-4	NaN	1.108960E-3	4.630279E-1	1.219206E+1
8.987330E+2	4.401500E+2	2.634102E+1	-1.008827E+0	1.103380E-4	NaN	1.103380E-3	4.685301E-1	1.234248E+1
9.130070E+2	4.399100E+2	2.635539E+1	-9.782049E-1	1.096050E-4	NaN	1.096050E-3	4.680301E-1	1.233463E+1
9.246610E+2	4.397200E+2	2.636678E+1	-1.041034E+0	1.090050E-4	NaN	1.090050E-3	4.703425E-1	1.240071E+1
9.361880E+2	4.395200E+2	2.637878E+1	-9.691314E-1	1.084110E-4	NaN	1.084110E-3	4.780500E-1	1.260989E+1
9.473320E+2	4.393400E+2	2.638958E+1	-9.463722E-1	1.078430E-4	NaN	1.078430E-3	4.795734E-1	1.265618E+1
9.587440E+2	4.391600E+2	2.640040E+1	-9.624773E-1	1.072610E-4	NaN	1.072610E-3	4.712113E-1	1.244132E+1
9.730820E+2	4.389300E+2	2.641423E+1	-1.060633E+0	1.065670E-4	NaN	1.065670E-3	4.639161E-1	1.225371E+1
9.843960E+2	4.387300E+2	2.642628E+1	-9.810671E-1	1.060240E-4	NaN	1.060240E-3	4.641831E-1	1.226642E+1
9.960160E+2	4.385400E+2	2.643773E+1	-9.851513E-1	1.054390E-4	NaN	1.054390E-3	4.725044E-1	1.249169E+1
1.010024E+3	4.383100E+2	2.645160E+1	-1.010830E+0	1.047290E-4	NaN	1.047290E-3	4.725795E-1	1.249960E+1
1.018334E+3	4.381700E+2	2.646005E+1	-1.155867E+0	1.043010E-4	NaN	1.043010E-3	4.810214E-1	1.272908E+1
1.029754E+3	4.379500E+2	2.647334E+1	-9.691011E-1	1.037070E-4	NaN	1.037070E-3	4.804299E-1	1.271924E+1
1.043994E+3	4.377200E+2	2.648725E+1	-9.494505E-1	1.029260E-4	NaN	1.029260E-3	4.833178E-1	1.280095E+1
1.055369E+3	4.375400E+2	2.649815E+1	-9.390339E-1	1.024260E-4	NaN	1.024260E-3	4.770737E-1	1.264191E+1
1.069426E+3	4.373200E+2	2.651148E+1	-1.033414E+0	1.017640E-4	NaN	1.017640E-3	4.691541E-1	1.243761E+1
1.081038E+3	4.371200E+2	2.652361E+1	-9.306333E-1	1.012420E-4	NaN	1.012420E-3	4.781812E-1	1.268229E+1
1.092643E+3	4.369400E+2	2.653454E+1	-1.014867E+0	1.006510E-4	NaN	1.006510E-3	4.815721E-1	1.277828E+1
1.103876E+3	4.367500E+2	2.654608E+1	-1.003344E+0	1.001020E-4	NaN	1.001020E-3	4.883021E-1	1.296348E+1
1.115238E+3	4.365600E+2	2.655763E+1	-1.015372E+0	9.955100E-5	NaN	9.955100E-4	4.767684E-1	1.266279E+1
1.129420E+3	4.363200E+2	2.657224E+1	-1.092399E+0	9.885000E-5	NaN	9.885000E-4	4.534632E-1	1.204922E+1
1.140405E+3	4.361200E+2	2.658443E+1	-1.068947E+0	9.829100E-5	NaN	9.829100E-4	4.436041E-1	1.179223E+1
1.151631E+3	4.359200E+2	2.659662E+1	-9.198535E-1	9.786500E-5	NaN	9.786500E-4	4.378104E-1	1.164392E+1
1.163372E+3	4.357400E+2	2.660761E+1	-1.010782E+0	9.733200E-5	NaN	9.733200E-4	4.530950E-1	1.205623E+1
1.175244E+3	4.355400E+2	2.661983E+1	-9.334559E-1	9.679400E-5	NaN	9.679400E-4	4.775102E-1	1.271156E+1
1.189385E+3	4.353200E+2	2.663328E+1	-9.724473E-1	9.616400E-5	NaN	9.616400E-4	4.804837E-1	1.279602E+1
1.200491E+3	4.351400E+2	2.664430E+1	-9.682351E-1	9.565300E-5	NaN	9.565300E-4	4.815836E-1	1.283151E+1
1.212265E+3	4.349500E+2	2.665594E+1	-1.094700E+0	9.510200E-5	NaN	9.510200E-4	4.743159E-1	1.264459E+1
1.223775E+3	4.347400E+2	2.666881E+1	-1.027617E+0	9.454600E-5	NaN	9.454600E-4	4.699508E-1	1.253299E+1
1.237788E+3	4.345000E+2	2.668354E+1	-1.048951E+0	9.389700E-5	NaN	9.389700E-4	4.709037E-1	1.256348E+1
1.246368E+3	4.343500E+2	2.669276E+1	-9.654926E-1	9.348800E-5	NaN	9.348800E-4	4.794282E-1	1.279756E+1
1.257554E+3	4.341700E+2	2.670383E+1	-9.844486E-1	9.297800E-5	NaN	9.297800E-4	4.810227E-1	1.284699E+1
1.271572E+3	4.339400E+2	2.671798E+1	-9.622394E-1	9.234800E-5	NaN	9.234800E-4	4.774749E-1	1.275718E+1
1.285290E+3	4.337200E+2	2.673153E+1	-1.009475E+0	9.176000E-5	NaN	9.176000E-4	4.726587E-1	1.263385E+1
1.296583E+3	4.335300E+2	2.674325E+1	-1.031861E+0	9.125900E-5	NaN	9.125900E-4	4.787027E-1	1.280233E+1
1.307631E+3	4.333400E+2	2.675497E+1	-1.046512E+0	9.075400E-5	NaN	9.075400E-4	4.831707E-1	1.292773E+1
1.321391E+3	4.331000E+2	2.676980E+1	-9.183398E-1	9.007800E-5	NaN	9.007800E-4	4.869840E-1	1.303517E+1
1.332498E+3	4.329300E+2	2.678031E+1	-9.482834E-1	8.963300E-5	NaN	8.963300E-4	4.827582E-1	1.292880E+1
1.343887E+3	4.327500E+2	2.679145E+1	-1.089087E+0	8.914700E-5	NaN	8.914700E-4	4.729998E-1	1.267323E+1
1.357660E+3	4.325000E+2	2.680694E+1	-1.110289E+0	8.850300E-5	NaN	8.850300E-4	4.747571E-1	1.272591E+1
1.365766E+3	4.323500E+2	2.681624E+1	-9.805315E-1	8.812500E-5	NaN	8.812500E-4	4.783730E-1	1.282836E+1
1.379840E+3	4.321200E+2	2.683051E+1	-9.388855E-1	8.751200E-5	NaN	8.751200E-4	4.842214E-1	1.299135E+1
1.391343E+3	4.319400E+2	2.684169E+1	-8.976503E-1	8.702900E-5	NaN	8.702900E-4	4.799535E-1	1.288267E+1
1.402706E+3	4.317700E+2	2.685226E+1	-1.013960E+0	8.659100E-5	NaN	8.659100E-4	4.815395E-1	1.293140E+1
1.416316E+3	4.315400E+2	2.686657E+1	-9.353079E-1	8.602700E-5	NaN	8.602700E-4	4.751678E-1	1.276591E+1
1.427863E+3	4.313600E+2	2.687778E+1	-1.125804E+0	8.552400E-5	NaN	8.552400E-4	4.831179E-1	1.298544E+1
1.439055E+3	4.311500E+2	2.689087E+1	-9.465080E-1	8.502900E-5	NaN	8.502900E-4	4.905643E-1	1.319201E+1
1.453001E+3	4.309300E+2	2.690460E+1	-9.970264E-1	8.442500E-5	NaN	8.442500E-4	4.858044E-1	1.306971E+1
1.464435E+3	4.307400E+2	2.691647E+1	-1.086760E+0	8.393700E-5	NaN	8.393700E-4	4.837696E-1	1.302133E+1
1.475477E+3	4.305400E+2	2.692897E+1	-1.079622E+0	8.344400E-5	NaN	8.344400E-4	4.737343E-1	1.275779E+1
1.486592E+3	4.303400E+2	2.694149E+1	-9.429450E-1	8.296900E-5	NaN	8.296900E-4	4.737470E-1	1.276363E+1
1.501227E+3	4.301100E+2	2.695590E+1	-9.698276E-1	8.238800E-5	NaN	8.238800E-4	4.882151E-1	1.315891E+1
1.512363E+3	4.299300E+2	2.696718E+1	-8.989160E-1	8.194400E-5	NaN	8.194400E-4	4.964560E-1	1.338801E+1
1.523710E+3	4.297600E+2	2.697785E+1	-1.033666E+0	8.146900E-5	NaN	8.146900E-4	4.937151E-1	1.332092E+1
1.537641E+3	4.295200E+2	2.699292E+1	-1.077393E+0	8.088800E-5	NaN	8.088800E-4	4.940134E-1	1.333436E+1
1.548779E+3	4.293200E+2	2.700550E+1	-9.589771E-1	8.040300E-5	NaN	8.040300E-4	4.874957E-1	1.316391E+1
1.560041E+3	4.291400E+2	2.701682E+1	-1.012254E+0	7.993700E-5	NaN	7.993700E-4	4.919476E-1	1.329073E+1
1.571303E+3	4.289500E+2	2.702879E+1	-9.628243E-1	7.947600E-5	NaN	7.947600E-4	4.944563E-1	1.336553E+1
1.582520E+3	4.287700E+2	2.704014E+1	-1.057231E+0	7.903600E-5	NaN	7.903600E-4	5.023490E-1	1.358444E+1
1.596708E+3	4.285200E+2	2.705591E+1	-9.172662E-1	7.841600E-5	NaN	7.841600E-4	5.073267E-1	1.372477E+1
1.607828E+3	4.283500E+2	2.706665E+1	-9.895547E-1	7.795300E-5	NaN	7.795300E-4	5.069696E-1	1.372185E+1
1.618742E+3	4.281700E+2	2.707803E+1	-1.009953E+0	7.752800E-5	NaN	7.752800E-4	4.989713E-1	1.351240E+1
1.632406E+3	4.279400E+2	2.709258E+1	-1.020865E+0	7.696800E-5	NaN	7.696800E-4	4.847149E-1	1.313246E+1
1.643573E+3	4.277500E+2	2.710462E+1	-1.034854E+0	7.652300E-5	NaN	7.652300E-4	4.879195E-1	1.322496E+1
1.657488E+3	4.275100E+2	2.711983E+1	-9.214231E-1	7.597500E-5	NaN	7.597500E-4	4.850987E-1	1.315478E+1
1.669209E+3	4.273300E+2	2.713126E+1	-1.020226E+0	7.552800E-5	NaN	7.552800E-4	4.906089E-1	1.331003E+1
1.680383E+3	4.271400E+2	2.714333E+1	-9.712230E-1	7.510200E-5	NaN	7.510200E-4	4.996750E-1	1.356281E+1
1.691503E+3	4.269600E+2	2.715477E+1	-1.019587E+0	7.466300E-5	NaN	7.466300E-4	4.862625E-1	1.320571E+1
1.702684E+3	4.267700E+2	2.716686E+1	-1.088549E+0	7.420200E-5	NaN	7.420200E-4	4.776502E-1	1.297768E+1
1.717015E+3	4.265100E+2	2.718342E+1	-1.032983E+0	7.365500E-5	NaN	7.365500E-4	4.753485E-1	1.292013E+1
1.728051E+3	4.263200E+2	2.719553E+1	-8.888114E-1	7.324500E-5	NaN	7.324500E-4	4.694970E-1	1.276691E+1
1.739527E+3	4.261500E+2	2.720638E+1	-1.043297E+0	7.282600E-5	NaN	7.282600E-4	4.896164E-1	1.332148E+1
1.751029E+3	4.259500E+2	2.721916E+1	-8.887635E-1	7.241800E-5	NaN	7.241800E-4	4.918967E-1	1.338950E+1
1.765206E+3	4.257400E+2	2.723258E+1	-1.030462E+0	7.189600E-5	NaN	7.189600E-4	4.775108E-1	1.300358E+1
1.776269E+3	4.255500E+2	2.724474E+1	-1.066477E+0	7.149200E-5	NaN	7.149200E-4	4.739893E-1	1.291384E+1
1.787521E+3	4.253500E+2	2.725755E+1	-1.089028E+0	7.109200E-5	NaN	7.109200E-4	4.580131E-1	1.248431E+1
1.798540E+3	4.251500E+2	2.727038E+1	-9.870984E-1	7.066100E-5	NaN	7.066100E-4	4.647213E-1	1.267337E+1
1.810089E+3	4.249600E+2	2.728257E+1	-1.008330E+0	7.026700E-5	NaN	7.026700E-4	4.744597E-1	1.294469E+1
1.823775E+3	4.247300E+2	2.729734E+1	-9.357798E-1	6.976800E-5	NaN	6.976800E-4	4.713450E-1	1.286595E+1
1.834675E+3	4.245600E+2	2.730827E+1	-9.706596E-1	6.939900E-5	NaN	6.939900E-4	4.734479E-1	1.292899E+1
1.848274E+3	4.243400E+2	2.732243E+1	-9.577465E-1	6.895900E-5	NaN	6.895900E-4	4.720373E-1	1.289712E+1
1.858924E+3	4.241700E+2	2.733338E+1	-9.971295E-1	6.858900E-5	NaN	6.858900E-4	4.728942E-1	1.292677E+1
1.872162E+3	4.239500E+2	2.734756E+1	-1.028546E+0	6.812900E-5	NaN	6.812900E-4	4.793387E-1	1.310907E+1
1.885579E+3	4.237200E+2	2.736241E+1	-1.022340E+0	6.765200E-5	NaN	6.765200E-4	4.764836E-1	1.303659E+1
1.896143E+3	4.235400E+2	2.737404E+1	-1.132075E+0	6.726800E-5	NaN	6.726800E-4	4.793605E-1	1.312158E+1
1.906743E+3	4.233400E+2	2.738697E+1	-1.009440E+0	6.686300E-5	NaN	6.686300E-4	4.771705E-1	1.306873E+1
1.917442E+3	4.231600E+2	2.739862E+1	-1.024043E+0	6.648000E-5	NaN	6.648000E-4	4.792816E-1	1.313249E+1
1.930918E+3	4.229300E+2	2.741352E+1	-8.876396E-1	6.602300E-5	NaN	6.602300E-4	4.822949E-1	1.322134E+1
1.944437E+3	4.227300E+2	2.742649E+1	-9.523810E-1	6.559500E-5	NaN	6.559500E-4	4.778238E-1	1.310430E+1
1.957667E+3	4.225200E+2	2.744012E+1	-9.711511E-1	6.516900E-5	NaN	6.516900E-4	4.726247E-1	1.296876E+1
1.968170E+3	4.223500E+2	2.745117E+1	-1.032702E+0	6.484200E-5	NaN	6.484200E-4	4.708799E-1	1.292659E+1
1.981533E+3	4.221200E+2	2.746612E+1	-9.509603E-1	6.439800E-5	NaN	6.439800E-4	4.703809E-1	1.291960E+1
1.992259E+3	4.219500E+2	2.747719E+1	-1.069598E+0	6.403600E-5	NaN	6.403600E-4	4.762075E-1	1.308526E+1
2.005722E+3	4.217100E+2	2.749283E+1	-9.950249E-1	6.358100E-5	NaN	6.358100E-4	4.847493E-1	1.332622E+1
2.016576E+3	4.215300E+2	2.750457E+1	-1.007839E+0	6.321400E-5	NaN	6.321400E-4	4.805486E-1	1.321710E+1
2.027292E+3	4.213500E+2	2.751632E+1	-1.035880E+0	6.283700E-5	NaN	6.283700E-4	5.018314E-1	1.380924E+1
2.040614E+3	4.211200E+2	2.753134E+1	-9.272727E-1	6.240400E-5	NaN	6.240400E-4	4.936608E-1	1.359094E+1
2.051614E+3	4.209500E+2	2.754246E+1	-1.003417E+0	6.199800E-5	NaN	6.199800E-4	4.882444E-1	1.344791E+1
2.065367E+3	4.207200E+2	2.755752E+1	-1.038819E+0	6.159600E-5	NaN	6.159600E-4	4.925563E-1	1.357280E+1
2.076341E+3	4.205300E+2	2.756997E+1	-8.905380E-1	6.121700E-5	NaN	6.121700E-4	4.821358E-1	1.329187E+1
2.087121E+3	4.203700E+2	2.758046E+1	-1.015303E+0	6.088200E-5	NaN	6.088200E-4	4.897846E-1	1.350979E+1
2.100713E+3	4.201400E+2	2.759556E+1	-1.025918E+0	6.044600E-5	NaN	6.044600E-4	4.761010E-1	1.313907E+1
2.111825E+3	4.199500E+2	2.760805E+1	-1.087745E+0	6.009300E-5	NaN	6.009300E-4	4.820558E-1	1.330852E+1
2.125615E+3	4.197000E+2	2.762449E+1	-8.803301E-1	5.964300E-5	NaN	5.964300E-4	4.833808E-1	1.335172E+1
2.136520E+3	4.195400E+2	2.763503E+1	-1.125281E+0	5.928100E-5	NaN	5.928100E-4	4.962905E-1	1.371499E+1
2.147184E+3	4.193400E+2	2.764821E+1	-9.156311E-1	5.894100E-5	NaN	5.894100E-4	4.989574E-1	1.379582E+1
2.160945E+3	4.191300E+2	2.766206E+1	-9.979671E-1	5.850300E-5	NaN	5.850300E-4	4.798566E-1	1.327400E+1
2.171767E+3	4.189500E+2	2.767395E+1	-1.064459E+0	5.818000E-5	NaN	5.818000E-4	4.850144E-1	1.342261E+1
2.185295E+3	4.187100E+2	2.768981E+1	-9.109888E-1	5.776100E-5	NaN	5.776100E-4	4.780451E-1	1.323616E+1
2.195833E+3	4.185500E+2	2.770039E+1	-9.788654E-1	5.744700E-5	NaN	5.744700E-4	4.833694E-1	1.338958E+1
2.209318E+3	4.183300E+2	2.771496E+1	-1.010385E+0	5.704200E-5	NaN	5.704200E-4	4.821736E-1	1.336407E+1
2.220007E+3	4.181500E+2	2.772689E+1	-1.054868E+0	5.671900E-5	NaN	5.671900E-4	4.770483E-1	1.322765E+1
2.233658E+3	4.179100E+2	2.774282E+1	-1.039577E+0	5.630100E-5	NaN	5.630100E-4	4.740714E-1	1.315137E+1
2.244624E+3	4.177200E+2	2.775543E+1	-1.065520E+0	5.595200E-5	NaN	5.595200E-4	4.764657E-1	1.322353E+1
2.255323E+3	4.175300E+2	2.776806E+1	-9.807483E-1	5.562600E-5	NaN	5.562600E-4	4.877655E-1	1.354425E+1
2.266335E+3	4.173500E+2	2.778004E+1	-8.879680E-1	5.530100E-5	NaN	5.530100E-4	4.889769E-1	1.358397E+1
2.279849E+3	4.171500E+2	2.779336E+1	-9.832484E-1	5.492200E-5	NaN	5.492200E-4	4.938512E-1	1.372612E+1
2.290833E+3	4.169700E+2	2.780536E+1	-9.697326E-1	5.461300E-5	NaN	5.461300E-4	4.859432E-1	1.351293E+1
2.304445E+3	4.167500E+2	2.782004E+1	-1.047702E+0	5.421700E-5	NaN	5.421700E-4	4.876176E-1	1.356597E+1
2.317044E+3	4.165300E+2	2.783473E+1	-9.836066E-1	5.384900E-5	NaN	5.384900E-4	4.980166E-1	1.386142E+1
2.329854E+3	4.163200E+2	2.784877E+1	-1.003521E+0	5.345200E-5	NaN	5.345200E-4	5.026112E-1	1.399637E+1
2.341214E+3	4.161300E+2	2.786149E+1	-1.068662E+0	5.310400E-5	NaN	5.310400E-4	5.019803E-1	1.398603E+1
2.352443E+3	4.159300E+2	2.787488E+1	-1.055966E+0	5.275500E-5	NaN	5.275500E-4	4.924364E-1	1.372648E+1
2.363807E+3	4.157300E+2	2.788829E+1	-1.022727E+0	5.242100E-5	NaN	5.242100E-4	4.949847E-1	1.380386E+1
2.374367E+3	4.155500E+2	2.790037E+1	-8.850863E-1	5.210400E-5	NaN	5.210400E-4	4.907975E-1	1.369434E+1
2.387925E+3	4.153500E+2	2.791381E+1	-1.022677E+0	5.174100E-5	NaN	5.174100E-4	4.800858E-1	1.340183E+1
2.401419E+3	4.151200E+2	2.792927E+1	-1.055556E+0	5.137800E-5	NaN	5.137800E-4	4.817342E-1	1.345314E+1
2.412219E+3	4.149300E+2	2.794206E+1	-8.865084E-1	5.108800E-5	NaN	5.108800E-4	4.914846E-1	1.373203E+1
2.423048E+3	4.147700E+2	2.795284E+1	-9.461590E-1	5.077800E-5	NaN	5.077800E-4	5.075001E-1	1.418716E+1
2.436365E+3	4.145600E+2	2.796700E+1	-1.107522E+0	5.040700E-5	NaN	5.040700E-4	4.967875E-1	1.389517E+1
2.447200E+3	4.143600E+2	2.798050E+1	-1.098660E+0	5.007800E-5	NaN	5.007800E-4	4.816220E-1	1.347651E+1
2.460853E+3	4.141100E+2	2.799739E+1	-9.953000E-1	4.970100E-5	NaN	4.970100E-4	4.817862E-1	1.348697E+1
2.471704E+3	4.139300E+2	2.800957E+1	-9.280320E-1	4.939500E-5	NaN	4.939500E-4	4.964979E-1	1.390584E+1
2.482695E+3	4.137600E+2	2.802108E+1	-9.977324E-1	4.910100E-5	NaN	4.910100E-4	5.007511E-1	1.403329E+1
2.495925E+3	4.135400E+2	2.803598E+1	-9.766926E-1	4.872400E-5	NaN	4.872400E-4	5.035781E-1	1.411816E+1
2.509440E+3	4.133200E+2	2.805090E+1	-8.944377E-1	4.839600E-5	NaN	4.839600E-4	4.970977E-1	1.394330E+1
2.520173E+3	4.131600E+2	2.806177E+1	-1.068408E+0	4.809800E-5	NaN	4.809800E-4	5.000324E-1	1.403241E+1
2.533651E+3	4.129200E+2	2.807808E+1	-9.590973E-1	4.773000E-5	NaN	4.773000E-4	5.054389E-1	1.419149E+1
2.544286E+3	4.127500E+2	2.808964E+1	-1.007557E+0	4.743800E-5	NaN	4.743800E-4	4.951424E-1	1.390843E+1
2.557387E+3	4.125300E+2	2.810462E+1	-1.054092E+0	4.709100E-5	NaN	4.709100E-4	4.980534E-1	1.399742E+1
2.568202E+3	4.123400E+2	2.811757E+1	-1.060860E+0	4.679400E-5	NaN	4.679400E-4	4.975563E-1	1.399004E+1
2.578948E+3	4.121500E+2	2.813053E+1	-9.690918E-1	4.649300E-5	NaN	4.649300E-4	4.925506E-1	1.385648E+1
2.592569E+3	4.119300E+2	2.814556E+1	-1.098298E+0	4.613400E-5	NaN	4.613400E-4	4.956685E-1	1.395101E+1
2.603495E+3	4.117300E+2	2.815923E+1	-9.651945E-1	4.585100E-5	NaN	4.585100E-4	4.905872E-1	1.381397E+1
2.617171E+3	4.115100E+2	2.817428E+1	-8.865903E-1	4.549000E-5	NaN	4.549000E-4	4.801704E-1	1.352792E+1
2.627999E+3	4.113500E+2	2.818524E+1	-1.023283E+0	4.526200E-5	NaN	4.526200E-4	4.833881E-1	1.362492E+1
2.641485E+3	4.111200E+2	2.820101E+1	-9.607234E-1	4.493200E-5	NaN	4.493200E-4	4.703939E-1	1.326483E+1
2.652102E+3	4.109500E+2	2.821268E+1	-9.768452E-1	4.466900E-5	NaN	4.466900E-4	4.820933E-1	1.360128E+1
2.663158E+3	4.107700E+2	2.822504E+1	-1.031853E+0	4.442300E-5	NaN	4.442300E-4	4.909143E-1	1.385730E+1
2.676532E+3	4.105400E+2	2.824085E+1	-1.051661E+0	4.406100E-5	NaN	4.406100E-4	4.964085E-1	1.401905E+1
2.687372E+3	4.103500E+2	2.825393E+1	-1.040724E+0	4.377800E-5	NaN	4.377800E-4	4.929383E-1	1.392762E+1
2.700632E+3	4.101200E+2	2.826977E+1	-1.056828E+0	4.342800E-5	NaN	4.342800E-4	4.738476E-1	1.339480E+1
2.711419E+3	4.099300E+2	2.828288E+1	-9.920088E-1	4.318000E-5	NaN	4.318000E-4	4.730196E-1	1.337766E+1
2.722306E+3	4.097500E+2	2.829530E+1	-8.950548E-1	4.294100E-5	NaN	4.294100E-4	4.717462E-1	1.334915E+1
2.735713E+3	4.095500E+2	2.830912E+1	-1.001742E+0	4.263400E-5	NaN	4.263400E-4	4.836664E-1	1.369271E+1
2.749489E+3	4.093200E+2	2.832503E+1	-9.700889E-1	4.231900E-5	NaN	4.231900E-4	4.944000E-1	1.400244E+1
2.760622E+3	4.091400E+2	2.833749E+1	-9.608139E-1	4.205900E-5	NaN	4.205900E-4	4.942990E-1	1.400732E+1
2.771238E+3	4.089700E+2	2.834927E+1	-1.057530E+0	4.180000E-5	NaN	4.180000E-4	5.004232E-1	1.418852E+1
2.785422E+3	4.087200E+2	2.836661E+1	-1.113689E+0	4.144600E-5	NaN	4.144600E-4	5.027082E-1	1.425933E+1
2.796197E+3	4.085200E+2	2.838050E+1	-1.003997E+0	4.116200E-5	NaN	4.116200E-4	5.035752E-1	1.429074E+1
2.806954E+3	4.083400E+2	2.839301E+1	-9.908422E-1	4.089400E-5	NaN	4.089400E-4	5.096598E-1	1.447103E+1
2.820276E+3	4.081200E+2	2.840831E+1	-9.446194E-1	4.057700E-5	NaN	4.057700E-4	5.073592E-1	1.441301E+1
2.831074E+3	4.079500E+2	2.842015E+1	-9.728774E-1	4.033300E-5	NaN	4.033300E-4	5.024165E-1	1.427887E+1
2.844642E+3	4.077300E+2	2.843548E+1	-9.497207E-1	4.003000E-5	NaN	4.003000E-4	4.976618E-1	1.415137E+1
2.855382E+3	4.075600E+2	2.844735E+1	-9.943796E-1	3.979100E-5	NaN	3.979100E-4	4.883821E-1	1.389351E+1
2.869260E+3	4.073300E+2	2.846341E+1	-9.537167E-1	3.947900E-5	NaN	3.947900E-4	4.853385E-1	1.381449E+1
2.879955E+3	4.071600E+2	2.847529E+1	-1.082788E+0	3.926600E-5	NaN	3.926600E-4	4.923166E-1	1.401925E+1
2.893254E+3	4.069200E+2	2.849209E+1	-9.771103E-1	3.894000E-5	NaN	3.894000E-4	4.919929E-1	1.401744E+1
2.904307E+3	4.067400E+2	2.850470E+1	-1.128021E+0	3.867600E-5	NaN	3.867600E-4	5.006160E-1	1.426961E+1
2.915477E+3	4.065300E+2	2.851942E+1	-9.340434E-1	3.841900E-5	NaN	3.841900E-4	4.942515E-1	1.409577E+1
2.927682E+3	4.063400E+2	2.853276E+1	-1.044205E+0	3.814800E-5	NaN	3.814800E-4	4.874702E-1	1.390940E+1
2.939174E+3	4.061400E+2	2.854681E+1	-9.776141E-1	3.789800E-5	NaN	3.789800E-4	4.985509E-1	1.423228E+1
2.953290E+3	4.059100E+2	2.856298E+1	-8.997883E-1	3.759800E-5	NaN	3.759800E-4	5.003797E-1	1.429075E+1
2.964626E+3	4.057400E+2	2.857495E+1	-9.425729E-1	3.735900E-5	NaN	3.735900E-4	5.053347E-1	1.444033E+1
2.976084E+3	4.055600E+2	2.858763E+1	-1.040387E+0	3.711800E-5	NaN	3.711800E-4	5.079462E-1	1.452236E+1
2.989925E+3	4.053200E+2	2.860456E+1	-9.788815E-1	3.681400E-5	NaN	3.681400E-4	4.995425E-1	1.428840E+1
3.000958E+3	4.051400E+2	2.861727E+1	-1.109570E+0	3.656800E-5	NaN	3.656800E-4	4.941114E-1	1.413982E+1
3.011773E+3	4.049400E+2	2.863140E+1	-1.089621E+0	3.632200E-5	NaN	3.632200E-4	4.986971E-1	1.427910E+1
3.022786E+3	4.047400E+2	2.864555E+1	-9.616786E-1	3.607400E-5	NaN	3.607400E-4	5.020736E-1	1.438197E+1
3.036512E+3	4.045200E+2	2.866113E+1	-9.581063E-1	3.578100E-5	NaN	3.578100E-4	5.116465E-1	1.466353E+1
3.047158E+3	4.043500E+2	2.867318E+1	-9.302326E-1	3.555700E-5	NaN	3.555700E-4	5.044113E-1	1.446417E+1
3.060703E+3	4.041400E+2	2.868808E+1	-1.031005E+0	3.528900E-5	NaN	3.528900E-4	4.995179E-1	1.433063E+1
3.074088E+3	4.039100E+2	2.870441E+1	-9.382761E-1	3.502200E-5	NaN	3.502200E-4	4.940805E-1	1.418079E+1
3.084959E+3	4.037400E+2	2.871650E+1	-1.071026E+0	3.479600E-5	NaN	3.479600E-4	4.947899E-1	1.420882E+1
3.095603E+3	4.035500E+2	2.873002E+1	-1.001745E+0	3.457200E-5	NaN	3.457200E-4	5.005059E-1	1.438033E+1
3.108780E+3	4.033300E+2	2.874569E+1	-1.008686E+0	3.430100E-5	NaN	3.430100E-4	4.945703E-1	1.421599E+1
3.119487E+3	4.031500E+2	2.875853E+1	-1.040716E+0	3.408100E-5	NaN	3.408100E-4	4.941715E-1	1.421207E+1
3.130441E+3	4.029600E+2	2.877209E+1	-1.020106E+0	3.385600E-5	NaN	3.385600E-4	4.928233E-1	1.418033E+1
3.143969E+3	4.027300E+2	2.878852E+1	-9.711357E-1	3.358700E-5	NaN	3.358700E-4	4.891833E-1	1.408244E+1
3.155090E+3	4.025500E+2	2.880139E+1	-9.942754E-1	3.336900E-5	NaN	3.336900E-4	4.885588E-1	1.407109E+1
3.168366E+3	4.023300E+2	2.881714E+1	-9.856713E-1	3.312000E-5	NaN	3.312000E-4	4.827741E-1	1.391215E+1
3.179323E+3	4.021500E+2	2.883004E+1	-9.956253E-1	3.291100E-5	NaN	3.291100E-4	4.838846E-1	1.395045E+1
3.192581E+3	4.019300E+2	2.884582E+1	-9.892828E-1	3.267000E-5	NaN	3.267000E-4	4.960280E-1	1.430819E+1
3.203498E+3	4.017500E+2	2.885874E+1	-9.680258E-1	3.245200E-5	NaN	3.245200E-4	4.901904E-1	1.414674E+1
3.217134E+3	4.015300E+2	2.887455E+1	-1.124754E+0	3.218700E-5	NaN	3.218700E-4	5.020248E-1	1.449518E+1
3.227803E+3	4.013300E+2	2.888894E+1	-9.460211E-1	3.198700E-5	NaN	3.198700E-4	5.036739E-1	1.455014E+1
3.238585E+3	4.011600E+2	2.890119E+1	-1.021088E+0	3.176200E-5	NaN	3.176200E-4	5.095734E-1	1.472788E+1
3.252100E+3	4.009300E+2	2.891777E+1	-9.454074E-1	3.149900E-5	NaN	3.149900E-4	5.158418E-1	1.491679E+1
3.262889E+3	4.007600E+2	2.893003E+1	-9.900248E-1	3.130000E-5	NaN	3.130000E-4	5.032481E-1	1.455982E+1
3.276222E+3	4.005400E+2	2.894592E+1	-9.796645E-1	3.105600E-5	NaN	3.105600E-4	4.973262E-1	1.439596E+1
3.289696E+3	4.003200E+2	2.896183E+1	-1.057416E+0	3.080700E-5	NaN	3.080700E-4	5.040817E-1	1.459740E+1
3.300477E+3	4.001300E+2	2.897558E+1	-8.852006E-1	3.060700E-5	NaN	3.060700E-4	5.059162E-1	1.465900E+1
3.311322E+3	3.999700E+2	2.898717E+1	-1.043025E+0	3.040400E-5	NaN	3.040400E-4	4.976905E-1	1.442830E+1
3.325128E+3	3.997300E+2	2.900458E+1	-1.061650E+0	3.015200E-5	NaN	3.015200E-4	4.921670E-1	1.427472E+1
3.335866E+3	3.995400E+2	2.901837E+1	-1.047024E+0	2.995900E-5	NaN	2.995900E-4	4.867638E-1	1.412483E+1
3.346754E+3	3.993500E+2	2.903218E+1	-9.857847E-1	2.975600E-5	NaN	2.975600E-4	4.971183E-1	1.443299E+1
3.360753E+3	3.991200E+2	2.904891E+1	-9.930121E-1	2.950100E-5	NaN	2.950100E-4	5.003368E-1	1.453401E+1
3.371629E+3	3.989400E+2	2.906201E+1	-1.014930E+0	2.930700E-5	NaN	2.930700E-4	5.073373E-1	1.474380E+1
3.385226E+3	3.987100E+2	2.907878E+1	-8.360427E-1	2.907100E-5	NaN	2.907100E-4	4.971099E-1	1.445492E+1
3.395991E+3	3.985600E+2	2.908972E+1	-1.062574E+0	2.889200E-5	NaN	2.889200E-4	5.010107E-1	1.457479E+1
3.409543E+3	3.983200E+2	2.910725E+1	-8.987081E-1	2.866300E-5	NaN	2.866300E-4	5.023962E-1	1.462341E+1
3.420225E+3	3.981600E+2	2.911895E+1	-1.050328E+0	2.847900E-5	NaN	2.847900E-4	4.949115E-1	1.441214E+1
3.433935E+3	3.979200E+2	2.913651E+1	-1.087055E+0	2.823400E-5	NaN	2.823400E-4	5.108628E-1	1.488410E+1
3.444974E+3	3.977200E+2	2.915116E+1	-9.513151E-1	2.803400E-5	NaN	2.803400E-4	5.023600E-1	1.464397E+1
3.455696E+3	3.975500E+2	2.916363E+1	-1.111688E+0	2.783800E-5	NaN	2.783800E-4	5.121871E-1	1.493815E+1
3.469189E+3	3.973000E+2	2.918198E+1	-8.998032E-1	2.759700E-5	NaN	2.759700E-4	5.123748E-1	1.495122E+1
3.479858E+3	3.971400E+2	2.919374E+1	-9.812667E-1	2.741600E-5	NaN	2.741600E-4	5.078893E-1	1.482686E+1
3.493310E+3	3.969200E+2	2.920992E+1	-9.260941E-1	2.719900E-5	NaN	2.719900E-4	5.141850E-1	1.501943E+1
3.504324E+3	3.967500E+2	2.922243E+1	-9.680258E-1	2.702200E-5	NaN	2.702200E-4	5.073444E-1	1.482629E+1
3.517960E+3	3.965300E+2	2.923865E+1	-1.033920E+0	2.680000E-5	NaN	2.680000E-4	5.045805E-1	1.475400E+1
3.528986E+3	3.963400E+2	2.925266E+1	-1.074466E+0	2.661100E-5	NaN	2.661100E-4	5.098342E-1	1.491408E+1
3.542388E+3	3.961000E+2	2.927039E+1	-9.400922E-1	2.638200E-5	NaN	2.638200E-4	5.068921E-1	1.483568E+1
3.553238E+3	3.959300E+2	2.928295E+1	-1.099404E+0	2.619400E-5	NaN	2.619400E-4	5.055493E-1	1.480367E+1
3.564153E+3	3.957300E+2	2.929775E+1	-1.051467E+0	2.601400E-5	NaN	2.601400E-4	5.095657E-1	1.492894E+1
3.574995E+3	3.955400E+2	2.931183E+1	-9.655434E-1	2.582900E-5	NaN	2.582900E-4	5.027852E-1	1.473748E+1
3.585559E+3	3.953700E+2	2.932443E+1	-9.730925E-1	2.565600E-5	NaN	2.565600E-4	5.113530E-1	1.499659E+1
3.599124E+3	3.951500E+2	2.934076E+1	-9.410710E-1	2.544900E-5	NaN	2.544900E-4	5.104116E-1	1.497586E+1
3.612513E+3	3.949400E+2	2.935636E+1	-9.795918E-1	2.524600E-5	NaN	2.524600E-4	5.079059E-1	1.490964E+1
3.623538E+3	3.947600E+2	2.936974E+1	-9.785751E-1	2.507400E-5	NaN	2.507400E-4	5.039958E-1	1.480274E+1
3.637027E+3	3.945400E+2	2.938612E+1	-1.060071E+0	2.486600E-5	NaN	2.486600E-4	5.007683E-1	1.471579E+1
3.647781E+3	3.943500E+2	2.940028E+1	-9.852217E-1	2.469900E-5	NaN	2.469900E-4	4.971966E-1	1.461779E+1
3.661179E+3	3.941300E+2	2.941669E+1	-1.070222E+0	2.449200E-5	NaN	2.449200E-4	5.035060E-1	1.481137E+1
3.671831E+3	3.939400E+2	2.943088E+1	-9.582577E-1	2.432300E-5	NaN	2.432300E-4	5.062927E-1	1.490072E+1
3.685606E+3	3.937200E+2	2.944732E+1	-1.068917E+0	2.411100E-5	NaN	2.411100E-4	5.130164E-1	1.510574E+1
3.696271E+3	3.935300E+2	2.946154E+1	-8.956895E-1	2.394700E-5	NaN	2.394700E-4	5.136602E-1	1.513283E+1
3.706989E+3	3.933700E+2	2.947352E+1	-1.017249E+0	2.378600E-5	NaN	2.378600E-4	5.106452E-1	1.505237E+1
3.720555E+3	3.931400E+2	2.949077E+1	-9.582478E-1	2.358700E-5	NaN	2.358700E-4	5.056814E-1	1.491314E+1
3.733704E+3	3.929300E+2	2.950653E+1	-1.062640E+0	2.339500E-5	NaN	2.339500E-4	5.003829E-1	1.476301E+1
3.744432E+3	3.927400E+2	2.952080E+1	-9.556826E-1	2.323800E-5	NaN	2.323800E-4	5.010590E-1	1.479187E+1
3.755105E+3	3.925700E+2	2.953359E+1	-1.057968E+0	2.308000E-5	NaN	2.308000E-4	5.067073E-1	1.496611E+1
3.768716E+3	3.923300E+2	2.955165E+1	-9.912804E-1	2.287800E-5	NaN	2.287800E-4	5.114361E-1	1.511290E+1
3.779611E+3	3.921500E+2	2.956522E+1	-1.045488E+0	2.270900E-5	NaN	2.270900E-4	5.067440E-1	1.498202E+1
3.790515E+3	3.919600E+2	2.957955E+1	-1.008477E+0	2.255000E-5	NaN	2.255000E-4	5.111772E-1	1.512108E+1
3.804199E+3	3.917300E+2	2.959692E+1	-9.439200E-1	2.235400E-5	NaN	2.235400E-4	5.059005E-1	1.497239E+1
3.815005E+3	3.915600E+2	2.960977E+1	-9.935270E-1	2.220300E-5	NaN	2.220300E-4	5.110312E-1	1.513141E+1
3.828291E+3	3.913400E+2	2.962641E+1	-9.684770E-1	2.201900E-5	NaN	2.201900E-4	5.085446E-1	1.506650E+1
3.838823E+3	3.911700E+2	2.963929E+1	-1.007741E+0	2.187200E-5	NaN	2.187200E-4	4.998038E-1	1.481456E+1
3.852517E+3	3.909400E+2	2.965672E+1	-1.036929E+0	2.168400E-5	NaN	2.168400E-4	5.061404E-1	1.501034E+1
3.863511E+3	3.907500E+2	2.967115E+1	-9.200438E-1	2.153400E-5	NaN	2.153400E-4	5.039588E-1	1.495285E+1
3.877206E+3	3.905400E+2	2.968710E+1	-1.064963E+0	2.134700E-5	NaN	2.134700E-4	5.039677E-1	1.496117E+1
3.888474E+3	3.903400E+2	2.970231E+1	-1.047794E+0	2.119200E-5	NaN	2.119200E-4	5.034249E-1	1.495313E+1
3.899354E+3	3.901500E+2	2.971678E+1	-1.019956E+0	2.104100E-5	NaN	2.104100E-4	5.029444E-1	1.494628E+1
3.912884E+3	3.899200E+2	2.973430E+1	-9.777295E-1	2.085500E-5	NaN	2.085500E-4	5.180753E-1	1.540307E+1
3.923930E+3	3.897400E+2	2.974804E+1	-9.460211E-1	2.070200E-5	NaN	2.070200E-4	5.218258E-1	1.552310E+1
3.934712E+3	3.895700E+2	2.976102E+1	-1.000653E+0	2.055700E-5	NaN	2.055700E-4	5.158921E-1	1.535586E+1
3.948503E+3	3.893400E+2	2.977860E+1	-1.007299E+0	2.037700E-5	NaN	2.037700E-4	5.122204E-1	1.525322E+1
3.962203E+3	3.891100E+2	2.979620E+1	-9.506058E-1	2.019900E-5	NaN	2.019900E-4	5.076334E-1	1.512426E+1
3.972933E+3	3.889400E+2	2.980923E+1	-1.003563E+0	2.005800E-5	NaN	2.005800E-4	5.172861E-1	1.541998E+1
3.986684E+3	3.887100E+2	2.982686E+1	-9.467236E-1	1.988310E-5	NaN	1.988310E-4	5.186623E-1	1.546937E+1
3.997458E+3	3.885400E+2	2.983991E+1	-1.087548E+0	1.973920E-5	NaN	1.973920E-4	5.074438E-1	1.514219E+1
4.008492E+3	3.883400E+2	2.985528E+1	-1.125070E+0	1.959000E-5	NaN	1.959000E-4	5.118251E-1	1.528167E+1
4.019158E+3	3.881400E+2	2.987067E+1	-9.561753E-1	1.944610E-5	NaN	1.944610E-4	5.087540E-1	1.519681E+1
4.032963E+3	3.879200E+2	2.988761E+1	-1.006711E+0	1.926680E-5	NaN	1.926680E-4	5.205079E-1	1.555580E+1
4.043691E+3	3.877400E+2	2.990148E+1	-9.036145E-1	1.913250E-5	NaN	1.913250E-4	5.200040E-1	1.554943E+1
4.056971E+3	3.875400E+2	2.991691E+1	-1.004337E+0	1.897370E-5	NaN	1.897370E-4	5.137601E-1	1.537038E+1
4.070114E+3	3.873200E+2	2.993390E+1	-9.350935E-1	1.881780E-5	NaN	1.881780E-4	5.127289E-1	1.534753E+1
4.081022E+3	3.871500E+2	2.994705E+1	-1.019956E+0	1.868640E-5	NaN	1.868640E-4	5.134568E-1	1.537698E+1
4.094552E+3	3.869200E+2	2.996485E+1	-1.000649E+0	1.851880E-5	NaN	1.851880E-4	5.162467E-1	1.546878E+1
4.105345E+3	3.867400E+2	2.997880E+1	-1.111523E+0	1.838110E-5	NaN	1.838110E-4	5.125980E-1	1.536672E+1
4.116141E+3	3.865400E+2	2.999431E+1	-1.051273E+0	1.824060E-5	NaN	1.824060E-4	5.237808E-1	1.571097E+1
4.126985E+3	3.863500E+2	3.000906E+1	-9.542399E-1	1.810200E-5	NaN	1.810200E-4	5.228677E-1	1.569121E+1
4.140818E+3	3.861300E+2	3.002616E+1	-1.041381E+0	1.792900E-5	NaN	1.792900E-4	5.259577E-1	1.579249E+1
4.151765E+3	3.859400E+2	3.004094E+1	-9.705882E-1	1.779890E-5	NaN	1.779890E-4	5.227042E-1	1.570225E+1
4.165365E+3	3.857200E+2	3.005807E+1	-9.513151E-1	1.764020E-5	NaN	1.764020E-4	5.158008E-1	1.550346E+1
4.176087E+3	3.855500E+2	3.007133E+1	-9.705882E-1	1.751870E-5	NaN	1.751870E-4	5.239610E-1	1.575630E+1
4.189687E+3	3.853300E+2	3.008850E+1	-9.423503E-1	1.736340E-5	NaN	1.736340E-4	5.192909E-1	1.562483E+1
4.200511E+3	3.851600E+2	3.010178E+1	-1.021617E+0	1.723930E-5	NaN	1.723930E-4	5.143372E-1	1.548324E+1
4.214019E+3	3.849300E+2	3.011976E+1	-1.050401E+0	1.708600E-5	NaN	1.708600E-4	5.096967E-1	1.535168E+1
4.224872E+3	3.847400E+2	3.013464E+1	-1.078167E+0	1.695740E-5	NaN	1.695740E-4	5.084212E-1	1.532046E+1
4.236002E+3	3.845400E+2	3.015031E+1	-1.043860E+0	1.682240E-5	NaN	1.682240E-4	5.209536E-1	1.570725E+1
4.246923E+3	3.843500E+2	3.016521E+1	-9.841199E-1	1.669210E-5	NaN	1.669210E-4	5.336207E-1	1.609699E+1
4.260336E+3	3.841300E+2	3.018249E+1	-9.373373E-1	1.653560E-5	NaN	1.653560E-4	5.332653E-1	1.609526E+1
4.271858E+3	3.839500E+2	3.019664E+1	-1.023815E+0	1.640570E-5	NaN	1.640570E-4	5.281852E-1	1.594963E+1
4.285337E+3	3.837200E+2	3.021474E+1	-9.619012E-1	1.625840E-5	NaN	1.625840E-4	5.218650E-1	1.576729E+1
4.295941E+3	3.835500E+2	3.022813E+1	-9.343022E-1	1.614540E-5	NaN	1.614540E-4	5.146841E-1	1.555779E+1
4.309427E+3	3.833400E+2	3.024469E+1	-1.000371E+0	1.600370E-5	NaN	1.600370E-4	5.044539E-1	1.525815E+1
4.320223E+3	3.831600E+2	3.025890E+1	-1.107583E+0	1.589120E-5	NaN	1.589120E-4	4.983674E-1	1.508124E+1
4.333766E+3	3.829100E+2	3.027866E+1	-1.016405E+0	1.574440E-5	NaN	1.574440E-4	4.967923E-1	1.504103E+1
4.344982E+3	3.827200E+2	3.029369E+1	-1.041286E+0	1.562140E-5	NaN	1.562140E-4	5.104703E-1	1.546225E+1
4.355930E+3	3.825300E+2	3.030873E+1	-9.532710E-1	1.550080E-5	NaN	1.550080E-4	5.253248E-1	1.592234E+1
4.366630E+3	3.823600E+2	3.032221E+1	-1.010841E+0	1.538640E-5	NaN	1.538640E-4	5.325824E-1	1.614983E+1
4.380282E+3	3.821300E+2	3.034046E+1	-9.019166E-1	1.524260E-5	NaN	1.524260E-4	5.284985E-1	1.603460E+1
4.390926E+3	3.819700E+2	3.035317E+1	-1.029083E+0	1.513320E-5	NaN	1.513320E-4	5.231211E-1	1.587980E+1
4.404336E+3	3.817400E+2	3.037146E+1	-9.678839E-1	1.499650E-5	NaN	1.499650E-4	5.216747E-1	1.584421E+1
4.417974E+3	3.815200E+2	3.038897E+1	-1.005399E+0	1.485830E-5	NaN	1.485830E-4	5.227736E-1	1.588432E+1
4.428716E+3	3.813400E+2	3.040331E+1	-9.477792E-1	1.474790E-5	NaN	1.474790E-4	5.257427E-1	1.598370E+1
4.439478E+3	3.811700E+2	3.041687E+1	-1.090116E+0	1.463730E-5	NaN	1.463730E-4	5.088581E-1	1.548015E+1
4.450486E+3	3.809700E+2	3.043284E+1	-1.117485E+0	1.452240E-5	NaN	1.452240E-4	5.109441E-1	1.555042E+1
4.463909E+3	3.807200E+2	3.045283E+1	-8.889712E-1	1.438470E-5	NaN	1.438470E-4	5.107629E-1	1.555248E+1
4.474708E+3	3.805600E+2	3.046563E+1	-9.967530E-1	1.427770E-5	NaN	1.427770E-4	5.238567E-1	1.595922E+1
4.487951E+3	3.803400E+2	3.048325E+1	-9.359516E-1	1.415020E-5	NaN	1.415020E-4	5.270923E-1	1.606791E+1
4.498849E+3	3.801700E+2	3.049688E+1	-1.022374E+0	1.404570E-5	NaN	1.404570E-4	5.169377E-1	1.576638E+1
4.512347E+3	3.799400E+2	3.051534E+1	-9.798100E-1	1.391700E-5	NaN	1.391700E-4	5.205536E-1	1.588483E+1
4.525819E+3	3.797200E+2	3.053302E+1	-9.682625E-1	1.378880E-5	NaN	1.378880E-4	5.228338E-1	1.596250E+1
4.536973E+3	3.795400E+2	3.054750E+1	-9.874327E-1	1.368200E-5	NaN	1.368200E-4	5.291765E-1	1.616533E+1
4.550341E+3	3.793200E+2	3.056522E+1	-1.021963E+0	1.355390E-5	NaN	1.355390E-4	5.225367E-1	1.597125E+1
4.561496E+3	3.791300E+2	3.058054E+1	-1.089325E+0	1.344600E-5	NaN	1.344600E-4	5.157636E-1	1.577178E+1
4.572512E+3	3.789300E+2	3.059668E+1	-1.021566E+0	1.333860E-5	NaN	1.333860E-4	5.141608E-1	1.573094E+1
4.583084E+3	3.787500E+2	3.061122E+1	-1.004745E+0	1.323840E-5	NaN	1.323840E-4	5.106165E-1	1.563126E+1
4.593833E+3	3.785700E+2	3.062578E+1	-1.033630E+0	1.313690E-5	NaN	1.313690E-4	5.184068E-1	1.587817E+1
4.607184E+3	3.783400E+2	3.064439E+1	-9.019844E-1	1.301690E-5	NaN	1.301690E-4	5.212405E-1	1.597299E+1
4.620488E+3	3.781400E+2	3.066060E+1	-9.394572E-1	1.290160E-5	NaN	1.290160E-4	5.218999E-1	1.600093E+1
4.633900E+3	3.779300E+2	3.067764E+1	-9.795030E-1	1.278730E-5	NaN	1.278730E-4	5.267413E-1	1.615896E+1
4.644926E+3	3.777500E+2	3.069226E+1	-9.828742E-1	1.269160E-5	NaN	1.269160E-4	5.146406E-1	1.579625E+1
4.658356E+3	3.775300E+2	3.071014E+1	-1.111935E+0	1.257220E-5	NaN	1.257220E-4	5.060532E-1	1.554099E+1
4.669148E+3	3.773300E+2	3.072642E+1	-1.109570E+0	1.247340E-5	NaN	1.247340E-4	5.101233E-1	1.567341E+1
4.679963E+3	3.771300E+2	3.074271E+1	-9.827116E-1	1.237340E-5	NaN	1.237340E-4	5.140431E-1	1.580318E+1
4.690953E+3	3.769500E+2	3.075739E+1	-1.032780E+0	1.227250E-5	NaN	1.227250E-4	5.267833E-1	1.620301E+1
4.704315E+3	3.767200E+2	3.077617E+1	-9.446194E-1	1.215450E-5	NaN	1.215450E-4	5.341721E-1	1.643900E+1
4.715113E+3	3.765500E+2	3.079007E+1	-9.394572E-1	1.206330E-5	NaN	1.206330E-4	5.341551E-1	1.644714E+1
4.728525E+3	3.763400E+2	3.080725E+1	-9.320216E-1	1.195240E-5	NaN	1.195240E-4	5.366778E-1	1.653381E+1
4.742044E+3	3.761300E+2	3.082445E+1	-9.780837E-1	1.184160E-5	NaN	1.184160E-4	5.230825E-1	1.612382E+1
4.753086E+3	3.759500E+2	3.083921E+1	-1.060539E+0	1.175080E-5	NaN	1.175080E-4	5.204829E-1	1.605189E+1
4.766664E+3	3.757100E+2	3.085891E+1	-9.364671E-1	1.163810E-5	NaN	1.163810E-4	5.170256E-1	1.595360E+1
4.777556E+3	3.755400E+2	3.087288E+1	-1.065057E+0	1.154720E-5	NaN	1.154720E-4	5.249066E-1	1.620469E+1
4.788823E+3	3.753400E+2	3.088933E+1	-9.958506E-1	1.145100E-5	NaN	1.145100E-4	5.336248E-1	1.648329E+1
4.799668E+3	3.751600E+2	3.090415E+1	-1.048469E+0	1.135780E-5	NaN	1.135780E-4	5.251001E-1	1.622895E+1
4.810541E+3	3.749700E+2	3.091981E+1	-1.057735E+0	1.126500E-5	NaN	1.126500E-4	5.290760E-1	1.635995E+1
4.824155E+3	3.747300E+2	3.093961E+1	-9.491021E-1	1.115140E-5	NaN	1.115140E-4	5.277311E-1	1.632674E+1
4.834902E+3	3.745600E+2	3.095365E+1	-9.759704E-1	1.106520E-5	NaN	1.106520E-4	5.251619E-1	1.625559E+1
4.848427E+3	3.743400E+2	3.097184E+1	-1.010952E+0	1.095920E-5	NaN	1.095920E-4	5.157661E-1	1.597470E+1
4.859110E+3	3.741600E+2	3.098674E+1	-1.018150E+0	1.087830E-5	NaN	1.087830E-4	5.100904E-1	1.580617E+1
4.872664E+3	3.739300E+2	3.100580E+1	-9.367251E-1	1.077660E-5	NaN	1.077660E-4	5.101183E-1	1.581625E+1
4.883553E+3	3.737600E+2	3.101991E+1	-1.014557E+0	1.069460E-5	NaN	1.069460E-4	5.252574E-1	1.629327E+1
4.897155E+3	3.735300E+2	3.103901E+1	-9.054041E-1	1.059060E-5	NaN	1.059060E-4	5.227574E-1	1.622607E+1
4.907758E+3	3.733700E+2	3.105231E+1	-1.117568E+0	1.050930E-5	NaN	1.050930E-4	5.153178E-1	1.600293E+1
4.921180E+3	3.731200E+2	3.107311E+1	-1.008027E+0	1.040600E-5	NaN	1.040600E-4	5.195931E-1	1.614389E+1
4.931894E+3	3.729400E+2	3.108811E+1	-9.309117E-1	1.032470E-5	NaN	1.032470E-4	5.267056E-1	1.637291E+1
4.942851E+3	3.727700E+2	3.110229E+1	-9.390371E-1	1.024260E-5	NaN	1.024260E-4	5.339084E-1	1.660822E+1
4.956269E+3	3.725600E+2	3.111982E+1	-1.052401E+0	1.014360E-5	NaN	1.014360E-4	5.300007E-1	1.649435E+1
4.969952E+3	3.723200E+2	3.113988E+1	-9.506944E-1	1.004480E-5	NaN	1.004480E-4	5.166550E-1	1.608742E+1
4.980681E+3	3.721500E+2	3.115410E+1	-1.044189E+0	9.967200E-6	NaN	9.967200E-5	5.077719E-1	1.581951E+1
4.993897E+3	3.719200E+2	3.117337E+1	-1.048855E+0	9.872200E-6	NaN	9.872200E-5	5.200107E-1	1.620949E+1
5.004766E+3	3.717300E+2	3.118930E+1	-9.358657E-1	9.793300E-6	NaN	9.793300E-5	5.209665E-1	1.624827E+1
5.015665E+3	3.715600E+2	3.120357E+1	-1.060695E+0	9.713700E-6	NaN	9.713700E-5	5.260390E-1	1.641604E+1
5.029241E+3	3.713200E+2	3.122374E+1	-1.012703E+0	9.613900E-6	NaN	9.613900E-5	5.325585E-1	1.662725E+1
5.040498E+3	3.711300E+2	3.123973E+1	-9.053790E-1	9.535100E-6	NaN	9.535100E-5	5.264497E-1	1.644540E+1
5.051764E+3	3.709600E+2	3.125404E+1	-1.010471E+0	9.457700E-6	NaN	9.457700E-5	5.334417E-1	1.667326E+1
5.065421E+3	3.707300E+2	3.127343E+1	-9.377586E-1	9.364600E-6	NaN	9.364600E-5	5.207123E-1	1.628470E+1
5.076298E+3	3.705600E+2	3.128778E+1	-1.090248E+0	9.291100E-6	NaN	9.291100E-5	5.236481E-1	1.638370E+1
5.089506E+3	3.703200E+2	3.130806E+1	-8.329477E-1	9.202100E-6	NaN	9.202100E-5	5.190513E-1	1.625015E+1
5.100311E+3	3.701700E+2	3.132074E+1	-1.103022E+0	9.129300E-6	NaN	9.129300E-5	5.135939E-1	1.608746E+1
5.113910E+3	3.699200E+2	3.134191E+1	-1.029810E+0	9.038600E-6	NaN	9.038600E-5	5.295300E-1	1.659518E+1
5.124980E+3	3.697300E+2	3.135802E+1	-8.879023E-1	8.963400E-6	NaN	8.963400E-5	5.163247E-1	1.619014E+1
5.135792E+3	3.695700E+2	3.137159E+1	-1.112100E+0	8.890100E-6	NaN	8.890100E-5	5.294929E-1	1.661311E+1
5.149280E+3	3.693200E+2	3.139283E+1	-9.702632E-1	8.800100E-6	NaN	8.800100E-5	5.197087E-1	1.631415E+1
5.160411E+3	3.691400E+2	3.140814E+1	-1.055751E+0	8.726200E-6	NaN	8.726200E-5	5.175001E-1	1.625292E+1
5.171209E+3	3.689500E+2	3.142431E+1	-9.184343E-1	8.657600E-6	NaN	8.657600E-5	5.226082E-1	1.642427E+1
5.184928E+3	3.687400E+2	3.144221E+1	-1.029390E+0	8.570900E-6	NaN	8.570900E-5	5.247175E-1	1.649810E+1
5.198334E+3	3.685100E+2	3.146183E+1	-8.820287E-1	8.488900E-6	NaN	8.488900E-5	5.269992E-1	1.657915E+1
5.209218E+3	3.683500E+2	3.147550E+1	-1.014706E+0	8.422900E-6	NaN	8.422900E-5	5.227870E-1	1.645554E+1
5.222818E+3	3.681200E+2	3.149516E+1	-1.000093E+0	8.339500E-6	NaN	8.339500E-5	5.388503E-1	1.697009E+1
5.233617E+3	3.679400E+2	3.151057E+1	-9.390536E-1	8.271000E-6	NaN	8.271000E-5	5.321393E-1	1.676825E+1
5.244479E+3	3.677700E+2	3.152514E+1	-1.107338E+0	8.200900E-6	NaN	8.200900E-5	5.395859E-1	1.701260E+1
5.258025E+3	3.675200E+2	3.154658E+1	-9.906439E-1	8.113000E-6	NaN	8.113000E-5	5.318063E-1	1.677542E+1
5.268927E+3	3.673400E+2	3.156204E+1	-1.065520E+0	8.042900E-6	NaN	8.042900E-5	5.240035E-1	1.653815E+1
5.279626E+3	3.671500E+2	3.157837E+1	-9.873588E-1	7.977100E-6	NaN	7.977100E-5	5.281656E-1	1.667917E+1
5.292995E+3	3.669300E+2	3.159731E+1	-9.585565E-1	7.897300E-6	NaN	7.897300E-5	5.252871E-1	1.659684E+1
5.303636E+3	3.667600E+2	3.161195E+1	-9.318148E-1	7.836200E-6	NaN	7.836200E-5	5.289461E-1	1.672205E+1
5.317158E+3	3.665500E+2	3.163006E+1	-9.565217E-1	7.761300E-6	NaN	7.761300E-5	5.217855E-1	1.650485E+1
5.330958E+3	3.663300E+2	3.164906E+1	-1.037968E+0	7.684500E-6	NaN	7.684500E-5	5.162994E-1	1.633927E+1
5.341941E+3	3.661400E+2	3.166548E+1	-1.030183E+0	7.622000E-6	NaN	7.622000E-5	5.176174E-1	1.639080E+1
5.353007E+3	3.659500E+2	3.168192E+1	-1.015154E+0	7.557600E-6	NaN	7.557600E-5	5.212033E-1	1.651367E+1
5.366601E+3	3.657200E+2	3.170185E+1	-1.044052E+0	7.477000E-6	NaN	7.477000E-5	5.262482E-1	1.668206E+1
5.377520E+3	3.655300E+2	3.171833E+1	-1.039198E+0	7.413100E-6	NaN	7.413100E-5	5.252910E-1	1.666140E+1
5.388490E+3	3.653400E+2	3.173482E+1	-1.004732E+0	7.349500E-6	NaN	7.349500E-5	5.300469E-1	1.682124E+1
5.402225E+3	3.651100E+2	3.175481E+1	-8.934388E-1	7.273300E-6	NaN	7.273300E-5	5.236488E-1	1.662786E+1
5.412970E+3	3.649500E+2	3.176874E+1	-1.065325E+0	7.215300E-6	NaN	7.215300E-5	5.323079E-1	1.691094E+1
5.426487E+3	3.647100E+2	3.178964E+1	-8.237986E-1	7.143400E-6	NaN	7.143400E-5	5.294700E-1	1.683102E+1
5.437412E+3	3.645600E+2	3.180272E+1	-1.023132E+0	7.086100E-6	NaN	7.086100E-5	5.196373E-1	1.652674E+1
5.450900E+3	3.643300E+2	3.182280E+1	-1.053410E+0	7.015700E-6	NaN	7.015700E-5	5.228592E-1	1.663880E+1
5.461722E+3	3.641400E+2	3.183940E+1	-1.019678E+0	6.957400E-6	NaN	6.957400E-5	5.167262E-1	1.645216E+1
5.472902E+3	3.639500E+2	3.185602E+1	-1.019428E+0	6.896300E-6	NaN	6.896300E-5	5.294066E-1	1.686553E+1
5.486439E+3	3.637200E+2	3.187617E+1	-1.000278E+0	6.822200E-6	NaN	6.822200E-5	5.258568E-1	1.676136E+1
5.497236E+3	3.635400E+2	3.189195E+1	-1.108852E+0	6.764100E-6	NaN	6.764100E-5	5.279245E-1	1.683658E+1
5.508058E+3	3.633400E+2	3.190951E+1	-9.234828E-1	6.707200E-6	NaN	6.707200E-5	5.251727E-1	1.675824E+1
5.521702E+3	3.631300E+2	3.192796E+1	-1.018004E+0	6.637400E-6	NaN	6.637400E-5	5.300792E-1	1.692376E+1
5.532311E+3	3.629500E+2	3.194379E+1	-9.224687E-1	6.584200E-6	NaN	6.584200E-5	5.381743E-1	1.719216E+1
5.545970E+3	3.627400E+2	3.196229E+1	-9.498681E-1	6.517700E-6	NaN	6.517700E-5	5.309959E-1	1.697185E+1
5.559235E+3	3.625300E+2	3.198080E+1	-9.962181E-1	6.453900E-6	NaN	6.453900E-5	5.208502E-1	1.665757E+1
5.570076E+3	3.623500E+2	3.199669E+1	-1.099707E+0	6.400700E-6	NaN	6.400700E-5	5.242701E-1	1.677553E+1
5.583716E+3	3.621000E+2	3.201878E+1	-8.763922E-1	6.332400E-6	NaN	6.332400E-5	5.229934E-1	1.674375E+1
5.594670E+3	3.619400E+2	3.203293E+1	-1.110391E+0	6.277400E-6	NaN	6.277400E-5	5.319571E-1	1.704038E+1
5.605477E+3	3.617400E+2	3.205064E+1	-9.623797E-1	6.223500E-6	NaN	6.223500E-5	5.413201E-1	1.735069E+1
5.619193E+3	3.615200E+2	3.207015E+1	-9.860312E-1	6.156200E-6	NaN	6.156200E-5	5.337313E-1	1.711623E+1
5.630146E+3	3.613400E+2	3.208612E+1	-9.894311E-1	6.103500E-6	NaN	6.103500E-5	5.408441E-1	1.735375E+1
5.643487E+3	3.611200E+2	3.210567E+1	-9.861213E-1	6.040000E-6	NaN	6.040000E-5	5.245383E-1	1.684020E+1
5.654439E+3	3.609400E+2	3.212168E+1	-1.092299E+0	5.988500E-6	NaN	5.988500E-5	5.206342E-1	1.672420E+1
5.665425E+3	3.607400E+2	3.213949E+1	-9.783575E-1	5.937400E-6	NaN	5.937400E-5	5.188486E-1	1.667624E+1
5.678917E+3	3.605200E+2	3.215910E+1	-1.030928E+0	5.874600E-6	NaN	5.874600E-5	5.221966E-1	1.679232E+1
5.689975E+3	3.603300E+2	3.217606E+1	-1.016315E+0	5.822800E-6	NaN	5.822800E-5	5.272921E-1	1.696553E+1
5.701192E+3	3.601400E+2	3.219304E+1	-1.041952E+0	5.770600E-6	NaN	5.770600E-5	5.310357E-1	1.709608E+1
5.712133E+3	3.599500E+2	3.221003E+1	-9.341637E-1	5.720600E-6	NaN	5.720600E-5	5.340429E-1	1.720277E+1
5.725621E+3	3.597400E+2	3.222883E+1	-9.777778E-1	5.660200E-6	NaN	5.660200E-5	5.377666E-1	1.733139E+1
5.739121E+3	3.595200E+2	3.224855E+1	-9.346651E-1	5.602300E-6	NaN	5.602300E-5	5.398395E-1	1.740704E+1
5.750034E+3	3.593500E+2	3.226381E+1	-9.700889E-1	5.555600E-6	NaN	5.555600E-5	5.265258E-1	1.698856E+1
5.761167E+3	3.591700E+2	3.227998E+1	-1.049869E+0	5.508000E-6	NaN	5.508000E-5	5.247959E-1	1.694224E+1
5.774883E+3	3.589300E+2	3.230156E+1	-9.964019E-1	5.448500E-6	NaN	5.448500E-5	5.220920E-1	1.686399E+1
5.785722E+3	3.587500E+2	3.231777E+1	-1.026939E+0	5.401300E-6	NaN	5.401300E-5	5.214495E-1	1.685218E+1
5.799160E+3	3.585200E+2	3.233850E+1	-1.066717E+0	5.342600E-6	NaN	5.342600E-5	5.260918E-1	1.701224E+1
5.809847E+3	3.583300E+2	3.235565E+1	-1.015228E+0	5.295800E-6	NaN	5.295800E-5	5.321349E-1	1.721725E+1
5.821076E+3	3.581400E+2	3.237282E+1	-9.612584E-1	5.247500E-6	NaN	5.247500E-5	5.376239E-1	1.740492E+1
5.834808E+3	3.579200E+2	3.239271E+1	-9.995373E-1	5.189400E-6	NaN	5.189400E-5	5.404199E-1	1.750538E+1
5.845613E+3	3.577400E+2	3.240901E+1	-9.867683E-1	5.144900E-6	NaN	5.144900E-5	5.362437E-1	1.737930E+1
5.858990E+3	3.575200E+2	3.242896E+1	-9.864815E-1	5.090600E-6	NaN	5.090600E-5	5.335742E-1	1.730289E+1
5.869938E+3	3.573400E+2	3.244529E+1	-9.467278E-1	5.047000E-6	NaN	5.047000E-5	5.331241E-1	1.729721E+1
5.883247E+3	3.571300E+2	3.246437E+1	-1.005399E+0	4.994400E-6	NaN	4.994400E-5	5.245647E-1	1.702945E+1
5.893989E+3	3.569500E+2	3.248074E+1	-1.080692E+0	4.952400E-6	NaN	4.952400E-5	5.183638E-1	1.683793E+1
5.905093E+3	3.567500E+2	3.249895E+1	-1.031159E+0	4.907900E-6	NaN	4.907900E-5	5.159445E-1	1.676838E+1
5.918476E+3	3.565200E+2	3.251991E+1	-1.007181E+0	4.854400E-6	NaN	4.854400E-5	5.249161E-1	1.706931E+1
5.929199E+3	3.563400E+2	3.253634E+1	-9.793011E-1	4.811800E-6	NaN	4.811800E-5	5.331791E-1	1.734754E+1
5.942678E+3	3.561200E+2	3.255644E+1	-9.950249E-1	4.759800E-6	NaN	4.759800E-5	5.331710E-1	1.735835E+1
5.953532E+3	3.559400E+2	3.257291E+1	-1.002251E+0	4.718600E-6	NaN	4.718600E-5	5.303939E-1	1.727688E+1
5.967301E+3	3.557100E+2	3.259397E+1	-9.871127E-1	4.666600E-6	NaN	4.666600E-5	5.395224E-1	1.758325E+1
5.978242E+3	3.555300E+2	3.261047E+1	-8.751139E-1	4.626000E-6	NaN	4.626000E-5	5.374724E-1	1.752699E+1
5.989212E+3	3.553700E+2	3.262515E+1	-1.065562E+0	4.585300E-6	NaN	4.585300E-5	5.296796E-1	1.728339E+1
6.002726E+3	3.551300E+2	3.264720E+1	-1.053118E+0	4.535400E-6	NaN	4.535400E-5	5.270634E-1	1.720631E+1
6.013551E+3	3.549400E+2	3.266468E+1	-9.792366E-1	4.495400E-6	NaN	4.495400E-5	5.194625E-1	1.696650E+1
6.024580E+3	3.547600E+2	3.268125E+1	-1.043192E+0	4.454000E-6	NaN	4.454000E-5	5.214502E-1	1.704323E+1
6.035508E+3	3.545700E+2	3.269876E+1	-1.071508E+0	4.414000E-6	NaN	4.414000E-5	5.256419E-1	1.718897E+1
6.048947E+3	3.543300E+2	3.272091E+1	-9.372416E-1	4.365300E-6	NaN	4.365300E-5	5.208134E-1	1.704058E+1
6.059830E+3	3.541600E+2	3.273662E+1	-1.014258E+0	4.326800E-6	NaN	4.326800E-5	5.294028E-1	1.733167E+1
6.073436E+3	3.539300E+2	3.275789E+1	-9.291350E-1	4.280100E-6	NaN	4.280100E-5	5.361966E-1	1.756414E+1
6.086997E+3	3.537200E+2	3.277734E+1	-9.460211E-1	4.234300E-6	NaN	4.234300E-5	5.373041E-1	1.760973E+1
6.097779E+3	3.535500E+2	3.279310E+1	-9.347874E-1	4.199000E-6	NaN	4.199000E-5	5.367904E-1	1.760370E+1
6.111258E+3	3.533400E+2	3.281259E+1	-1.048372E+0	4.154100E-6	NaN	4.154100E-5	5.206826E-1	1.708650E+1
6.122132E+3	3.531500E+2	3.283024E+1	-1.091941E+0	4.117500E-6	NaN	4.117500E-5	5.220040E-1	1.713819E+1
6.135869E+3	3.529000E+2	3.285350E+1	-9.609044E-1	4.070000E-6	NaN	4.070000E-5	5.227231E-1	1.717105E+1
6.146484E+3	3.527300E+2	3.286933E+1	-1.045392E+0	4.033200E-6	NaN	4.033200E-5	5.308956E-1	1.744915E+1
6.157389E+3	3.525400E+2	3.288705E+1	-1.032609E+0	3.995800E-6	NaN	3.995800E-5	5.250626E-1	1.726866E+1
6.168429E+3	3.523500E+2	3.290478E+1	-1.114931E+0	3.958700E-6	NaN	3.958700E-5	5.172416E-1	1.702073E+1
6.179192E+3	3.521500E+2	3.292347E+1	-9.593720E-1	3.923100E-6	NaN	3.923100E-5	5.188961E-1	1.708412E+1
6.192951E+3	3.519300E+2	3.294405E+1	-9.827116E-1	3.879400E-6	NaN	3.879400E-5	5.219060E-1	1.719309E+1
6.203941E+3	3.517500E+2	3.296091E+1	-9.581186E-1	3.845300E-6	NaN	3.845300E-5	5.349841E-1	1.763415E+1
6.217718E+3	3.515300E+2	3.298154E+1	-8.937882E-1	3.804200E-6	NaN	3.804200E-5	5.288472E-1	1.744192E+1
6.231144E+3	3.513300E+2	3.300031E+1	-1.051176E+0	3.764200E-6	NaN	3.764200E-5	5.317493E-1	1.754639E+1
6.241989E+3	3.511400E+2	3.301817E+1	-9.543413E-1	3.731200E-6	NaN	3.731200E-5	5.294201E-1	1.748103E+1
6.252677E+3	3.509700E+2	3.303416E+1	-1.048951E+0	3.698200E-6	NaN	3.698200E-5	5.247323E-1	1.733598E+1
6.266405E+3	3.507300E+2	3.305677E+1	-1.033451E+0	3.655200E-6	NaN	3.655200E-5	5.252670E-1	1.736406E+1
6.277436E+3	3.505400E+2	3.307468E+1	-1.065719E+0	3.620700E-6	NaN	3.620700E-5	5.254470E-1	1.737885E+1
6.290948E+3	3.503000E+2	3.309735E+1	-9.747292E-1	3.578900E-6	NaN	3.578900E-5	5.334576E-1	1.765407E+1
6.302028E+3	3.501200E+2	3.311436E+1	-9.811938E-1	3.545100E-6	NaN	3.545100E-5	5.348233E-1	1.771007E+1
6.313035E+3	3.499400E+2	3.313139E+1	-1.015004E+0	3.512300E-6	NaN	3.512300E-5	5.348793E-1	1.772278E+1
6.326631E+3	3.497100E+2	3.315318E+1	-9.933775E-1	3.472700E-6	NaN	3.472700E-5	5.317144E-1	1.762640E+1
6.337503E+3	3.495300E+2	3.317026E+1	-9.356081E-1	3.441700E-6	NaN	3.441700E-5	5.289393E-1	1.754373E+1
6.348405E+3	3.493600E+2	3.318640E+1	-1.031301E+0	3.411200E-6	NaN	3.411200E-5	5.220614E-1	1.732753E+1
6.359459E+3	3.491700E+2	3.320446E+1	-1.058746E+0	3.379600E-6	NaN	3.379600E-5	5.209047E-1	1.729799E+1
6.373060E+3	3.489300E+2	3.322729E+1	-9.671353E-1	3.341300E-6	NaN	3.341300E-5	5.214523E-1	1.732548E+1
6.384227E+3	3.487500E+2	3.324444E+1	-9.926305E-1	3.310100E-6	NaN	3.310100E-5	5.263350E-1	1.749726E+1
6.397525E+3	3.485300E+2	3.326543E+1	-1.006055E+0	3.273300E-6	NaN	3.273300E-5	5.327029E-1	1.772053E+1
6.408260E+3	3.483500E+2	3.328262E+1	-9.880979E-1	3.244100E-6	NaN	3.244100E-5	5.239183E-1	1.743779E+1
6.421619E+3	3.481300E+2	3.330365E+1	-1.053215E+0	3.207800E-6	NaN	3.207800E-5	5.265664E-1	1.753648E+1
6.432443E+3	3.479400E+2	3.332184E+1	-9.407197E-1	3.178900E-6	NaN	3.178900E-5	5.337253E-1	1.778418E+1
6.445837E+3	3.477300E+2	3.334196E+1	-9.717473E-1	3.143500E-6	NaN	3.143500E-5	5.325082E-1	1.775509E+1
6.456951E+3	3.475500E+2	3.335923E+1	-1.060886E+0	3.113800E-6	NaN	3.113800E-5	5.320709E-1	1.775049E+1
6.469959E+3	3.473200E+2	3.338132E+1	-1.035516E+0	3.079000E-6	NaN	3.079000E-5	5.299809E-1	1.769008E+1
6.480968E+3	3.471300E+2	3.339959E+1	-9.614478E-1	3.049700E-6	NaN	3.049700E-5	5.283908E-1	1.764772E+1
6.491577E+3	3.469600E+2	3.341596E+1	-1.048951E+0	3.021600E-6	NaN	3.021600E-5	5.352647E-1	1.788814E+1
6.505305E+3	3.467200E+2	3.343909E+1	-9.806592E-1	2.985800E-6	NaN	2.985800E-5	5.357285E-1	1.791386E+1
6.516318E+3	3.465400E+2	3.345646E+1	-9.840465E-1	2.957600E-6	NaN	2.957600E-5	5.326048E-1	1.781862E+1
6.529732E+3	3.463200E+2	3.347771E+1	-9.860312E-1	2.924200E-6	NaN	2.924200E-5	5.320815E-1	1.781311E+1
6.540685E+3	3.461400E+2	3.349512E+1	-1.001960E+0	2.897200E-6	NaN	2.897200E-5	5.329844E-1	1.785251E+1
6.554458E+3	3.459100E+2	3.351739E+1	-9.293003E-1	2.864000E-6	NaN	2.864000E-5	5.365183E-1	1.798094E+1
6.565434E+3	3.457400E+2	3.353387E+1	-9.885584E-1	2.837500E-6	NaN	2.837500E-5	5.418237E-1	1.816942E+1
6.576359E+3	3.455600E+2	3.355134E+1	-9.987893E-1	2.810900E-6	NaN	2.810900E-5	5.335763E-1	1.790452E+1
6.589575E+3	3.453400E+2	3.357271E+1	-1.129032E+0	2.778300E-6	NaN	2.778300E-5	5.255059E-1	1.764244E+1
6.600735E+3	3.451300E+2	3.359314E+1	-9.979671E-1	2.750900E-6	NaN	2.750900E-5	5.164686E-1	1.734853E+1
6.611557E+3	3.449500E+2	3.361067E+1	-1.098298E+0	2.724700E-6	NaN	2.724700E-5	5.253326E-1	1.765720E+1
6.622483E+3	3.447500E+2	3.363017E+1	-9.162304E-1	2.698600E-6	NaN	2.698600E-5	5.324296E-1	1.790625E+1
6.636235E+3	3.445400E+2	3.365066E+1	-1.056632E+0	2.666500E-6	NaN	2.666500E-5	5.303326E-1	1.784603E+1
6.647024E+3	3.443500E+2	3.366923E+1	-9.672455E-1	2.642100E-6	NaN	2.642100E-5	5.339950E-1	1.797911E+1
6.660671E+3	3.441300E+2	3.369076E+1	-9.506058E-1	2.612000E-6	NaN	2.612000E-5	5.221455E-1	1.759111E+1
6.671401E+3	3.439600E+2	3.370741E+1	-1.017174E+0	2.588600E-6	NaN	2.588600E-5	5.314796E-1	1.791523E+1
6.684968E+3	3.437300E+2	3.372996E+1	-9.455826E-1	2.559000E-6	NaN	2.559000E-5	5.276111E-1	1.779513E+1
6.695755E+3	3.435600E+2	3.374665E+1	-1.056632E+0	2.535100E-6	NaN	2.535100E-5	5.255138E-1	1.773492E+1
6.706544E+3	3.433700E+2	3.376533E+1	-1.028699E+0	2.511400E-6	NaN	2.511400E-5	5.252095E-1	1.773556E+1
6.719959E+3	3.431400E+2	3.378796E+1	-1.040526E+0	2.481500E-6	NaN	2.481500E-5	5.209385E-1	1.760133E+1
6.730915E+3	3.429500E+2	3.380668E+1	-1.014184E+0	2.457500E-6	NaN	2.457500E-5	5.216016E-1	1.763377E+1
6.744522E+3	3.427200E+2	3.382937E+1	-1.048662E+0	2.428400E-6	NaN	2.428400E-5	5.267842E-1	1.781884E+1
6.755393E+3	3.425300E+2	3.384813E+1	-8.932725E-1	2.405300E-6	NaN	2.405300E-5	5.227384E-1	1.769320E+1
6.766140E+3	3.423700E+2	3.386395E+1	-1.060852E+0	2.383600E-6	NaN	2.383600E-5	5.207134E-1	1.763548E+1
6.779714E+3	3.421300E+2	3.388770E+1	-9.786154E-1	2.356100E-6	NaN	2.356100E-5	5.307267E-1	1.798458E+1
6.790750E+3	3.419500E+2	3.390554E+1	-9.222661E-1	2.333900E-6	NaN	2.333900E-5	5.245677E-1	1.778549E+1
6.804412E+3	3.417400E+2	3.392638E+1	-1.112347E+0	2.306200E-6	NaN	2.306200E-5	5.455992E-1	1.851067E+1
6.815200E+3	3.415400E+2	3.394624E+1	-9.135069E-1	2.284100E-6	NaN	2.284100E-5	5.417145E-1	1.838925E+1
6.828993E+3	3.413300E+2	3.396713E+1	-1.104362E+0	2.255500E-6	NaN	2.255500E-5	5.389804E-1	1.830678E+1
6.839859E+3	3.411300E+2	3.398704E+1	-9.797696E-1	2.233300E-6	NaN	2.233300E-5	5.348221E-1	1.817636E+1
6.850882E+3	3.409500E+2	3.400499E+1	-1.119299E+0	2.211100E-6	NaN	2.211100E-5	5.212249E-1	1.772560E+1
6.861603E+3	3.407500E+2	3.402494E+1	-1.004294E+0	2.189600E-6	NaN	2.189600E-5	5.250845E-1	1.786711E+1
6.875344E+3	3.405200E+2	3.404793E+1	-1.029345E+0	2.162500E-6	NaN	2.162500E-5	5.317754E-1	1.810379E+1
6.886419E+3	3.403300E+2	3.406694E+1	-9.230769E-1	2.141200E-6	NaN	2.141200E-5	5.372374E-1	1.830178E+1
6.897469E+3	3.401600E+2	3.408396E+1	-1.062025E+0	2.120100E-6	NaN	2.120100E-5	5.327790E-1	1.816134E+1
6.911028E+3	3.399200E+2	3.410803E+1	-1.026565E+0	2.094400E-6	NaN	2.094400E-5	5.369787E-1	1.831381E+1
6.922133E+3	3.397300E+2	3.412710E+1	-9.513151E-1	2.073300E-6	NaN	2.073300E-5	5.347237E-1	1.824761E+1
6.932855E+3	3.395600E+2	3.414419E+1	-1.021919E+0	2.053200E-6	NaN	2.053200E-5	5.313939E-1	1.814618E+1
6.946359E+3	3.393300E+2	3.416733E+1	-1.116487E+0	2.028100E-6	NaN	2.028100E-5	5.308094E-1	1.813551E+1
6.957107E+3	3.391300E+2	3.418748E+1	-9.286235E-1	2.008400E-6	NaN	2.008400E-5	5.215795E-1	1.783091E+1
6.968091E+3	3.389600E+2	3.420463E+1	-1.058123E+0	1.988720E-6	NaN	1.988720E-5	5.226950E-1	1.788009E+1
6.981700E+3	3.387200E+2	3.422886E+1	-9.979671E-1	1.964590E-6	NaN	1.964590E-5	5.299763E-1	1.814006E+1
6.992522E+3	3.385400E+2	3.424706E+1	-9.673164E-1	1.945670E-6	NaN	1.945670E-5	5.303054E-1	1.816060E+1
7.006168E+3	3.383200E+2	3.426933E+1	-9.430473E-1	1.922490E-6	NaN	1.922490E-5	5.413978E-1	1.855292E+1
7.016984E+3	3.381500E+2	3.428656E+1	-9.711595E-1	1.904270E-6	NaN	1.904270E-5	5.365534E-1	1.839733E+1
7.030576E+3	3.379300E+2	3.430888E+1	-1.044721E+0	1.881410E-6	NaN	1.881410E-5	5.251890E-1	1.801842E+1
7.041488E+3	3.377400E+2	3.432818E+1	-1.057808E+0	1.863150E-6	NaN	1.863150E-5	5.199716E-1	1.784970E+1
7.052265E+3	3.375500E+2	3.434750E+1	-9.887640E-1	1.845130E-6	NaN	1.845130E-5	5.208991E-1	1.789213E+1
7.065615E+3	3.373300E+2	3.436990E+1	-9.892828E-1	1.822990E-6	NaN	1.822990E-5	5.356452E-1	1.840932E+1
7.076532E+3	3.371500E+2	3.438825E+1	-9.302326E-1	1.805280E-6	NaN	1.805280E-5	5.398358E-1	1.856525E+1
7.090077E+3	3.369400E+2	3.440969E+1	-1.006785E+0	1.783580E-6	NaN	1.783580E-5	5.360477E-1	1.844591E+1
7.103784E+3	3.367100E+2	3.443319E+1	-9.853116E-1	1.762040E-6	NaN	1.762040E-5	5.351864E-1	1.842565E+1
7.114745E+3	3.365300E+2	3.445161E+1	-9.539843E-1	1.745000E-6	NaN	1.745000E-5	5.257047E-1	1.811110E+1
7.125437E+3	3.363600E+2	3.446902E+1	-1.035570E+0	1.728410E-6	NaN	1.728410E-5	5.320897E-1	1.834214E+1
7.138763E+3	3.361300E+2	3.449261E+1	-9.391400E-1	1.707820E-6	NaN	1.707820E-5	5.250187E-1	1.810946E+1
7.149624E+3	3.359600E+2	3.451006E+1	-1.067299E+0	1.691140E-6	NaN	1.691140E-5	5.272265E-1	1.819506E+1
7.163116E+3	3.357200E+2	3.453473E+1	-9.262623E-1	1.670600E-6	NaN	1.670600E-5	5.306330E-1	1.832344E+1
7.174128E+3	3.355500E+2	3.455223E+1	-1.004558E+0	1.653980E-6	NaN	1.653980E-5	5.191000E-1	1.793643E+1
7.184879E+3	3.353700E+2	3.457077E+1	-1.041064E+0	1.638220E-6	NaN	1.638220E-5	5.261926E-1	1.819350E+1
7.198711E+3	3.351300E+2	3.459553E+1	-8.970621E-1	1.618330E-6	NaN	1.618330E-5	5.269752E-1	1.823047E+1
7.212088E+3	3.349300E+2	3.461619E+1	-9.294777E-1	1.599620E-6	NaN	1.599620E-5	5.289930E-1	1.831064E+1
7.225644E+3	3.347200E+2	3.463791E+1	-1.032702E+0	1.580870E-6	NaN	1.580870E-5	5.385026E-1	1.865123E+1
7.236683E+3	3.345300E+2	3.465758E+1	-9.307419E-1	1.565450E-6	NaN	1.565450E-5	5.298292E-1	1.836145E+1
7.247642E+3	3.343600E+2	3.467520E+1	-1.045680E+0	1.549830E-6	NaN	1.549830E-5	5.142323E-1	1.783351E+1
7.258544E+3	3.341700E+2	3.469492E+1	-1.119904E+0	1.534310E-6	NaN	1.534310E-5	5.172320E-1	1.794715E+1
7.271938E+3	3.339200E+2	3.472089E+1	-9.321879E-1	1.515350E-6	NaN	1.515350E-5	5.112756E-1	1.775061E+1
7.282880E+3	3.337500E+2	3.473858E+1	-1.019052E+0	1.500220E-6	NaN	1.500220E-5	5.140879E-1	1.785853E+1
7.296422E+3	3.335200E+2	3.476253E+1	-9.979671E-1	1.482180E-6	NaN	1.482180E-5	5.296308E-1	1.841058E+1
7.307244E+3	3.333400E+2	3.478130E+1	-8.785416E-1	1.468110E-6	NaN	1.468110E-5	5.297174E-1	1.842420E+1
7.320903E+3	3.331400E+2	3.480219E+1	-9.408602E-1	1.450730E-6	NaN	1.450730E-5	5.342861E-1	1.859469E+1
7.334295E+3	3.329300E+2	3.482414E+1	-9.788815E-1	1.434040E-6	NaN	1.434040E-5	5.308104E-1	1.848368E+1
7.345328E+3	3.327500E+2	3.484298E+1	-9.862113E-1	1.420270E-6	NaN	1.420270E-5	5.190267E-1	1.808503E+1
7.356279E+3	3.325700E+2	3.486183E+1	-1.012175E+0	1.406410E-6	NaN	1.406410E-5	5.207375E-1	1.815534E+1
7.369913E+3	3.323400E+2	3.488596E+1	-9.883774E-1	1.388930E-6	NaN	1.388930E-5	5.215391E-1	1.819318E+1
7.380840E+3	3.321600E+2	3.490487E+1	-1.043956E+0	1.374960E-6	NaN	1.374960E-5	5.217896E-1	1.821332E+1
7.391760E+3	3.319700E+2	3.492484E+1	-1.008698E+0	1.361020E-6	NaN	1.361020E-5	5.182161E-1	1.810014E+1
7.405441E+3	3.317400E+2	3.494906E+1	-1.042905E+0	1.343840E-6	NaN	1.343840E-5	5.251870E-1	1.835403E+1
7.416372E+3	3.315500E+2	3.496908E+1	-9.137718E-1	1.330360E-6	NaN	1.330360E-5	5.263752E-1	1.840636E+1
7.430161E+3	3.313400E+2	3.499125E+1	-1.041286E+0	1.313690E-6	NaN	1.313690E-5	5.256199E-1	1.839238E+1
7.441109E+3	3.311500E+2	3.501132E+1	-9.590932E-1	1.300780E-6	NaN	1.300780E-5	5.238086E-1	1.833942E+1
7.454872E+3	3.309300E+2	3.503460E+1	-9.866618E-1	1.284950E-6	NaN	1.284950E-5	5.196129E-1	1.820398E+1
7.465818E+3	3.307500E+2	3.505367E+1	-9.651239E-1	1.272350E-6	NaN	1.272350E-5	5.260476E-1	1.844002E+1
7.479495E+3	3.305300E+2	3.507700E+1	-9.979671E-1	1.256520E-6	NaN	1.256520E-5	5.246975E-1	1.840502E+1
7.490317E+3	3.303500E+2	3.509611E+1	-1.004075E+0	1.244090E-6	NaN	1.244090E-5	5.297095E-1	1.859089E+1
7.504061E+3	3.301200E+2	3.512056E+1	-9.338094E-1	1.228400E-6	NaN	1.228400E-5	5.319580E-1	1.868075E+1
7.514984E+3	3.299500E+2	3.513866E+1	-9.834274E-1	1.216050E-6	NaN	1.216050E-5	5.273871E-1	1.853238E+1
7.525966E+3	3.297700E+2	3.515784E+1	-1.046664E+0	1.203700E-6	NaN	1.203700E-5	5.187597E-1	1.824097E+1
7.539724E+3	3.295300E+2	3.518344E+1	-1.042524E+0	1.188410E-6	NaN	1.188410E-5	5.135233E-1	1.806736E+1
7.550659E+3	3.293400E+2	3.520374E+1	-9.721048E-1	1.176300E-6	NaN	1.176300E-5	5.122397E-1	1.803255E+1
7.564855E+3	3.291100E+2	3.522834E+1	-1.033732E+0	1.160990E-6	NaN	1.160990E-5	5.207678E-1	1.834400E+1
7.575883E+3	3.289200E+2	3.524869E+1	-9.520254E-1	1.149160E-6	NaN	1.149160E-5	5.286481E-1	1.863320E+1
7.586597E+3	3.287500E+2	3.526692E+1	-9.625201E-1	1.137810E-6	NaN	1.137810E-5	5.240706E-1	1.848394E+1
7.600311E+3	3.285300E+2	3.529054E+1	-1.057024E+0	1.123420E-6	NaN	1.123420E-5	5.262982E-1	1.857388E+1
7.611096E+3	3.283400E+2	3.531096E+1	-9.673164E-1	1.112200E-6	NaN	1.112200E-5	5.252224E-1	1.854563E+1
7.624742E+3	3.281200E+2	3.533463E+1	-9.608139E-1	1.098110E-6	NaN	1.098110E-5	5.260560E-1	1.858612E+1
7.635358E+3	3.279500E+2	3.535295E+1	-9.975062E-1	1.087340E-6	NaN	1.087340E-5	5.255818E-1	1.858161E+1
7.646185E+3	3.277700E+2	3.537236E+1	-1.022449E+0	1.076360E-6	NaN	1.076360E-5	5.216175E-1	1.845242E+1
7.659682E+3	3.275400E+2	3.539720E+1	-9.484843E-1	1.062980E-6	NaN	1.062980E-5	5.184213E-1	1.835023E+1
7.670436E+3	3.273700E+2	3.541558E+1	-1.005684E+0	1.052450E-6	NaN	1.052450E-5	5.129289E-1	1.816787E+1
7.684158E+3	3.271400E+2	3.544048E+1	-1.045828E+0	1.039110E-6	NaN	1.039110E-5	5.157191E-1	1.827768E+1
7.697927E+3	3.269000E+2	3.546650E+1	-9.452321E-1	1.025840E-6	NaN	1.025840E-5	5.159702E-1	1.829605E+1
7.708718E+3	3.267300E+2	3.548496E+1	-9.865717E-1	1.015560E-6	NaN	1.015560E-5	5.193535E-1	1.842923E+1
7.719665E+3	3.265500E+2	3.550452E+1	-1.011953E+0	1.005170E-6	NaN	1.005170E-5	5.193995E-1	1.844323E+1
7.733302E+3	3.263200E+2	3.552954E+1	-1.033264E+0	9.924000E-7	NaN	9.924000E-6	5.149495E-1	1.829470E+1
7.744335E+3	3.261300E+2	3.555024E+1	-9.700018E-1	9.821000E-7	NaN	9.821000E-6	5.147503E-1	1.829917E+1
7.755469E+3	3.259500E+2	3.556987E+1	-9.909522E-1	9.719400E-7	NaN	9.719400E-6	5.269374E-1	1.874376E+1
7.769395E+3	3.257200E+2	3.559499E+1	-8.769526E-1	9.594600E-7	NaN	9.594600E-6	5.310301E-1	1.890126E+1
7.780342E+3	3.255600E+2	3.561248E+1	-1.002834E+0	9.498100E-7	NaN	9.498100E-6	5.275518E-1	1.878855E+1
7.794103E+3	3.253300E+2	3.563766E+1	-9.952855E-1	9.377000E-7	NaN	9.377000E-6	5.193847E-1	1.850936E+1
7.805557E+3	3.251400E+2	3.565849E+1	-1.040811E+0	9.277100E-7	NaN	9.277100E-6	5.115491E-1	1.824106E+1
7.816510E+3	3.249500E+2	3.567934E+1	-9.884679E-1	9.181400E-7	NaN	9.181400E-6	5.048443E-1	1.801408E+1
7.830471E+3	3.247200E+2	3.570461E+1	-1.104464E+0	9.059900E-7	NaN	9.059900E-6	5.054528E-1	1.804556E+1
7.841336E+3	3.245200E+2	3.572661E+1	-9.552351E-1	8.967100E-7	NaN	8.967100E-6	5.083039E-1	1.815762E+1
7.852014E+3	3.243500E+2	3.574534E+1	-9.900990E-1	8.877400E-7	NaN	8.877400E-6	5.111240E-1	1.827112E+1
7.862922E+3	3.241700E+2	3.576518E+1	-9.608386E-1	8.787700E-7	NaN	8.787700E-6	5.264289E-1	1.883023E+1
7.876660E+3	3.239500E+2	3.578947E+1	-9.107995E-1	8.677400E-7	NaN	8.677400E-6	5.152762E-1	1.844180E+1
7.890494E+3	3.237400E+2	3.581269E+1	-1.083521E+0	8.568000E-7	NaN	8.568000E-6	5.172375E-1	1.852311E+1
7.901569E+3	3.235400E+2	3.583483E+1	-9.185012E-1	8.481000E-7	NaN	8.481000E-6	5.126952E-1	1.837213E+1
7.915287E+3	3.233300E+2	3.585810E+1	-1.040526E+0	8.373100E-7	NaN	8.373100E-6	5.134564E-1	1.841144E+1
7.926243E+3	3.231400E+2	3.587919E+1	-9.807564E-1	8.286300E-7	NaN	8.286300E-6	5.249778E-1	1.883590E+1
7.939702E+3	3.229200E+2	3.590363E+1	-9.898268E-1	8.179100E-7	NaN	8.179100E-6	5.115950E-1	1.836724E+1
7.950613E+3	3.227400E+2	3.592365E+1	-1.108443E+0	8.092800E-7	NaN	8.092800E-6	5.164797E-1	1.855422E+1
7.961439E+3	3.225400E+2	3.594593E+1	-9.448819E-1	8.008800E-7	NaN	8.008800E-6	5.131505E-1	1.844595E+1
7.974774E+3	3.223300E+2	3.596935E+1	-1.017045E+0	7.906200E-7	NaN	7.906200E-6	5.193882E-1	1.868160E+1
7.985393E+3	3.221500E+2	3.598945E+1	-9.534128E-1	7.826300E-7	NaN	7.826300E-6	5.224936E-1	1.880626E+1
7.999238E+3	3.219300E+2	3.601404E+1	-1.021541E+0	7.723500E-7	NaN	7.723500E-6	5.175246E-1	1.863849E+1
8.012747E+3	3.217000E+2	3.603979E+1	-9.625668E-1	7.625500E-7	NaN	7.625500E-6	5.159265E-1	1.859149E+1
8.023967E+3	3.215200E+2	3.605997E+1	-1.025088E+0	7.543700E-7	NaN	7.543700E-6	5.103459E-1	1.840221E+1
8.035088E+3	3.213300E+2	3.608129E+1	-1.022972E+0	7.463600E-7	NaN	7.463600E-6	5.069043E-1	1.829014E+1
8.046232E+3	3.211400E+2	3.610263E+1	-1.048083E+0	7.383000E-7	NaN	7.383000E-6	5.115679E-1	1.846944E+1
8.057109E+3	3.209500E+2	3.612401E+1	-9.164303E-1	7.306400E-7	NaN	7.306400E-6	5.120863E-1	1.849925E+1
8.070858E+3	3.207400E+2	3.614766E+1	-1.059677E+0	7.210900E-7	NaN	7.210900E-6	5.169823E-1	1.868764E+1
8.081616E+3	3.205500E+2	3.616908E+1	-9.365941E-1	7.137500E-7	NaN	7.137500E-6	5.150896E-1	1.863166E+1
8.095069E+3	3.203400E+2	3.619280E+1	-1.008182E+0	7.047200E-7	NaN	7.047200E-6	5.072615E-1	1.835957E+1
8.108757E+3	3.201100E+2	3.621880E+1	-9.752574E-1	6.957200E-7	NaN	6.957200E-6	5.156322E-1	1.867284E+1
8.119831E+3	3.199300E+2	3.623918E+1	-9.334676E-1	6.885100E-7	NaN	6.885100E-6	5.112842E-1	1.852819E+1
8.130758E+3	3.197600E+2	3.625844E+1	-1.021692E+0	6.813700E-7	NaN	6.813700E-6	5.164370E-1	1.872717E+1
8.144265E+3	3.195300E+2	3.628454E+1	-9.783495E-1	6.725900E-7	NaN	6.725900E-6	5.099418E-1	1.850353E+1
8.155304E+3	3.193500E+2	3.630499E+1	-1.041139E+0	6.654000E-7	NaN	6.654000E-6	5.063957E-1	1.838517E+1
8.169135E+3	3.191100E+2	3.633230E+1	-9.811047E-1	6.565400E-7	NaN	6.565400E-6	5.103473E-1	1.854131E+1
8.180143E+3	3.189300E+2	3.635280E+1	-9.819237E-1	6.495500E-7	NaN	6.495500E-6	5.108164E-1	1.856909E+1
8.193586E+3	3.187100E+2	3.637790E+1	-9.948416E-1	6.411900E-7	NaN	6.411900E-6	5.204018E-1	1.892952E+1
8.204442E+3	3.185300E+2	3.639846E+1	-9.359516E-1	6.344800E-7	NaN	6.344800E-6	5.088421E-1	1.852151E+1
8.215340E+3	3.183600E+2	3.641789E+1	-1.079622E+0	6.278400E-7	NaN	6.278400E-6	5.039620E-1	1.835553E+1
8.228678E+3	3.181200E+2	3.644537E+1	-9.764919E-1	6.198400E-7	NaN	6.198400E-6	5.081540E-1	1.851930E+1
8.239738E+3	3.179400E+2	3.646600E+1	-9.466437E-1	6.132100E-7	NaN	6.132100E-6	5.071622E-1	1.849360E+1
8.253682E+3	3.177200E+2	3.649125E+1	-1.024085E+0	6.049700E-7	NaN	6.049700E-6	5.210939E-1	1.901497E+1
8.264228E+3	3.175400E+2	3.651194E+1	-9.375000E-1	5.988800E-7	NaN	5.988800E-6	5.138212E-1	1.876078E+1
8.277668E+3	3.173300E+2	3.653610E+1	-1.046448E+0	5.911400E-7	NaN	5.911400E-6	5.065067E-1	1.850519E+1
8.288562E+3	3.171400E+2	3.655799E+1	-9.946583E-1	5.849400E-7	NaN	5.849400E-6	5.089222E-1	1.860519E+1
8.299420E+3	3.169600E+2	3.657875E+1	-9.660422E-1	5.788200E-7	NaN	5.788200E-6	5.065455E-1	1.852974E+1
8.313084E+3	3.167400E+2	3.660415E+1	-9.819074E-1	5.712500E-7	NaN	5.712500E-6	5.079320E-1	1.859268E+1
8.324083E+3	3.165600E+2	3.662497E+1	-1.013514E+0	5.652100E-7	NaN	5.652100E-6	5.067514E-1	1.856026E+1
8.337699E+3	3.163300E+2	3.665160E+1	-9.697405E-1	5.578600E-7	NaN	5.578600E-6	5.095923E-1	1.867686E+1
8.348836E+3	3.161500E+2	3.667247E+1	-9.574237E-1	5.518800E-7	NaN	5.518800E-6	5.067175E-1	1.858271E+1
8.362623E+3	3.159300E+2	3.669800E+1	-1.072033E+0	5.444800E-7	NaN	5.444800E-6	5.147658E-1	1.889078E+1
8.373257E+3	3.157400E+2	3.672009E+1	-9.287926E-1	5.388200E-7	NaN	5.388200E-6	5.145836E-1	1.889501E+1
8.386823E+3	3.155300E+2	3.674453E+1	-1.001112E+0	5.316600E-7	NaN	5.316600E-6	5.114360E-1	1.879272E+1
8.397611E+3	3.153500E+2	3.676550E+1	-1.003126E+0	5.260600E-7	NaN	5.260600E-6	5.143200E-1	1.891010E+1
8.411368E+3	3.151200E+2	3.679233E+1	-9.857612E-1	5.190300E-7	NaN	5.190300E-6	5.094030E-1	1.874164E+1
8.422324E+3	3.149400E+2	3.681336E+1	-9.689496E-1	5.134400E-7	NaN	5.134400E-6	5.128881E-1	1.888093E+1
8.435947E+3	3.147200E+2	3.683910E+1	-9.797696E-1	5.066300E-7	NaN	5.066300E-6	5.162649E-1	1.901864E+1
8.446970E+3	3.145400E+2	3.686018E+1	-9.720177E-1	5.011700E-7	NaN	5.011700E-6	5.140419E-1	1.894785E+1
8.460550E+3	3.143200E+2	3.688598E+1	-9.948416E-1	4.945400E-7	NaN	4.945400E-6	5.091116E-1	1.877933E+1
8.471406E+3	3.141400E+2	3.690711E+1	-1.006491E+0	4.893000E-7	NaN	4.893000E-6	5.019490E-1	1.852633E+1
8.485117E+3	3.139100E+2	3.693415E+1	-1.038441E+0	4.827100E-7	NaN	4.827100E-6	5.031181E-1	1.858063E+1
8.496095E+3	3.137200E+2	3.695652E+1	-9.355223E-1	4.775200E-7	NaN	4.775200E-6	5.059938E-1	1.869754E+1
8.506998E+3	3.135500E+2	3.697656E+1	-9.973220E-1	4.723800E-7	NaN	4.723800E-6	4.990613E-1	1.845556E+1
8.517827E+3	3.133700E+2	3.699780E+1	-1.066351E+0	4.673800E-7	NaN	4.673800E-6	4.955027E-1	1.833484E+1
8.531331E+3	3.131300E+2	3.702616E+1	-9.820860E-1	4.612100E-7	NaN	4.612100E-6	5.026234E-1	1.860865E+1
8.542328E+3	3.129500E+2	3.704745E+1	-8.695022E-1	4.563000E-7	NaN	4.563000E-6	5.116635E-1	1.895572E+1
8.556129E+3	3.127500E+2	3.707114E+1	-9.828742E-1	4.502100E-7	NaN	4.502100E-6	5.133425E-1	1.903134E+1
8.569559E+3	3.125300E+2	3.709724E+1	-1.052437E+0	4.444200E-7	NaN	4.444200E-6	5.048389E-1	1.872674E+1
8.580391E+3	3.123400E+2	3.711981E+1	-9.744654E-1	4.397400E-7	NaN	4.397400E-6	4.893335E-1	1.816396E+1
8.591474E+3	3.121600E+2	3.714121E+1	-1.016575E+0	4.349900E-7	NaN	4.349900E-6	4.983395E-1	1.851105E+1
8.605049E+3	3.119300E+2	3.716860E+1	-9.292035E-1	4.292300E-7	NaN	4.292300E-6	5.056712E-1	1.879441E+1
8.618609E+3	3.117200E+2	3.719364E+1	-9.958506E-1	4.235600E-7	NaN	4.235600E-6	5.036471E-1	1.873000E+1
8.629454E+3	3.115400E+2	3.721512E+1	-1.017141E+0	4.190700E-7	NaN	4.190700E-6	5.056148E-1	1.881690E+1
8.640072E+3	3.113600E+2	3.723664E+1	-9.656888E-1	4.146900E-7	NaN	4.146900E-6	5.075512E-1	1.890165E+1
8.653741E+3	3.111400E+2	3.726297E+1	-9.259259E-1	4.091200E-7	NaN	4.091200E-6	5.117061E-1	1.906733E+1
8.667349E+3	3.109300E+2	3.728814E+1	-9.987054E-1	4.036900E-7	NaN	4.036900E-6	5.092236E-1	1.898744E+1
8.678163E+3	3.107500E+2	3.730973E+1	-1.019052E+0	3.993800E-7	NaN	3.993800E-6	5.068003E-1	1.890912E+1
8.691705E+3	3.105200E+2	3.733737E+1	-9.430473E-1	3.940100E-7	NaN	3.940100E-6	4.946813E-1	1.847001E+1
8.702521E+3	3.103500E+2	3.735782E+1	-1.070075E+0	3.897800E-7	NaN	3.897800E-6	4.934848E-1	1.843638E+1
8.715978E+3	3.101100E+2	3.738673E+1	-9.853116E-1	3.845600E-7	NaN	3.845600E-6	4.959145E-1	1.854011E+1
8.726939E+3	3.099300E+2	3.740845E+1	-9.745293E-1	3.803600E-7	NaN	3.803600E-6	4.970257E-1	1.859236E+1
8.740484E+3	3.097100E+2	3.743502E+1	-9.779951E-1	3.752500E-7	NaN	3.752500E-6	5.061592E-1	1.894676E+1
8.751527E+3	3.095300E+2	3.745679E+1	-9.702632E-1	3.711500E-7	NaN	3.711500E-6	5.149655E-1	1.928822E+1
8.762658E+3	3.093500E+2	3.747858E+1	-8.906702E-1	3.671000E-7	NaN	3.671000E-6	5.119304E-1	1.918874E+1
8.776131E+3	3.091500E+2	3.750283E+1	-1.020257E+0	3.622300E-7	NaN	3.622300E-6	5.128013E-1	1.923230E+1
8.789657E+3	3.089200E+2	3.753075E+1	-9.226594E-1	3.574300E-7	NaN	3.574300E-6	5.115462E-1	1.919735E+1
8.800712E+3	3.087500E+2	3.755142E+1	-9.611884E-1	3.535500E-7	NaN	3.535500E-6	4.976821E-1	1.868916E+1
8.814445E+3	3.085300E+2	3.757819E+1	-1.065919E+0	3.487500E-7	NaN	3.487500E-6	4.958020E-1	1.863229E+1
8.825140E+3	3.083400E+2	3.760135E+1	-9.897440E-1	3.450600E-7	NaN	3.450600E-6	4.939496E-1	1.857298E+1
8.839083E+3	3.081100E+2	3.762942E+1	-9.298933E-1	3.402800E-7	NaN	3.402800E-6	4.956602E-1	1.864903E+1
8.850052E+3	3.079400E+2	3.765019E+1	-9.937431E-1	3.365900E-7	NaN	3.365900E-6	4.985182E-1	1.876975E+1
8.860920E+3	3.077600E+2	3.767221E+1	-1.005391E+0	3.329700E-7	NaN	3.329700E-6	4.924082E-1	1.855215E+1
8.874646E+3	3.075300E+2	3.770039E+1	-9.867519E-1	3.284900E-7	NaN	3.284900E-6	4.909793E-1	1.850930E+1
8.885591E+3	3.073500E+2	3.772247E+1	-9.367333E-1	3.249700E-7	NaN	3.249700E-6	4.923570E-1	1.857359E+1
8.899042E+3	3.071400E+2	3.774826E+1	-9.878021E-1	3.207100E-7	NaN	3.207100E-6	4.951341E-1	1.869202E+1
8.912405E+3	3.069200E+2	3.777532E+1	-9.635740E-1	3.165500E-7	NaN	3.165500E-6	5.052679E-1	1.908480E+1
8.926104E+3	3.067000E+2	3.780241E+1	-8.343376E-1	3.123200E-7	NaN	3.123200E-6	5.012932E-1	1.894710E+1
8.936891E+3	3.065500E+2	3.782091E+1	-1.047120E+0	3.090400E-7	NaN	3.090400E-6	4.993478E-1	1.888763E+1
8.948351E+3	3.063500E+2	3.784560E+1	-9.603492E-1	3.055900E-7	NaN	3.055900E-6	5.001463E-1	1.892932E+1
8.962096E+3	3.061300E+2	3.787280E+1	-8.836524E-1	3.015200E-7	NaN	3.015200E-6	4.900732E-1	1.855934E+1
8.972960E+3	3.059700E+2	3.789260E+1	-1.008477E+0	2.983200E-7	NaN	2.983200E-6	5.014552E-1	1.900322E+1
8.986644E+3	3.057400E+2	3.792111E+1	-8.930565E-1	2.943700E-7	NaN	2.943700E-6	4.945323E-1	1.875440E+1
9.000081E+3	3.055400E+2	3.794593E+1	-1.005684E+0	2.905500E-7	NaN	2.905500E-6	4.869801E-1	1.847846E+1
9.013803E+3	3.053100E+2	3.797452E+1	-9.629101E-1	2.867100E-7	NaN	2.867100E-6	4.902418E-1	1.861419E+1
9.025019E+3	3.051300E+2	3.799692E+1	-9.258419E-1	2.835900E-7	NaN	2.835900E-6	4.947510E-1	1.879883E+1
9.036036E+3	3.049600E+2	3.801810E+1	-8.940767E-1	2.805900E-7	NaN	2.805900E-6	5.065937E-1	1.926182E+1
9.052142E+3	3.047200E+2	3.804804E+1	-9.229099E-1	2.762400E-7	NaN	2.762400E-6	5.078402E-1	1.932120E+1
9.063194E+3	3.045500E+2	3.806928E+1	-9.217264E-1	2.733300E-7	NaN	2.733300E-6	5.030171E-1	1.915002E+1
9.076864E+3	3.043400E+2	3.809555E+1	-9.276301E-1	2.697700E-7	NaN	2.697700E-6	4.984278E-1	1.898760E+1
9.090447E+3	3.041300E+2	3.812186E+1	-8.948546E-1	2.663000E-7	NaN	2.663000E-6	4.944834E-1	1.884899E+1
9.101175E+3	3.039700E+2	3.814192E+1	-9.483667E-1	2.635900E-7	NaN	2.635900E-6	4.869494E-1	1.857497E+1
9.114461E+3	3.037600E+2	3.816829E+1	-9.433256E-1	2.603000E-7	NaN	2.603000E-6	4.891627E-1	1.867167E+1
9.127818E+3	3.035500E+2	3.819470E+1	-8.517283E-1	2.570700E-7	NaN	2.570700E-6	4.935893E-1	1.885267E+1
9.141907E+3	3.033500E+2	3.821988E+1	-8.638498E-1	2.537300E-7	NaN	2.537300E-6	5.061676E-1	1.934600E+1
9.157882E+3	3.031200E+2	3.824888E+1	-8.120815E-1	2.500500E-7	NaN	2.500500E-6	5.079648E-1	1.942777E+1
9.171920E+3	3.029300E+2	3.827287E+1	-8.841082E-1	2.469100E-7	NaN	2.469100E-6	5.044544E-1	1.930571E+1
9.185493E+3	3.027300E+2	3.829815E+1	-8.021986E-1	2.439500E-7	NaN	2.439500E-6	4.991832E-1	1.911718E+1
9.198956E+3	3.025500E+2	3.832094E+1	-8.358384E-1	2.411000E-7	NaN	2.411000E-6	4.910694E-1	1.881927E+1
9.212595E+3	3.023600E+2	3.834502E+1	-8.016519E-1	2.383100E-7	NaN	2.383100E-6	4.922597E-1	1.887650E+1
9.229061E+3	3.021400E+2	3.837294E+1	-7.667443E-1	2.351100E-7	NaN	2.351100E-6	4.952996E-1	1.900556E+1
9.242364E+3	3.019700E+2	3.839454E+1	-7.136947E-1	2.325900E-7	NaN	2.325900E-6	4.959277E-1	1.904145E+1
9.261700E+3	3.017400E+2	3.842381E+1	-7.743699E-1	2.291000E-7	NaN	2.291000E-6	5.026331E-1	1.931223E+1
9.274872E+3	3.015700E+2	3.844547E+1	-6.531882E-1	2.268100E-7	NaN	2.268100E-6	4.978995E-1	1.914247E+1
9.294162E+3	3.013600E+2	3.847226E+1	-7.092618E-1	2.236200E-7	NaN	2.236200E-6	4.984100E-1	1.917520E+1
9.311081E+3	3.011600E+2	3.849781E+1	-6.146547E-1	2.209500E-7	NaN	2.209500E-6	4.966103E-1	1.911884E+1
9.329628E+3	3.009700E+2	3.852211E+1	-6.556754E-1	2.181600E-7	NaN	2.181600E-6	4.887318E-1	1.882778E+1
9.350675E+3	3.007400E+2	3.855157E+1	-6.024768E-1	2.151600E-7	NaN	2.151600E-6	4.934555E-1	1.902177E+1
9.368601E+3	3.005600E+2	3.857466E+1	-5.560433E-1	2.127300E-7	NaN	2.127300E-6	4.887136E-1	1.885098E+1
9.389103E+3	3.003700E+2	3.859906E+1	-5.769231E-1	2.101000E-7	NaN	2.101000E-6	5.053861E-1	1.950766E+1
9.408863E+3	3.001800E+2	3.862349E+1	-4.694836E-1	2.076700E-7	NaN	2.076700E-6	5.094621E-1	1.967852E+1
9.433145E+3	2.999900E+2	3.864795E+1	-5.015811E-1	2.048700E-7	NaN	2.048700E-6	5.146623E-1	1.989176E+1
9.460658E+3	2.997600E+2	3.867761E+1	-4.862674E-1	2.018900E-7	NaN	2.018900E-6	5.136395E-1	1.986567E+1
9.482868E+3	2.995800E+2	3.870085E+1	-4.577135E-1	1.994120E-7	NaN	1.994120E-6	5.044757E-1	1.952315E+1
9.511707E+3	2.993600E+2	3.872929E+1	-4.172291E-1	1.966630E-7	NaN	1.966630E-6	5.010319E-1	1.940390E+1
9.536154E+3	2.991900E+2	3.875130E+1	-4.124116E-1	1.944750E-7	NaN	1.944750E-6	4.953494E-1	1.919653E+1
9.566706E+3	2.989800E+2	3.877851E+1	-3.788448E-1	1.919130E-7	NaN	1.919130E-6	5.000295E-1	1.939101E+1
9.599965E+3	2.987700E+2	3.880577E+1	-3.449110E-1	1.893170E-7	NaN	1.893170E-6	4.973257E-1	1.929777E+1
9.633017E+3	2.985800E+2	3.883046E+1	-3.489653E-1	1.869260E-7	NaN	1.869260E-6	4.996195E-1	1.940017E+1
9.665685E+3	2.983900E+2	3.885519E+1	-3.070703E-1	1.847270E-7	NaN	1.847270E-6	4.950707E-1	1.923714E+1
9.704764E+3	2.981900E+2	3.888125E+1	-3.022960E-1	1.822980E-7	NaN	1.822980E-6	4.963104E-1	1.929780E+1
9.746445E+3	2.979800E+2	3.890865E+1	-2.584091E-1	1.799080E-7	NaN	1.799080E-6	5.023854E-1	1.954611E+1
9.792883E+3	2.977800E+2	3.893478E+1	-2.448646E-1	1.774860E-7	NaN	1.774860E-6	4.975984E-1	1.937324E+1
9.836989E+3	2.976000E+2	3.895833E+1	-2.424849E-1	1.753840E-7	NaN	1.753840E-6	4.971170E-1	1.936771E+1
9.888951E+3	2.973900E+2	3.898584E+1	-2.086422E-1	1.731150E-7	NaN	1.731150E-6	4.919953E-1	1.918111E+1
9.943590E+3	2.972000E+2	3.901077E+1	-1.920117E-1	1.709630E-7	NaN	1.709630E-6	4.860659E-1	1.896256E+1
1.000921E+4	2.969900E+2	3.903835E+1	-1.840679E-1	1.686450E-7	NaN	1.686450E-6	4.891455E-1	1.909517E+1
1.007766E+4	2.967800E+2	3.906597E+1	-1.506423E-1	1.664950E-7	NaN	1.664950E-6	4.924416E-1	1.923591E+1
1.014936E+4	2.966000E+2	3.908968E+1	-1.326538E-1	1.644960E-7	NaN	1.644960E-6	4.944320E-1	1.932786E+1
1.023529E+4	2.964100E+2	3.911474E+1	-1.234476E-1	1.623950E-7	NaN	1.623950E-6	5.023053E-1	1.964901E+1
1.034222E+4	2.961900E+2	3.914379E+1	-9.437633E-2	1.601400E-7	NaN	1.601400E-6	NaN	NaN
1.046302E+4	2.960000E+2	3.916892E+1	NaN	1.580740E-7	NaN	1.580740E-6	NaN	NaN
--------------------
6/17/2024 9:16 PM
