6/25/2024
7:26 PM
slow cooling up 480_2024.06.25_COND_FILE END.txt

Data taken by: Akshat Sharma
ammeter is Keithley 6517A at GPIB0::27::INSTR
voltage source is Keithley 6517A at GPIB0::27::INSTR
temperature controller is Lake Shore 330 at GPIB0::12::INSTR with the settings: control sensor=A;sample sensor=;loop=1
Readings: 1
Voltage (V): 100
Geo Factor: 1000
Ea Window (pts): 5
Shut off V when done?: TRUE
Mconnect?: TRUE
Use Abs(Cond)?: TRUE
Rate (K/min): 5
Heater: High
DESCRIPTION
********************
Time (s)	Temperature (K)	1/kT (1/eV)	Rate (K/min)	Current (A)	Current Std Dev/Mean	Conductivity (Ohm-cm)^-1	Ea (eV)	Reduced Ea	
4.227500E+1	2.962000E+2	3.914247E+1	4.577698E-1	2.277200E-7	NaN	2.277200E-6	NaN	NaN
4.520700E+1	2.963500E+2	3.912266E+1	6.913495E-1	2.293000E-7	NaN	2.293000E-6	NaN	NaN
5.149100E+1	2.967200E+2	3.907387E+1	1.284717E+0	2.338700E-7	NaN	2.338700E-6	NaN	NaN
5.458800E+1	2.970200E+2	3.903441E+1	1.643431E+0	2.367800E-7	NaN	2.367800E-6	NaN	NaN
5.776200E+1	2.972700E+2	3.900158E+1	2.094520E+0	2.402300E-7	NaN	2.402300E-6	NaN	NaN
6.084900E+1	2.975500E+2	3.896488E+1	2.566776E+0	2.439600E-7	NaN	2.439600E-6	NaN	NaN
6.385500E+1	2.978400E+2	3.892694E+1	3.055317E+0	2.480600E-7	NaN	2.480600E-6	NaN	NaN
6.692600E+1	2.981400E+2	3.888777E+1	3.551348E+0	2.525400E-7	NaN	2.525400E-6	NaN	NaN
6.999600E+1	2.984300E+2	3.884998E+1	4.028628E+0	2.574300E-7	NaN	2.574300E-6	NaN	NaN
7.300700E+1	2.987400E+2	3.880967E+1	4.469577E+0	2.624400E-7	NaN	2.624400E-6	NaN	NaN
7.612900E+1	2.990400E+2	3.877073E+1	4.847644E+0	2.679400E-7	NaN	2.679400E-6	NaN	NaN
7.909600E+1	2.993400E+2	3.873188E+1	5.163542E+0	2.733900E-7	NaN	2.733900E-6	NaN	NaN
8.242400E+1	2.996400E+2	3.869310E+1	5.421220E+0	2.795900E-7	NaN	2.795900E-6	NaN	NaN
8.550000E+1	2.999600E+2	3.865182E+1	5.604718E+0	2.852800E-7	NaN	2.852800E-6	NaN	NaN
8.842000E+1	3.002500E+2	3.861449E+1	5.731472E+0	2.908700E-7	NaN	2.908700E-6	NaN	NaN
9.144800E+1	3.005300E+2	3.857851E+1	5.789388E+0	2.967500E-7	NaN	2.967500E-6	NaN	NaN
9.442800E+1	3.008100E+2	3.854260E+1	5.844056E+0	3.023200E-7	NaN	3.023200E-6	4.404778E-1	1.715175E+1
9.751800E+1	3.010700E+2	3.850932E+1	5.849434E+0	3.083400E-7	NaN	3.083400E-6	4.457455E-1	1.734975E+1
1.004250E+2	3.013400E+2	3.847481E+1	5.809962E+0	3.138300E-7	NaN	3.138300E-6	4.510098E-1	1.754772E+1
1.034490E+2	3.016000E+2	3.844164E+1	5.765093E+0	3.196400E-7	NaN	3.196400E-6	4.555322E-1	1.771672E+1
1.063780E+2	3.018500E+2	3.840981E+1	5.703080E+0	3.252300E-7	NaN	3.252300E-6	4.597559E-1	1.787408E+1
1.094520E+2	3.021300E+2	3.837421E+1	5.618997E+0	3.310500E-7	NaN	3.310500E-6	4.636180E-1	1.801741E+1
1.123670E+2	3.023700E+2	3.834375E+1	5.551224E+0	3.365500E-7	NaN	3.365500E-6	4.669313E-1	1.813918E+1
1.154320E+2	3.026200E+2	3.831207E+1	5.467763E+0	3.423800E-7	NaN	3.423800E-6	4.699772E-1	1.825066E+1
1.184990E+2	3.028600E+2	3.828171E+1	5.383557E+0	3.483300E-7	NaN	3.483300E-6	4.728207E-1	1.835425E+1
1.214480E+2	3.031100E+2	3.825014E+1	5.270764E+0	3.540900E-7	NaN	3.540900E-6	4.755830E-1	1.845475E+1
1.245890E+2	3.033600E+2	3.821862E+1	5.189766E+0	3.604300E-7	NaN	3.604300E-6	4.780623E-1	1.854419E+1
1.276170E+2	3.036200E+2	3.818589E+1	5.120255E+0	3.665000E-7	NaN	3.665000E-6	4.804856E-1	1.863142E+1
1.306800E+2	3.038800E+2	3.815322E+1	5.068739E+0	3.728100E-7	NaN	3.728100E-6	4.826433E-1	1.870821E+1
1.337120E+2	3.041600E+2	3.811810E+1	5.039157E+0	3.792900E-7	NaN	3.792900E-6	4.846206E-1	1.877791E+1
1.367090E+2	3.044200E+2	3.808554E+1	5.026313E+0	3.857700E-7	NaN	3.857700E-6	4.863280E-1	1.883691E+1
1.398980E+2	3.046800E+2	3.805304E+1	5.035870E+0	3.927100E-7	NaN	3.927100E-6	4.879018E-1	1.889067E+1
1.430370E+2	3.049400E+2	3.802059E+1	5.040390E+0	3.999200E-7	NaN	3.999200E-6	4.894502E-1	1.894340E+1
1.461010E+2	3.052100E+2	3.798696E+1	5.043073E+0	4.069500E-7	NaN	4.069500E-6	4.910058E-1	1.899636E+1
1.490880E+2	3.054700E+2	3.795463E+1	5.073038E+0	4.139400E-7	NaN	4.139400E-6	4.924353E-1	1.904432E+1
1.521420E+2	3.057400E+2	3.792111E+1	5.105325E+0	4.210300E-7	NaN	4.210300E-6	4.937720E-1	1.908864E+1
1.554470E+2	3.060200E+2	3.788641E+1	5.138923E+0	4.290600E-7	NaN	4.290600E-6	4.949731E-1	1.912760E+1
1.585880E+2	3.062700E+2	3.785549E+1	5.153333E+0	4.367500E-7	NaN	4.367500E-6	4.961623E-1	1.916599E+1
1.615610E+2	3.065400E+2	3.782214E+1	5.151680E+0	4.441600E-7	NaN	4.441600E-6	4.973870E-1	1.920579E+1
1.645480E+2	3.068800E+2	3.778024E+1	5.147750E+0	4.516900E-7	NaN	4.516900E-6	4.984822E-1	1.924048E+1
1.678200E+2	3.071500E+2	3.774703E+1	5.205089E+0	4.599900E-7	NaN	4.599900E-6	4.991681E-1	1.925892E+1
1.708860E+2	3.074100E+2	3.771510E+1	5.239772E+0	4.679300E-7	NaN	4.679300E-6	4.998840E-1	1.927851E+1
1.740310E+2	3.076700E+2	3.768323E+1	5.278218E+0	4.761100E-7	NaN	4.761100E-6	5.005918E-1	1.929783E+1
1.771460E+2	3.079300E+2	3.765141E+1	5.303879E+0	4.844600E-7	NaN	4.844600E-6	5.013050E-1	1.931740E+1
1.801920E+2	3.082100E+2	3.761721E+1	5.305346E+0	4.927200E-7	NaN	4.927200E-6	5.020251E-1	1.933726E+1
1.833090E+2	3.084700E+2	3.758550E+1	5.305257E+0	5.013400E-7	NaN	5.013400E-6	5.026533E-1	1.935349E+1
1.864130E+2	3.087300E+2	3.755385E+1	5.294854E+0	5.099900E-7	NaN	5.099900E-6	5.032924E-1	1.937018E+1
1.892250E+2	3.089800E+2	3.752346E+1	5.274155E+0	5.179000E-7	NaN	5.179000E-6	5.045660E-1	1.940902E+1
1.922670E+2	3.092400E+2	3.749192E+1	5.259787E+0	5.265000E-7	NaN	5.265000E-6	5.057803E-1	1.944533E+1
1.953250E+2	3.095000E+2	3.746042E+1	5.233133E+0	5.353800E-7	NaN	5.353800E-6	5.070478E-1	1.948326E+1
1.985550E+2	3.097700E+2	3.742777E+1	5.178886E+0	5.450200E-7	NaN	5.450200E-6	5.083403E-1	1.952174E+1
2.015880E+2	3.100300E+2	3.739638E+1	5.121231E+0	5.541100E-7	NaN	5.541100E-6	5.097202E-1	1.956304E+1
2.046220E+2	3.103000E+2	3.736384E+1	5.130456E+0	5.635100E-7	NaN	5.635100E-6	5.111226E-1	1.960469E+1
2.074390E+2	3.105600E+2	3.733256E+1	5.141226E+0	5.722400E-7	NaN	5.722400E-6	5.125310E-1	1.964596E+1
2.105610E+2	3.108200E+2	3.730133E+1	5.164073E+0	5.821300E-7	NaN	5.821300E-6	5.138884E-1	1.968468E+1
2.137740E+2	3.110900E+2	3.726896E+1	5.170420E+0	5.924200E-7	NaN	5.924200E-6	5.152797E-1	1.972408E+1
2.170200E+2	3.114300E+2	3.722827E+1	5.163703E+0	6.031000E-7	NaN	6.031000E-6	5.167238E-1	1.976477E+1
2.203400E+2	3.116900E+2	3.719722E+1	5.218330E+0	6.142600E-7	NaN	6.142600E-6	5.179729E-1	1.979696E+1
2.234150E+2	3.119500E+2	3.716621E+1	5.238116E+0	6.246300E-7	NaN	6.246300E-6	5.193473E-1	1.983324E+1
2.264380E+2	3.122400E+2	3.713169E+1	5.243186E+0	6.352300E-7	NaN	6.352300E-6	5.206596E-1	1.986658E+1
2.294880E+2	3.125100E+2	3.709961E+1	5.273063E+0	6.461000E-7	NaN	6.461000E-6	5.218375E-1	1.989403E+1
2.325370E+2	3.127900E+2	3.706640E+1	5.299180E+0	6.569700E-7	NaN	6.569700E-6	5.229118E-1	1.991699E+1
2.355680E+2	3.130600E+2	3.703443E+1	5.326701E+0	6.683400E-7	NaN	6.683400E-6	5.238612E-1	1.993462E+1
2.387760E+2	3.133400E+2	3.700134E+1	5.341993E+0	6.805200E-7	NaN	6.805200E-6	5.247302E-1	1.994880E+1
2.418070E+2	3.136100E+2	3.696948E+1	5.345164E+0	6.924300E-7	NaN	6.924300E-6	5.252313E-1	1.994917E+1
2.450110E+2	3.138900E+2	3.693651E+1	5.348459E+0	7.050000E-7	NaN	7.050000E-6	5.256418E-1	1.994599E+1
2.479990E+2	3.141600E+2	3.690476E+1	5.356185E+0	7.170000E-7	NaN	7.170000E-6	5.258971E-1	1.993695E+1
2.509840E+2	3.144600E+2	3.686955E+1	5.353054E+0	7.289200E-7	NaN	7.289200E-6	5.259975E-1	1.992216E+1
2.539520E+2	3.147300E+2	3.683792E+1	5.360032E+0	7.412100E-7	NaN	7.412100E-6	5.258580E-1	1.989831E+1
2.570730E+2	3.150000E+2	3.680635E+1	5.409443E+0	7.541700E-7	NaN	7.541700E-6	5.256872E-1	1.987341E+1
2.600280E+2	3.152600E+2	3.677599E+1	5.419462E+0	7.662900E-7	NaN	7.662900E-6	5.254507E-1	1.984631E+1
2.631420E+2	3.155200E+2	3.674569E+1	5.409609E+0	7.795100E-7	NaN	7.795100E-6	5.252233E-1	1.981978E+1
2.664460E+2	3.157900E+2	3.671427E+1	5.398421E+0	7.937500E-7	NaN	7.937500E-6	5.250347E-1	1.979499E+1
2.694220E+2	3.160500E+2	3.668407E+1	5.365466E+0	8.063600E-7	NaN	8.063600E-6	5.250264E-1	1.977717E+1
2.725230E+2	3.163100E+2	3.665392E+1	5.338120E+0	8.199600E-7	NaN	8.199600E-6	5.249265E-1	1.975626E+1
2.755890E+2	3.165900E+2	3.662150E+1	5.301956E+0	8.334800E-7	NaN	8.334800E-6	5.248508E-1	1.973648E+1
2.784860E+2	3.168500E+2	3.659145E+1	5.271860E+0	8.462200E-7	NaN	8.462200E-6	5.247894E-1	1.971729E+1
2.816750E+2	3.171100E+2	3.656145E+1	5.247075E+0	8.605000E-7	NaN	8.605000E-6	5.246756E-1	1.969630E+1
2.846210E+2	3.173700E+2	3.653149E+1	5.203794E+0	8.738800E-7	NaN	8.738800E-6	5.247186E-1	1.968125E+1
2.876970E+2	3.176200E+2	3.650274E+1	5.168127E+0	8.880000E-7	NaN	8.880000E-6	5.247164E-1	1.966462E+1
2.907050E+2	3.178900E+2	3.647174E+1	5.151539E+0	9.020100E-7	NaN	9.020100E-6	5.248019E-1	1.965138E+1
2.937590E+2	3.181500E+2	3.644193E+1	5.156107E+0	9.165000E-7	NaN	9.165000E-6	5.248827E-1	1.963791E+1
2.967240E+2	3.184200E+2	3.641103E+1	5.160252E+0	9.306500E-7	NaN	9.306500E-6	5.249238E-1	1.962311E+1
2.998200E+2	3.186700E+2	3.638246E+1	5.181821E+0	9.459100E-7	NaN	9.459100E-6	5.249392E-1	1.960726E+1
3.028590E+2	3.189400E+2	3.635166E+1	5.183599E+0	9.607800E-7	NaN	9.607800E-6	5.250415E-1	1.959470E+1
3.059520E+2	3.192000E+2	3.632206E+1	5.179659E+0	9.765000E-7	NaN	9.765000E-6	5.251785E-1	1.958330E+1
3.088000E+2	3.194600E+2	3.629249E+1	5.172235E+0	9.907800E-7	NaN	9.907800E-6	5.253386E-1	1.957275E+1
3.119960E+2	3.197200E+2	3.626298E+1	5.169094E+0	1.007380E-6	NaN	1.007380E-5	5.255101E-1	1.956255E+1
3.149930E+2	3.200100E+2	3.623012E+1	5.165159E+0	1.023290E-6	NaN	1.023290E-5	5.257127E-1	1.955353E+1
3.179930E+2	3.202700E+2	3.620071E+1	5.195776E+0	1.039580E-6	NaN	1.039580E-5	5.258307E-1	1.954121E+1
3.209800E+2	3.205300E+2	3.617134E+1	5.212140E+0	1.055750E-6	NaN	1.055750E-5	5.259020E-1	1.952728E+1
3.239970E+2	3.207900E+2	3.614202E+1	5.231901E+0	1.072600E-6	NaN	1.072600E-5	5.259637E-1	1.951300E+1
3.269300E+2	3.211400E+2	3.610263E+1	5.234390E+0	1.088870E-6	NaN	1.088870E-5	5.260864E-1	1.950097E+1
3.302770E+2	3.214000E+2	3.607343E+1	5.314749E+0	1.107710E-6	NaN	1.107710E-5	5.259852E-1	1.948019E+1
3.335350E+2	3.216700E+2	3.604315E+1	5.352736E+0	1.126520E-6	NaN	1.126520E-5	5.259728E-1	1.946281E+1
3.366980E+2	3.219300E+2	3.601404E+1	5.380563E+0	1.145310E-6	NaN	1.145310E-5	5.260172E-1	1.944752E+1
3.398050E+2	3.222300E+2	3.598051E+1	5.372206E+0	1.164230E-6	NaN	1.164230E-5	5.260966E-1	1.943361E+1
3.429210E+2	3.225000E+2	3.595039E+1	5.384449E+0	1.183540E-6	NaN	1.183540E-5	5.261515E-1	1.941871E+1
3.458840E+2	3.227800E+2	3.591920E+1	5.377396E+0	1.202510E-6	NaN	1.202510E-5	5.263279E-1	1.940820E+1
3.488530E+2	3.230500E+2	3.588918E+1	5.387206E+0	1.221920E-6	NaN	1.221920E-5	5.264492E-1	1.939564E+1
3.520590E+2	3.233200E+2	3.585921E+1	5.377387E+0	1.242880E-6	NaN	1.242880E-5	5.263038E-1	1.937368E+1
3.551200E+2	3.236000E+2	3.582818E+1	5.369752E+0	1.263320E-6	NaN	1.263320E-5	5.262614E-1	1.935559E+1
3.580230E+2	3.238700E+2	3.579831E+1	5.360215E+0	1.283160E-6	NaN	1.283160E-5	5.262341E-1	1.933801E+1
3.610860E+2	3.241400E+2	3.576850E+1	5.350577E+0	1.304130E-6	NaN	1.304130E-5	5.262300E-1	1.932129E+1
3.639520E+2	3.244100E+2	3.573873E+1	5.325320E+0	1.323960E-6	NaN	1.323960E-5	5.262888E-1	1.930687E+1
3.671290E+2	3.246900E+2	3.570791E+1	5.384597E+0	1.346130E-6	NaN	1.346130E-5	5.262590E-1	1.928929E+1
3.701060E+2	3.249600E+2	3.567824E+1	5.411559E+0	1.366950E-6	NaN	1.366950E-5	5.262856E-1	1.927374E+1
3.732100E+2	3.252200E+2	3.564971E+1	5.422829E+0	1.388930E-6	NaN	1.388930E-5	5.263240E-1	1.925862E+1
3.762280E+2	3.254800E+2	3.562124E+1	5.397124E+0	1.410020E-6	NaN	1.410020E-5	5.263804E-1	1.924416E+1
3.791520E+2	3.257400E+2	3.559280E+1	5.380407E+0	1.431230E-6	NaN	1.431230E-5	5.264332E-1	1.922960E+1
3.823590E+2	3.260000E+2	3.556442E+1	5.355833E+0	1.454210E-6	NaN	1.454210E-5	5.264919E-1	1.921526E+1
3.853270E+2	3.262600E+2	3.553608E+1	5.324176E+0	1.475810E-6	NaN	1.475810E-5	5.266386E-1	1.920419E+1
3.882730E+2	3.265300E+2	3.550669E+1	5.298250E+0	1.497410E-6	NaN	1.497410E-5	5.267772E-1	1.919281E+1
3.914600E+2	3.267800E+2	3.547953E+1	5.269675E+0	1.520710E-6	NaN	1.520710E-5	5.268499E-1	1.917902E+1
3.946270E+2	3.270400E+2	3.545132E+1	5.224397E+0	1.544400E-6	NaN	1.544400E-5	5.269217E-1	1.916527E+1
3.976710E+2	3.272900E+2	3.542424E+1	5.180491E+0	1.567410E-6	NaN	1.567410E-5	5.270620E-1	1.915399E+1
4.006740E+2	3.275500E+2	3.539612E+1	5.131001E+0	1.590130E-6	NaN	1.590130E-5	5.272552E-1	1.914468E+1
4.037600E+2	3.278000E+2	3.536913E+1	5.103261E+0	1.613860E-6	NaN	1.613860E-5	5.272227E-1	1.912756E+1
4.068770E+2	3.280600E+2	3.534110E+1	5.072703E+0	1.638650E-6	NaN	1.638650E-5	5.273252E-1	1.911534E+1
4.099070E+2	3.284100E+2	3.530343E+1	5.054026E+0	1.663190E-6	NaN	1.663190E-5	5.274715E-1	1.910470E+1
4.130700E+2	3.286800E+2	3.527443E+1	5.105095E+0	1.689160E-6	NaN	1.689160E-5	5.272718E-1	1.908126E+1
4.160500E+2	3.289300E+2	3.524762E+1	5.150315E+0	1.713420E-6	NaN	1.713420E-5	5.270876E-1	1.905842E+1
4.191890E+2	3.291900E+2	3.521978E+1	5.193804E+0	1.740290E-6	NaN	1.740290E-5	5.268646E-1	1.903435E+1
4.221290E+2	3.294500E+2	3.519199E+1	5.213384E+0	1.765510E-6	NaN	1.765510E-5	5.267055E-1	1.901268E+1
4.253080E+2	3.297200E+2	3.516317E+1	5.239618E+0	1.792780E-6	NaN	1.792780E-5	5.265659E-1	1.899181E+1
4.281830E+2	3.298900E+2	3.514505E+1	5.275124E+0	1.818630E-6	NaN	1.818630E-5	5.264658E-1	1.897238E+1
4.311170E+2	3.302500E+2	3.510674E+1	5.230863E+0	1.844930E-6	NaN	1.844930E-5	5.266542E-1	1.896384E+1
4.341740E+2	3.304200E+2	3.508868E+1	5.262452E+0	1.872870E-6	NaN	1.872870E-5	5.265351E-1	1.894380E+1
4.370430E+2	3.306800E+2	3.506109E+1	5.204010E+0	1.898770E-6	NaN	1.898770E-5	5.265956E-1	1.893086E+1
4.400930E+2	3.309500E+2	3.503248E+1	5.158000E+0	1.927320E-6	NaN	1.927320E-5	5.266069E-1	1.891618E+1
4.432370E+2	3.312200E+2	3.500392E+1	5.102613E+0	1.957240E-6	NaN	1.957240E-5	5.266426E-1	1.890236E+1
4.461930E+2	3.315700E+2	3.496698E+1	5.035779E+0	1.985890E-6	NaN	1.985890E-5	5.266879E-1	1.888886E+1
4.494550E+2	3.318400E+2	3.493852E+1	5.119261E+0	2.018190E-6	NaN	2.018190E-5	5.265256E-1	1.886751E+1
4.525530E+2	3.321100E+2	3.491012E+1	5.188165E+0	2.049730E-6	NaN	2.049730E-5	5.265182E-1	1.885173E+1
4.557550E+2	3.323800E+2	3.488176E+1	5.249299E+0	2.083160E-6	NaN	2.083160E-5	5.265361E-1	1.883686E+1
4.587730E+2	3.326600E+2	3.485240E+1	5.290432E+0	2.114700E-6	NaN	2.114700E-5	5.266736E-1	1.882626E+1
4.617730E+2	3.329500E+2	3.482205E+1	5.346871E+0	2.146400E-6	NaN	2.146400E-5	5.267476E-1	1.881342E+1
4.647720E+2	3.332200E+2	3.479383E+1	5.414845E+0	2.179600E-6	NaN	2.179600E-5	5.267241E-1	1.879700E+1
4.678890E+2	3.334900E+2	3.476566E+1	5.411843E+0	2.213300E-6	NaN	2.213300E-5	5.267841E-1	1.878356E+1
4.709460E+2	3.337600E+2	3.473754E+1	5.480068E+0	2.246900E-6	NaN	2.246900E-5	5.268552E-1	1.877050E+1
4.738840E+2	3.340200E+2	3.471050E+1	5.461544E+0	2.279100E-6	NaN	2.279100E-5	5.269942E-1	1.875981E+1
4.768920E+2	3.342800E+2	3.468350E+1	5.437409E+0	2.312300E-6	NaN	2.312300E-5	5.270961E-1	1.874785E+1
4.799320E+2	3.345400E+2	3.465654E+1	5.397623E+0	2.346200E-6	NaN	2.346200E-5	5.272274E-1	1.873695E+1
4.830290E+2	3.347900E+2	3.463066E+1	5.333036E+0	2.381200E-6	NaN	2.381200E-5	5.273241E-1	1.872488E+1
4.861360E+2	3.350600E+2	3.460276E+1	5.319384E+0	2.415400E-6	NaN	2.415400E-5	5.275582E-1	1.871768E+1
4.889870E+2	3.353100E+2	3.457696E+1	5.290219E+0	2.447500E-6	NaN	2.447500E-5	5.277311E-1	1.870831E+1
4.919700E+2	3.355600E+2	3.455120E+1	5.259128E+0	2.481200E-6	NaN	2.481200E-5	5.279206E-1	1.869953E+1
4.948610E+2	3.358100E+2	3.452548E+1	5.208774E+0	2.515000E-6	NaN	2.515000E-5	5.280551E-1	1.868883E+1
4.977960E+2	3.360600E+2	3.449979E+1	5.168657E+0	2.548800E-6	NaN	2.548800E-5	5.282530E-1	1.868037E+1
5.009620E+2	3.363100E+2	3.447415E+1	5.148914E+0	2.585500E-6	NaN	2.585500E-5	5.283433E-1	1.866825E+1
5.040470E+2	3.365600E+2	3.444854E+1	5.121174E+0	2.622500E-6	NaN	2.622500E-5	5.284948E-1	1.865830E+1
5.069940E+2	3.368100E+2	3.442297E+1	5.086557E+0	2.657800E-6	NaN	2.657800E-5	5.286829E-1	1.864965E+1
5.100590E+2	3.370900E+2	3.439438E+1	5.061429E+0	2.695100E-6	NaN	2.695100E-5	5.288870E-1	1.864154E+1
5.130970E+2	3.373500E+2	3.436787E+1	5.062586E+0	2.733400E-6	NaN	2.733400E-5	5.286761E-1	1.861915E+1
5.160850E+2	3.376000E+2	3.434242E+1	5.069740E+0	2.771200E-6	NaN	2.771200E-5	5.285674E-1	1.860033E+1
5.190920E+2	3.378500E+2	3.431700E+1	5.076300E+0	2.809600E-6	NaN	2.809600E-5	5.285216E-1	1.858378E+1
5.222430E+2	3.381200E+2	3.428960E+1	5.068418E+0	2.850800E-6	NaN	2.850800E-5	5.285627E-1	1.857029E+1
5.251870E+2	3.383700E+2	3.426427E+1	5.068456E+0	2.889600E-6	NaN	2.889600E-5	5.285253E-1	1.855418E+1
5.281420E+2	3.386300E+2	3.423796E+1	5.076257E+0	2.928700E-6	NaN	2.928700E-5	5.285239E-1	1.853938E+1
5.312380E+2	3.388800E+2	3.421270E+1	5.089840E+0	2.971000E-6	NaN	2.971000E-5	5.284574E-1	1.852237E+1
5.341530E+2	3.391400E+2	3.418647E+1	5.097954E+0	3.011100E-6	NaN	3.011100E-5	5.284527E-1	1.850762E+1
5.371780E+2	3.394200E+2	3.415827E+1	5.119068E+0	3.053000E-6	NaN	3.053000E-5	5.284896E-1	1.849431E+1
5.401480E+2	3.396800E+2	3.413212E+1	5.141755E+0	3.094700E-6	NaN	3.094700E-5	5.284575E-1	1.847858E+1
5.432940E+2	3.399400E+2	3.410602E+1	5.154761E+0	3.139600E-6	NaN	3.139600E-5	5.283984E-1	1.846194E+1
5.463800E+2	3.402000E+2	3.407995E+1	5.154517E+0	3.184500E-6	NaN	3.184500E-5	5.284025E-1	1.844756E+1
5.494320E+2	3.404500E+2	3.405493E+1	5.163853E+0	3.229000E-6	NaN	3.229000E-5	5.283913E-1	1.843269E+1
5.525010E+2	3.407100E+2	3.402894E+1	5.164298E+0	3.273300E-6	NaN	3.273300E-5	5.284355E-1	1.841988E+1
5.554820E+2	3.409600E+2	3.400399E+1	5.158905E+0	3.318300E-6	NaN	3.318300E-5	5.284504E-1	1.840609E+1
5.583570E+2	3.412300E+2	3.397708E+1	5.143997E+0	3.361500E-6	NaN	3.361500E-5	5.285443E-1	1.839508E+1
5.613580E+2	3.415100E+2	3.394923E+1	5.148245E+0	3.407900E-6	NaN	3.407900E-5	5.285628E-1	1.838138E+1
5.644770E+2	3.416900E+2	3.393134E+1	5.165623E+0	3.457400E-6	NaN	3.457400E-5	5.285164E-1	1.836534E+1
5.673210E+2	3.420500E+2	3.389563E+1	5.117170E+0	3.503700E-6	NaN	3.503700E-5	5.288199E-1	1.836179E+1
5.704820E+2	3.423100E+2	3.386988E+1	5.150527E+0	3.556300E-6	NaN	3.556300E-5	5.287785E-1	1.834581E+1
5.734060E+2	3.424900E+2	3.385208E+1	5.174443E+0	3.605500E-6	NaN	3.605500E-5	5.287547E-1	1.833053E+1
5.763190E+2	3.427600E+2	3.382542E+1	5.155540E+0	3.654700E-6	NaN	3.654700E-5	5.290548E-1	1.832676E+1
5.794370E+2	3.430200E+2	3.379978E+1	5.162088E+0	3.708200E-6	NaN	3.708200E-5	5.293546E-1	1.832288E+1
5.824660E+2	3.433900E+2	3.376336E+1	5.156873E+0	3.759800E-6	NaN	3.759800E-5	5.297417E-1	1.832195E+1
5.855340E+2	3.436500E+2	3.373781E+1	5.235293E+0	3.812800E-6	NaN	3.812800E-5	5.297719E-1	1.830818E+1
5.886720E+2	3.438200E+2	3.372113E+1	5.287021E+0	3.867600E-6	NaN	3.867600E-5	5.298730E-1	1.829682E+1
5.915460E+2	3.440800E+2	3.369565E+1	5.244077E+0	3.917600E-6	NaN	3.917600E-5	5.303356E-1	1.829831E+1
5.945920E+2	3.443300E+2	3.367119E+1	5.206364E+0	3.971300E-6	NaN	3.971300E-5	5.304301E-1	1.828748E+1
5.976120E+2	3.446700E+2	3.363797E+1	5.177541E+0	4.025500E-6	NaN	4.025500E-5	5.305623E-1	1.827803E+1
6.007530E+2	3.449200E+2	3.361359E+1	5.232066E+0	4.080200E-6	NaN	4.080200E-5	5.304439E-1	1.825956E+1
6.037720E+2	3.451700E+2	3.358925E+1	5.186171E+0	4.134400E-6	NaN	4.134400E-5	5.304101E-1	1.824406E+1
6.068740E+2	3.454300E+2	3.356396E+1	5.221243E+0	4.190100E-6	NaN	4.190100E-5	5.303698E-1	1.822840E+1
6.098690E+2	3.456800E+2	3.353969E+1	5.241979E+0	4.243500E-6	NaN	4.243500E-5	5.303287E-1	1.821276E+1
6.130000E+2	3.459300E+2	3.351545E+1	5.194841E+0	4.301000E-6	NaN	4.301000E-5	5.305836E-1	1.820688E+1
6.161390E+2	3.461700E+2	3.349221E+1	5.142880E+0	4.358600E-6	NaN	4.358600E-5	5.304919E-1	1.818963E+1
6.193790E+2	3.464200E+2	3.346804E+1	5.059101E+0	4.419300E-6	NaN	4.419300E-5	5.308153E-1	1.818623E+1
6.225270E+2	3.466700E+2	3.344391E+1	5.052312E+0	4.479600E-6	NaN	4.479600E-5	5.311480E-1	1.818316E+1
6.257610E+2	3.469300E+2	3.341885E+1	5.046233E+0	4.540600E-6	NaN	4.540600E-5	5.315133E-1	1.818124E+1
6.288530E+2	3.472600E+2	3.338709E+1	4.962130E+0	4.601000E-6	NaN	4.601000E-5	5.319117E-1	1.818042E+1
6.321230E+2	3.475300E+2	3.336115E+1	4.948221E+0	4.665500E-6	NaN	4.665500E-5	5.317449E-1	1.816040E+1
6.354610E+2	3.477900E+2	3.333621E+1	4.920075E+0	4.732600E-6	NaN	4.732600E-5	5.316521E-1	1.814292E+1
6.386190E+2	3.480400E+2	3.331226E+1	4.945001E+0	4.798000E-6	NaN	4.798000E-5	5.316509E-1	1.812864E+1
6.418660E+2	3.483800E+2	3.327975E+1	4.954223E+0	4.864400E-6	NaN	4.864400E-5	5.317853E-1	1.811907E+1
6.452320E+2	3.486400E+2	3.325493E+1	5.017104E+0	4.935400E-6	NaN	4.935400E-5	5.316584E-1	1.810037E+1
6.484570E+2	3.488900E+2	3.323110E+1	5.060737E+0	5.004500E-6	NaN	5.004500E-5	5.315361E-1	1.808205E+1
6.516940E+2	3.491500E+2	3.320636E+1	5.089066E+0	5.074700E-6	NaN	5.074700E-5	5.315157E-1	1.806734E+1
6.549870E+2	3.495100E+2	3.317216E+1	5.101874E+0	5.145900E-6	NaN	5.145900E-5	5.315676E-1	1.805518E+1
6.581760E+2	3.497700E+2	3.314750E+1	5.158373E+0	5.216500E-6	NaN	5.216500E-5	5.313552E-1	1.803373E+1
6.613680E+2	3.500200E+2	3.312382E+1	5.180441E+0	5.288300E-6	NaN	5.288300E-5	5.311741E-1	1.801345E+1
6.647700E+2	3.502700E+2	3.310018E+1	5.166082E+0	5.365400E-6	NaN	5.365400E-5	5.310755E-1	1.799612E+1
6.680480E+2	3.506100E+2	3.306808E+1	5.105196E+0	5.439200E-6	NaN	5.439200E-5	5.311165E-1	1.798366E+1
6.714920E+2	3.508600E+2	3.304452E+1	5.141032E+0	5.519300E-6	NaN	5.519300E-5	5.310105E-1	1.796592E+1
6.747810E+2	3.511200E+2	3.302005E+1	5.137226E+0	5.597900E-6	NaN	5.597900E-5	5.310103E-1	1.795196E+1
6.780860E+2	3.514800E+2	3.298623E+1	5.102023E+0	5.677700E-6	NaN	5.677700E-5	5.310525E-1	1.793952E+1
6.814280E+2	3.517600E+2	3.295997E+1	5.109249E+0	5.760300E-6	NaN	5.760300E-5	5.308500E-1	1.791846E+1
6.847660E+2	3.520300E+2	3.293469E+1	5.155524E+0	5.844400E-6	NaN	5.844400E-5	5.306783E-1	1.789847E+1
6.880570E+2	3.523800E+2	3.290198E+1	5.167979E+0	5.929500E-6	NaN	5.929500E-5	5.305620E-1	1.788042E+1
6.915050E+2	3.526400E+2	3.287772E+1	5.205978E+0	6.019600E-6	NaN	6.019600E-5	5.303051E-1	1.785735E+1
6.946980E+2	3.529000E+2	3.285350E+1	5.192707E+0	6.102900E-6	NaN	6.102900E-5	5.302408E-1	1.784088E+1
6.978150E+2	3.531600E+2	3.282931E+1	5.223446E+0	6.184700E-6	NaN	6.184700E-5	5.302264E-1	1.782620E+1
7.010540E+2	3.534100E+2	3.280609E+1	5.240745E+0	6.269200E-6	NaN	6.269200E-5	5.301653E-1	1.781015E+1
7.042820E+2	3.536800E+2	3.278105E+1	5.221064E+0	6.353900E-6	NaN	6.353900E-5	5.301859E-1	1.779700E+1
7.074800E+2	3.539300E+2	3.275789E+1	5.163252E+0	6.439400E-6	NaN	6.439400E-5	5.302266E-1	1.778455E+1
7.102640E+2	3.541800E+2	3.273477E+1	5.134381E+0	6.512900E-6	NaN	6.512900E-5	5.303503E-1	1.777498E+1
7.134640E+2	3.544300E+2	3.271168E+1	5.082615E+0	6.598500E-6	NaN	6.598500E-5	5.304123E-1	1.776347E+1
7.166190E+2	3.547600E+2	3.268125E+1	4.993578E+0	6.681700E-6	NaN	6.681700E-5	5.305270E-1	1.775379E+1
7.197980E+2	3.550000E+2	3.265915E+1	5.012104E+0	6.767600E-6	NaN	6.767600E-5	5.303768E-1	1.773505E+1
7.229080E+2	3.552400E+2	3.263709E+1	5.005351E+0	6.851700E-6	NaN	6.851700E-5	5.303565E-1	1.772077E+1
7.258830E+2	3.554900E+2	3.261414E+1	4.971581E+0	6.934200E-6	NaN	6.934200E-5	5.303455E-1	1.770695E+1
7.288750E+2	3.557500E+2	3.259030E+1	5.001841E+0	7.015800E-6	NaN	7.015800E-5	5.302466E-1	1.769037E+1
7.318420E+2	3.559200E+2	3.257474E+1	5.021635E+0	7.099700E-6	NaN	7.099700E-5	5.300663E-1	1.767114E+1
7.347880E+2	3.561600E+2	3.255279E+1	4.979954E+0	7.183600E-6	NaN	7.183600E-5	5.301445E-1	1.766090E+1
7.378480E+2	3.564100E+2	3.252995E+1	4.943993E+0	7.271500E-6	NaN	7.271500E-5	5.302454E-1	1.765149E+1
7.407570E+2	3.567500E+2	3.249895E+1	4.896705E+0	7.357700E-6	NaN	7.357700E-5	5.303815E-1	1.764326E+1
7.441090E+2	3.569900E+2	3.247710E+1	4.932186E+0	7.457300E-6	NaN	7.457300E-5	5.302140E-1	1.762462E+1
7.470440E+2	3.572500E+2	3.245346E+1	4.920309E+0	7.546200E-6	NaN	7.546200E-5	5.301921E-1	1.761091E+1
7.500910E+2	3.575000E+2	3.243077E+1	4.934507E+0	7.638700E-6	NaN	7.638700E-5	5.300396E-1	1.759293E+1
7.531200E+2	3.577800E+2	3.240539E+1	4.930191E+0	7.731700E-6	NaN	7.731700E-5	5.298240E-1	1.757301E+1
7.561990E+2	3.580300E+2	3.238276E+1	5.005599E+0	7.828500E-6	NaN	7.828500E-5	5.298470E-1	1.756057E+1
7.591860E+2	3.582800E+2	3.236017E+1	5.056167E+0	7.922500E-6	NaN	7.922500E-5	5.295324E-1	1.753744E+1
7.622940E+2	3.585300E+2	3.233760E+1	5.090344E+0	8.022700E-6	NaN	8.022700E-5	5.292925E-1	1.751682E+1
7.651910E+2	3.587900E+2	3.231417E+1	5.116972E+0	8.117300E-6	NaN	8.117300E-5	5.293750E-1	1.750659E+1
7.682460E+2	3.589500E+2	3.229976E+1	5.166609E+0	8.217900E-6	NaN	8.217900E-5	5.293817E-1	1.749386E+1
7.711530E+2	3.592000E+2	3.227728E+1	5.074301E+0	8.311100E-6	NaN	8.311100E-5	5.297489E-1	1.749336E+1
7.742020E+2	3.594600E+2	3.225394E+1	4.983268E+0	8.412500E-6	NaN	8.412500E-5	5.297074E-1	1.747981E+1
7.771340E+2	3.597300E+2	3.222973E+1	4.889864E+0	8.510800E-6	NaN	8.510800E-5	5.296689E-1	1.746634E+1
7.801130E+2	3.599800E+2	3.220734E+1	4.900727E+0	8.612000E-6	NaN	8.612000E-5	5.299139E-1	1.746174E+1
7.831730E+2	3.603200E+2	3.217695E+1	4.884885E+0	8.716300E-6	NaN	8.716300E-5	5.301171E-1	1.745575E+1
7.863830E+2	3.605700E+2	3.215464E+1	4.949752E+0	8.828500E-6	NaN	8.828500E-5	5.301128E-1	1.744251E+1
7.895250E+2	3.608300E+2	3.213147E+1	4.990106E+0	8.939000E-6	NaN	8.939000E-5	5.299016E-1	1.742284E+1
7.927930E+2	3.610900E+2	3.210834E+1	5.047554E+0	9.056800E-6	NaN	9.056800E-5	5.297404E-1	1.740477E+1
7.958820E+2	3.613500E+2	3.208524E+1	5.086244E+0	9.169500E-6	NaN	9.169500E-5	5.296539E-1	1.738910E+1
7.991670E+2	3.616100E+2	3.206217E+1	5.125622E+0	9.293700E-6	NaN	9.293700E-5	5.295749E-1	1.737366E+1
8.024190E+2	3.619900E+2	3.202851E+1	5.143225E+0	9.418100E-6	NaN	9.418100E-5	5.295609E-1	1.736032E+1
8.056530E+2	3.622500E+2	3.200552E+1	5.257682E+0	9.544500E-6	NaN	9.544500E-5	5.292917E-1	1.733808E+1
8.088120E+2	3.625100E+2	3.198257E+1	5.268053E+0	9.666500E-6	NaN	9.666500E-5	5.291760E-1	1.732080E+1
8.118650E+2	3.627600E+2	3.196052E+1	5.258854E+0	9.786700E-6	NaN	9.786700E-5	5.291775E-1	1.730729E+1
8.149760E+2	3.630200E+2	3.193763E+1	5.229852E+0	9.905900E-6	NaN	9.905900E-5	5.292899E-1	1.729736E+1
8.180930E+2	3.632700E+2	3.191566E+1	5.202934E+0	1.002950E-5	NaN	1.002950E-4	5.294304E-1	1.728828E+1
8.212170E+2	3.635200E+2	3.189371E+1	5.153108E+0	1.015180E-5	NaN	1.015180E-4	5.293698E-1	1.727294E+1
8.244630E+2	3.638500E+2	3.186478E+1	5.152413E+0	1.028080E-5	NaN	1.028080E-4	5.293551E-1	1.725913E+1
8.277180E+2	3.641100E+2	3.184203E+1	5.175506E+0	1.040820E-5	NaN	1.040820E-4	5.292369E-1	1.724164E+1
8.309040E+2	3.643500E+2	3.182105E+1	5.174656E+0	1.053310E-5	NaN	1.053310E-4	5.292208E-1	1.722739E+1
8.341670E+2	3.645900E+2	3.180010E+1	5.131307E+0	1.066350E-5	NaN	1.066350E-4	5.290147E-1	1.720736E+1
8.373220E+2	3.648400E+2	3.177831E+1	5.055353E+0	1.079100E-5	NaN	1.079100E-4	5.289878E-1	1.719319E+1
8.404570E+2	3.650800E+2	3.175742E+1	4.951843E+0	1.091630E-5	NaN	1.091630E-4	5.290791E-1	1.718282E+1
8.436770E+2	3.654100E+2	3.172874E+1	4.920441E+0	1.105140E-5	NaN	1.105140E-4	5.292677E-1	1.717560E+1
8.469430E+2	3.656500E+2	3.170792E+1	4.936610E+0	1.118490E-5	NaN	1.118490E-4	5.289536E-1	1.715222E+1
8.501620E+2	3.659200E+2	3.168452E+1	4.927798E+0	1.131990E-5	NaN	1.131990E-4	5.287468E-1	1.713238E+1
8.532920E+2	3.661700E+2	3.166289E+1	4.921396E+0	1.145330E-5	NaN	1.145330E-4	5.285944E-1	1.711422E+1
8.563170E+2	3.664200E+2	3.164129E+1	4.911782E+0	1.158220E-5	NaN	1.158220E-4	5.286074E-1	1.710137E+1
8.592510E+2	3.666700E+2	3.161971E+1	4.897635E+0	1.171140E-5	NaN	1.171140E-4	5.283621E-1	1.708052E+1
8.624140E+2	3.669200E+2	3.159817E+1	4.882370E+0	1.185240E-5	NaN	1.185240E-4	5.282509E-1	1.706396E+1
8.655520E+2	3.671700E+2	3.157665E+1	4.911627E+0	1.199350E-5	NaN	1.199350E-4	5.282715E-1	1.705166E+1
8.685200E+2	3.674200E+2	3.155517E+1	4.935543E+0	1.212740E-5	NaN	1.212740E-4	5.280512E-1	1.703204E+1
8.714740E+2	3.676700E+2	3.153371E+1	4.951754E+0	1.226120E-5	NaN	1.226120E-4	5.278480E-1	1.701307E+1
8.744190E+2	3.679400E+2	3.151057E+1	4.951447E+0	1.239710E-5	NaN	1.239710E-4	5.276977E-1	1.699587E+1
8.774610E+2	3.681900E+2	3.148918E+1	4.961515E+0	1.254170E-5	NaN	1.254170E-4	5.272560E-1	1.696961E+1
8.803950E+2	3.684300E+2	3.146866E+1	4.948722E+0	1.267960E-5	NaN	1.267960E-4	5.269939E-1	1.694919E+1
8.834250E+2	3.686800E+2	3.144733E+1	4.985206E+0	1.282250E-5	NaN	1.282250E-4	5.268064E-1	1.693126E+1
8.868830E+2	3.689400E+2	3.142516E+1	4.996476E+0	1.298960E-5	NaN	1.298960E-4	5.266539E-1	1.691450E+1
8.900080E+2	3.691800E+2	3.140473E+1	4.988991E+0	1.314070E-5	NaN	1.314070E-4	5.266851E-1	1.690364E+1
8.930930E+2	3.694400E+2	3.138263E+1	4.961698E+0	1.329370E-5	NaN	1.329370E-4	5.267862E-1	1.689514E+1
8.960310E+2	3.697000E+2	3.136056E+1	4.942076E+0	1.344210E-5	NaN	1.344210E-4	5.269655E-1	1.688911E+1
8.991130E+2	3.699800E+2	3.133683E+1	4.945026E+0	1.360400E-5	NaN	1.360400E-4	5.270467E-1	1.687992E+1
9.021120E+2	3.703300E+2	3.130721E+1	4.958297E+0	1.375830E-5	NaN	1.375830E-4	5.271560E-1	1.687153E+1
9.053520E+2	3.705100E+2	3.129200E+1	5.035939E+0	1.393270E-5	NaN	1.393270E-4	5.267037E-1	1.684514E+1
9.083620E+2	3.708600E+2	3.126247E+1	5.032833E+0	1.409440E-5	NaN	1.409440E-4	5.266612E-1	1.683216E+1
9.115380E+2	3.711300E+2	3.123973E+1	5.104084E+0	1.427170E-5	NaN	1.427170E-4	5.263839E-1	1.681133E+1
9.147040E+2	3.713900E+2	3.121786E+1	5.185205E+0	1.444660E-5	NaN	1.444660E-4	5.261408E-1	1.679160E+1
9.180190E+2	3.716400E+2	3.119686E+1	5.247147E+0	1.463030E-5	NaN	1.463030E-4	5.258862E-1	1.677159E+1
9.211780E+2	3.719000E+2	3.117505E+1	5.272503E+0	1.480360E-5	NaN	1.480360E-4	5.260178E-1	1.676366E+1
9.241840E+2	3.721600E+2	3.115327E+1	5.283539E+0	1.497020E-5	NaN	1.497020E-4	5.261910E-1	1.675700E+1
9.273020E+2	3.724100E+2	3.113235E+1	5.265840E+0	1.514020E-5	NaN	1.514020E-4	5.263619E-1	1.675024E+1
9.302490E+2	3.726500E+2	3.111230E+1	5.208567E+0	1.530440E-5	NaN	1.530440E-4	5.262192E-1	1.673389E+1
9.333310E+2	3.728900E+2	3.109228E+1	5.134772E+0	1.547100E-5	NaN	1.547100E-4	5.262324E-1	1.672249E+1
9.364800E+2	3.731400E+2	3.107145E+1	5.046579E+0	1.564370E-5	NaN	1.564370E-4	5.262200E-1	1.671037E+1
9.395960E+2	3.733800E+2	3.105148E+1	4.957920E+0	1.581450E-5	NaN	1.581450E-4	5.262313E-1	1.669902E+1
9.425320E+2	3.736100E+2	3.103236E+1	4.935565E+0	1.597670E-5	NaN	1.597670E-4	5.261693E-1	1.668550E+1
9.453960E+2	3.738500E+2	3.101244E+1	4.832796E+0	1.613600E-5	NaN	1.613600E-4	5.261494E-1	1.667338E+1
9.484030E+2	3.741200E+2	3.099006E+1	4.816655E+0	1.630420E-5	NaN	1.630420E-4	5.260861E-1	1.665991E+1
9.515100E+2	3.743600E+2	3.097019E+1	4.832768E+0	1.648290E-5	NaN	1.648290E-4	5.259704E-1	1.664468E+1
9.545660E+2	3.746000E+2	3.095035E+1	4.843277E+0	1.665630E-5	NaN	1.665630E-4	5.258391E-1	1.662904E+1
9.575320E+2	3.748500E+2	3.092971E+1	4.832983E+0	1.683490E-5	NaN	1.683490E-4	5.260709E-1	1.662453E+1
9.605240E+2	3.751000E+2	3.090909E+1	4.833882E+0	1.700800E-5	NaN	1.700800E-4	5.262575E-1	1.661853E+1
9.635320E+2	3.753500E+2	3.088850E+1	4.854827E+0	1.719320E-5	NaN	1.719320E-4	5.263978E-1	1.661104E+1
9.665430E+2	3.755900E+2	3.086877E+1	4.878883E+0	1.737460E-5	NaN	1.737460E-4	5.264603E-1	1.660113E+1
9.695390E+2	3.758500E+2	3.084741E+1	4.900643E+0	1.755850E-5	NaN	1.755850E-4	5.265417E-1	1.659179E+1
9.725640E+2	3.761200E+2	3.082527E+1	4.926962E+0	1.775380E-5	NaN	1.775380E-4	5.262665E-1	1.657148E+1
9.755020E+2	3.763700E+2	3.080479E+1	4.963901E+0	1.793710E-5	NaN	1.793710E-4	5.260267E-1	1.655220E+1
9.784600E+2	3.766300E+2	3.078353E+1	4.990588E+0	1.812750E-5	NaN	1.812750E-4	5.257701E-1	1.653238E+1
9.813880E+2	3.768700E+2	3.076392E+1	5.014595E+0	1.831990E-5	NaN	1.831990E-4	5.255424E-1	1.651343E+1
9.843190E+2	3.771300E+2	3.074271E+1	5.033294E+0	1.851360E-5	NaN	1.851360E-4	5.253556E-1	1.649580E+1
9.873550E+2	3.773800E+2	3.072235E+1	5.079348E+0	1.870540E-5	NaN	1.870540E-4	5.252334E-1	1.648014E+1
9.903320E+2	3.776300E+2	3.070201E+1	5.103410E+0	1.890570E-5	NaN	1.890570E-4	5.247424E-1	1.645338E+1
9.932990E+2	3.778800E+2	3.068170E+1	5.110776E+0	1.910310E-5	NaN	1.910310E-4	5.243456E-1	1.642960E+1
9.963260E+2	3.781400E+2	3.066060E+1	5.115970E+0	1.930770E-5	NaN	1.930770E-4	5.239797E-1	1.640682E+1
9.995140E+2	3.783900E+2	3.064034E+1	5.120717E+0	1.952400E-5	NaN	1.952400E-4	5.236471E-1	1.638504E+1
1.002621E+3	3.786400E+2	3.062011E+1	5.104148E+0	1.973000E-5	NaN	1.973000E-4	5.233647E-1	1.636488E+1
1.005603E+3	3.788700E+2	3.060153E+1	5.064831E+0	1.993950E-5	NaN	1.993950E-4	5.231466E-1	1.634671E+1
1.008523E+3	3.791200E+2	3.058135E+1	5.015099E+0	2.013860E-5	NaN	2.013860E-4	5.230443E-1	1.633221E+1
1.011622E+3	3.793800E+2	3.056039E+1	4.985278E+0	2.036280E-5	NaN	2.036280E-4	5.226962E-1	1.631031E+1
1.014807E+3	3.796400E+2	3.053946E+1	4.961187E+0	2.059170E-5	NaN	2.059170E-4	5.223848E-1	1.628957E+1
1.017855E+3	3.799000E+2	3.051856E+1	4.945275E+0	2.081970E-5	NaN	2.081970E-4	5.221637E-1	1.627159E+1
1.020837E+3	3.801800E+2	3.049608E+1	4.933083E+0	2.104400E-5	NaN	2.104400E-4	5.220561E-1	1.625706E+1
1.023794E+3	3.804500E+2	3.047444E+1	4.959728E+0	2.126800E-5	NaN	2.126800E-4	5.219118E-1	1.624128E+1
1.027016E+3	3.807100E+2	3.045363E+1	5.000280E+0	2.151400E-5	NaN	2.151400E-4	5.217684E-1	1.622543E+1
1.029938E+3	3.809700E+2	3.043284E+1	5.031754E+0	2.173900E-5	NaN	2.173900E-4	5.214630E-1	1.620482E+1
1.032809E+3	3.812300E+2	3.041209E+1	5.075023E+0	2.196100E-5	NaN	2.196100E-4	5.212128E-1	1.618587E+1
1.035763E+3	3.814800E+2	3.039216E+1	5.136423E+0	2.219100E-5	NaN	2.219100E-4	5.208953E-1	1.616489E+1
1.038799E+3	3.817300E+2	3.037225E+1	5.180008E+0	2.242700E-5	NaN	2.242700E-4	5.206161E-1	1.614511E+1
1.042002E+3	3.819900E+2	3.035158E+1	5.203675E+0	2.267300E-5	NaN	2.267300E-4	5.203481E-1	1.612572E+1
1.045106E+3	3.822300E+2	3.033252E+1	5.194537E+0	2.291500E-5	NaN	2.291500E-4	5.200783E-1	1.610628E+1
1.048099E+3	3.824800E+2	3.031270E+1	5.165112E+0	2.313800E-5	NaN	2.313800E-4	5.199214E-1	1.609037E+1
1.051193E+3	3.827200E+2	3.029369E+1	5.129139E+0	2.337800E-5	NaN	2.337800E-4	5.197657E-1	1.607450E+1
1.054271E+3	3.829600E+2	3.027470E+1	5.066001E+0	2.361500E-5	NaN	2.361500E-4	5.196373E-1	1.605952E+1
1.057328E+3	3.832000E+2	3.025574E+1	4.989577E+0	2.384700E-5	NaN	2.384700E-4	5.195083E-1	1.604455E+1
1.060212E+3	3.834400E+2	3.023680E+1	4.927161E+0	2.407400E-5	NaN	2.407400E-4	5.192864E-1	1.602683E+1
1.063117E+3	3.836900E+2	3.021710E+1	4.888489E+0	2.430200E-5	NaN	2.430200E-4	5.190686E-1	1.600924E+1
1.066139E+3	3.839300E+2	3.019821E+1	4.854835E+0	2.454700E-5	NaN	2.454700E-4	5.188056E-1	1.599022E+1
1.069088E+3	3.841900E+2	3.017778E+1	4.830493E+0	2.478000E-5	NaN	2.478000E-4	5.185666E-1	1.597197E+1
1.072034E+3	3.844300E+2	3.015894E+1	4.842470E+0	2.501800E-5	NaN	2.501800E-4	5.183544E-1	1.595450E+1
1.075169E+3	3.846800E+2	3.013934E+1	4.862419E+0	2.527700E-5	NaN	2.527700E-4	5.182090E-1	1.593904E+1
1.078231E+3	3.849300E+2	3.011976E+1	4.881892E+0	2.553400E-5	NaN	2.553400E-4	5.180886E-1	1.592438E+1
1.081222E+3	3.851800E+2	3.010021E+1	4.902855E+0	2.579200E-5	NaN	2.579200E-4	5.179411E-1	1.590890E+1
1.084445E+3	3.854300E+2	3.008069E+1	4.918500E+0	2.606400E-5	NaN	2.606400E-4	5.177624E-1	1.589255E+1
1.087474E+3	3.856800E+2	3.006119E+1	4.928809E+0	2.632700E-5	NaN	2.632700E-4	5.172735E-1	1.586707E+1
1.090444E+3	3.859300E+2	3.004172E+1	4.932045E+0	2.658800E-5	NaN	2.658800E-4	5.171650E-1	1.585297E+1
1.093390E+3	3.862000E+2	3.002071E+1	4.931179E+0	2.684600E-5	NaN	2.684600E-4	5.167256E-1	1.582911E+1
1.096327E+3	3.864500E+2	3.000129E+1	4.941927E+0	2.711100E-5	NaN	2.711100E-4	5.162428E-1	1.580393E+1
1.099279E+3	3.866900E+2	2.998267E+1	4.956700E+0	2.738300E-5	NaN	2.738300E-4	5.158106E-1	1.578035E+1
1.102333E+3	3.869400E+2	2.996330E+1	4.973858E+0	2.765900E-5	NaN	2.765900E-4	5.155539E-1	1.576218E+1
1.105313E+3	3.871900E+2	2.994396E+1	4.978956E+0	2.793600E-5	NaN	2.793600E-4	5.153422E-1	1.574544E+1
1.108260E+3	3.874400E+2	2.992463E+1	4.999115E+0	2.820100E-5	NaN	2.820100E-4	5.151252E-1	1.572860E+1
1.111358E+3	3.876900E+2	2.990534E+1	5.020576E+0	2.848600E-5	NaN	2.848600E-4	5.149080E-1	1.571177E+1
1.114242E+3	3.879500E+2	2.988529E+1	5.026766E+0	2.876400E-5	NaN	2.876400E-4	5.147381E-1	1.569638E+1
1.117324E+3	3.882100E+2	2.986528E+1	5.044243E+0	2.904700E-5	NaN	2.904700E-4	5.145631E-1	1.568078E+1
1.120412E+3	3.884700E+2	2.984529E+1	5.062335E+0	2.933500E-5	NaN	2.933500E-4	5.143815E-1	1.566497E+1
1.123393E+3	3.887200E+2	2.982610E+1	5.062102E+0	2.962500E-5	NaN	2.962500E-4	5.142199E-1	1.564973E+1
1.126471E+3	3.889700E+2	2.980693E+1	5.054924E+0	2.993000E-5	NaN	2.993000E-4	5.140937E-1	1.563553E+1
1.129414E+3	3.892300E+2	2.978702E+1	5.038510E+0	3.021900E-5	NaN	3.021900E-4	5.139781E-1	1.562165E+1
1.132393E+3	3.895000E+2	2.976637E+1	5.050371E+0	3.053200E-5	NaN	3.053200E-4	5.137195E-1	1.560348E+1
1.135526E+3	3.897600E+2	2.974651E+1	5.079732E+0	3.085500E-5	NaN	3.085500E-4	5.134972E-1	1.558635E+1
1.138490E+3	3.899400E+2	2.973278E+1	5.096637E+0	3.115900E-5	NaN	3.115900E-4	5.133289E-1	1.557084E+1
1.141425E+3	3.903100E+2	2.970459E+1	5.051388E+0	3.146800E-5	NaN	3.146800E-4	5.133933E-1	1.556262E+1
1.144592E+3	3.905600E+2	2.968558E+1	5.105191E+0	3.180100E-5	NaN	3.180100E-4	5.130485E-1	1.554163E+1
1.147730E+3	3.908200E+2	2.966583E+1	5.137204E+0	3.213600E-5	NaN	3.213600E-4	5.127967E-1	1.552350E+1
1.150798E+3	3.910700E+2	2.964687E+1	5.147469E+0	3.245700E-5	NaN	3.245700E-4	5.126105E-1	1.550735E+1
1.153782E+3	3.913200E+2	2.962793E+1	5.157548E+0	3.276200E-5	NaN	3.276200E-4	5.124102E-1	1.549083E+1
1.156822E+3	3.915600E+2	2.960977E+1	5.161277E+0	3.308800E-5	NaN	3.308800E-4	5.121582E-1	1.547284E+1
1.159833E+3	3.918000E+2	2.959163E+1	5.147192E+0	3.339400E-5	NaN	3.339400E-4	5.119378E-1	1.545589E+1
1.162842E+3	3.920400E+2	2.957351E+1	5.118854E+0	3.370100E-5	NaN	3.370100E-4	5.116806E-1	1.543792E+1
1.165914E+3	3.922900E+2	2.955467E+1	5.070791E+0	3.401800E-5	NaN	3.401800E-4	5.114555E-1	1.542093E+1
1.169000E+3	3.925300E+2	2.953660E+1	5.025989E+0	3.433700E-5	NaN	3.433700E-4	5.111762E-1	1.540236E+1
1.172054E+3	3.927800E+2	2.951780E+1	4.985020E+0	3.465800E-5	NaN	3.465800E-4	5.108918E-1	1.538370E+1
1.175075E+3	3.930100E+2	2.950052E+1	4.942659E+0	3.496800E-5	NaN	3.496800E-4	5.105997E-1	1.536483E+1
1.178050E+3	3.932600E+2	2.948177E+1	4.827054E+0	3.529000E-5	NaN	3.529000E-4	5.103108E-1	1.534613E+1
1.181181E+3	3.935000E+2	2.946379E+1	4.821763E+0	3.562300E-5	NaN	3.562300E-4	5.099726E-1	1.532600E+1
1.184211E+3	3.937400E+2	2.944583E+1	4.802632E+0	3.595800E-5	NaN	3.595800E-4	5.097166E-1	1.530837E+1
1.187286E+3	3.939900E+2	2.942714E+1	4.788013E+0	3.629100E-5	NaN	3.629100E-4	5.094878E-1	1.529161E+1
1.190291E+3	3.942400E+2	2.940848E+1	4.780374E+0	3.663000E-5	NaN	3.663000E-4	5.093233E-1	1.527670E+1
1.193401E+3	3.945200E+2	2.938761E+1	4.789919E+0	3.698300E-5	NaN	3.698300E-4	5.091083E-1	1.526029E+1
1.196593E+3	3.947700E+2	2.936900E+1	4.820366E+0	3.735100E-5	NaN	3.735100E-4	5.088385E-1	1.524218E+1
1.199594E+3	3.950300E+2	2.934967E+1	4.841278E+0	3.770400E-5	NaN	3.770400E-4	5.086503E-1	1.522656E+1
1.202632E+3	3.952800E+2	2.933111E+1	4.872524E+0	3.806900E-5	NaN	3.806900E-4	5.084591E-1	1.521085E+1
1.205910E+3	3.955400E+2	2.931183E+1	4.905859E+0	3.845900E-5	NaN	3.845900E-4	5.082219E-1	1.519388E+1
1.208713E+3	3.957900E+2	2.929331E+1	4.923734E+0	3.880200E-5	NaN	3.880200E-4	5.079787E-1	1.517681E+1
1.211800E+3	3.960400E+2	2.927482E+1	4.958408E+0	3.916600E-5	NaN	3.916600E-4	5.077678E-1	1.516073E+1
1.214998E+3	3.962900E+2	2.925635E+1	4.974606E+0	3.954000E-5	NaN	3.954000E-4	5.075372E-1	1.514413E+1
1.218035E+3	3.965500E+2	2.923717E+1	4.984487E+0	3.991500E-5	NaN	3.991500E-4	5.072814E-1	1.512684E+1
1.221052E+3	3.968000E+2	2.921875E+1	4.987675E+0	4.027700E-5	NaN	4.027700E-4	5.070225E-1	1.510946E+1
1.224149E+3	3.971200E+2	2.919521E+1	4.981606E+0	4.065100E-5	NaN	4.065100E-4	5.067758E-1	1.509247E+1
1.227181E+3	3.973700E+2	2.917684E+1	5.017824E+0	4.102500E-5	NaN	4.102500E-4	5.063358E-1	1.506958E+1
1.230273E+3	3.976100E+2	2.915923E+1	5.043789E+0	4.140000E-5	NaN	4.140000E-4	5.059738E-1	1.504901E+1
1.233357E+3	3.978600E+2	2.914090E+1	5.067541E+0	4.177100E-5	NaN	4.177100E-4	5.056039E-1	1.502830E+1
1.236362E+3	3.981200E+2	2.912187E+1	5.069191E+0	4.215600E-5	NaN	4.215600E-4	5.052711E-1	1.500870E+1
1.239299E+3	3.983700E+2	2.910360E+1	5.083437E+0	4.253500E-5	NaN	4.253500E-4	5.049499E-1	1.498943E+1
1.242399E+3	3.986600E+2	2.908243E+1	5.095522E+0	4.294100E-5	NaN	4.294100E-4	5.046302E-1	1.497021E+1
1.245516E+3	3.989200E+2	2.906347E+1	5.114537E+0	4.336000E-5	NaN	4.336000E-4	5.042083E-1	1.494786E+1
1.248698E+3	3.991900E+2	2.904381E+1	5.138003E+0	4.379300E-5	NaN	4.379300E-4	5.037630E-1	1.492486E+1
1.251622E+3	3.994500E+2	2.902491E+1	5.149731E+0	4.420000E-5	NaN	4.420000E-4	5.033715E-1	1.490342E+1
1.254711E+3	3.997100E+2	2.900603E+1	5.148689E+0	4.464300E-5	NaN	4.464300E-4	5.028880E-1	1.487932E+1
1.257617E+3	3.999800E+2	2.898645E+1	5.140916E+0	4.504600E-5	NaN	4.504600E-4	5.024548E-1	1.485673E+1
1.260891E+3	4.002300E+2	2.896834E+1	5.138842E+0	4.549200E-5	NaN	4.549200E-4	5.019885E-1	1.483314E+1
1.263929E+3	4.004900E+2	2.894954E+1	5.156126E+0	4.591300E-5	NaN	4.591300E-4	5.016158E-1	1.481238E+1
1.267011E+3	4.007500E+2	2.893075E+1	5.169681E+0	4.633100E-5	NaN	4.633100E-4	5.012455E-1	1.479172E+1
1.269998E+3	4.009900E+2	2.891344E+1	5.161822E+0	4.672800E-5	NaN	4.672800E-4	5.009079E-1	1.477203E+1
1.273144E+3	4.012400E+2	2.889542E+1	5.130551E+0	4.714700E-5	NaN	4.714700E-4	5.005847E-1	1.475282E+1
1.276293E+3	4.015500E+2	2.887312E+1	5.088111E+0	4.757300E-5	NaN	4.757300E-4	5.002659E-1	1.473379E+1
1.279667E+3	4.017900E+2	2.885587E+1	5.078733E+0	4.802400E-5	NaN	4.802400E-4	4.996849E-1	1.470696E+1
1.282976E+3	4.020300E+2	2.883864E+1	5.052737E+0	4.845100E-5	NaN	4.845100E-4	4.991885E-1	1.468274E+1
1.285960E+3	4.022600E+2	2.882215E+1	4.996862E+0	4.884700E-5	NaN	4.884700E-4	4.987751E-1	1.466100E+1
1.288952E+3	4.025200E+2	2.880354E+1	4.934576E+0	4.924100E-5	NaN	4.924100E-4	4.983871E-1	1.464010E+1
1.292050E+3	4.027600E+2	2.878637E+1	4.899480E+0	4.967700E-5	NaN	4.967700E-4	4.979203E-1	1.461687E+1
1.295046E+3	4.030000E+2	2.876923E+1	4.858916E+0	5.008900E-5	NaN	5.008900E-4	4.974624E-1	1.459399E+1
1.298015E+3	4.032500E+2	2.875139E+1	4.842820E+0	5.048800E-5	NaN	5.048800E-4	4.970217E-1	1.457166E+1
1.301012E+3	4.035100E+2	2.873287E+1	4.821990E+0	5.091700E-5	NaN	5.091700E-4	4.964783E-1	1.454637E+1
1.303942E+3	4.036800E+2	2.872077E+1	4.823808E+0	5.134900E-5	NaN	5.134900E-4	4.958575E-1	1.451886E+1
1.306873E+3	4.040200E+2	2.869660E+1	4.783067E+0	5.178400E-5	NaN	5.178400E-4	4.954422E-1	1.449764E+1
1.309920E+3	4.042700E+2	2.867885E+1	4.823655E+0	5.222500E-5	NaN	5.222500E-4	4.947415E-1	1.446785E+1
1.313045E+3	4.045300E+2	2.866042E+1	4.857709E+0	5.269500E-5	NaN	5.269500E-4	4.940828E-1	1.443931E+1
1.316152E+3	4.047800E+2	2.864272E+1	4.942363E+0	5.317100E-5	NaN	5.317100E-4	4.933902E-1	1.440984E+1
1.319122E+3	4.050400E+2	2.862433E+1	4.994666E+0	5.361100E-5	NaN	5.361100E-4	4.927286E-1	1.438139E+1
1.322067E+3	4.052100E+2	2.861232E+1	5.030608E+0	5.406500E-5	NaN	5.406500E-4	4.920588E-1	1.435272E+1
1.325043E+3	4.054600E+2	2.859468E+1	4.992020E+0	5.453200E-5	NaN	5.453200E-4	4.918819E-1	1.433846E+1
1.327986E+3	4.057100E+2	2.857706E+1	4.972906E+0	5.497700E-5	NaN	5.497700E-4	4.913358E-1	1.431381E+1
1.330993E+3	4.060400E+2	2.855384E+1	4.950423E+0	5.543200E-5	NaN	5.543200E-4	4.908365E-1	1.429054E+1
1.334192E+3	4.062900E+2	2.853627E+1	4.986151E+0	5.592800E-5	NaN	5.592800E-4	4.901234E-1	1.426087E+1
1.337356E+3	4.065500E+2	2.851802E+1	5.005535E+0	5.640700E-5	NaN	5.640700E-4	4.894927E-1	1.423365E+1
1.340383E+3	4.068000E+2	2.850049E+1	5.027673E+0	5.689900E-5	NaN	5.689900E-4	4.888312E-1	1.420557E+1
1.343602E+3	4.070500E+2	2.848299E+1	4.979863E+0	5.738100E-5	NaN	5.738100E-4	4.882691E-1	1.418039E+1
1.346663E+3	4.072900E+2	2.846620E+1	4.992626E+0	5.786000E-5	NaN	5.786000E-4	4.877261E-1	1.415578E+1
1.349686E+3	4.075400E+2	2.844874E+1	4.994476E+0	5.832900E-5	NaN	5.832900E-4	4.872194E-1	1.413226E+1
1.352847E+3	4.078000E+2	2.843060E+1	5.000183E+0	5.884000E-5	NaN	5.884000E-4	4.866865E-1	1.410802E+1
1.355971E+3	4.080600E+2	2.841249E+1	5.001182E+0	5.936100E-5	NaN	5.936100E-4	4.861886E-1	1.408477E+1
1.359048E+3	4.083200E+2	2.839440E+1	5.017891E+0	5.987100E-5	NaN	5.987100E-4	4.857017E-1	1.406184E+1
1.362272E+3	4.086100E+2	2.837424E+1	4.978643E+0	6.043100E-5	NaN	6.043100E-4	4.852352E-1	1.403946E+1
1.365193E+3	4.088700E+2	2.835620E+1	4.953474E+0	6.096000E-5	NaN	6.096000E-4	4.847277E-1	1.401583E+1
1.368288E+3	4.091400E+2	2.833749E+1	4.937654E+0	6.150800E-5	NaN	6.150800E-4	4.842747E-1	1.399375E+1
1.371342E+3	4.094000E+2	2.831949E+1	4.992558E+0	6.203400E-5	NaN	6.203400E-4	4.838685E-1	1.397298E+1
1.374436E+3	4.096600E+2	2.830152E+1	5.038249E+0	6.257800E-5	NaN	6.257800E-4	4.834583E-1	1.395208E+1
1.377281E+3	4.099100E+2	2.828426E+1	5.080528E+0	6.305400E-5	NaN	6.305400E-4	4.830739E-1	1.393194E+1
1.380309E+3	4.101600E+2	2.826702E+1	5.128452E+0	6.356800E-5	NaN	6.356800E-4	4.825724E-1	1.390851E+1
1.383367E+3	4.104000E+2	2.825049E+1	5.153800E+0	6.408000E-5	NaN	6.408000E-4	4.821344E-1	1.388693E+1
1.386368E+3	4.106400E+2	2.823398E+1	5.147795E+0	6.458100E-5	NaN	6.458100E-4	4.817064E-1	1.386572E+1
1.389220E+3	4.108900E+2	2.821680E+1	5.125497E+0	6.505600E-5	NaN	6.505600E-4	4.813246E-1	1.384587E+1
1.392216E+3	4.111300E+2	2.820033E+1	5.103292E+0	6.554800E-5	NaN	6.554800E-4	4.809428E-1	1.382603E+1
1.395189E+3	4.113600E+2	2.818456E+1	5.064675E+0	6.603800E-5	NaN	6.603800E-4	4.805253E-1	1.380520E+1
1.398063E+3	4.116000E+2	2.816812E+1	5.008133E+0	6.649000E-5	NaN	6.649000E-4	4.801403E-1	1.378535E+1
1.400929E+3	4.118400E+2	2.815171E+1	4.967291E+0	6.701900E-5	NaN	6.701900E-4	4.797222E-1	1.376456E+1
1.403864E+3	4.120000E+2	2.814078E+1	4.940874E+0	6.750200E-5	NaN	6.750200E-4	4.793360E-1	1.374474E+1
1.406625E+3	4.122400E+2	2.812439E+1	4.860998E+0	6.797700E-5	NaN	6.797700E-4	4.791469E-1	1.373078E+1
1.409594E+3	4.124900E+2	2.810735E+1	4.807824E+0	6.847900E-5	NaN	6.847900E-4	4.786874E-1	1.370927E+1
1.412537E+3	4.127600E+2	2.808896E+1	4.772894E+0	6.900200E-5	NaN	6.900200E-4	4.781832E-1	1.368647E+1
1.415516E+3	4.130100E+2	2.807196E+1	4.783253E+0	6.954100E-5	NaN	6.954100E-4	4.776308E-1	1.366220E+1
1.418372E+3	4.132700E+2	2.805430E+1	4.806247E+0	7.006700E-5	NaN	7.006700E-4	4.770608E-1	1.363742E+1
1.421451E+3	4.135200E+2	2.803734E+1	4.845120E+0	7.063700E-5	NaN	7.063700E-4	4.764159E-1	1.361051E+1
1.424211E+3	4.137800E+2	2.801972E+1	4.876926E+0	7.114300E-5	NaN	7.114300E-4	4.757931E-1	1.358424E+1
1.427241E+3	4.140300E+2	2.800280E+1	4.949692E+0	7.168700E-5	NaN	7.168700E-4	4.749981E-1	1.355313E+1
1.430158E+3	4.142900E+2	2.798523E+1	5.015340E+0	7.228000E-5	NaN	7.228000E-4	4.742288E-1	1.352279E+1
1.433116E+3	4.145600E+2	2.796700E+1	5.079939E+0	7.284200E-5	NaN	7.284200E-4	4.735070E-1	1.349385E+1
1.436147E+3	4.148100E+2	2.795015E+1	5.160833E+0	7.339500E-5	NaN	7.339500E-4	4.727292E-1	1.346330E+1
1.439281E+3	4.150600E+2	2.793331E+1	5.234584E+0	7.398600E-5	NaN	7.398600E-4	4.720150E-1	1.343461E+1
1.442238E+3	4.153100E+2	2.791650E+1	5.215398E+0	7.454400E-5	NaN	7.454400E-4	4.712834E-1	1.340551E+1
1.445338E+3	4.155500E+2	2.790037E+1	5.193627E+0	7.513000E-5	NaN	7.513000E-4	4.706405E-1	1.337894E+1
1.448347E+3	4.158000E+2	2.788360E+1	5.145247E+0	7.569100E-5	NaN	7.569100E-4	4.700568E-1	1.335413E+1
1.451261E+3	4.160400E+2	2.786751E+1	5.108028E+0	7.622300E-5	NaN	7.622300E-4	4.694546E-1	1.332884E+1
1.454391E+3	4.162800E+2	2.785145E+1	5.063163E+0	7.681200E-5	NaN	7.681200E-4	4.688410E-1	1.330324E+1
1.457456E+3	4.165200E+2	2.783540E+1	5.015117E+0	7.738000E-5	NaN	7.738000E-4	4.682906E-1	1.327947E+1
1.460482E+3	4.167800E+2	2.781803E+1	4.949050E+0	7.794600E-5	NaN	7.794600E-4	4.675858E-1	1.325154E+1
1.463412E+3	4.170400E+2	2.780069E+1	4.916017E+0	7.850900E-5	NaN	7.850900E-4	4.669312E-1	1.322499E+1
1.466386E+3	4.173000E+2	2.778337E+1	4.896006E+0	7.910400E-5	NaN	7.910400E-4	4.662699E-1	1.319822E+1
1.469490E+3	4.174800E+2	2.777139E+1	4.900596E+0	7.973200E-5	NaN	7.973200E-4	4.656043E-1	1.317128E+1
1.472327E+3	4.177500E+2	2.775344E+1	4.867755E+0	8.031700E-5	NaN	8.031700E-4	4.650972E-1	1.314908E+1
1.475263E+3	4.180100E+2	2.773618E+1	4.873250E+0	8.094500E-5	NaN	8.094500E-4	4.645664E-1	1.312613E+1
1.478273E+3	4.182900E+2	2.771761E+1	4.890840E+0	8.159200E-5	NaN	8.159200E-4	4.640379E-1	1.310321E+1
1.481213E+3	4.185500E+2	2.770039E+1	4.941027E+0	8.222800E-5	NaN	8.222800E-4	4.634075E-1	1.307739E+1
1.484037E+3	4.188300E+2	2.768188E+1	4.989540E+0	8.284400E-5	NaN	8.284400E-4	4.627384E-1	1.305050E+1
1.487023E+3	4.190900E+2	2.766470E+1	5.070496E+0	8.346500E-5	NaN	8.346500E-4	4.622404E-1	1.302816E+1
1.489896E+3	4.193400E+2	2.764821E+1	5.151246E+0	8.407900E-5	NaN	8.407900E-4	4.614267E-1	1.299717E+1
1.492911E+3	4.195800E+2	2.763239E+1	5.211547E+0	8.469200E-5	NaN	8.469200E-4	4.606087E-1	1.296611E+1
1.495745E+3	4.198200E+2	2.761660E+1	5.234217E+0	8.527700E-5	NaN	8.527700E-4	4.598294E-1	1.293622E+1
1.498697E+3	4.200600E+2	2.760082E+1	5.252330E+0	8.586800E-5	NaN	8.586800E-4	4.590916E-1	1.290755E+1
1.501723E+3	4.203000E+2	2.758506E+1	5.266169E+0	8.645100E-5	NaN	8.645100E-4	4.582951E-1	1.287731E+1
1.504928E+3	4.205500E+2	2.756866E+1	5.269767E+0	8.708500E-5	NaN	8.708500E-4	4.577396E-1	1.285366E+1
1.507986E+3	4.207800E+2	2.755359E+1	5.176814E+0	8.768200E-5	NaN	8.768200E-4	4.572181E-1	1.283098E+1
1.510899E+3	4.210200E+2	2.753788E+1	5.079729E+0	8.825100E-5	NaN	8.825100E-4	4.566989E-1	1.280842E+1
1.514086E+3	4.212600E+2	2.752220E+1	4.987964E+0	8.890400E-5	NaN	8.890400E-4	4.558717E-1	1.277748E+1
1.517012E+3	4.215100E+2	2.750587E+1	4.898510E+0	8.949400E-5	NaN	8.949400E-4	4.551475E-1	1.274946E+1
1.519969E+3	4.217500E+2	2.749022E+1	4.831139E+0	9.011200E-5	NaN	9.011200E-4	4.543579E-1	1.271966E+1
1.522817E+3	4.219200E+2	2.747914E+1	4.802080E+0	9.070700E-5	NaN	9.070700E-4	4.536110E-1	1.269109E+1
1.525778E+3	4.221800E+2	2.746222E+1	4.741927E+0	9.134200E-5	NaN	9.134200E-4	4.530570E-1	1.266812E+1
1.528678E+3	4.224300E+2	2.744597E+1	4.721807E+0	9.198500E-5	NaN	9.198500E-4	4.524950E-1	1.264487E+1
1.531698E+3	4.227100E+2	2.742779E+1	4.718340E+0	9.264500E-5	NaN	9.264500E-4	4.519064E-1	1.262090E+1
1.534769E+3	4.229600E+2	2.741158E+1	4.757757E+0	9.333200E-5	NaN	9.333200E-4	4.512572E-1	1.259518E+1
1.537801E+3	4.232100E+2	2.739538E+1	4.802881E+0	9.400500E-5	NaN	9.400500E-4	4.506736E-1	1.257134E+1
1.540724E+3	4.234600E+2	2.737921E+1	4.850445E+0	9.466000E-5	NaN	9.466000E-4	4.501132E-1	1.254818E+1
1.543703E+3	4.237200E+2	2.736241E+1	4.901185E+0	9.532800E-5	NaN	9.532800E-4	4.495390E-1	1.252475E+1
1.546671E+3	4.239700E+2	2.734627E+1	4.948622E+0	9.598600E-5	NaN	9.598600E-4	4.489697E-1	1.250146E+1
1.549653E+3	4.242200E+2	2.733016E+1	5.000869E+0	9.666200E-5	NaN	9.666200E-4	4.484172E-1	1.247871E+1
1.552794E+3	4.244700E+2	2.731406E+1	5.034762E+0	9.737900E-5	NaN	9.737900E-4	4.478875E-1	1.245664E+1
1.555800E+3	4.247300E+2	2.729734E+1	5.065303E+0	9.804200E-5	NaN	9.804200E-4	4.474435E-1	1.243701E+1
1.558678E+3	4.249700E+2	2.728193E+1	5.100041E+0	9.867600E-5	NaN	9.867600E-4	4.469138E-1	1.241502E+1
1.561719E+3	4.252200E+2	2.726589E+1	5.075219E+0	9.935600E-5	NaN	9.935600E-4	4.463815E-1	1.239300E+1
1.564748E+3	4.254700E+2	2.724986E+1	5.051162E+0	1.000310E-4	NaN	1.000310E-3	4.458856E-1	1.237199E+1
1.567646E+3	4.257100E+2	2.723450E+1	5.026498E+0	1.006550E-4	NaN	1.006550E-3	4.453972E-1	1.235121E+1
1.570648E+3	4.259600E+2	2.721852E+1	5.021758E+0	1.013320E-4	NaN	1.013320E-3	4.448161E-1	1.232791E+1
1.573502E+3	4.262200E+2	2.720191E+1	5.010845E+0	1.019800E-4	NaN	1.019800E-3	4.442166E-1	1.230412E+1
1.576450E+3	4.264900E+2	2.718469E+1	5.013090E+0	1.026870E-4	NaN	1.026870E-3	4.435635E-1	1.227881E+1
1.579522E+3	4.267800E+2	2.716622E+1	5.034996E+0	1.034340E-4	NaN	1.034340E-3	4.427912E-1	1.225018E+1
1.582494E+3	4.270400E+2	2.714968E+1	5.086840E+0	1.041750E-4	NaN	1.041750E-3	4.419935E-1	1.222079E+1
1.585610E+3	4.273000E+2	2.713316E+1	5.140435E+0	1.049590E-4	NaN	1.049590E-3	4.414255E-1	1.219756E+1
1.588427E+3	4.274800E+2	2.712174E+1	5.183794E+0	1.056420E-4	NaN	1.056420E-3	4.408644E-1	1.217453E+1
1.591252E+3	4.277400E+2	2.710525E+1	5.161777E+0	1.063390E-4	NaN	1.063390E-3	4.404409E-1	1.215548E+1
1.594238E+3	4.280000E+2	2.708879E+1	5.162108E+0	1.070660E-4	NaN	1.070660E-3	4.398975E-1	1.213318E+1
1.597283E+3	4.282500E+2	2.707297E+1	5.163545E+0	1.078150E-4	NaN	1.078150E-3	4.393413E-1	1.211052E+1
1.600301E+3	4.285000E+2	2.705718E+1	5.148963E+0	1.085460E-4	NaN	1.085460E-3	4.387634E-1	1.208732E+1
1.603405E+3	4.287500E+2	2.704140E+1	5.121347E+0	1.092980E-4	NaN	1.092980E-3	4.382347E-1	1.206550E+1
1.606439E+3	4.289900E+2	2.702627E+1	5.076017E+0	1.100280E-4	NaN	1.100280E-3	4.376414E-1	1.204197E+1
1.609320E+3	4.292300E+2	2.701116E+1	5.012526E+0	1.107010E-4	NaN	1.107010E-3	4.370683E-1	1.201905E+1
1.612116E+3	4.294700E+2	2.699606E+1	4.962813E+0	1.113510E-4	NaN	1.113510E-3	4.364967E-1	1.199622E+1
1.615287E+3	4.297000E+2	2.698162E+1	4.936953E+0	1.120870E-4	NaN	1.120870E-3	4.358247E-1	1.197072E+1
1.618265E+3	4.299400E+2	2.696655E+1	4.914859E+0	1.127740E-4	NaN	1.127740E-3	4.351990E-1	1.194657E+1
1.621409E+3	4.301800E+2	2.695151E+1	4.906270E+0	1.135230E-4	NaN	1.135230E-3	4.345938E-1	1.192303E+1
1.624246E+3	4.304200E+2	2.693648E+1	4.892522E+0	1.141830E-4	NaN	1.141830E-3	4.340120E-1	1.190017E+1
1.627294E+3	4.306800E+2	2.692022E+1	4.846452E+0	1.149370E-4	NaN	1.149370E-3	4.334373E-1	1.187752E+1
1.630194E+3	4.309300E+2	2.690460E+1	4.833067E+0	1.156540E-4	NaN	1.156540E-3	4.328283E-1	1.185393E+1
1.633197E+3	4.311900E+2	2.688838E+1	4.844827E+0	1.164110E-4	NaN	1.164110E-3	4.321637E-1	1.182882E+1
1.636155E+3	4.314400E+2	2.687280E+1	4.870241E+0	1.171740E-4	NaN	1.171740E-3	4.315245E-1	1.180439E+1
1.639166E+3	4.317000E+2	2.685661E+1	4.904526E+0	1.179710E-4	NaN	1.179710E-3	4.309097E-1	1.178063E+1
1.642048E+3	4.319500E+2	2.684107E+1	4.944857E+0	1.187300E-4	NaN	1.187300E-3	4.302513E-1	1.175572E+1
1.645117E+3	4.322100E+2	2.682492E+1	4.985052E+0	1.195210E-4	NaN	1.195210E-3	4.295321E-1	1.172920E+1
1.648068E+3	4.324700E+2	2.680880E+1	5.029698E+0	1.203120E-4	NaN	1.203120E-3	4.287878E-1	1.170204E+1
1.651075E+3	4.326400E+2	2.679826E+1	5.092895E+0	1.211110E-4	NaN	1.211110E-3	4.282978E-1	1.168166E+1
1.653984E+3	4.328900E+2	2.678279E+1	5.061025E+0	1.218700E-4	NaN	1.218700E-3	4.279845E-1	1.166633E+1
1.656935E+3	4.331400E+2	2.676733E+1	5.033644E+0	1.226390E-4	NaN	1.226390E-3	4.276683E-1	1.165094E+1
1.660040E+3	4.333800E+2	2.675250E+1	4.992955E+0	1.234420E-4	NaN	1.234420E-3	4.273161E-1	1.163465E+1
1.662967E+3	4.336300E+2	2.673708E+1	4.940840E+0	1.242140E-4	NaN	1.242140E-3	4.270214E-1	1.161997E+1
1.665944E+3	4.338800E+2	2.672167E+1	4.902521E+0	1.249900E-4	NaN	1.249900E-3	4.266377E-1	1.160294E+1
1.669059E+3	4.341200E+2	2.670690E+1	4.876365E+0	1.258120E-4	NaN	1.258120E-3	4.262263E-1	1.158521E+1
1.671983E+3	4.343800E+2	2.669092E+1	4.848419E+0	1.265600E-4	NaN	1.265600E-3	4.258663E-1	1.156891E+1
1.675134E+3	4.346300E+2	2.667556E+1	4.844442E+0	1.273880E-4	NaN	1.273880E-3	4.254643E-1	1.155144E+1
1.677929E+3	4.348700E+2	2.666084E+1	4.845923E+0	1.281390E-4	NaN	1.281390E-3	4.250733E-1	1.153428E+1
1.680830E+3	4.351200E+2	2.664552E+1	4.870371E+0	1.288860E-4	NaN	1.288860E-3	4.246591E-1	1.151651E+1
1.683701E+3	4.353500E+2	2.663145E+1	4.914775E+0	1.296250E-4	NaN	1.296250E-3	4.241762E-1	1.149687E+1
1.686761E+3	4.356100E+2	2.661555E+1	4.974353E+0	1.305070E-4	NaN	1.305070E-3	4.237013E-1	1.147751E+1
1.689809E+3	4.358700E+2	2.659967E+1	4.976980E+0	1.313870E-4	NaN	1.313870E-3	4.232749E-1	1.145942E+1
1.692854E+3	4.361400E+2	2.658321E+1	4.991800E+0	1.322980E-4	NaN	1.322980E-3	4.228243E-1	1.144068E+1
1.695876E+3	4.364400E+2	2.656493E+1	5.023915E+0	1.332110E-4	NaN	1.332110E-3	4.224423E-1	1.142375E+1
1.698698E+3	4.367100E+2	2.654851E+1	5.075237E+0	1.340740E-4	NaN	1.340740E-3	4.219368E-1	1.140342E+1
1.701814E+3	4.369800E+2	2.653211E+1	5.148689E+0	1.350320E-4	NaN	1.350320E-3	4.214078E-1	1.138243E+1
1.704720E+3	4.372400E+2	2.651633E+1	5.217745E+0	1.359350E-4	NaN	1.359350E-3	4.211060E-1	1.136740E+1
1.707604E+3	4.375000E+2	2.650057E+1	5.266403E+0	1.367950E-4	NaN	1.367950E-3	4.207920E-1	1.135207E+1
1.710626E+3	4.377600E+2	2.648483E+1	5.324834E+0	1.376910E-4	NaN	1.376910E-3	4.204640E-1	1.133636E+1
1.713734E+3	4.380000E+2	2.647032E+1	5.355292E+0	1.385720E-4	NaN	1.385720E-3	4.200737E-1	1.131905E+1
1.716644E+3	4.382400E+2	2.645582E+1	5.353504E+0	1.393690E-4	NaN	1.393690E-3	4.197762E-1	1.130428E+1
1.719626E+3	4.384900E+2	2.644074E+1	5.337815E+0	1.402000E-4	NaN	1.402000E-3	4.194839E-1	1.128969E+1
1.722897E+3	4.387300E+2	2.642628E+1	5.296283E+0	1.411000E-4	NaN	1.411000E-3	4.191695E-1	1.127453E+1
1.725935E+3	4.389600E+2	2.641243E+1	5.211355E+0	1.418970E-4	NaN	1.418970E-3	4.188913E-1	1.126040E+1
1.728983E+3	4.391900E+2	2.639860E+1	5.099430E+0	1.427110E-4	NaN	1.427110E-3	4.186084E-1	1.124621E+1
1.731889E+3	4.394300E+2	2.638418E+1	4.974176E+0	1.435050E-4	NaN	1.435050E-3	4.183480E-1	1.123267E+1
1.734821E+3	4.396600E+2	2.637038E+1	4.886937E+0	1.443190E-4	NaN	1.443190E-3	4.181094E-1	1.121974E+1
1.738012E+3	4.399100E+2	2.635539E+1	4.821183E+0	1.452010E-4	NaN	1.452010E-3	4.178393E-1	1.120603E+1
1.741052E+3	4.401600E+2	2.634042E+1	4.762054E+0	1.460820E-4	NaN	1.460820E-3	4.175533E-1	1.119190E+1
1.744076E+3	4.404300E+2	2.632427E+1	4.728177E+0	1.469480E-4	NaN	1.469480E-3	4.172662E-1	1.117775E+1
1.747291E+3	4.406900E+2	2.630874E+1	4.739683E+0	1.479390E-4	NaN	1.479390E-3	4.169024E-1	1.116151E+1
1.750257E+3	4.409500E+2	2.629323E+1	4.768246E+0	1.488510E-4	NaN	1.488510E-3	4.165468E-1	1.114550E+1
1.753246E+3	4.412100E+2	2.627774E+1	4.806432E+0	1.497730E-4	NaN	1.497730E-3	4.161634E-1	1.112874E+1
1.756084E+3	4.414700E+2	2.626226E+1	4.862927E+0	1.506640E-4	NaN	1.506640E-3	4.156918E-1	1.110967E+1
1.759315E+3	4.417200E+2	2.624740E+1	4.949507E+0	1.516710E-4	NaN	1.516710E-3	4.151378E-1	1.108844E+1
1.762463E+3	4.419700E+2	2.623255E+1	5.000841E+0	1.526710E-4	NaN	1.526710E-3	4.145891E-1	1.106748E+1
1.765423E+3	4.422200E+2	2.621772E+1	5.027966E+0	1.535780E-4	NaN	1.535780E-3	4.141095E-1	1.104844E+1
1.768305E+3	4.424700E+2	2.620291E+1	5.040782E+0	1.544720E-4	NaN	1.544720E-3	4.136710E-1	1.103054E+1
1.771212E+3	4.427300E+2	2.618752E+1	5.060336E+0	1.553520E-4	NaN	1.553520E-3	4.133839E-1	1.101655E+1
1.774285E+3	4.429700E+2	2.617333E+1	5.080121E+0	1.562840E-4	NaN	1.562840E-3	4.129969E-1	1.099993E+1
1.777277E+3	4.432100E+2	2.615916E+1	5.067975E+0	1.571970E-4	NaN	1.571970E-3	4.126243E-1	1.098377E+1
1.780349E+3	4.434600E+2	2.614441E+1	5.040358E+0	1.581320E-4	NaN	1.581320E-3	4.122968E-1	1.096885E+1
1.783548E+3	4.437000E+2	2.613027E+1	5.019909E+0	1.590990E-4	NaN	1.590990E-3	4.119790E-1	1.095421E+1
1.786615E+3	4.439400E+2	2.611614E+1	4.970716E+0	1.600300E-4	NaN	1.600300E-3	4.117339E-1	1.094155E+1
1.789804E+3	4.441900E+2	2.610144E+1	4.923117E+0	1.610250E-4	NaN	1.610250E-3	4.115369E-1	1.093018E+1
1.792720E+3	4.444400E+2	2.608676E+1	4.879239E+0	1.619420E-4	NaN	1.619420E-3	4.113413E-1	1.091887E+1
1.795874E+3	4.447000E+2	2.607151E+1	4.870794E+0	1.629250E-4	NaN	1.629250E-3	4.110654E-1	1.090542E+1
1.798777E+3	4.449600E+2	2.605627E+1	4.855052E+0	1.638760E-4	NaN	1.638760E-3	4.108348E-1	1.089314E+1
1.801922E+3	4.452200E+2	2.604106E+1	4.851394E+0	1.649740E-4	NaN	1.649740E-3	4.105475E-1	1.087934E+1
1.805032E+3	4.454900E+2	2.602528E+1	4.854140E+0	1.660800E-4	NaN	1.660800E-3	4.103549E-1	1.086803E+1
1.807994E+3	4.457600E+2	2.600951E+1	4.878953E+0	1.671640E-4	NaN	1.671640E-3	4.101410E-1	1.085614E+1
1.810940E+3	4.460400E+2	2.599318E+1	4.941761E+0	1.682660E-4	NaN	1.682660E-3	4.099177E-1	1.084402E+1
1.813877E+3	4.463100E+2	2.597746E+1	5.020988E+0	1.693810E-4	NaN	1.693810E-3	4.096554E-1	1.083084E+1
1.816770E+3	4.465800E+2	2.596175E+1	5.109733E+0	1.704380E-4	NaN	1.704380E-3	4.093911E-1	1.081763E+1
1.819778E+3	4.468600E+2	2.594549E+1	5.209733E+0	1.715460E-4	NaN	1.715460E-3	4.091137E-1	1.080406E+1
1.822784E+3	4.471000E+2	2.593156E+1	5.297035E+0	1.725630E-4	NaN	1.725630E-3	4.088279E-1	1.079028E+1
1.825767E+3	4.473400E+2	2.591765E+1	5.343389E+0	1.735550E-4	NaN	1.735550E-3	4.085653E-1	1.077717E+1
1.828712E+3	4.475800E+2	2.590375E+1	5.347583E+0	1.745500E-4	NaN	1.745500E-3	4.083047E-1	1.076418E+1
1.831777E+3	4.478100E+2	2.589044E+1	5.333324E+0	1.755320E-4	NaN	1.755320E-3	4.080409E-1	1.075118E+1
1.834710E+3	4.480400E+2	2.587715E+1	5.275391E+0	1.764740E-4	NaN	1.764740E-3	4.080453E-1	1.074513E+1
1.837644E+3	4.482000E+2	2.586792E+1	5.206571E+0	1.773980E-4	NaN	1.773980E-3	4.080317E-1	1.073865E+1
1.840643E+3	4.484300E+2	2.585465E+1	5.057480E+0	1.783630E-4	NaN	1.783630E-3	4.081676E-1	1.073626E+1
1.843562E+3	4.486700E+2	2.584082E+1	4.902533E+0	1.793170E-4	NaN	1.793170E-3	4.083514E-1	1.073513E+1
1.846368E+3	4.489300E+2	2.582585E+1	4.770643E+0	1.802800E-4	NaN	1.802800E-3	4.084905E-1	1.073283E+1
1.849180E+3	4.491800E+2	2.581148E+1	4.697409E+0	1.812180E-4	NaN	1.812180E-3	4.085384E-1	1.072809E+1
1.852184E+3	4.494300E+2	2.579712E+1	4.666768E+0	1.822980E-4	NaN	1.822980E-3	4.085724E-1	1.072293E+1
1.855073E+3	4.496800E+2	2.578278E+1	4.672622E+0	1.833280E-4	NaN	1.833280E-3	4.085484E-1	1.071628E+1
1.857880E+3	4.498600E+2	2.577246E+1	4.727894E+0	1.843630E-4	NaN	1.843630E-3	4.085297E-1	1.070976E+1
1.860676E+3	4.501200E+2	2.575758E+1	4.748832E+0	1.854210E-4	NaN	1.854210E-3	4.086495E-1	1.070696E+1
1.863566E+3	4.503800E+2	2.574271E+1	4.806864E+0	1.865050E-4	NaN	1.865050E-3	4.086767E-1	1.070170E+1
1.866466E+3	4.506300E+2	2.572842E+1	4.895020E+0	1.875810E-4	NaN	1.875810E-3	4.086700E-1	1.069549E+1
1.869491E+3	4.509100E+2	2.571245E+1	4.981921E+0	1.887200E-4	NaN	1.887200E-3	4.086855E-1	1.068985E+1
1.872717E+3	4.511600E+2	2.569820E+1	5.088525E+0	1.899150E-4	NaN	1.899150E-3	4.086758E-1	1.068350E+1
1.875790E+3	4.514800E+2	2.567999E+1	5.102948E+0	1.910830E-4	NaN	1.910830E-3	4.087425E-1	1.067917E+1
1.879120E+3	4.517300E+2	2.566577E+1	5.144437E+0	1.922970E-4	NaN	1.922970E-3	4.085955E-1	1.066922E+1
1.882428E+3	4.519700E+2	2.565215E+1	5.141888E+0	1.935050E-4	NaN	1.935050E-3	4.084798E-1	1.066015E+1
1.885623E+3	4.522200E+2	2.563796E+1	5.120404E+0	1.946530E-4	NaN	1.946530E-3	4.084897E-1	1.065441E+1
1.888523E+3	4.524600E+2	2.562436E+1	5.096151E+0	1.957000E-4	NaN	1.957000E-3	4.085378E-1	1.064970E+1
1.891649E+3	4.527100E+2	2.561021E+1	5.071612E+0	1.968590E-4	NaN	1.968590E-3	4.085486E-1	1.064405E+1
1.894893E+3	4.529800E+2	2.559495E+1	5.047835E+0	1.980560E-4	NaN	1.980560E-3	4.085841E-1	1.063907E+1
1.898045E+3	4.532400E+2	2.558027E+1	4.981642E+0	1.992870E-4	NaN	1.992870E-3	4.086523E-1	1.063490E+1
1.901221E+3	4.535100E+2	2.556504E+1	4.932673E+0	2.005910E-4	NaN	2.005910E-3	4.087226E-1	1.063077E+1
1.904206E+3	4.537900E+2	2.554926E+1	4.903270E+0	2.018220E-4	NaN	2.018220E-3	4.088015E-1	1.062684E+1
1.907369E+3	4.540500E+2	2.553463E+1	4.903811E+0	2.032030E-4	NaN	2.032030E-3	4.088999E-1	1.062336E+1
1.910303E+3	4.543200E+2	2.551946E+1	4.923793E+0	2.044900E-4	NaN	2.044900E-3	4.090919E-1	1.062228E+1
1.913405E+3	4.545800E+2	2.550486E+1	4.947975E+0	2.057920E-4	NaN	2.057920E-3	4.093039E-1	1.062167E+1
1.916392E+3	4.548600E+2	2.548916E+1	5.026876E+0	2.070450E-4	NaN	2.070450E-3	4.095174E-1	1.062108E+1
1.919393E+3	4.551100E+2	2.547516E+1	5.109920E+0	2.082340E-4	NaN	2.082340E-3	4.096902E-1	1.061936E+1
1.922350E+3	4.553400E+2	2.546229E+1	5.158471E+0	2.094320E-4	NaN	2.094320E-3	4.098570E-1	1.061748E+1
1.925458E+3	4.555800E+2	2.544888E+1	5.172677E+0	2.138900E-4	NaN	2.138900E-3	4.100669E-1	1.061677E+1
1.928382E+3	4.558100E+2	2.543604E+1	5.163702E+0	2.150400E-4	NaN	2.150400E-3	4.119482E-1	1.065962E+1
1.931337E+3	4.560400E+2	2.542321E+1	5.129115E+0	2.161600E-4	NaN	2.161600E-3	4.138186E-1	1.070216E+1
1.934361E+3	4.562800E+2	2.540984E+1	5.075650E+0	2.173300E-4	NaN	2.173300E-3	4.155947E-1	1.074223E+1
1.937248E+3	4.565100E+2	2.539703E+1	5.006411E+0	2.184700E-4	NaN	2.184700E-3	4.172801E-1	1.077993E+1
1.940098E+3	4.567600E+2	2.538313E+1	4.931662E+0	2.189200E-4	NaN	2.189200E-3	4.188530E-1	1.081471E+1
1.943094E+3	4.570200E+2	2.536869E+1	4.894352E+0	2.201100E-4	NaN	2.201100E-3	4.200247E-1	1.083901E+1
1.945978E+3	4.572700E+2	2.535482E+1	4.864694E+0	2.212800E-4	NaN	2.212800E-3	4.211534E-1	1.086213E+1
1.949030E+3	4.575300E+2	2.534041E+1	4.866362E+0	2.225800E-4	NaN	2.225800E-3	4.221786E-1	1.088253E+1
1.952071E+3	4.577900E+2	2.532602E+1	4.877807E+0	2.239000E-4	NaN	2.239000E-3	4.231252E-1	1.090087E+1
1.955062E+3	4.580400E+2	2.531220E+1	4.926241E+0	2.231100E-4	NaN	2.231100E-3	4.239542E-1	1.091615E+1
1.958041E+3	4.583000E+2	2.529784E+1	4.981404E+0	2.244700E-4	NaN	2.244700E-3	4.237176E-1	1.090383E+1
1.961255E+3	4.585500E+2	2.528405E+1	5.036624E+0	2.258600E-4	NaN	2.258600E-3	4.234922E-1	1.089179E+1
1.964306E+3	4.588100E+2	2.526972E+1	5.061597E+0	2.272900E-4	NaN	2.272900E-3	4.232995E-1	1.088061E+1
1.967402E+3	4.590700E+2	2.525541E+1	5.080112E+0	2.286900E-4	NaN	2.286900E-3	4.231774E-1	1.087124E+1
1.970305E+3	4.593200E+2	2.524166E+1	5.084286E+0	2.299000E-4	NaN	2.299000E-3	4.230766E-1	1.086239E+1
1.973301E+3	4.595700E+2	2.522793E+1	5.080650E+0	2.312000E-4	NaN	2.312000E-3	4.229397E-1	1.085262E+1
1.976413E+3	4.598100E+2	2.521476E+1	5.061945E+0	2.325700E-4	NaN	2.325700E-3	4.227487E-1	1.084148E+1
1.979474E+3	4.600500E+2	2.520161E+1	5.032122E+0	2.338800E-4	NaN	2.338800E-3	4.225762E-1	1.083087E+1
1.982537E+3	4.602900E+2	2.518847E+1	4.996992E+0	2.352400E-4	NaN	2.352400E-3	4.223594E-1	1.081919E+1
1.985945E+3	4.606100E+2	2.517097E+1	4.959181E+0	2.367300E-4	NaN	2.367300E-3	4.222216E-1	1.080958E+1
1.989259E+3	4.608500E+2	2.515786E+1	4.957839E+0	2.381200E-4	NaN	2.381200E-3	4.219782E-1	1.079718E+1
1.992693E+3	4.611100E+2	2.514368E+1	4.934382E+0	2.396300E-4	NaN	2.396300E-3	4.217779E-1	1.078597E+1
1.995979E+3	4.614400E+2	2.512569E+1	4.897664E+0	2.411300E-4	NaN	2.411300E-3	4.215985E-1	1.077536E+1
1.999361E+3	4.616900E+2	2.511209E+1	4.923178E+0	2.426700E-4	NaN	2.426700E-3	4.212746E-1	1.076099E+1
2.002797E+3	4.619400E+2	2.509850E+1	4.912448E+0	2.442500E-4	NaN	2.442500E-3	4.209998E-1	1.074796E+1
2.006089E+3	4.622900E+2	2.507950E+1	4.885072E+0	2.458300E-4	NaN	2.458300E-3	4.207877E-1	1.073664E+1
2.009443E+3	4.625500E+2	2.506540E+1	4.924394E+0	2.475400E-4	NaN	2.475400E-3	4.204106E-1	1.072097E+1
2.012673E+3	4.628100E+2	2.505132E+1	4.955185E+0	2.491700E-4	NaN	2.491700E-3	4.201554E-1	1.070845E+1
2.016033E+3	4.630900E+2	2.503617E+1	4.982852E+0	2.508800E-4	NaN	2.508800E-3	4.199738E-1	1.069785E+1
2.019319E+3	4.634400E+2	2.501726E+1	4.999782E+0	2.525500E-4	NaN	2.525500E-3	4.198587E-1	1.068892E+1
2.022717E+3	4.637000E+2	2.500323E+1	5.059520E+0	2.543000E-4	NaN	2.543000E-3	4.195694E-1	1.067541E+1
2.026045E+3	4.639600E+2	2.498922E+1	5.082575E+0	2.559500E-4	NaN	2.559500E-3	4.195695E-1	1.066915E+1
2.029447E+3	4.643000E+2	2.497092E+1	5.115411E+0	2.576600E-4	NaN	2.576600E-3	4.196323E-1	1.066450E+1
2.032832E+3	4.645500E+2	2.495749E+1	5.156768E+0	2.593700E-4	NaN	2.593700E-3	4.195270E-1	1.065545E+1
2.036133E+3	4.647900E+2	2.494460E+1	5.141443E+0	2.609500E-4	NaN	2.609500E-3	4.194368E-1	1.064688E+1
2.039541E+3	4.651300E+2	2.492636E+1	5.136065E+0	2.626200E-4	NaN	2.626200E-3	4.193274E-1	1.063792E+1
2.042873E+3	4.653700E+2	2.491351E+1	5.142727E+0	2.642500E-4	NaN	2.642500E-3	4.190569E-1	1.062476E+1
2.046189E+3	4.656000E+2	2.490120E+1	5.082290E+0	2.659000E-4	NaN	2.659000E-3	4.188360E-1	1.061296E+1
2.049468E+3	4.659200E+2	2.488410E+1	5.040325E+0	2.674700E-4	NaN	2.674700E-3	4.188869E-1	1.060800E+1
2.052840E+3	4.661600E+2	2.487129E+1	5.018849E+0	2.690700E-4	NaN	2.690700E-3	4.187243E-1	1.059757E+1
2.056181E+3	4.664000E+2	2.485849E+1	4.957311E+0	2.705900E-4	NaN	2.705900E-3	4.185821E-1	1.058775E+1
2.059580E+3	4.666400E+2	2.484571E+1	4.868919E+0	2.722900E-4	NaN	2.722900E-3	4.184381E-1	1.057794E+1
2.062745E+3	4.669800E+2	2.482762E+1	4.816963E+0	2.738800E-4	NaN	2.738800E-3	4.183154E-1	1.056880E+1
2.065887E+3	4.672200E+2	2.481486E+1	4.817659E+0	2.754600E-4	NaN	2.754600E-3	4.180188E-1	1.055514E+1
2.069064E+3	4.674600E+2	2.480212E+1	4.795404E+0	2.770800E-4	NaN	2.770800E-3	4.175922E-1	1.053840E+1
2.072226E+3	4.677100E+2	2.478886E+1	4.810213E+0	2.786800E-4	NaN	2.786800E-3	4.172577E-1	1.052407E+1
2.075311E+3	4.679500E+2	2.477615E+1	4.807014E+0	2.802700E-4	NaN	2.802700E-3	4.169968E-1	1.051161E+1
2.078301E+3	4.681900E+2	2.476345E+1	4.777492E+0	2.818000E-4	NaN	2.818000E-3	4.167612E-1	1.049985E+1
2.081473E+3	4.684300E+2	2.475076E+1	4.802116E+0	2.833100E-4	NaN	2.833100E-3	4.164851E-1	1.048712E+1
2.084543E+3	4.686700E+2	2.473809E+1	4.800043E+0	2.848700E-4	NaN	2.848700E-3	4.161926E-1	1.047402E+1
2.087729E+3	4.689000E+2	2.472595E+1	4.766682E+0	2.865200E-4	NaN	2.865200E-3	4.158659E-1	1.046014E+1
2.090789E+3	4.691600E+2	2.471225E+1	4.765199E+0	2.879900E-4	NaN	2.879900E-3	4.156026E-1	1.044794E+1
2.094033E+3	4.694000E+2	2.469962E+1	4.759213E+0	2.896300E-4	NaN	2.896300E-3	4.152671E-1	1.043396E+1
2.097052E+3	4.697000E+2	2.468384E+1	4.719354E+0	2.912200E-4	NaN	2.912200E-3	4.149012E-1	1.041931E+1
2.100266E+3	4.699300E+2	2.467176E+1	4.698745E+0	2.929200E-4	NaN	2.929200E-3	4.144708E-1	1.040299E+1
2.103386E+3	4.700000E+2	2.466809E+1	4.726170E+0	2.944400E-4	NaN	2.944400E-3	4.141063E-1	1.038843E+1
2.106167E+3	4.700000E+2	2.466809E+1	4.617249E+0	2.956400E-4	NaN	2.956400E-3	4.141365E-1	1.038408E+1
