6/26/2024
3:25 PM
slow cooling up 450_2024.06.26_COND_FILE END.txt

Data taken by: Akshat Sharma
ammeter is Keithley 6517A at GPIB0::27::INSTR
voltage source is Keithley 6517A at GPIB0::27::INSTR
temperature controller is Lake Shore 330 at GPIB0::12::INSTR with the settings: control sensor=A;sample sensor=;loop=1
Readings: 1
Voltage (V): 100
Geo Factor: 1000
Ea Window (pts): 5
Shut off V when done?: TRUE
Mconnect?: TRUE
Use Abs(Cond)?: TRUE
Rate (K/min): 5
Heater: High
DESCRIPTION
********************
Time (s)	Temperature (K)	1/kT (1/eV)	Rate (K/min)	Current (A)	Current Std Dev/Mean	Conductivity (Ohm-cm)^-1	Ea (eV)	Reduced Ea	
1.471000E+0	2.960300E+2	3.916495E+1	NaN	2.363700E-7	NaN	2.363700E-6	NaN	NaN
3.271300E+1	2.963400E+2	3.912398E+1	4.354567E-1	2.396000E-7	NaN	2.396000E-6	NaN	NaN
3.886100E+1	2.966200E+2	3.908705E+1	6.776388E-1	2.425300E-7	NaN	2.425300E-6	NaN	NaN
4.195600E+1	2.967800E+2	3.906597E+1	9.504103E-1	2.446200E-7	NaN	2.446200E-6	NaN	NaN
4.779000E+1	2.971900E+2	3.901208E+1	1.595708E+0	2.497600E-7	NaN	2.497600E-6	NaN	NaN
5.093600E+1	2.974300E+2	3.898060E+1	1.983479E+0	2.533100E-7	NaN	2.533100E-6	NaN	NaN
5.387400E+1	2.976800E+2	3.894786E+1	2.409094E+0	2.569100E-7	NaN	2.569100E-6	NaN	NaN
5.677900E+1	2.979500E+2	3.891257E+1	2.849143E+0	2.610300E-7	NaN	2.610300E-6	NaN	NaN
5.981700E+1	2.981500E+2	3.888647E+1	3.291794E+0	2.657400E-7	NaN	2.657400E-6	NaN	NaN
6.270400E+1	2.984600E+2	3.884608E+1	3.682313E+0	2.705000E-7	NaN	2.705000E-6	NaN	NaN
6.565000E+1	2.987600E+2	3.880707E+1	4.080187E+0	2.756500E-7	NaN	2.756500E-6	NaN	NaN
6.871700E+1	2.990700E+2	3.876684E+1	4.455169E+0	2.813400E-7	NaN	2.813400E-6	NaN	NaN
7.174500E+1	2.993800E+2	3.872670E+1	4.793733E+0	2.872500E-7	NaN	2.872500E-6	NaN	NaN
7.465800E+1	2.996900E+2	3.868664E+1	5.085846E+0	2.930800E-7	NaN	2.930800E-6	NaN	NaN
7.753900E+1	2.999900E+2	3.864795E+1	5.357375E+0	2.988900E-7	NaN	2.988900E-6	NaN	NaN
8.039800E+1	3.002800E+2	3.861063E+1	5.572503E+0	3.047700E-7	NaN	3.047700E-6	NaN	NaN
8.340100E+1	3.005900E+2	3.857081E+1	5.751600E+0	3.109600E-7	NaN	3.109600E-6	NaN	NaN
8.623100E+1	3.008700E+2	3.853492E+1	5.904290E+0	3.168500E-7	NaN	3.168500E-6	NaN	NaN
8.927400E+1	3.011500E+2	3.849909E+1	6.008596E+0	3.230900E-7	NaN	3.230900E-6	NaN	NaN
9.235800E+1	3.014100E+2	3.846588E+1	6.066730E+0	3.294200E-7	NaN	3.294200E-6	4.630508E-1	1.800260E+1
9.534900E+1	3.016700E+2	3.843272E+1	6.077809E+0	3.355600E-7	NaN	3.355600E-6	4.671161E-1	1.815329E+1
9.824800E+1	3.019400E+2	3.839836E+1	5.975828E+0	3.415500E-7	NaN	3.415500E-6	4.709572E-1	1.829533E+1
1.012380E+2	3.021900E+2	3.836659E+1	5.883018E+0	3.476600E-7	NaN	3.476600E-6	4.742771E-1	1.841702E+1
1.042670E+2	3.024400E+2	3.833488E+1	5.767238E+0	3.538000E-7	NaN	3.538000E-6	4.774346E-1	1.853249E+1
1.073420E+2	3.027000E+2	3.830195E+1	5.632508E+0	3.600100E-7	NaN	3.600100E-6	4.803970E-1	1.864041E+1
1.102560E+2	3.028600E+2	3.828171E+1	5.495950E+0	3.659900E-7	NaN	3.659900E-6	4.830625E-1	1.873674E+1
1.132460E+2	3.031100E+2	3.825014E+1	5.309315E+0	3.721100E-7	NaN	3.721100E-6	4.862933E-1	1.885565E+1
1.161150E+2	3.033600E+2	3.821862E+1	5.150790E+0	3.780500E-7	NaN	3.780500E-6	4.891463E-1	1.895974E+1
1.191200E+2	3.036000E+2	3.818841E+1	5.028138E+0	3.844000E-7	NaN	3.844000E-6	4.915761E-1	1.904726E+1
1.220040E+2	3.038500E+2	3.815699E+1	4.937165E+0	3.905700E-7	NaN	3.905700E-6	4.938499E-1	1.912868E+1
1.248980E+2	3.041000E+2	3.812562E+1	4.888267E+0	3.968600E-7	NaN	3.968600E-6	4.958164E-1	1.919806E+1
1.277100E+2	3.043600E+2	3.809305E+1	4.870278E+0	4.032800E-7	NaN	4.032800E-6	4.975328E-1	1.925763E+1
1.308200E+2	3.046300E+2	3.805929E+1	4.877338E+0	4.102600E-7	NaN	4.102600E-6	4.989781E-1	1.930655E+1
1.337490E+2	3.048800E+2	3.802808E+1	4.903089E+0	4.170700E-7	NaN	4.170700E-6	5.002517E-1	1.934862E+1
1.366720E+2	3.051400E+2	3.799567E+1	4.959448E+0	4.240200E-7	NaN	4.240200E-6	5.014324E-1	1.938706E+1
1.396510E+2	3.054000E+2	3.796333E+1	5.032597E+0	4.312800E-7	NaN	4.312800E-6	5.024790E-1	1.942021E+1
1.426010E+2	3.055700E+2	3.794221E+1	5.113448E+0	4.385100E-7	NaN	4.385100E-6	5.034535E-1	1.945049E+1
1.455230E+2	3.058300E+2	3.790995E+1	5.135660E+0	4.458500E-7	NaN	4.458500E-6	5.048205E-1	1.949638E+1
1.485040E+2	3.061800E+2	3.786661E+1	5.103899E+0	4.534600E-7	NaN	4.534600E-6	5.060449E-1	1.953661E+1
1.517440E+2	3.064400E+2	3.783449E+1	5.148269E+0	4.617200E-7	NaN	4.617200E-6	5.067219E-1	1.955506E+1
1.548880E+2	3.067200E+2	3.779995E+1	5.175630E+0	4.699500E-7	NaN	4.699500E-6	5.074553E-1	1.957566E+1
1.577930E+2	3.069800E+2	3.776793E+1	5.191102E+0	4.778000E-7	NaN	4.778000E-6	5.081129E-1	1.959319E+1
1.607610E+2	3.072300E+2	3.773720E+1	5.209708E+0	4.857400E-7	NaN	4.857400E-6	5.087142E-1	1.960853E+1
1.639110E+2	3.074900E+2	3.770529E+1	5.217775E+0	4.943400E-7	NaN	4.943400E-6	5.093040E-1	1.962346E+1
1.669100E+2	3.077500E+2	3.767344E+1	5.227428E+0	5.027200E-7	NaN	5.027200E-6	5.099136E-1	1.963914E+1
1.697730E+2	3.079200E+2	3.765264E+1	5.238348E+0	5.107800E-7	NaN	5.107800E-6	5.104920E-1	1.965360E+1
1.726570E+2	3.081800E+2	3.762087E+1	5.187876E+0	5.189800E-7	NaN	5.189800E-6	5.113242E-1	1.967825E+1
1.756720E+2	3.084300E+2	3.759038E+1	5.162570E+0	5.278000E-7	NaN	5.278000E-6	5.120513E-1	1.969877E+1
1.785860E+2	3.087100E+2	3.755628E+1	5.141032E+0	5.362300E-7	NaN	5.362300E-6	5.127735E-1	1.971908E+1
1.816530E+2	3.089700E+2	3.752468E+1	5.074901E+0	5.455200E-7	NaN	5.455200E-6	5.133350E-1	1.973303E+1
1.846650E+2	3.092300E+2	3.749313E+1	5.006155E+0	5.545900E-7	NaN	5.545900E-6	5.145703E-1	1.977007E+1
1.875810E+2	3.094900E+2	3.746163E+1	5.019444E+0	5.633500E-7	NaN	5.633500E-6	5.158034E-1	1.980661E+1
1.904690E+2	3.097400E+2	3.743139E+1	5.031591E+0	5.724200E-7	NaN	5.724200E-6	5.170181E-1	1.984195E+1
1.935380E+2	3.099900E+2	3.740121E+1	5.058580E+0	5.820900E-7	NaN	5.820900E-6	5.182450E-1	1.987729E+1
1.964260E+2	3.102500E+2	3.736986E+1	5.090065E+0	5.912700E-7	NaN	5.912700E-6	5.195316E-1	1.991441E+1
1.994630E+2	3.105100E+2	3.733857E+1	5.134915E+0	6.012100E-7	NaN	6.012100E-6	5.207738E-1	1.994923E+1
2.022650E+2	3.107800E+2	3.730613E+1	5.175334E+0	6.104500E-7	NaN	6.104500E-6	5.220803E-1	1.998581E+1
2.052230E+2	3.110400E+2	3.727495E+1	5.245174E+0	6.203000E-7	NaN	6.203000E-6	5.232440E-1	2.001626E+1
2.081600E+2	3.112900E+2	3.724501E+1	5.251272E+0	6.304900E-7	NaN	6.304900E-6	5.243727E-1	2.004468E+1
2.111340E+2	3.114600E+2	3.722468E+1	5.256476E+0	6.406500E-7	NaN	6.406500E-6	5.255266E-1	2.007340E+1
2.139490E+2	3.117200E+2	3.719364E+1	5.177918E+0	6.504600E-7	NaN	6.504600E-6	5.268864E-1	2.010975E+1
2.168830E+2	3.119800E+2	3.716264E+1	5.143273E+0	6.609300E-7	NaN	6.609300E-6	5.280965E-1	2.013975E+1
2.199090E+2	3.122400E+2	3.713169E+1	5.115275E+0	6.719800E-7	NaN	6.719800E-6	5.290988E-1	2.016136E+1
2.230570E+2	3.125000E+2	3.710080E+1	5.090833E+0	6.835200E-7	NaN	6.835200E-6	5.300203E-1	2.017937E+1
2.262250E+2	3.128600E+2	3.705811E+1	5.069676E+0	6.952100E-7	NaN	6.952100E-6	5.307880E-1	2.019121E+1
2.293480E+2	3.131300E+2	3.702616E+1	5.125872E+0	7.073600E-7	NaN	7.073600E-6	5.311043E-1	2.018509E+1
2.325980E+2	3.134000E+2	3.699426E+1	5.163424E+0	7.202600E-7	NaN	7.202600E-6	5.313236E-1	2.017512E+1
2.357460E+2	3.136700E+2	3.696241E+1	5.194750E+0	7.328600E-7	NaN	7.328600E-6	5.314404E-1	2.016117E+1
2.389940E+2	3.140400E+2	3.691886E+1	5.217893E+0	7.464000E-7	NaN	7.464000E-6	5.314333E-1	2.014255E+1
2.426510E+2	3.143100E+2	3.688715E+1	5.329582E+0	7.618400E-7	NaN	7.618400E-6	5.314087E-1	2.012229E+1
2.460120E+2	3.145800E+2	3.685549E+1	5.393405E+0	7.761300E-7	NaN	7.761300E-6	5.313844E-1	2.010236E+1
2.495980E+2	3.149400E+2	3.681336E+1	5.430562E+0	7.918600E-7	NaN	7.918600E-6	5.313560E-1	2.008250E+1
2.530050E+2	3.152200E+2	3.678066E+1	5.428818E+0	8.068700E-7	NaN	8.068700E-6	5.311541E-1	2.005591E+1
2.563400E+2	3.155700E+2	3.673987E+1	5.411102E+0	8.218800E-7	NaN	8.218800E-6	5.310017E-1	2.003146E+1
2.605880E+2	3.159200E+2	3.669916E+1	5.428067E+0	8.411200E-7	NaN	8.411200E-6	5.306120E-1	1.999800E+1
2.639270E+2	3.161900E+2	3.666783E+1	5.407183E+0	8.565100E-7	NaN	8.565100E-6	5.302591E-1	1.996595E+1
2.671620E+2	3.164500E+2	3.663770E+1	5.346538E+0	8.717900E-7	NaN	8.717900E-6	5.299709E-1	1.993668E+1
2.705090E+2	3.167100E+2	3.660762E+1	5.322640E+0	8.874100E-7	NaN	8.874100E-6	5.297176E-1	1.990923E+1
2.735860E+2	3.169700E+2	3.657759E+1	5.274887E+0	9.019700E-7	NaN	9.019700E-6	5.295384E-1	1.988490E+1
2.765780E+2	3.172400E+2	3.654646E+1	5.213762E+0	9.166800E-7	NaN	9.166800E-6	5.293926E-1	1.986214E+1
2.794960E+2	3.175000E+2	3.651654E+1	5.154178E+0	9.305200E-7	NaN	9.305200E-6	5.293116E-1	1.984193E+1
2.824880E+2	3.177500E+2	3.648780E+1	5.164418E+0	9.452700E-7	NaN	9.452700E-6	5.292215E-1	1.982156E+1
2.854230E+2	3.180100E+2	3.645797E+1	5.136012E+0	9.597600E-7	NaN	9.597600E-6	5.291233E-1	1.980118E+1
2.883050E+2	3.182600E+2	3.642933E+1	5.092035E+0	9.741200E-7	NaN	9.741200E-6	5.290316E-1	1.978117E+1
2.910610E+2	3.185200E+2	3.639960E+1	5.087124E+0	9.881200E-7	NaN	9.881200E-6	5.289525E-1	1.976180E+1
2.939940E+2	3.187800E+2	3.636991E+1	5.086782E+0	1.003170E-6	NaN	1.003170E-5	5.287898E-1	1.973945E+1
2.969410E+2	3.189500E+2	3.635053E+1	5.150345E+0	1.018860E-6	NaN	1.018860E-5	5.288920E-1	1.972661E+1
2.998350E+2	3.192100E+2	3.632092E+1	5.142541E+0	1.034030E-6	NaN	1.034030E-5	5.292594E-1	1.972416E+1
3.026230E+2	3.194800E+2	3.629022E+1	5.140172E+0	1.048950E-6	NaN	1.048950E-5	5.295341E-1	1.971827E+1
3.055940E+2	3.197400E+2	3.626071E+1	5.153731E+0	1.065090E-6	NaN	1.065090E-5	5.297444E-1	1.970989E+1
3.086960E+2	3.199900E+2	3.623238E+1	5.147266E+0	1.082280E-6	NaN	1.082280E-5	5.299017E-1	1.969956E+1
3.119700E+2	3.202500E+2	3.620297E+1	5.121290E+0	1.100490E-6	NaN	1.100490E-5	5.300782E-1	1.969003E+1
3.148680E+2	3.205100E+2	3.617360E+1	5.090222E+0	1.117210E-6	NaN	1.117210E-5	5.302462E-1	1.968026E+1
3.177300E+2	3.207700E+2	3.614428E+1	5.081572E+0	1.133730E-6	NaN	1.133730E-5	5.303474E-1	1.966813E+1
3.206910E+2	3.210300E+2	3.611500E+1	5.081842E+0	1.151260E-6	NaN	1.151260E-5	5.303974E-1	1.965409E+1
3.236230E+2	3.212900E+2	3.608578E+1	5.094720E+0	1.168710E-6	NaN	1.168710E-5	5.304019E-1	1.963843E+1
3.264390E+2	3.215600E+2	3.605548E+1	5.117135E+0	1.185670E-6	NaN	1.185670E-5	5.303716E-1	1.962154E+1
3.294940E+2	3.218200E+2	3.602635E+1	5.182531E+0	1.204380E-6	NaN	1.204380E-5	5.305467E-1	1.961175E+1
3.327630E+2	3.221700E+2	3.598721E+1	5.253462E+0	1.224700E-6	NaN	1.224700E-5	5.307164E-1	1.960177E+1
3.366480E+2	3.225100E+2	3.594927E+1	5.303482E+0	1.249120E-6	NaN	1.249120E-5	5.303643E-1	1.957265E+1
3.411820E+2	3.228600E+2	3.591030E+1	5.347359E+0	1.278700E-6	NaN	1.278700E-5	5.300500E-1	1.954469E+1
3.448640E+2	3.232200E+2	3.587031E+1	5.361998E+0	1.303720E-6	NaN	1.303720E-5	5.298486E-1	1.952080E+1
3.489640E+2	3.236900E+2	3.581822E+1	5.403284E+0	1.332070E-6	NaN	1.332070E-5	5.295317E-1	1.949239E+1
3.543370E+2	3.240500E+2	3.577843E+1	5.499703E+0	1.370790E-6	NaN	1.370790E-5	5.289038E-1	1.945171E+1
3.586070E+2	3.246900E+2	3.570791E+1	5.458482E+0	1.402380E-6	NaN	1.402380E-5	5.287275E-1	1.942760E+1
3.653540E+2	3.250500E+2	3.566836E+1	5.597798E+0	1.453050E-6	NaN	1.453050E-5	5.277532E-1	1.937255E+1
3.692730E+2	3.254200E+2	3.562780E+1	5.526717E+0	1.482830E-6	NaN	1.482830E-5	5.278663E-1	1.935724E+1
3.730040E+2	3.257700E+2	3.558953E+1	5.480438E+0	1.511320E-6	NaN	1.511320E-5	5.278761E-1	1.933802E+1
3.775680E+2	3.262000E+2	3.554261E+1	5.446996E+0	1.547160E-6	NaN	1.547160E-5	5.278650E-1	1.931797E+1
3.823390E+2	3.265400E+2	3.550560E+1	5.432590E+0	1.584290E-6	NaN	1.584290E-5	5.276770E-1	1.929120E+1
3.859740E+2	3.268700E+2	3.546976E+1	5.362593E+0	1.613060E-6	NaN	1.613060E-5	5.277496E-1	1.927416E+1
3.903080E+2	3.272200E+2	3.543182E+1	5.330681E+0	1.647700E-6	NaN	1.647700E-5	5.277624E-1	1.925505E+1
3.942790E+2	3.274700E+2	3.540477E+1	5.280813E+0	1.679850E-6	NaN	1.679850E-5	5.277929E-1	1.923670E+1
3.976160E+2	3.278100E+2	3.536805E+1	5.153773E+0	1.706730E-6	NaN	1.706730E-5	5.280852E-1	1.922842E+1
4.009650E+2	3.280600E+2	3.534110E+1	5.067396E+0	1.734770E-6	NaN	1.734770E-5	5.282186E-1	1.921427E+1
4.042520E+2	3.283200E+2	3.531311E+1	5.024902E+0	1.762420E-6	NaN	1.762420E-5	5.284075E-1	1.920261E+1
4.075030E+2	3.285700E+2	3.528624E+1	4.902645E+0	1.790270E-6	NaN	1.790270E-5	5.286440E-1	1.919301E+1
4.107820E+2	3.288300E+2	3.525834E+1	4.958462E+0	1.818840E-6	NaN	1.818840E-5	5.288493E-1	1.918272E+1
4.138470E+2	3.290800E+2	3.523155E+1	4.877957E+0	1.846200E-6	NaN	1.846200E-5	5.290678E-1	1.917317E+1
4.169100E+2	3.293600E+2	3.520160E+1	4.819714E+0	1.873620E-6	NaN	1.873620E-5	5.293268E-1	1.916532E+1
4.198570E+2	3.296200E+2	3.517384E+1	4.806733E+0	1.901100E-6	NaN	1.901100E-5	5.297707E-1	1.916379E+1
4.230250E+2	3.299600E+2	3.513759E+1	4.855662E+0	1.930920E-6	NaN	1.930920E-5	5.301406E-1	1.915973E+1
4.261240E+2	3.302100E+2	3.511099E+1	4.925119E+0	1.959870E-6	NaN	1.959870E-5	5.303072E-1	1.914811E+1
4.295340E+2	3.305500E+2	3.507488E+1	5.016851E+0	1.992760E-6	NaN	1.992760E-5	5.305222E-1	1.913840E+1
4.332480E+2	3.308100E+2	3.504731E+1	5.144881E+0	2.029420E-6	NaN	2.029420E-5	5.306503E-1	1.912532E+1
4.363330E+2	3.310800E+2	3.501873E+1	5.156399E+0	2.059830E-6	NaN	2.059830E-5	5.306780E-1	1.910932E+1
4.393450E+2	3.314400E+2	3.498069E+1	5.218519E+0	2.089800E-6	NaN	2.089800E-5	5.307022E-1	1.909330E+1
4.434030E+2	3.316900E+2	3.495432E+1	5.328681E+0	2.131400E-6	NaN	2.131400E-5	5.305027E-1	1.906894E+1
4.469620E+2	3.319500E+2	3.492695E+1	5.332993E+0	2.168400E-6	NaN	2.168400E-5	5.306034E-1	1.905563E+1
4.502880E+2	3.323000E+2	3.489016E+1	5.278030E+0	2.203600E-6	NaN	2.203600E-5	5.305928E-1	1.903899E+1
4.535070E+2	3.325700E+2	3.486183E+1	5.255882E+0	2.238900E-6	NaN	2.238900E-5	5.305835E-1	1.902211E+1
4.565630E+2	3.328400E+2	3.483355E+1	5.210963E+0	2.273200E-6	NaN	2.273200E-5	5.306978E-1	1.900975E+1
4.599960E+2	3.332000E+2	3.479592E+1	5.175540E+0	2.311500E-6	NaN	2.311500E-5	5.307073E-1	1.899412E+1
4.638560E+2	3.334800E+2	3.476670E+1	5.180224E+0	2.356900E-6	NaN	2.356900E-5	5.306262E-1	1.897502E+1
4.672830E+2	3.338400E+2	3.472921E+1	5.187617E+0	2.397200E-6	NaN	2.397200E-5	5.305774E-1	1.895758E+1
4.706210E+2	3.341100E+2	3.470115E+1	5.225333E+0	2.436900E-6	NaN	2.436900E-5	5.304556E-1	1.893759E+1
4.739160E+2	3.343700E+2	3.467416E+1	5.277592E+0	2.477000E-6	NaN	2.477000E-5	5.304741E-1	1.892275E+1
4.770580E+2	3.346400E+2	3.464619E+1	5.263022E+0	2.514800E-6	NaN	2.514800E-5	5.306627E-1	1.891411E+1
4.804760E+2	3.348900E+2	3.462032E+1	5.245114E+0	2.557100E-6	NaN	2.557100E-5	5.309467E-1	1.890891E+1
4.834220E+2	3.351500E+2	3.459347E+1	5.273949E+0	2.593300E-6	NaN	2.593300E-5	5.313812E-1	1.890921E+1
4.864770E+2	3.354100E+2	3.456665E+1	5.236306E+0	2.630700E-6	NaN	2.630700E-5	5.317850E-1	1.890849E+1
4.893970E+2	3.356800E+2	3.453885E+1	5.156451E+0	2.667200E-6	NaN	2.667200E-5	5.321451E-1	1.890626E+1
4.923940E+2	3.359300E+2	3.451314E+1	5.132534E+0	2.704800E-6	NaN	2.704800E-5	5.324792E-1	1.890302E+1
4.953720E+2	3.361800E+2	3.448748E+1	5.094009E+0	2.742300E-6	NaN	2.742300E-5	5.327970E-1	1.889925E+1
4.986020E+2	3.365200E+2	3.445263E+1	5.052005E+0	2.783100E-6	NaN	2.783100E-5	5.331016E-1	1.889498E+1
5.024170E+2	3.368500E+2	3.441888E+1	5.112181E+0	2.832300E-6	NaN	2.832300E-5	5.331580E-1	1.888159E+1
5.063010E+2	3.371000E+2	3.439336E+1	5.131154E+0	2.883000E-6	NaN	2.883000E-5	5.331619E-1	1.886608E+1
5.092970E+2	3.373600E+2	3.436685E+1	5.136752E+0	2.922100E-6	NaN	2.922100E-5	5.336258E-1	1.886647E+1
5.124330E+2	3.376100E+2	3.434140E+1	5.142189E+0	2.963900E-6	NaN	2.963900E-5	5.340204E-1	1.886429E+1
5.154150E+2	3.378600E+2	3.431599E+1	5.123494E+0	3.004600E-6	NaN	3.004600E-5	5.343495E-1	1.885978E+1
5.182630E+2	3.381200E+2	3.428960E+1	5.110011E+0	3.043900E-6	NaN	3.043900E-5	5.346657E-1	1.885469E+1
5.213260E+2	3.383700E+2	3.426427E+1	5.081633E+0	3.086500E-6	NaN	3.086500E-5	5.349886E-1	1.884958E+1
5.243780E+2	3.386200E+2	3.423897E+1	5.051482E+0	3.130300E-6	NaN	3.130300E-5	5.353967E-1	1.884726E+1
5.274280E+2	3.388800E+2	3.421270E+1	5.014819E+0	3.174200E-6	NaN	3.174200E-5	5.358178E-1	1.884517E+1
5.305060E+2	3.391400E+2	3.418647E+1	4.997172E+0	3.219900E-6	NaN	3.219900E-5	5.361972E-1	1.884134E+1
5.336860E+2	3.394100E+2	3.415928E+1	4.977222E+0	3.266100E-6	NaN	3.266100E-5	5.365908E-1	1.883766E+1
5.366900E+2	3.396700E+2	3.413313E+1	4.956467E+0	3.311200E-6	NaN	3.311200E-5	5.369554E-1	1.883256E+1
5.397860E+2	3.399200E+2	3.410803E+1	5.003339E+0	3.358500E-6	NaN	3.358500E-5	5.372185E-1	1.882355E+1
5.429180E+2	3.401900E+2	3.408095E+1	5.059890E+0	3.407100E-6	NaN	3.407100E-5	5.375380E-1	1.881609E+1
5.461510E+2	3.405300E+2	3.404693E+1	5.061111E+0	3.457700E-6	NaN	3.457700E-5	5.376021E-1	1.879967E+1
5.492870E+2	3.407800E+2	3.402195E+1	5.119833E+0	3.508000E-6	NaN	3.508000E-5	5.374491E-1	1.877526E+1
5.526510E+2	3.410400E+2	3.399601E+1	5.145318E+0	3.561600E-6	NaN	3.561600E-5	5.375084E-1	1.875824E+1
5.557850E+2	3.413800E+2	3.396215E+1	5.142685E+0	3.613300E-6	NaN	3.613300E-5	5.375081E-1	1.873921E+1
5.592940E+2	3.418300E+2	3.391744E+1	5.208549E+0	3.671200E-6	NaN	3.671200E-5	5.368952E-1	1.869924E+1
5.646680E+2	3.421000E+2	3.389068E+1	5.367782E+0	3.762500E-6	NaN	3.762500E-5	5.362838E-1	1.865853E+1
5.681280E+2	3.423700E+2	3.386395E+1	5.334781E+0	3.824600E-6	NaN	3.824600E-5	5.353121E-1	1.860728E+1
5.712920E+2	3.427100E+2	3.383035E+1	5.282736E+0	3.880700E-6	NaN	3.880700E-5	5.353085E-1	1.858976E+1
5.744130E+2	3.429900E+2	3.380273E+1	5.282084E+0	3.937800E-6	NaN	3.937800E-5	5.350224E-1	1.856248E+1
5.780570E+2	3.432500E+2	3.377713E+1	5.280225E+0	4.004900E-6	NaN	4.004900E-5	5.346347E-1	1.853197E+1
5.814490E+2	3.436000E+2	3.374272E+1	5.236327E+0	4.067900E-6	NaN	4.067900E-5	5.343243E-1	1.850492E+1
5.849470E+2	3.438800E+2	3.371525E+1	5.217256E+0	4.134400E-6	NaN	4.134400E-5	5.340808E-1	1.848009E+1
5.879580E+2	3.441400E+2	3.368978E+1	5.174644E+0	4.191800E-6	NaN	4.191800E-5	5.338529E-1	1.845610E+1
5.909920E+2	3.443900E+2	3.366532E+1	5.169992E+0	4.248500E-6	NaN	4.248500E-5	5.336876E-1	1.843468E+1
5.940130E+2	3.446500E+2	3.363992E+1	5.141249E+0	4.306800E-6	NaN	4.306800E-5	5.338278E-1	1.842378E+1
5.968710E+2	3.449000E+2	3.361554E+1	5.083620E+0	4.361400E-6	NaN	4.361400E-5	5.337510E-1	1.840579E+1
5.998890E+2	3.451500E+2	3.359119E+1	5.075570E+0	4.418500E-6	NaN	4.418500E-5	5.337579E-1	1.839069E+1
6.029630E+2	3.454000E+2	3.356688E+1	5.201367E+0	4.478400E-6	NaN	4.478400E-5	5.338162E-1	1.837740E+1
6.060380E+2	3.456500E+2	3.354260E+1	5.167826E+0	4.537200E-6	NaN	4.537200E-5	5.339831E-1	1.836783E+1
6.090600E+2	3.459100E+2	3.351739E+1	5.097223E+0	4.596500E-6	NaN	4.596500E-5	5.342152E-1	1.836049E+1
6.121710E+2	3.461600E+2	3.349318E+1	5.082389E+0	4.656500E-6	NaN	4.656500E-5	5.344657E-1	1.835367E+1
6.154970E+2	3.464000E+2	3.346998E+1	5.071118E+0	4.722900E-6	NaN	4.722900E-5	5.346503E-1	1.834467E+1
6.186410E+2	3.467300E+2	3.343812E+1	4.986452E+0	4.785300E-6	NaN	4.785300E-5	5.349240E-1	1.833875E+1
6.218340E+2	3.469800E+2	3.341403E+1	5.011193E+0	4.850000E-6	NaN	4.850000E-5	5.347442E-1	1.831732E+1
6.251750E+2	3.472200E+2	3.339093E+1	5.009035E+0	4.917800E-6	NaN	4.917800E-5	5.346372E-1	1.829835E+1
6.280300E+2	3.474700E+2	3.336691E+1	4.982158E+0	4.977800E-6	NaN	4.977800E-5	5.344535E-1	1.827718E+1
6.312730E+2	3.477400E+2	3.334100E+1	4.965574E+0	5.046500E-6	NaN	5.046500E-5	5.344389E-1	1.826171E+1
6.342780E+2	3.479900E+2	3.331705E+1	4.957012E+0	5.111700E-6	NaN	5.111700E-5	5.343926E-1	1.824512E+1
6.372790E+2	3.482400E+2	3.329313E+1	4.960071E+0	5.175600E-6	NaN	5.175600E-5	5.339818E-1	1.821657E+1
6.401870E+2	3.484900E+2	3.326925E+1	4.965277E+0	5.240900E-6	NaN	5.240900E-5	5.338879E-1	1.819871E+1
6.432700E+2	3.487500E+2	3.324444E+1	4.974046E+0	5.311200E-6	NaN	5.311200E-5	5.339446E-1	1.818591E+1
6.462890E+2	3.490100E+2	3.321968E+1	4.981319E+0	5.380000E-6	NaN	5.380000E-5	5.337876E-1	1.816619E+1
6.495410E+2	3.493500E+2	3.318735E+1	5.002597E+0	5.454000E-6	NaN	5.454000E-5	5.336553E-1	1.814730E+1
6.532790E+2	3.496000E+2	3.316362E+1	5.068294E+0	5.542700E-6	NaN	5.542700E-5	5.333181E-1	1.812113E+1
6.563150E+2	3.498800E+2	3.313708E+1	5.043674E+0	5.614700E-6	NaN	5.614700E-5	5.329754E-1	1.809530E+1
6.594250E+2	3.501300E+2	3.311342E+1	5.092993E+0	5.689500E-6	NaN	5.689500E-5	5.327942E-1	1.807487E+1
6.626370E+2	3.503800E+2	3.308979E+1	5.118979E+0	5.769000E-6	NaN	5.769000E-5	5.324604E-1	1.804975E+1
6.658710E+2	3.506300E+2	3.306620E+1	5.095432E+0	5.848700E-6	NaN	5.848700E-5	5.322857E-1	1.803012E+1
6.688590E+2	3.508800E+2	3.304264E+1	5.063504E+0	5.920800E-6	NaN	5.920800E-5	5.322930E-1	1.801667E+1
6.720760E+2	3.511400E+2	3.301817E+1	5.032227E+0	6.002800E-6	NaN	6.002800E-5	5.322927E-1	1.800301E+1
6.751810E+2	3.514000E+2	3.299374E+1	4.994227E+0	6.083100E-6	NaN	6.083100E-5	5.325152E-1	1.799680E+1
6.782680E+2	3.517700E+2	3.295904E+1	4.957348E+0	6.162900E-6	NaN	6.162900E-5	5.327400E-1	1.799063E+1
6.814500E+2	3.520300E+2	3.293469E+1	5.006793E+0	6.248900E-6	NaN	6.248900E-5	5.326442E-1	1.797316E+1
6.844300E+2	3.523000E+2	3.290945E+1	5.041705E+0	6.330300E-6	NaN	6.330300E-5	5.325452E-1	1.795566E+1
6.875010E+2	3.525600E+2	3.288518E+1	5.087093E+0	6.414900E-6	NaN	6.414900E-5	5.324419E-1	1.793792E+1
6.909190E+2	3.528300E+2	3.286002E+1	5.183776E+0	6.510500E-6	NaN	6.510500E-5	5.323735E-1	1.792131E+1
6.937930E+2	3.530900E+2	3.283582E+1	5.206805E+0	6.590600E-6	NaN	6.590600E-5	5.321487E-1	1.789977E+1
6.968590E+2	3.533500E+2	3.281166E+1	5.257191E+0	6.679600E-6	NaN	6.679600E-5	5.318517E-1	1.787607E+1
6.998860E+2	3.536100E+2	3.278753E+1	5.291903E+0	6.765000E-6	NaN	6.765000E-5	5.318517E-1	1.786227E+1
7.029810E+2	3.538800E+2	3.276252E+1	5.303306E+0	6.851400E-6	NaN	6.851400E-5	5.318054E-1	1.784692E+1
7.058360E+2	3.541300E+2	3.273939E+1	5.288831E+0	6.933700E-6	NaN	6.933700E-5	5.317665E-1	1.783172E+1
7.086790E+2	3.542900E+2	3.272460E+1	5.264047E+0	7.017000E-6	NaN	7.017000E-5	5.317175E-1	1.781616E+1
7.115020E+2	3.545400E+2	3.270153E+1	5.151937E+0	7.097400E-6	NaN	7.097400E-5	5.318502E-1	1.780704E+1
7.144460E+2	3.547800E+2	3.267941E+1	5.035835E+0	7.184300E-6	NaN	7.184300E-5	5.319533E-1	1.779684E+1
7.173980E+2	3.550200E+2	3.265732E+1	5.000308E+0	7.268200E-6	NaN	7.268200E-5	5.321218E-1	1.778877E+1
7.204000E+2	3.552600E+2	3.263525E+1	4.955117E+0	7.354800E-6	NaN	7.354800E-5	5.322782E-1	1.778025E+1
7.235850E+2	3.555000E+2	3.261322E+1	4.921891E+0	7.449000E-6	NaN	7.449000E-5	5.324646E-1	1.777269E+1
7.267480E+2	3.557600E+2	3.258939E+1	4.877329E+0	7.543100E-6	NaN	7.543100E-5	5.326984E-1	1.776670E+1
7.296590E+2	3.560200E+2	3.256559E+1	4.827289E+0	7.630200E-6	NaN	7.630200E-5	5.329103E-1	1.775986E+1
7.326620E+2	3.562600E+2	3.254365E+1	4.817642E+0	7.721400E-6	NaN	7.721400E-5	5.331071E-1	1.775230E+1
7.358010E+2	3.565100E+2	3.252083E+1	4.812869E+0	7.818100E-6	NaN	7.818100E-5	5.333180E-1	1.774518E+1
7.388260E+2	3.567600E+2	3.249804E+1	4.817095E+0	7.911100E-6	NaN	7.911100E-5	5.333100E-1	1.773103E+1
7.418370E+2	3.570200E+2	3.247437E+1	4.843483E+0	8.008800E-6	NaN	8.008800E-5	5.333572E-1	1.771856E+1
7.448190E+2	3.572700E+2	3.245165E+1	4.901287E+0	8.105300E-6	NaN	8.105300E-5	5.334786E-1	1.770838E+1
7.479220E+2	3.575200E+2	3.242896E+1	4.906574E+0	8.204800E-6	NaN	8.204800E-5	5.333304E-1	1.768954E+1
7.509260E+2	3.578600E+2	3.239814E+1	4.922593E+0	8.304300E-6	NaN	8.304300E-5	5.326189E-1	1.765284E+1
7.541730E+2	3.581200E+2	3.237462E+1	5.009026E+0	8.413100E-6	NaN	8.413100E-5	5.323272E-1	1.762956E+1
7.572240E+2	3.583700E+2	3.235204E+1	5.077102E+0	8.517000E-6	NaN	8.517000E-5	5.322249E-1	1.761254E+1
7.601560E+2	3.585300E+2	3.233760E+1	5.127949E+0	8.617000E-6	NaN	8.617000E-5	5.319112E-1	1.758888E+1
7.631000E+2	3.587900E+2	3.231417E+1	5.086262E+0	8.719400E-6	NaN	8.719400E-5	5.318512E-1	1.757406E+1
7.659070E+2	3.590400E+2	3.229167E+1	5.055019E+0	8.817700E-6	NaN	8.817700E-5	5.319743E-1	1.756518E+1
7.688460E+2	3.592900E+2	3.226920E+1	5.051742E+0	8.920800E-6	NaN	8.920800E-5	5.318569E-1	1.754871E+1
7.717980E+2	3.595500E+2	3.224586E+1	5.043134E+0	9.026000E-6	NaN	9.026000E-5	5.318273E-1	1.753519E+1
7.748480E+2	3.598200E+2	3.222167E+1	5.032337E+0	9.133100E-6	NaN	9.133100E-5	5.317694E-1	1.752072E+1
7.777440E+2	3.600700E+2	3.219929E+1	5.025925E+0	9.239900E-6	NaN	9.239900E-5	5.316729E-1	1.750489E+1
7.807350E+2	3.603200E+2	3.217695E+1	5.026224E+0	9.349500E-6	NaN	9.349500E-5	5.315721E-1	1.748893E+1
7.836500E+2	3.605800E+2	3.215375E+1	5.020273E+0	9.456300E-6	NaN	9.456300E-5	5.314446E-1	1.747209E+1
7.865730E+2	3.608300E+2	3.213147E+1	5.011397E+0	9.565800E-6	NaN	9.565800E-5	5.312608E-1	1.745335E+1
7.894920E+2	3.610900E+2	3.210834E+1	5.080126E+0	9.677600E-6	NaN	9.677600E-5	5.311003E-1	1.743535E+1
7.924420E+2	3.613500E+2	3.208524E+1	5.151787E+0	9.790900E-6	NaN	9.790900E-5	5.309126E-1	1.741640E+1
7.954340E+2	3.616000E+2	3.206305E+1	5.226204E+0	9.909900E-6	NaN	9.909900E-5	5.306609E-1	1.739534E+1
7.985200E+2	3.618700E+2	3.203913E+1	5.216508E+0	1.003360E-5	NaN	1.003360E-4	5.304463E-1	1.737549E+1
8.015160E+2	3.621500E+2	3.201436E+1	5.211507E+0	1.016040E-5	NaN	1.016040E-4	5.303549E-1	1.735952E+1
8.046250E+2	3.624100E+2	3.199139E+1	5.227233E+0	1.028720E-5	NaN	1.028720E-4	5.299568E-1	1.733376E+1
8.077980E+2	3.626700E+2	3.196846E+1	5.227729E+0	1.042160E-5	NaN	1.042160E-4	5.296242E-1	1.731011E+1
8.109110E+2	3.629300E+2	3.194555E+1	5.217473E+0	1.055180E-5	NaN	1.055180E-4	5.294722E-1	1.729230E+1
8.140440E+2	3.631800E+2	3.192356E+1	5.204815E+0	1.068320E-5	NaN	1.068320E-4	5.293001E-1	1.727382E+1
8.171100E+2	3.634400E+2	3.190073E+1	5.177074E+0	1.081290E-5	NaN	1.081290E-4	5.291798E-1	1.725711E+1
8.202410E+2	3.636900E+2	3.187880E+1	5.142545E+0	1.094210E-5	NaN	1.094210E-4	5.290696E-1	1.724069E+1
8.234050E+2	3.639300E+2	3.185777E+1	5.103398E+0	1.107850E-5	NaN	1.107850E-4	5.289607E-1	1.722431E+1
8.264380E+2	3.641900E+2	3.183503E+1	5.044621E+0	1.120440E-5	NaN	1.120440E-4	5.289307E-1	1.721055E+1
8.294120E+2	3.644400E+2	3.181319E+1	5.002703E+0	1.132950E-5	NaN	1.132950E-4	5.288603E-1	1.719544E+1
8.323410E+2	3.646800E+2	3.179226E+1	4.972104E+0	1.145490E-5	NaN	1.145490E-4	5.287383E-1	1.717866E+1
8.353800E+2	3.649300E+2	3.177048E+1	4.937525E+0	1.158680E-5	NaN	1.158680E-4	5.283512E-1	1.715368E+1
8.384260E+2	3.651700E+2	3.174960E+1	4.910899E+0	1.171610E-5	NaN	1.171610E-4	5.282165E-1	1.713684E+1
8.413950E+2	3.654100E+2	3.172874E+1	4.902099E+0	1.184410E-5	NaN	1.184410E-4	5.279985E-1	1.711747E+1
8.442020E+2	3.656600E+2	3.170705E+1	4.896035E+0	1.196530E-5	NaN	1.196530E-4	5.278176E-1	1.709931E+1
8.472430E+2	3.659000E+2	3.168625E+1	4.906636E+0	1.210070E-5	NaN	1.210070E-4	5.276470E-1	1.708145E+1
8.500770E+2	3.661700E+2	3.166289E+1	4.914098E+0	1.222990E-5	NaN	1.222990E-4	5.275921E-1	1.706734E+1
8.530700E+2	3.664100E+2	3.164215E+1	4.945255E+0	1.236160E-5	NaN	1.236160E-4	5.274046E-1	1.704885E+1
8.559360E+2	3.666600E+2	3.162057E+1	4.975984E+0	1.249390E-5	NaN	1.249390E-4	5.272709E-1	1.703214E+1
8.591130E+2	3.669100E+2	3.159903E+1	5.009445E+0	1.264210E-5	NaN	1.264210E-4	5.271233E-1	1.701499E+1
8.620720E+2	3.671600E+2	3.157751E+1	5.010291E+0	1.278110E-5	NaN	1.278110E-4	5.266160E-1	1.698675E+1
8.651790E+2	3.674200E+2	3.155517E+1	5.019883E+0	1.293170E-5	NaN	1.293170E-4	5.261519E-1	1.695996E+1
8.683240E+2	3.676700E+2	3.153371E+1	5.032156E+0	1.308470E-5	NaN	1.308470E-4	5.256541E-1	1.693218E+1
8.713640E+2	3.679300E+2	3.151143E+1	5.031102E+0	1.323770E-5	NaN	1.323770E-4	5.252228E-1	1.690662E+1
8.742990E+2	3.682000E+2	3.148832E+1	5.033449E+0	1.338560E-5	NaN	1.338560E-4	5.248970E-1	1.688451E+1
8.774420E+2	3.684500E+2	3.146696E+1	5.042794E+0	1.354510E-5	NaN	1.354510E-4	5.244572E-1	1.685876E+1
8.802940E+2	3.687000E+2	3.144562E+1	5.030646E+0	1.368940E-5	NaN	1.368940E-4	5.241145E-1	1.683621E+1
8.835790E+2	3.689500E+2	3.142431E+1	5.037408E+0	1.385810E-5	NaN	1.385810E-4	5.237285E-1	1.681236E+1
8.865640E+2	3.691900E+2	3.140388E+1	5.009683E+0	1.401080E-5	NaN	1.401080E-4	5.233850E-1	1.679002E+1
8.893490E+2	3.694400E+2	3.138263E+1	5.002575E+0	1.415200E-5	NaN	1.415200E-4	5.230379E-1	1.676767E+1
8.923420E+2	3.696000E+2	3.136905E+1	5.003492E+0	1.430860E-5	NaN	1.430860E-4	5.229161E-1	1.675221E+1
8.952580E+2	3.698500E+2	3.134784E+1	4.946190E+0	1.446510E-5	NaN	1.446510E-4	5.230208E-1	1.674436E+1
8.982770E+2	3.701300E+2	3.132413E+1	4.893173E+0	1.462890E-5	NaN	1.462890E-4	5.231465E-1	1.673712E+1
9.011260E+2	3.703900E+2	3.130214E+1	4.873986E+0	1.478770E-5	NaN	1.478770E-4	5.231875E-1	1.672702E+1
9.040490E+2	3.706500E+2	3.128018E+1	4.879307E+0	1.495380E-5	NaN	1.495380E-4	5.231963E-1	1.671581E+1
9.070500E+2	3.709200E+2	3.125741E+1	4.890032E+0	1.512260E-5	NaN	1.512260E-4	5.232729E-1	1.670668E+1
9.102700E+2	3.711800E+2	3.123552E+1	4.922399E+0	1.531220E-5	NaN	1.531220E-4	5.233080E-1	1.669617E+1
9.132030E+2	3.714400E+2	3.121365E+1	4.970536E+0	1.548570E-5	NaN	1.548570E-4	5.233439E-1	1.668572E+1
9.161580E+2	3.717000E+2	3.119182E+1	5.022103E+0	1.565740E-5	NaN	1.565740E-4	5.233974E-1	1.667577E+1
9.191960E+2	3.719600E+2	3.117002E+1	5.094765E+0	1.583730E-5	NaN	1.583730E-4	5.234616E-1	1.666611E+1
9.221160E+2	3.722300E+2	3.114741E+1	5.147854E+0	1.601180E-5	NaN	1.601180E-4	5.235220E-1	1.665629E+1
9.251280E+2	3.724800E+2	3.112650E+1	5.207054E+0	1.618760E-5	NaN	1.618760E-4	5.235115E-1	1.664419E+1
9.282210E+2	3.727200E+2	3.110646E+1	5.271319E+0	1.636680E-5	NaN	1.636680E-4	5.235104E-1	1.663239E+1
9.310570E+2	3.729700E+2	3.108561E+1	5.231893E+0	1.653510E-5	NaN	1.653510E-4	5.235782E-1	1.662281E+1
9.342010E+2	3.732100E+2	3.106562E+1	5.192220E+0	1.671840E-5	NaN	1.671840E-4	5.232802E-1	1.660198E+1
9.371990E+2	3.734500E+2	3.104566E+1	5.141817E+0	1.689370E-5	NaN	1.689370E-4	5.230738E-1	1.658416E+1
9.401900E+2	3.736900E+2	3.102572E+1	5.092655E+0	1.706810E-5	NaN	1.706810E-4	5.228968E-1	1.656732E+1
9.433840E+2	3.739400E+2	3.100497E+1	5.043777E+0	1.725630E-5	NaN	1.725630E-4	5.230287E-1	1.655995E+1
9.461910E+2	3.742000E+2	3.098343E+1	4.996208E+0	1.742430E-5	NaN	1.742430E-4	5.231415E-1	1.655201E+1
9.490940E+2	3.744300E+2	3.096440E+1	4.962927E+0	1.759890E-5	NaN	1.759890E-4	5.230986E-1	1.653908E+1
9.520490E+2	3.746800E+2	3.094374E+1	4.930758E+0	1.777740E-5	NaN	1.777740E-4	5.230550E-1	1.652620E+1
9.549700E+2	3.749200E+2	3.092393E+1	4.913769E+0	1.795340E-5	NaN	1.795340E-4	5.229270E-1	1.651067E+1
9.580640E+2	3.751700E+2	3.090332E+1	4.901807E+0	1.815100E-5	NaN	1.815100E-4	5.226996E-1	1.649211E+1
9.609900E+2	3.754100E+2	3.088357E+1	4.911186E+0	1.833560E-5	NaN	1.833560E-4	5.224848E-1	1.647395E+1
9.640310E+2	3.756600E+2	3.086301E+1	4.924534E+0	1.853020E-5	NaN	1.853020E-4	5.222682E-1	1.645577E+1
9.671050E+2	3.759200E+2	3.084167E+1	4.927386E+0	1.873410E-5	NaN	1.873410E-4	5.219806E-1	1.643540E+1
9.700790E+2	3.761700E+2	3.082117E+1	4.952098E+0	1.892980E-5	NaN	1.892980E-4	5.216692E-1	1.641426E+1
9.730640E+2	3.763500E+2	3.080643E+1	4.965865E+0	1.913280E-5	NaN	1.913280E-4	5.212986E-1	1.639131E+1
9.759570E+2	3.766000E+2	3.078598E+1	4.921397E+0	1.932680E-5	NaN	1.932680E-4	5.211184E-1	1.637464E+1
9.789850E+2	3.768500E+2	3.076556E+1	4.887976E+0	1.953220E-5	NaN	1.953220E-4	5.209273E-1	1.635760E+1
9.818200E+2	3.771000E+2	3.074516E+1	4.848791E+0	1.972890E-5	NaN	1.972890E-4	5.207184E-1	1.634007E+1
9.848230E+2	3.773600E+2	3.072398E+1	4.851061E+0	1.993970E-5	NaN	1.993970E-4	5.204280E-1	1.632007E+1
9.878180E+2	3.776100E+2	3.070364E+1	4.859542E+0	2.014690E-5	NaN	2.014690E-4	5.201346E-1	1.629998E+1
9.908300E+2	3.778600E+2	3.068332E+1	4.878498E+0	2.036120E-5	NaN	2.036120E-4	5.199004E-1	1.628177E+1
9.937640E+2	3.781100E+2	3.066303E+1	4.900810E+0	2.056930E-5	NaN	2.056930E-4	5.197040E-1	1.626479E+1
9.968430E+2	3.784500E+2	3.063549E+1	4.927153E+0	2.078610E-5	NaN	2.078610E-4	5.195519E-1	1.624918E+1
1.000383E+3	3.787000E+2	3.061526E+1	5.020323E+0	2.103400E-5	NaN	2.103400E-4	5.191178E-1	1.622450E+1
1.003452E+3	3.789400E+2	3.059587E+1	5.067595E+0	2.125600E-5	NaN	2.125600E-4	5.188369E-1	1.620466E+1
1.006445E+3	3.791900E+2	3.057570E+1	5.102836E+0	2.147000E-5	NaN	2.147000E-4	5.187163E-1	1.618985E+1
1.009571E+3	3.794500E+2	3.055475E+1	5.140855E+0	2.170300E-5	NaN	2.170300E-4	5.185277E-1	1.617298E+1
1.012528E+3	3.797000E+2	3.053463E+1	5.118890E+0	2.192700E-5	NaN	2.192700E-4	5.183218E-1	1.615559E+1
1.015857E+3	3.799700E+2	3.051294E+1	5.100524E+0	2.218700E-5	NaN	2.218700E-4	5.181217E-1	1.613838E+1
1.018900E+3	3.802300E+2	3.049207E+1	5.067478E+0	2.243000E-5	NaN	2.243000E-4	5.179829E-1	1.612306E+1
1.021858E+3	3.805100E+2	3.046963E+1	5.045512E+0	2.266900E-5	NaN	2.266900E-4	5.178781E-1	1.610877E+1
1.024939E+3	3.807800E+2	3.044803E+1	5.051590E+0	2.291800E-5	NaN	2.291800E-4	5.177028E-1	1.609220E+1
1.027880E+3	3.810400E+2	3.042725E+1	5.059252E+0	2.316000E-5	NaN	2.316000E-4	5.174267E-1	1.607250E+1
1.030832E+3	3.813000E+2	3.040650E+1	5.066713E+0	2.340800E-5	NaN	2.340800E-4	5.171753E-1	1.605354E+1
1.033779E+3	3.815500E+2	3.038658E+1	5.076949E+0	2.364600E-5	NaN	2.364600E-4	5.168016E-1	1.603090E+1
1.037130E+3	3.818000E+2	3.036668E+1	5.153448E+0	2.391800E-5	NaN	2.391800E-4	5.164128E-1	1.600781E+1
1.040092E+3	3.820500E+2	3.034681E+1	5.162491E+0	2.415900E-5	NaN	2.415900E-4	5.160734E-1	1.598635E+1
1.043348E+3	3.823100E+2	3.032618E+1	5.154881E+0	2.442500E-5	NaN	2.442500E-4	5.157648E-1	1.596588E+1
1.046477E+3	3.826300E+2	3.030081E+1	5.130880E+0	2.467800E-5	NaN	2.467800E-4	5.154615E-1	1.594561E+1
1.050356E+3	3.828700E+2	3.028182E+1	5.145334E+0	2.498900E-5	NaN	2.498900E-4	5.149468E-1	1.591865E+1
1.053413E+3	3.831100E+2	3.026285E+1	5.082691E+0	2.523700E-5	NaN	2.523700E-4	5.147082E-1	1.590036E+1
1.056320E+3	3.833500E+2	3.024390E+1	5.003320E+0	2.547500E-5	NaN	2.547500E-4	5.144843E-1	1.588265E+1
1.059179E+3	3.835900E+2	3.022498E+1	4.929704E+0	2.571000E-5	NaN	2.571000E-4	5.141608E-1	1.586201E+1
1.062255E+3	3.838300E+2	3.020608E+1	4.886312E+0	2.596500E-5	NaN	2.596500E-4	5.138548E-1	1.584198E+1
1.065214E+3	3.840700E+2	3.018721E+1	4.846483E+0	2.621400E-5	NaN	2.621400E-4	5.135238E-1	1.582127E+1
1.068323E+3	3.843200E+2	3.016757E+1	4.821489E+0	2.647900E-5	NaN	2.647900E-4	5.132785E-1	1.580327E+1
1.071175E+3	3.845900E+2	3.014639E+1	4.811852E+0	2.672700E-5	NaN	2.672700E-4	5.130633E-1	1.578620E+1
1.074352E+3	3.848300E+2	3.012759E+1	4.842138E+0	2.700700E-5	NaN	2.700700E-4	5.126480E-1	1.576297E+1
1.077556E+3	3.850900E+2	3.010725E+1	4.840107E+0	2.729300E-5	NaN	2.729300E-4	5.126220E-1	1.575146E+1
1.080484E+3	3.853200E+2	3.008928E+1	4.845463E+0	2.755400E-5	NaN	2.755400E-4	5.126081E-1	1.574030E+1
1.083494E+3	3.855800E+2	3.006899E+1	4.841278E+0	2.782600E-5	NaN	2.782600E-4	5.125461E-1	1.572785E+1
1.086334E+3	3.858300E+2	3.004950E+1	4.911608E+0	2.808900E-5	NaN	2.808900E-4	5.123984E-1	1.571280E+1
1.089280E+3	3.860800E+2	3.003005E+1	4.934777E+0	2.836200E-5	NaN	2.836200E-4	5.121971E-1	1.569615E+1
1.092536E+3	3.863300E+2	3.001061E+1	4.953341E+0	2.866600E-5	NaN	2.866600E-4	5.119356E-1	1.567774E+1
1.095519E+3	3.865900E+2	2.999043E+1	4.956391E+0	2.895000E-5	NaN	2.895000E-4	5.118328E-1	1.566425E+1
1.098574E+3	3.868400E+2	2.997105E+1	4.974956E+0	2.923500E-5	NaN	2.923500E-4	5.116984E-1	1.564982E+1
1.101520E+3	3.871000E+2	2.995092E+1	4.979220E+0	2.951500E-5	NaN	2.951500E-4	5.115428E-1	1.563480E+1
1.104742E+3	3.873400E+2	2.993236E+1	4.990858E+0	2.982200E-5	NaN	2.982200E-4	5.113489E-1	1.561864E+1
1.107666E+3	3.875900E+2	2.991305E+1	4.971945E+0	3.010500E-5	NaN	3.010500E-4	5.111751E-1	1.560323E+1
1.110748E+3	3.878400E+2	2.989377E+1	4.989246E+0	3.040100E-5	NaN	3.040100E-4	5.109846E-1	1.558735E+1
1.113815E+3	3.881700E+2	2.986836E+1	4.984541E+0	3.069900E-5	NaN	3.069900E-4	5.108511E-1	1.557320E+1
1.117469E+3	3.884100E+2	2.984990E+1	5.033547E+0	3.105500E-5	NaN	3.105500E-4	5.104244E-1	1.554990E+1
1.120429E+3	3.886800E+2	2.982917E+1	5.012236E+0	3.134600E-5	NaN	3.134600E-4	5.102415E-1	1.553412E+1
1.123859E+3	3.889300E+2	2.980999E+1	5.016222E+0	3.168600E-5	NaN	3.168600E-4	5.099812E-1	1.551592E+1
1.126919E+3	3.891800E+2	2.979084E+1	5.001605E+0	3.199700E-5	NaN	3.199700E-4	5.098159E-1	1.550064E+1
1.129807E+3	3.894300E+2	2.977172E+1	4.991282E+0	3.229600E-5	NaN	3.229600E-4	5.096867E-1	1.548650E+1
1.132785E+3	3.896900E+2	2.975185E+1	4.974778E+0	3.261100E-5	NaN	3.261100E-4	5.094173E-1	1.546819E+1
1.135731E+3	3.899600E+2	2.973125E+1	4.977378E+0	3.292900E-5	NaN	3.292900E-4	5.091377E-1	1.544952E+1
1.138724E+3	3.902300E+2	2.971068E+1	4.994335E+0	3.326400E-5	NaN	3.326400E-4	5.087599E-1	1.542786E+1
1.141564E+3	3.904900E+2	2.969090E+1	5.035923E+0	3.357800E-5	NaN	3.357800E-4	5.083354E-1	1.540475E+1
1.144685E+3	3.907700E+2	2.966963E+1	5.065976E+0	3.393100E-5	NaN	3.393100E-4	5.078967E-1	1.538123E+1
1.147819E+3	3.910300E+2	2.964990E+1	5.106487E+0	3.428500E-5	NaN	3.428500E-4	5.074370E-1	1.535702E+1
1.151008E+3	3.912800E+2	2.963095E+1	5.127980E+0	3.464600E-5	NaN	3.464600E-4	5.070182E-1	1.533408E+1
1.154094E+3	3.916300E+2	2.960447E+1	5.193499E+0	3.498800E-5	NaN	3.498800E-4	5.066786E-1	1.531363E+1
1.157672E+3	3.919600E+2	2.957955E+1	5.267356E+0	3.538800E-5	NaN	3.538800E-4	5.060413E-1	1.528393E+1
1.161865E+3	3.922000E+2	2.956145E+1	5.362475E+0	3.585000E-5	NaN	3.585000E-4	5.055736E-1	1.525895E+1
1.165226E+3	3.924400E+2	2.954337E+1	5.304466E+0	3.621700E-5	NaN	3.621700E-4	5.054130E-1	1.524340E+1
1.168275E+3	3.927000E+2	2.952381E+1	5.203176E+0	3.655100E-5	NaN	3.655100E-4	5.053622E-1	1.523126E+1
1.171357E+3	3.929300E+2	2.950653E+1	5.114650E+0	3.689000E-5	NaN	3.689000E-4	5.052297E-1	1.521665E+1
1.174416E+3	3.931700E+2	2.948852E+1	5.014218E+0	3.721500E-5	NaN	3.721500E-4	5.051328E-1	1.520325E+1
1.177449E+3	3.934200E+2	2.946978E+1	4.923277E+0	3.755700E-5	NaN	3.755700E-4	5.050138E-1	1.518922E+1
1.180479E+3	3.936600E+2	2.945181E+1	4.849348E+0	3.789500E-5	NaN	3.789500E-4	5.048964E-1	1.517527E+1
1.183748E+3	3.939000E+2	2.943387E+1	4.787938E+0	3.826400E-5	NaN	3.826400E-4	5.047646E-1	1.516092E+1
1.186806E+3	3.942300E+2	2.940923E+1	4.727934E+0	3.861500E-5	NaN	3.861500E-4	5.043932E-1	1.513975E+1
1.190129E+3	3.944800E+2	2.939059E+1	4.731681E+0	3.900100E-5	NaN	3.900100E-4	5.038811E-1	1.511413E+1
1.193326E+3	3.947400E+2	2.937123E+1	4.709142E+0	3.938000E-5	NaN	3.938000E-4	5.034764E-1	1.509175E+1
1.196324E+3	3.949900E+2	2.935264E+1	4.771887E+0	3.973400E-5	NaN	3.973400E-4	5.030523E-1	1.506883E+1
1.199403E+3	3.952500E+2	2.933333E+1	4.889227E+0	4.010600E-5	NaN	4.010600E-4	5.026146E-1	1.504557E+1
1.202443E+3	3.955000E+2	2.931479E+1	4.937903E+0	4.047000E-5	NaN	4.047000E-4	5.021561E-1	1.502171E+1
1.205380E+3	3.957500E+2	2.929627E+1	4.959456E+0	4.083200E-5	NaN	4.083200E-4	5.017496E-1	1.499949E+1
1.208492E+3	3.960000E+2	2.927778E+1	4.995456E+0	4.121700E-5	NaN	4.121700E-4	5.013478E-1	1.497747E+1
1.211521E+3	3.962500E+2	2.925931E+1	5.007053E+0	4.159000E-5	NaN	4.159000E-4	5.009004E-1	1.495424E+1
1.214560E+3	3.965000E+2	2.924086E+1	5.007214E+0	4.196600E-5	NaN	4.196600E-4	5.004394E-1	1.493069E+1
1.217724E+3	3.967600E+2	2.922170E+1	5.004216E+0	4.236900E-5	NaN	4.236900E-4	4.999650E-1	1.490682E+1
1.220819E+3	3.970100E+2	2.920329E+1	4.988849E+0	4.275300E-5	NaN	4.275300E-4	4.995081E-1	1.488353E+1
1.223922E+3	3.972600E+2	2.918492E+1	4.938787E+0	4.314900E-5	NaN	4.314900E-4	4.990463E-1	1.486013E+1
1.227034E+3	3.975100E+2	2.916656E+1	4.946785E+0	4.354700E-5	NaN	4.354700E-4	4.987117E-1	1.484055E+1
1.230044E+3	3.977600E+2	2.914823E+1	4.932353E+0	4.393100E-5	NaN	4.393100E-4	4.983866E-1	1.482128E+1
1.233144E+3	3.980900E+2	2.912407E+1	4.918044E+0	4.433200E-5	NaN	4.433200E-4	4.980860E-1	1.480279E+1
1.236410E+3	3.982600E+2	2.911164E+1	4.963205E+0	4.475900E-5	NaN	4.475900E-4	4.973438E-1	1.477120E+1
1.239366E+3	3.986100E+2	2.908607E+1	4.930117E+0	4.515800E-5	NaN	4.515800E-4	4.971418E-1	1.475589E+1
1.242525E+3	3.988900E+2	2.906566E+1	4.981756E+0	4.559200E-5	NaN	4.559200E-4	4.966586E-1	1.473195E+1
1.245535E+3	3.991500E+2	2.904672E+1	5.045931E+0	4.601300E-5	NaN	4.601300E-4	4.961319E-1	1.470668E+1
1.248514E+3	3.994100E+2	2.902782E+1	5.102400E+0	4.643700E-5	NaN	4.643700E-4	4.955773E-1	1.468060E+1
1.251609E+3	3.996800E+2	2.900821E+1	5.157260E+0	4.687700E-5	NaN	4.687700E-4	4.950538E-1	1.465544E+1
1.254654E+3	3.999400E+2	2.898935E+1	5.208385E+0	4.731800E-5	NaN	4.731800E-4	4.945286E-1	1.463021E+1
1.257742E+3	4.001900E+2	2.897124E+1	5.248424E+0	4.775600E-5	NaN	4.775600E-4	4.940406E-1	1.460611E+1
1.260976E+3	4.004500E+2	2.895243E+1	5.262044E+0	4.820900E-5	NaN	4.820900E-4	4.934799E-1	1.457999E+1
1.264416E+3	4.007800E+2	2.892859E+1	5.245976E+0	4.870400E-5	NaN	4.870400E-4	4.930280E-1	1.455707E+1
1.267805E+3	4.010400E+2	2.890983E+1	5.239196E+0	4.917800E-5	NaN	4.917800E-4	4.924894E-1	1.453145E+1
1.270962E+3	4.012900E+2	2.889182E+1	5.193276E+0	4.961000E-5	NaN	4.961000E-4	4.920486E-1	1.450870E+1
1.274302E+3	4.016100E+2	2.886880E+1	5.182770E+0	5.007000E-5	NaN	5.007000E-4	4.915867E-1	1.448540E+1
1.277880E+3	4.018400E+2	2.885228E+1	5.110204E+0	5.055600E-5	NaN	5.055600E-4	4.909339E-1	1.445634E+1
1.281535E+3	4.021600E+2	2.882932E+1	5.050477E+0	5.107400E-5	NaN	5.107400E-4	4.904253E-1	1.443167E+1
1.285163E+3	4.024000E+2	2.881213E+1	5.015265E+0	5.157000E-5	NaN	5.157000E-4	4.899224E-1	1.440702E+1
1.288523E+3	4.026400E+2	2.879495E+1	4.942151E+0	5.205400E-5	NaN	5.205400E-4	4.895241E-1	1.438557E+1
1.291598E+3	4.028900E+2	2.877709E+1	4.860475E+0	5.249400E-5	NaN	5.249400E-4	4.892286E-1	1.436722E+1
1.294676E+3	4.032400E+2	2.875211E+1	4.799247E+0	5.293800E-5	NaN	5.293800E-4	4.888730E-1	1.434718E+1
1.298121E+3	4.034900E+2	2.873429E+1	4.819563E+0	5.343700E-5	NaN	5.343700E-4	4.883027E-1	1.432053E+1
1.301228E+3	4.037300E+2	2.871721E+1	4.813022E+0	5.390300E-5	NaN	5.390300E-4	4.877977E-1	1.429588E+1
1.304012E+3	4.039900E+2	2.869873E+1	4.792756E+0	5.432400E-5	NaN	5.432400E-4	4.873583E-1	1.427321E+1
1.306925E+3	4.042400E+2	2.868098E+1	4.834073E+0	5.476100E-5	NaN	5.476100E-4	4.865869E-1	1.424109E+1
1.310156E+3	4.046700E+2	2.865051E+1	4.873716E+0	5.526200E-5	NaN	5.526200E-4	4.859813E-1	1.421380E+1
1.315803E+3	4.050000E+2	2.862716E+1	5.023478E+0	5.613100E-5	NaN	5.613100E-4	4.848178E-1	1.416982E+1
1.319197E+3	4.055200E+2	2.859045E+1	5.100466E+0	5.666000E-5	NaN	5.666000E-4	4.841628E-1	1.414067E+1
1.325375E+3	4.057700E+2	2.857284E+1	5.300257E+0	5.762800E-5	NaN	5.762800E-4	4.828070E-1	1.409036E+1
1.328746E+3	4.060200E+2	2.855524E+1	5.259200E+0	5.815800E-5	NaN	5.815800E-4	4.822310E-1	1.406314E+1
1.331636E+3	4.062600E+2	2.853837E+1	5.167754E+0	5.860400E-5	NaN	5.860400E-4	4.817258E-1	1.403817E+1
1.334514E+3	4.065000E+2	2.852153E+1	5.067007E+0	5.905300E-5	NaN	5.905300E-4	4.811570E-1	1.401154E+1
1.337603E+3	4.067500E+2	2.850400E+1	4.969039E+0	5.953700E-5	NaN	5.953700E-4	4.805634E-1	1.398436E+1
1.340617E+3	4.070100E+2	2.848579E+1	4.927890E+0	6.001700E-5	NaN	6.001700E-4	4.799331E-1	1.395625E+1
1.343704E+3	4.072600E+2	2.846830E+1	4.873620E+0	6.052400E-5	NaN	6.052400E-4	4.792584E-1	1.392699E+1
1.346679E+3	4.075100E+2	2.845084E+1	4.800258E+0	6.100200E-5	NaN	6.100200E-4	4.786603E-1	1.390008E+1
1.349628E+3	4.077600E+2	2.843339E+1	4.738343E+0	6.148200E-5	NaN	6.148200E-4	4.781358E-1	1.387536E+1
1.352625E+3	4.080200E+2	2.841527E+1	4.672555E+0	6.199400E-5	NaN	6.199400E-4	4.773274E-1	1.384277E+1
1.355817E+3	4.082900E+2	2.839648E+1	4.756086E+0	6.254500E-5	NaN	6.254500E-4	4.764398E-1	1.380817E+1
1.358687E+3	4.085600E+2	2.837772E+1	4.751539E+0	6.305500E-5	NaN	6.305500E-4	4.758967E-1	1.378352E+1
1.361785E+3	4.088300E+2	2.835898E+1	5.024958E+0	6.360000E-5	NaN	6.360000E-4	4.754154E-1	1.376065E+1
1.364906E+3	4.091000E+2	2.834026E+1	5.085775E+0	6.416900E-5	NaN	6.416900E-4	4.748993E-1	1.373684E+1
1.367811E+3	4.093800E+2	2.832088E+1	5.121587E+0	6.469200E-5	NaN	6.469200E-4	4.744699E-1	1.371551E+1
1.370846E+3	4.096300E+2	2.830359E+1	5.176384E+0	6.524100E-5	NaN	6.524100E-4	4.739698E-1	1.369211E+1
1.373837E+3	4.098900E+2	2.828564E+1	5.215015E+0	6.576900E-5	NaN	6.576900E-4	4.735159E-1	1.367012E+1
1.376737E+3	4.101400E+2	2.826840E+1	5.240831E+0	6.627600E-5	NaN	6.627600E-4	4.730641E-1	1.364819E+1
1.379915E+3	4.103800E+2	2.825186E+1	5.264750E+0	6.681700E-5	NaN	6.681700E-4	4.726767E-1	1.362813E+1
1.382876E+3	4.106200E+2	2.823535E+1	5.245479E+0	6.733500E-5	NaN	6.733500E-4	4.721071E-1	1.360312E+1
1.385951E+3	4.108600E+2	2.821886E+1	5.209210E+0	6.783900E-5	NaN	6.783900E-4	4.716234E-1	1.358064E+1
1.389029E+3	4.111000E+2	2.820238E+1	5.151214E+0	6.836200E-5	NaN	6.836200E-4	4.711558E-1	1.355870E+1
1.392330E+3	4.113500E+2	2.818524E+1	5.079414E+0	6.891800E-5	NaN	6.891800E-4	4.706940E-1	1.353699E+1
1.395531E+3	4.115900E+2	2.816881E+1	4.985501E+0	6.946300E-5	NaN	6.946300E-4	4.702497E-1	1.351583E+1
1.398683E+3	4.118200E+2	2.815308E+1	4.897225E+0	6.999100E-5	NaN	6.999100E-4	4.698383E-1	1.349567E+1
1.401705E+3	4.120600E+2	2.813668E+1	4.802023E+0	7.052300E-5	NaN	7.052300E-4	4.694517E-1	1.347627E+1
1.404740E+3	4.123900E+2	2.811416E+1	4.720604E+0	7.104500E-5	NaN	7.104500E-4	4.691070E-1	1.345809E+1
1.407897E+3	4.126400E+2	2.809713E+1	4.744019E+0	7.160700E-5	NaN	7.160700E-4	4.685244E-1	1.343288E+1
1.411010E+3	4.128900E+2	2.808012E+1	4.764103E+0	7.217400E-5	NaN	7.217400E-4	4.679640E-1	1.340833E+1
1.413963E+3	4.131600E+2	2.806177E+1	4.796276E+0	7.271800E-5	NaN	7.271800E-4	4.674484E-1	1.338508E+1
1.416999E+3	4.134200E+2	2.804412E+1	4.865218E+0	7.329100E-5	NaN	7.329100E-4	4.668806E-1	1.336028E+1
1.419926E+3	4.136700E+2	2.802717E+1	4.928864E+0	7.384300E-5	NaN	7.384300E-4	4.663380E-1	1.333617E+1
1.423169E+3	4.139300E+2	2.800957E+1	4.998392E+0	7.446000E-5	NaN	7.446000E-4	4.658200E-1	1.331274E+1
1.426176E+3	4.141900E+2	2.799198E+1	5.052347E+0	7.503500E-5	NaN	7.503500E-4	4.653358E-1	1.329026E+1
1.429327E+3	4.144400E+2	2.797510E+1	5.103894E+0	7.563900E-5	NaN	7.563900E-4	4.646187E-1	1.326130E+1
1.432454E+3	4.147000E+2	2.795756E+1	5.123817E+0	7.623700E-5	NaN	7.623700E-4	4.642543E-1	1.324216E+1
1.435491E+3	4.149400E+2	2.794139E+1	5.117915E+0	7.681200E-5	NaN	7.681200E-4	4.635983E-1	1.321493E+1
1.438456E+3	4.152100E+2	2.792322E+1	5.068596E+0	7.737500E-5	NaN	7.737500E-4	4.629456E-1	1.318789E+1
1.441648E+3	4.154500E+2	2.790709E+1	5.019008E+0	7.798100E-5	NaN	7.798100E-4	4.622281E-1	1.315895E+1
1.444675E+3	4.156900E+2	2.789098E+1	5.006334E+0	7.856300E-5	NaN	7.856300E-4	4.615708E-1	1.313176E+1
1.447734E+3	4.159400E+2	2.787421E+1	4.975092E+0	7.912800E-5	NaN	7.912800E-4	4.609383E-1	1.310533E+1
1.450646E+3	4.161800E+2	2.785814E+1	4.934161E+0	7.967900E-5	NaN	7.967900E-4	4.603092E-1	1.307897E+1
1.453715E+3	4.164200E+2	2.784208E+1	4.913503E+0	8.026000E-5	NaN	8.026000E-4	4.597131E-1	1.305353E+1
1.456863E+3	4.166600E+2	2.782605E+1	4.892160E+0	8.085300E-5	NaN	8.085300E-4	4.591741E-1	1.302970E+1
1.459812E+3	4.169100E+2	2.780936E+1	4.867257E+0	8.141600E-5	NaN	8.141600E-4	4.585601E-1	1.300392E+1
1.462807E+3	4.171800E+2	2.779136E+1	4.848553E+0	8.200000E-5	NaN	8.200000E-4	4.579767E-1	1.297897E+1
1.465752E+3	4.174400E+2	2.777405E+1	4.863506E+0	8.260100E-5	NaN	8.260100E-4	4.573365E-1	1.295231E+1
1.468927E+3	4.177100E+2	2.775610E+1	4.886886E+0	8.327600E-5	NaN	8.327600E-4	4.565113E-1	1.292054E+1
1.472115E+3	4.179800E+2	2.773817E+1	4.919481E+0	8.397600E-5	NaN	8.397600E-4	4.558724E-1	1.289390E+1
1.475155E+3	4.182500E+2	2.772026E+1	4.947947E+0	8.465000E-5	NaN	8.465000E-4	4.552187E-1	1.286694E+1
1.478218E+3	4.185200E+2	2.770238E+1	5.011274E+0	8.531700E-5	NaN	8.531700E-4	4.547215E-1	1.284428E+1
1.481208E+3	4.187800E+2	2.768518E+1	5.064497E+0	8.598500E-5	NaN	8.598500E-4	4.543473E-1	1.282497E+1
1.484194E+3	4.190400E+2	2.766800E+1	5.111574E+0	8.665000E-5	NaN	8.665000E-4	4.540038E-1	1.280644E+1
1.487195E+3	4.193200E+2	2.764953E+1	5.156241E+0	8.727800E-5	NaN	8.727800E-4	4.533607E-1	1.277969E+1
1.490307E+3	4.195600E+2	2.763371E+1	5.213233E+0	8.793600E-5	NaN	8.793600E-4	4.527305E-1	1.275319E+1
1.493373E+3	4.198100E+2	2.761726E+1	5.228501E+0	8.857500E-5	NaN	8.857500E-4	4.522228E-1	1.273009E+1
1.496365E+3	4.200500E+2	2.760148E+1	5.206807E+0	8.919600E-5	NaN	8.919600E-4	4.516313E-1	1.270463E+1
1.499584E+3	4.202800E+2	2.758637E+1	5.167613E+0	8.984100E-5	NaN	8.984100E-4	4.510157E-1	1.267847E+1
1.502552E+3	4.205200E+2	2.757063E+1	5.104210E+0	9.043300E-5	NaN	9.043300E-4	4.499571E-1	1.264040E+1
1.505636E+3	4.207600E+2	2.755490E+1	5.043781E+0	9.104300E-5	NaN	9.104300E-4	4.493447E-1	1.261496E+1
1.508659E+3	4.209900E+2	2.753985E+1	4.973173E+0	9.165800E-5	NaN	9.165800E-4	4.479998E-1	1.256971E+1
1.511573E+3	4.212500E+2	2.752285E+1	4.891546E+0	9.225300E-5	NaN	9.225300E-4	4.475118E-1	1.254845E+1
1.514463E+3	4.215000E+2	2.750652E+1	4.842631E+0	9.284000E-5	NaN	9.284000E-4	4.470369E-1	1.252752E+1
1.517425E+3	4.217500E+2	2.749022E+1	4.818154E+0	9.345700E-5	NaN	9.345700E-4	4.464804E-1	1.250429E+1
1.520382E+3	4.220000E+2	2.747393E+1	4.810793E+0	9.411300E-5	NaN	9.411300E-4	4.458721E-1	1.247961E+1
1.523412E+3	4.222500E+2	2.745767E+1	4.822504E+0	9.476200E-5	NaN	9.476200E-4	4.452726E-1	1.245519E+1
1.526594E+3	4.225000E+2	2.744142E+1	4.867845E+0	9.545900E-5	NaN	9.545900E-4	4.446298E-1	1.242960E+1
1.529752E+3	4.227600E+2	2.742454E+1	4.897160E+0	9.615000E-5	NaN	9.615000E-4	4.440586E-1	1.240604E+1
1.532760E+3	4.230100E+2	2.740834E+1	4.931035E+0	9.682200E-5	NaN	9.682200E-4	4.434693E-1	1.238196E+1
1.535691E+3	4.232800E+2	2.739085E+1	4.967247E+0	9.747100E-5	NaN	9.747100E-4	4.428661E-1	1.235752E+1
1.538942E+3	4.235400E+2	2.737404E+1	4.998380E+0	9.817000E-5	NaN	9.817000E-4	4.421848E-1	1.233089E+1
1.541863E+3	4.237900E+2	2.735789E+1	5.015575E+0	9.881700E-5	NaN	9.881700E-4	4.415291E-1	1.230501E+1
1.544866E+3	4.240300E+2	2.734241E+1	5.024103E+0	9.949900E-5	NaN	9.949900E-4	4.408027E-1	1.227724E+1
1.547990E+3	4.242800E+2	2.732629E+1	5.003938E+0	1.001950E-4	NaN	1.001950E-3	4.401153E-1	1.225064E+1
1.550939E+3	4.245300E+2	2.731020E+1	4.988136E+0	1.008400E-4	NaN	1.008400E-3	4.394817E-1	1.222561E+1
1.553992E+3	4.247800E+2	2.729413E+1	4.984337E+0	1.015000E-4	NaN	1.015000E-3	4.387437E-1	1.219777E+1
1.556828E+3	4.250400E+2	2.727743E+1	4.981335E+0	1.021560E-4	NaN	1.021560E-3	4.380389E-1	1.217087E+1
1.559811E+3	4.252800E+2	2.726204E+1	5.001667E+0	1.028120E-4	NaN	1.028120E-3	4.372686E-1	1.214218E+1
1.562740E+3	4.255200E+2	2.724666E+1	5.013225E+0	1.034710E-4	NaN	1.034710E-3	4.364803E-1	1.211305E+1
1.565735E+3	4.257700E+2	2.723066E+1	5.008362E+0	1.041350E-4	NaN	1.041350E-3	4.357517E-1	1.208560E+1
1.568841E+3	4.260200E+2	2.721468E+1	4.999765E+0	1.048320E-4	NaN	1.048320E-3	4.350203E-1	1.205807E+1
1.571897E+3	4.262700E+2	2.719872E+1	4.982063E+0	1.055300E-4	NaN	1.055300E-3	4.342903E-1	1.203059E+1
1.574825E+3	4.265300E+2	2.718214E+1	4.983889E+0	1.062350E-4	NaN	1.062350E-3	4.335845E-1	1.200378E+1
1.578056E+3	4.268000E+2	2.716495E+1	4.991900E+0	1.070310E-4	NaN	1.070310E-3	4.328954E-1	1.197743E+1
1.581012E+3	4.270700E+2	2.714777E+1	5.006583E+0	1.077680E-4	NaN	1.077680E-3	4.322872E-1	1.195328E+1
1.584178E+3	4.273600E+2	2.712935E+1	5.031000E+0	1.085880E-4	NaN	1.085880E-3	4.317052E-1	1.192978E+1
1.587206E+3	4.276300E+2	2.711222E+1	5.062168E+0	1.093580E-4	NaN	1.093580E-3	4.311409E-1	1.190669E+1
1.590343E+3	4.278900E+2	2.709575E+1	5.101267E+0	1.101550E-4	NaN	1.101550E-3	4.303108E-1	1.187645E+1
1.593438E+3	4.281500E+2	2.707929E+1	5.123914E+0	1.109480E-4	NaN	1.109480E-3	4.295513E-1	1.184819E+1
1.596483E+3	4.284000E+2	2.706349E+1	5.157875E+0	1.117010E-4	NaN	1.117010E-3	4.288581E-1	1.182178E+1
1.599421E+3	4.287200E+2	2.704329E+1	5.173242E+0	1.124250E-4	NaN	1.124250E-3	4.281227E-1	1.179431E+1
1.602550E+3	4.289600E+2	2.702816E+1	5.233204E+0	1.131520E-4	NaN	1.131520E-3	4.271910E-1	1.176134E+1
1.605643E+3	4.292000E+2	2.701305E+1	5.258691E+0	1.138710E-4	NaN	1.138710E-3	4.262835E-1	1.172912E+1
1.608739E+3	4.294400E+2	2.699795E+1	5.246080E+0	1.145730E-4	NaN	1.145730E-3	4.254469E-1	1.169894E+1
1.611722E+3	4.296800E+2	2.698287E+1	5.200358E+0	1.152700E-4	NaN	1.152700E-3	4.246019E-1	1.166862E+1
1.614646E+3	4.298300E+2	2.697345E+1	5.149375E+0	1.159480E-4	NaN	1.159480E-3	4.238064E-1	1.163972E+1
1.617532E+3	4.300700E+2	2.695840E+1	5.018638E+0	1.166260E-4	NaN	1.166260E-3	4.232397E-1	1.161736E+1
1.620550E+3	4.303100E+2	2.694337E+1	4.910115E+0	1.173460E-4	NaN	1.173460E-3	4.226774E-1	1.159514E+1
1.623585E+3	4.305600E+2	2.692772E+1	4.821168E+0	1.181070E-4	NaN	1.181070E-3	4.220477E-1	1.157115E+1
1.626592E+3	4.309000E+2	2.690647E+1	4.755991E+0	1.188380E-4	NaN	1.188380E-3	4.214945E-1	1.154926E+1
1.629803E+3	4.311500E+2	2.689087E+1	4.771787E+0	1.196870E-4	NaN	1.196870E-3	4.207202E-1	1.152110E+1
1.632875E+3	4.314300E+2	2.687342E+1	4.779097E+0	1.204800E-4	NaN	1.204800E-3	4.200113E-1	1.149480E+1
1.635849E+3	4.316900E+2	2.685724E+1	4.806010E+0	1.212650E-4	NaN	1.212650E-3	4.192429E-1	1.146682E+1
1.639154E+3	4.319500E+2	2.684107E+1	4.910191E+0	1.221470E-4	NaN	1.221470E-3	4.184961E-1	1.143943E+1
1.642198E+3	4.322100E+2	2.682492E+1	4.993029E+0	1.229550E-4	NaN	1.229550E-3	4.178605E-1	1.141509E+1
1.645208E+3	4.324600E+2	2.680942E+1	5.071624E+0	1.237620E-4	NaN	1.237620E-3	4.171998E-1	1.139008E+1
1.648241E+3	4.327100E+2	2.679393E+1	5.136975E+0	1.245630E-4	NaN	1.245630E-3	4.165014E-1	1.136412E+1
1.651312E+3	4.329600E+2	2.677846E+1	5.194540E+0	1.253630E-4	NaN	1.253630E-3	4.158018E-1	1.133820E+1
1.654163E+3	4.332000E+2	2.676362E+1	5.167700E+0	1.261020E-4	NaN	1.261020E-3	4.151582E-1	1.131387E+1
1.657236E+3	4.334400E+2	2.674880E+1	5.133227E+0	1.268890E-4	NaN	1.268890E-3	4.145729E-1	1.129120E+1
1.660248E+3	4.337000E+2	2.673276E+1	5.065578E+0	1.276960E-4	NaN	1.276960E-3	4.140465E-1	1.127022E+1
1.663309E+3	4.339400E+2	2.671798E+1	4.991266E+0	1.284680E-4	NaN	1.284680E-3	4.135276E-1	1.124949E+1
1.666164E+3	4.341900E+2	2.670260E+1	4.973661E+0	1.291990E-4	NaN	1.291990E-3	4.130639E-1	1.123032E+1
1.669194E+3	4.343500E+2	2.669276E+1	4.951797E+0	1.299700E-4	NaN	1.299700E-3	4.125886E-1	1.121087E+1
1.672125E+3	4.346800E+2	2.667249E+1	4.879806E+0	1.307470E-4	NaN	1.307470E-3	4.122566E-1	1.119558E+1
1.675408E+3	4.349200E+2	2.665778E+1	4.898316E+0	1.316030E-4	NaN	1.316030E-3	4.117749E-1	1.117605E+1
1.678415E+3	4.351700E+2	2.664246E+1	4.882663E+0	1.324100E-4	NaN	1.324100E-3	4.113849E-1	1.115906E+1
1.681351E+3	4.354400E+2	2.662594E+1	4.879605E+0	1.331890E-4	NaN	1.331890E-3	4.110228E-1	1.114283E+1
1.684483E+3	4.357000E+2	2.661005E+1	4.903195E+0	1.340620E-4	NaN	1.340620E-3	4.106686E-1	1.112674E+1
1.687473E+3	4.359600E+2	2.659418E+1	4.928162E+0	1.349300E-4	NaN	1.349300E-3	4.103268E-1	1.111097E+1
1.690534E+3	4.362300E+2	2.657772E+1	4.960004E+0	1.358360E-4	NaN	1.358360E-3	4.100081E-1	1.109582E+1
1.693412E+3	4.364100E+2	2.656676E+1	5.007108E+0	1.366920E-4	NaN	1.366920E-3	4.097433E-1	1.108207E+1
1.696340E+3	4.366800E+2	2.655033E+1	4.994264E+0	1.375910E-4	NaN	1.375910E-3	4.096088E-1	1.107202E+1
1.699250E+3	4.370400E+2	2.652846E+1	5.015405E+0	1.384740E-4	NaN	1.384740E-3	4.094137E-1	1.106032E+1
1.702422E+3	4.373000E+2	2.651269E+1	5.115646E+0	1.394490E-4	NaN	1.394490E-3	4.089443E-1	1.104101E+1
1.705628E+3	4.375800E+2	2.649573E+1	5.210547E+0	1.404320E-4	NaN	1.404320E-3	4.085679E-1	1.102422E+1
1.708805E+3	4.378400E+2	2.647999E+1	5.218787E+0	1.413700E-4	NaN	1.413700E-3	4.082224E-1	1.100826E+1
1.711752E+3	4.380900E+2	2.646488E+1	5.274400E+0	1.422360E-4	NaN	1.422360E-3	4.079729E-1	1.099488E+1
1.714761E+3	4.383300E+2	2.645039E+1	5.287265E+0	1.430640E-4	NaN	1.430640E-3	4.077508E-1	1.098229E+1
1.717693E+3	4.385600E+2	2.643652E+1	5.271954E+0	1.438870E-4	NaN	1.438870E-3	4.075552E-1	1.097044E+1
1.720653E+3	4.387800E+2	2.642326E+1	5.251320E+0	1.446580E-4	NaN	1.446580E-3	4.073201E-1	1.095763E+1
1.723658E+3	4.390200E+2	2.640882E+1	5.196930E+0	1.454460E-4	NaN	1.454460E-3	4.071086E-1	1.094553E+1
1.726746E+3	4.392500E+2	2.639499E+1	5.135448E+0	1.462580E-4	NaN	1.462580E-3	4.068480E-1	1.093215E+1
1.729770E+3	4.395000E+2	2.637998E+1	5.060249E+0	1.470810E-4	NaN	1.470810E-3	4.066417E-1	1.092024E+1
1.732911E+3	4.397500E+2	2.636498E+1	4.929666E+0	1.479450E-4	NaN	1.479450E-3	4.064296E-1	1.090817E+1
1.735834E+3	4.399900E+2	2.635060E+1	4.804181E+0	1.487510E-4	NaN	1.487510E-3	4.061814E-1	1.089515E+1
1.739031E+3	4.402400E+2	2.633564E+1	4.777727E+0	1.497210E-4	NaN	1.497210E-3	4.058922E-1	1.088104E+1
1.742001E+3	4.405000E+2	2.632009E+1	4.749304E+0	1.506150E-4	NaN	1.506150E-3	4.056112E-1	1.086719E+1
1.745029E+3	4.407600E+2	2.630456E+1	4.758073E+0	1.515480E-4	NaN	1.515480E-3	4.053084E-1	1.085274E+1
1.748017E+3	4.410200E+2	2.628906E+1	4.784298E+0	1.524820E-4	NaN	1.524820E-3	4.050087E-1	1.083833E+1
1.751084E+3	4.412800E+2	2.627357E+1	4.835779E+0	1.534150E-4	NaN	1.534150E-3	4.046835E-1	1.082324E+1
1.754135E+3	4.415600E+2	2.625691E+1	4.893492E+0	1.543950E-4	NaN	1.543950E-3	4.043604E-1	1.080819E+1
1.757165E+3	4.418100E+2	2.624205E+1	4.968282E+0	1.553070E-4	NaN	1.553070E-3	4.040158E-1	1.079252E+1
1.760272E+3	4.420600E+2	2.622721E+1	5.022446E+0	1.562930E-4	NaN	1.562930E-3	4.036533E-1	1.077641E+1
1.763270E+3	4.423000E+2	2.621298E+1	5.062430E+0	1.572030E-4	NaN	1.572030E-3	4.033821E-1	1.076278E+1
1.766224E+3	4.425500E+2	2.619817E+1	5.071918E+0	1.581010E-4	NaN	1.581010E-3	4.031083E-1	1.074915E+1
1.769123E+3	4.427900E+2	2.618397E+1	5.081845E+0	1.589540E-4	NaN	1.589540E-3	4.028201E-1	1.073521E+1
1.772365E+3	4.430300E+2	2.616979E+1	5.078364E+0	1.599130E-4	NaN	1.599130E-3	4.025123E-1	1.072081E+1
1.775365E+3	4.432700E+2	2.615562E+1	5.045219E+0	1.607710E-4	NaN	1.607710E-3	4.023042E-1	1.070910E+1
1.778323E+3	4.435200E+2	2.614087E+1	4.990364E+0	1.616700E-4	NaN	1.616700E-3	4.021197E-1	1.069806E+1
1.781199E+3	4.437700E+2	2.612615E+1	4.949160E+0	1.625450E-4	NaN	1.625450E-3	4.019448E-1	1.068727E+1
1.784201E+3	4.439300E+2	2.611673E+1	4.923407E+0	1.634600E-4	NaN	1.634600E-3	4.015365E-1	1.067043E+1
1.787033E+3	4.441800E+2	2.610203E+1	4.839212E+0	1.643460E-4	NaN	1.643460E-3	4.013578E-1	1.065986E+1
1.790037E+3	4.445100E+2	2.608265E+1	4.783464E+0	1.653000E-4	NaN	1.653000E-3	4.011491E-1	1.064847E+1
1.793287E+3	4.447600E+2	2.606799E+1	4.825399E+0	1.663780E-4	NaN	1.663780E-3	4.007354E-1	1.063149E+1
1.796320E+3	4.450100E+2	2.605335E+1	4.856396E+0	1.673790E-4	NaN	1.673790E-3	4.003889E-1	1.061630E+1
1.799454E+3	4.452800E+2	2.603755E+1	4.885733E+0	1.683840E-4	NaN	1.683840E-3	4.002866E-1	1.060740E+1
1.802492E+3	4.455500E+2	2.602177E+1	4.920607E+0	1.695090E-4	NaN	1.695090E-3	4.001299E-1	1.059700E+1
1.805494E+3	4.458400E+2	2.600484E+1	4.976462E+0	1.706210E-4	NaN	1.706210E-3	4.000287E-1	1.058803E+1
1.808363E+3	4.461200E+2	2.598852E+1	5.064425E+0	1.717110E-4	NaN	1.717110E-3	3.999284E-1	1.057901E+1
1.811520E+3	4.463900E+2	2.597280E+1	5.152510E+0	1.728550E-4	NaN	1.728550E-3	3.995507E-1	1.056281E+1
1.814483E+3	4.466600E+2	2.595710E+1	5.223681E+0	1.739910E-4	NaN	1.739910E-3	3.993062E-1	1.055011E+1
1.817660E+3	4.469200E+2	2.594200E+1	5.300282E+0	1.751220E-4	NaN	1.751220E-3	3.990473E-1	1.053709E+1
1.820731E+3	4.471700E+2	2.592750E+1	5.364964E+0	1.762060E-4	NaN	1.762060E-3	3.988344E-1	1.052532E+1
1.823921E+3	4.474100E+2	2.591359E+1	5.329547E+0	1.772960E-4	NaN	1.772960E-3	3.987445E-1	1.051683E+1
1.826989E+3	4.476700E+2	2.589854E+1	5.260311E+0	1.783120E-4	NaN	1.783120E-3	3.987310E-1	1.051042E+1
1.829961E+3	4.479000E+2	2.588524E+1	5.244730E+0	1.792200E-4	NaN	1.792200E-3	3.987174E-1	1.050400E+1
1.832872E+3	4.481300E+2	2.587196E+1	5.185953E+0	1.801290E-4	NaN	1.801290E-3	3.987032E-1	1.049761E+1
1.836056E+3	4.483600E+2	2.585868E+1	5.104484E+0	1.811340E-4	NaN	1.811340E-3	3.986840E-1	1.049111E+1
1.838870E+3	4.485900E+2	2.584543E+1	4.993816E+0	1.820080E-4	NaN	1.820080E-3	3.986855E-1	1.048520E+1
1.841794E+3	4.488200E+2	2.583218E+1	4.891271E+0	1.829230E-4	NaN	1.829230E-3	3.986668E-1	1.047876E+1
1.844689E+3	4.490600E+2	2.581838E+1	4.811856E+0	1.838810E-4	NaN	1.838810E-3	3.986114E-1	1.047140E+1
1.847744E+3	4.492300E+2	2.580861E+1	4.772209E+0	1.849090E-4	NaN	1.849090E-3	3.985394E-1	1.046360E+1
1.850645E+3	4.494800E+2	2.579425E+1	4.686689E+0	1.859490E-4	NaN	1.859490E-3	3.985931E-1	1.045925E+1
1.853753E+3	4.497600E+2	2.577819E+1	4.651519E+0	1.870870E-4	NaN	1.870870E-3	3.988621E-1	1.046034E+1
1.856680E+3	4.500200E+2	2.576330E+1	4.656433E+0	1.881630E-4	NaN	1.881630E-3	3.988552E-1	1.045430E+1
1.859756E+3	4.500200E+2	2.576330E+1	4.692281E+0	1.893080E-4	NaN	1.893080E-3	3.988962E-1	1.044946E+1
