4/1/2024
4:12 PM
relaxation time temp = 410K again because 405 was being wierd around 410 part 2_2024.04.01_IR_FILE END.txt

Data taken by: Akshat
Ammeter is Keithley 6517A at GPIB0::27::INSTR
Voltage Source is Keithley 6517A at GPIB0::27::INSTR
Temperature Controller is Lake Shore 330 at GPIB0::12::INSTR with the settings: control sensor=A;sample sensor=;loop=1
Signal Instr: Keithley 6517A
Signal VISA: GPIB0::27::INSTR
Voltage Instr: Keithley 6517A
Voltage VISA: GPIB0::27::INSTR
Temp Sensor Instr: Lake Shore 330
Temp Sensor VISA: GPIB0::12::INSTR
Voltage (V): 100
Shut off V when done?: FALSE
Readings: 1
Loop: 1
DESCRIPTION
********************
Time (s)	Current (A)	Current Std Dev	Control Temperature (K)	Sample Temperature (K)	
1.003000E+0	1.086850E-4	NaN	4.100100E+2	4.100100E+2
1.077700E+1	1.086630E-4	NaN	4.099900E+2	4.099900E+2
2.734800E+1	1.086620E-4	NaN	4.099800E+2	4.099800E+2
4.391600E+1	1.087100E-4	NaN	4.099900E+2	4.099900E+2
5.987700E+1	1.087200E-4	NaN	4.100000E+2	4.100000E+2
7.596700E+1	1.087400E-4	NaN	4.100100E+2	4.100100E+2
9.195800E+1	1.087470E-4	NaN	4.100100E+2	4.100100E+2
1.079020E+2	1.087400E-4	NaN	4.100000E+2	4.100000E+2
1.243940E+2	1.087150E-4	NaN	4.100000E+2	4.100000E+2
1.402150E+2	1.087020E-4	NaN	4.100000E+2	4.100000E+2
1.563560E+2	1.087190E-4	NaN	4.100000E+2	4.100000E+2
1.777120E+2	1.087190E-4	NaN	4.100000E+2	4.100000E+2
1.944940E+2	1.087000E-4	NaN	4.099900E+2	4.099900E+2
2.105650E+2	1.086920E-4	NaN	4.100100E+2	4.100100E+2
2.270410E+2	1.087140E-4	NaN	4.100000E+2	4.100000E+2
2.447900E+2	1.086800E-4	NaN	4.100000E+2	4.100000E+2
2.610340E+2	1.086860E-4	NaN	4.100000E+2	4.100000E+2
2.771280E+2	1.086800E-4	NaN	4.100000E+2	4.100000E+2
2.932250E+2	1.086730E-4	NaN	4.099900E+2	4.099900E+2
3.107380E+2	1.087040E-4	NaN	4.100200E+2	4.100200E+2
3.268390E+2	1.086730E-4	NaN	4.100000E+2	4.100000E+2
3.429910E+2	1.086530E-4	NaN	4.100000E+2	4.100000E+2
3.590710E+2	1.086560E-4	NaN	4.100000E+2	4.100000E+2
3.764260E+2	1.086490E-4	NaN	4.099900E+2	4.099900E+2
3.935600E+2	1.086570E-4	NaN	4.100100E+2	4.100100E+2
4.094500E+2	1.086260E-4	NaN	4.100100E+2	4.100100E+2
4.256680E+2	1.086510E-4	NaN	4.099900E+2	4.099900E+2
4.416230E+2	1.086690E-4	NaN	4.100000E+2	4.100000E+2
4.585580E+2	1.086930E-4	NaN	4.099900E+2	4.099900E+2
4.753970E+2	1.086940E-4	NaN	4.100100E+2	4.100100E+2
4.913680E+2	1.086850E-4	NaN	4.100300E+2	4.100300E+2
5.073620E+2	1.086010E-4	NaN	4.100100E+2	4.100100E+2
5.238320E+2	1.085550E-4	NaN	4.099900E+2	4.099900E+2
5.403520E+2	1.085560E-4	NaN	4.100000E+2	4.100000E+2
5.567310E+2	1.085760E-4	NaN	4.100000E+2	4.100000E+2
5.734800E+2	1.086140E-4	NaN	4.099900E+2	4.099900E+2
5.891890E+2	1.086200E-4	NaN	4.100200E+2	4.100200E+2
6.050750E+2	1.085850E-4	NaN	4.100100E+2	4.100100E+2
6.209990E+2	1.085650E-4	NaN	4.099900E+2	4.099900E+2
6.372800E+2	1.085550E-4	NaN	4.100000E+2	4.100000E+2
6.533170E+2	1.085810E-4	NaN	4.100100E+2	4.100100E+2
6.694500E+2	1.085460E-4	NaN	4.099800E+2	4.099800E+2
6.856540E+2	1.085660E-4	NaN	4.100000E+2	4.100000E+2
7.022810E+2	1.086010E-4	NaN	4.100000E+2	4.100000E+2
7.191640E+2	1.085910E-4	NaN	4.100100E+2	4.100100E+2
7.357670E+2	1.085810E-4	NaN	4.100000E+2	4.100000E+2
7.524840E+2	1.085990E-4	NaN	4.100100E+2	4.100100E+2
7.705960E+2	1.085970E-4	NaN	4.100100E+2	4.100100E+2
7.922660E+2	1.085760E-4	NaN	4.099900E+2	4.099900E+2
8.103370E+2	1.085950E-4	NaN	4.099900E+2	4.099900E+2
8.281560E+2	1.086110E-4	NaN	4.100000E+2	4.100000E+2
8.448500E+2	1.086230E-4	NaN	4.100000E+2	4.100000E+2
8.611550E+2	1.086180E-4	NaN	4.100000E+2	4.100000E+2
8.771880E+2	1.086340E-4	NaN	4.100000E+2	4.100000E+2
8.935410E+2	1.086510E-4	NaN	4.100000E+2	4.100000E+2
9.096230E+2	1.086440E-4	NaN	4.100100E+2	4.100100E+2
9.260650E+2	1.086070E-4	NaN	4.100000E+2	4.100000E+2
9.420170E+2	1.085820E-4	NaN	4.100200E+2	4.100200E+2
9.584860E+2	1.085430E-4	NaN	4.099900E+2	4.099900E+2
9.745300E+2	1.085570E-4	NaN	4.100000E+2	4.100000E+2
9.905450E+2	1.085720E-4	NaN	4.100000E+2	4.100000E+2
1.006753E+3	1.085910E-4	NaN	4.099900E+2	4.099900E+2
1.022656E+3	1.086090E-4	NaN	4.100100E+2	4.100100E+2
1.038733E+3	1.085810E-4	NaN	4.100100E+2	4.100100E+2
1.055065E+3	1.085720E-4	NaN	4.099900E+2	4.099900E+2
1.070946E+3	1.085810E-4	NaN	4.099900E+2	4.099900E+2
1.087151E+3	1.086140E-4	NaN	4.100000E+2	4.100000E+2
1.104279E+3	1.086310E-4	NaN	4.100000E+2	4.100000E+2
1.120403E+3	1.086630E-4	NaN	4.100100E+2	4.100100E+2
1.136357E+3	1.086520E-4	NaN	4.099900E+2	4.099900E+2
1.153062E+3	1.086640E-4	NaN	4.100000E+2	4.100000E+2
1.169115E+3	1.086670E-4	NaN	4.100100E+2	4.100100E+2
1.186387E+3	1.086510E-4	NaN	4.100000E+2	4.100000E+2
1.202971E+3	1.086440E-4	NaN	4.100100E+2	4.100100E+2
1.219085E+3	1.086150E-4	NaN	4.099900E+2	4.099900E+2
1.235333E+3	1.086110E-4	NaN	4.099900E+2	4.099900E+2
1.251481E+3	1.086320E-4	NaN	4.100000E+2	4.100000E+2
1.268730E+3	1.086410E-4	NaN	4.100000E+2	4.100000E+2
1.284746E+3	1.086400E-4	NaN	4.099900E+2	4.099900E+2
1.300606E+3	1.086490E-4	NaN	4.100100E+2	4.100100E+2
1.317114E+3	1.086440E-4	NaN	4.100100E+2	4.100100E+2
1.333481E+3	1.086280E-4	NaN	4.099900E+2	4.099900E+2
1.349522E+3	1.086540E-4	NaN	4.099800E+2	4.099800E+2
1.365572E+3	1.086960E-4	NaN	4.100100E+2	4.100100E+2
1.381732E+3	1.086990E-4	NaN	4.100100E+2	4.100100E+2
1.397811E+3	1.086630E-4	NaN	4.100100E+2	4.100100E+2
1.414274E+3	1.086540E-4	NaN	4.100100E+2	4.100100E+2
1.431762E+3	1.086500E-4	NaN	4.100000E+2	4.100000E+2
1.447763E+3	1.086610E-4	NaN	4.100100E+2	4.100100E+2
1.464019E+3	1.086620E-4	NaN	4.100000E+2	4.100000E+2
1.480566E+3	1.086310E-4	NaN	4.100000E+2	4.100000E+2
1.497330E+3	1.086400E-4	NaN	4.100000E+2	4.100000E+2
1.513363E+3	1.086440E-4	NaN	4.100100E+2	4.100100E+2
1.529459E+3	1.086260E-4	NaN	4.100000E+2	4.100000E+2
1.545775E+3	1.086210E-4	NaN	4.099900E+2	4.099900E+2
1.562133E+3	1.086170E-4	NaN	4.100100E+2	4.100100E+2
1.578332E+3	1.086160E-4	NaN	4.099900E+2	4.099900E+2
1.594579E+3	1.086140E-4	NaN	4.100100E+2	4.100100E+2
1.610384E+3	1.086100E-4	NaN	4.100000E+2	4.100000E+2
1.626305E+3	1.086180E-4	NaN	4.099900E+2	4.099900E+2
1.642683E+3	1.086160E-4	NaN	4.100000E+2	4.100000E+2
1.659893E+3	1.086100E-4	NaN	4.100000E+2	4.100000E+2
1.676516E+3	1.086020E-4	NaN	4.100100E+2	4.100100E+2
1.692741E+3	1.086050E-4	NaN	4.100000E+2	4.100000E+2
1.708816E+3	1.086000E-4	NaN	4.099900E+2	4.099900E+2
1.725274E+3	1.086210E-4	NaN	4.100000E+2	4.100000E+2
1.743075E+3	1.086310E-4	NaN	4.100000E+2	4.100000E+2
1.759047E+3	1.086400E-4	NaN	4.100200E+2	4.100200E+2
1.775384E+3	1.086020E-4	NaN	4.100100E+2	4.100100E+2
1.791830E+3	1.085730E-4	NaN	4.099900E+2	4.099900E+2
1.808888E+3	1.085730E-4	NaN	4.100100E+2	4.100100E+2
1.825728E+3	1.085480E-4	NaN	4.099900E+2	4.099900E+2
1.841616E+3	1.085500E-4	NaN	4.100000E+2	4.100000E+2
1.858333E+3	1.085710E-4	NaN	4.100200E+2	4.100200E+2
1.874181E+3	1.085200E-4	NaN	4.100000E+2	4.100000E+2
1.890171E+3	1.084890E-4	NaN	4.099800E+2	4.099800E+2
1.906776E+3	1.085250E-4	NaN	4.099800E+2	4.099800E+2
1.922993E+3	1.085660E-4	NaN	4.099900E+2	4.099900E+2
1.939354E+3	1.085810E-4	NaN	4.100000E+2	4.100000E+2
1.955900E+3	1.086000E-4	NaN	4.100100E+2	4.100100E+2
1.972966E+3	1.085890E-4	NaN	4.100000E+2	4.100000E+2
1.989297E+3	1.085770E-4	NaN	4.100100E+2	4.100100E+2
2.006490E+3	1.085550E-4	NaN	4.100200E+2	4.100200E+2
2.023044E+3	1.085150E-4	NaN	4.100200E+2	4.100200E+2
2.038942E+3	1.084540E-4	NaN	4.099900E+2	4.099900E+2
2.055546E+3	1.084510E-4	NaN	4.100000E+2	4.100000E+2
2.072743E+3	1.085250E-4	NaN	4.099800E+2	4.099800E+2
2.088682E+3	1.085810E-4	NaN	4.100100E+2	4.100100E+2
2.104896E+3	1.085980E-4	NaN	4.100200E+2	4.100200E+2
2.121079E+3	1.085620E-4	NaN	4.100100E+2	4.100100E+2
2.138037E+3	1.085240E-4	NaN	4.100000E+2	4.100000E+2
2.154265E+3	1.085410E-4	NaN	4.100000E+2	4.100000E+2
2.170717E+3	1.085750E-4	NaN	4.100000E+2	4.100000E+2
2.187056E+3	1.086040E-4	NaN	4.100000E+2	4.100000E+2
2.204096E+3	1.086090E-4	NaN	4.100200E+2	4.100200E+2
2.220755E+3	1.085850E-4	NaN	4.100200E+2	4.100200E+2
2.236750E+3	1.085650E-4	NaN	4.100100E+2	4.100100E+2
2.253232E+3	1.085470E-4	NaN	4.100100E+2	4.100100E+2
2.269514E+3	1.085570E-4	NaN	4.100000E+2	4.100000E+2
2.285980E+3	1.085560E-4	NaN	4.100100E+2	4.100100E+2
2.302918E+3	1.085680E-4	NaN	4.100000E+2	4.100000E+2
2.318963E+3	1.085790E-4	NaN	4.100000E+2	4.100000E+2
2.335092E+3	1.085880E-4	NaN	4.100000E+2	4.100000E+2
2.351420E+3	1.085740E-4	NaN	4.100000E+2	4.100000E+2
2.367318E+3	1.085680E-4	NaN	4.100000E+2	4.100000E+2
2.384425E+3	1.085680E-4	NaN	4.100100E+2	4.100100E+2
2.400980E+3	1.085650E-4	NaN	4.100300E+2	4.100300E+2
2.417358E+3	1.085040E-4	NaN	4.100000E+2	4.100000E+2
2.434608E+3	1.084950E-4	NaN	4.099700E+2	4.099700E+2
2.451323E+3	1.085640E-4	NaN	4.100200E+2	4.100200E+2
2.468735E+3	1.085690E-4	NaN	4.100000E+2	4.100000E+2
2.484845E+3	1.085800E-4	NaN	4.100000E+2	4.100000E+2
2.501235E+3	1.085900E-4	NaN	4.099900E+2	4.099900E+2
2.517899E+3	1.085940E-4	NaN	4.100100E+2	4.100100E+2
2.534205E+3	1.085920E-4	NaN	4.100000E+2	4.100000E+2
2.550313E+3	1.085890E-4	NaN	4.100000E+2	4.100000E+2
2.566170E+3	1.086060E-4	NaN	4.100000E+2	4.100000E+2
2.582876E+3	1.086150E-4	NaN	4.100100E+2	4.100100E+2
2.599440E+3	1.086230E-4	NaN	4.100000E+2	4.100000E+2
2.616218E+3	1.086190E-4	NaN	4.100000E+2	4.100000E+2
2.632239E+3	1.086300E-4	NaN	4.100000E+2	4.100000E+2
2.648744E+3	1.086320E-4	NaN	4.099900E+2	4.099900E+2
2.664747E+3	1.086420E-4	NaN	4.100200E+2	4.100200E+2
2.681438E+3	1.086480E-4	NaN	4.099900E+2	4.099900E+2
2.698609E+3	1.086580E-4	NaN	4.100000E+2	4.100000E+2
2.715220E+3	1.086630E-4	NaN	4.100000E+2	4.100000E+2
2.732065E+3	1.086560E-4	NaN	4.100200E+2	4.100200E+2
2.748907E+3	1.086410E-4	NaN	4.099900E+2	4.099900E+2
2.764938E+3	1.086480E-4	NaN	4.100000E+2	4.100000E+2
2.780966E+3	1.086510E-4	NaN	4.100200E+2	4.100200E+2
2.797205E+3	1.086350E-4	NaN	4.100100E+2	4.100100E+2
2.813823E+3	1.085910E-4	NaN	4.100100E+2	4.100100E+2
2.830224E+3	1.085740E-4	NaN	4.099800E+2	4.099800E+2
2.847331E+3	1.086210E-4	NaN	4.100100E+2	4.100100E+2
2.863316E+3	1.086220E-4	NaN	4.099900E+2	4.099900E+2
2.880082E+3	1.086260E-4	NaN	4.100000E+2	4.100000E+2
2.896868E+3	1.086190E-4	NaN	4.100000E+2	4.100000E+2
2.913610E+3	1.086250E-4	NaN	4.099900E+2	4.099900E+2
2.929518E+3	1.086500E-4	NaN	4.100000E+2	4.100000E+2
2.945526E+3	1.086640E-4	NaN	4.100100E+2	4.100100E+2
2.961595E+3	1.086560E-4	NaN	4.100000E+2	4.100000E+2
2.977807E+3	1.086510E-4	NaN	4.100200E+2	4.100200E+2
2.994818E+3	1.086130E-4	NaN	4.100100E+2	4.100100E+2
3.011449E+3	1.086090E-4	NaN	4.100100E+2	4.100100E+2
3.027347E+3	1.086050E-4	NaN	4.099900E+2	4.099900E+2
3.044173E+3	1.086030E-4	NaN	4.100000E+2	4.100000E+2
3.060894E+3	1.086240E-4	NaN	4.100000E+2	4.100000E+2
3.077541E+3	1.086410E-4	NaN	4.100100E+2	4.100100E+2
3.094550E+3	1.086120E-4	NaN	4.100000E+2	4.100000E+2
3.111414E+3	1.086000E-4	NaN	4.100000E+2	4.100000E+2
3.127433E+3	1.086110E-4	NaN	4.099900E+2	4.099900E+2
3.144246E+3	1.086360E-4	NaN	4.100000E+2	4.100000E+2
3.160324E+3	1.086740E-4	NaN	4.100100E+2	4.100100E+2
3.176423E+3	1.086770E-4	NaN	4.100000E+2	4.100000E+2
3.192941E+3	1.086560E-4	NaN	4.100000E+2	4.100000E+2
3.209361E+3	1.086640E-4	NaN	4.100000E+2	4.100000E+2
3.225708E+3	1.086570E-4	NaN	4.100200E+2	4.100200E+2
3.241812E+3	1.086260E-4	NaN	4.100100E+2	4.100100E+2
3.258106E+3	1.085920E-4	NaN	4.099900E+2	4.099900E+2
3.274541E+3	1.085950E-4	NaN	4.099900E+2	4.099900E+2
3.290570E+3	1.086090E-4	NaN	4.100000E+2	4.100000E+2
3.307855E+3	1.086060E-4	NaN	4.100000E+2	4.100000E+2
3.323967E+3	1.086110E-4	NaN	4.100000E+2	4.100000E+2
3.340921E+3	1.086220E-4	NaN	4.100000E+2	4.100000E+2
3.357456E+3	1.086240E-4	NaN	4.100100E+2	4.100100E+2
3.374147E+3	1.086110E-4	NaN	4.100000E+2	4.100000E+2
3.390250E+3	1.085710E-4	NaN	4.100100E+2	4.100100E+2
3.406399E+3	1.085500E-4	NaN	4.099800E+2	4.099800E+2
3.422826E+3	1.085980E-4	NaN	4.100000E+2	4.100000E+2
3.439012E+3	1.086430E-4	NaN	4.100000E+2	4.100000E+2
3.456606E+3	1.086490E-4	NaN	4.100000E+2	4.100000E+2
3.472732E+3	1.086400E-4	NaN	4.100200E+2	4.100200E+2
3.489592E+3	1.085910E-4	NaN	4.100000E+2	4.100000E+2
3.506160E+3	1.085800E-4	NaN	4.099900E+2	4.099900E+2
3.523396E+3	1.085890E-4	NaN	4.100000E+2	4.100000E+2
3.539372E+3	1.086100E-4	NaN	4.100100E+2	4.100100E+2
3.555431E+3	1.085450E-4	NaN	4.099900E+2	4.099900E+2
3.572333E+3	1.085880E-4	NaN	4.100000E+2	4.100000E+2
3.588633E+3	1.085880E-4	NaN	4.100100E+2	4.100100E+2
3.604906E+3	1.085420E-4	NaN	4.099900E+2	4.099900E+2
3.621470E+3	1.085340E-4	NaN	4.100000E+2	4.100000E+2
3.637812E+3	1.085480E-4	NaN	4.100000E+2	4.100000E+2
3.654407E+3	1.085640E-4	NaN	4.100100E+2	4.100100E+2
3.676210E+3	1.085490E-4	NaN	4.099900E+2	4.099900E+2
3.692486E+3	1.085450E-4	NaN	4.100000E+2	4.100000E+2
3.708719E+3	1.085520E-4	NaN	4.100000E+2	4.100000E+2
3.725498E+3	1.085440E-4	NaN	4.100200E+2	4.100200E+2
3.742101E+3	1.084500E-4	NaN	4.100000E+2	4.100000E+2
3.758358E+3	1.084230E-4	NaN	4.099700E+2	4.099700E+2
3.774292E+3	1.084840E-4	NaN	4.099900E+2	4.099900E+2
3.791030E+3	1.085210E-4	NaN	4.100200E+2	4.100200E+2
3.807488E+3	1.084680E-4	NaN	4.100100E+2	4.100100E+2
3.824408E+3	1.084450E-4	NaN	4.099900E+2	4.099900E+2
3.842002E+3	1.084900E-4	NaN	4.099900E+2	4.099900E+2
3.858421E+3	1.085540E-4	NaN	4.100200E+2	4.100200E+2
3.874766E+3	1.085210E-4	NaN	4.100000E+2	4.100000E+2
3.891650E+3	1.084720E-4	NaN	4.099900E+2	4.099900E+2
3.907919E+3	1.085000E-4	NaN	4.099900E+2	4.099900E+2
3.924170E+3	1.085280E-4	NaN	4.100100E+2	4.100100E+2
3.940373E+3	1.085350E-4	NaN	4.100000E+2	4.100000E+2
3.956571E+3	1.085390E-4	NaN	4.100000E+2	4.100000E+2
3.973687E+3	1.085530E-4	NaN	4.100000E+2	4.100000E+2
3.990229E+3	1.085580E-4	NaN	4.100100E+2	4.100100E+2
4.006241E+3	1.085570E-4	NaN	4.100000E+2	4.100000E+2
4.022429E+3	1.085520E-4	NaN	4.100000E+2	4.100000E+2
4.038836E+3	1.085220E-4	NaN	4.099900E+2	4.099900E+2
4.056157E+3	1.085580E-4	NaN	4.100000E+2	4.100000E+2
4.072711E+3	1.085730E-4	NaN	4.100000E+2	4.100000E+2
4.088743E+3	1.085700E-4	NaN	4.100000E+2	4.100000E+2
4.105019E+3	1.085630E-4	NaN	4.099900E+2	4.099900E+2
4.121088E+3	1.085610E-4	NaN	4.100100E+2	4.100100E+2
4.138159E+3	1.085740E-4	NaN	4.100000E+2	4.100000E+2
4.154188E+3	1.085730E-4	NaN	4.100000E+2	4.100000E+2
4.170750E+3	1.085630E-4	NaN	4.100000E+2	4.100000E+2
4.187683E+3	1.085520E-4	NaN	4.099900E+2	4.099900E+2
4.203513E+3	1.085980E-4	NaN	4.099900E+2	4.099900E+2
4.219927E+3	1.086040E-4	NaN	4.100100E+2	4.100100E+2
4.235848E+3	1.085970E-4	NaN	4.100000E+2	4.100000E+2
4.252110E+3	1.085720E-4	NaN	4.100100E+2	4.100100E+2
4.268705E+3	1.085620E-4	NaN	4.100000E+2	4.100000E+2
4.285364E+3	1.085750E-4	NaN	4.100100E+2	4.100100E+2
4.302004E+3	1.085780E-4	NaN	4.100100E+2	4.100100E+2
4.318119E+3	1.085850E-4	NaN	4.100000E+2	4.100000E+2
4.333989E+3	1.085620E-4	NaN	4.100000E+2	4.100000E+2
4.350765E+3	1.085680E-4	NaN	4.099900E+2	4.099900E+2
4.367987E+3	1.085740E-4	NaN	4.100000E+2	4.100000E+2
4.384637E+3	1.085820E-4	NaN	4.100000E+2	4.100000E+2
4.401150E+3	1.085960E-4	NaN	4.100100E+2	4.100100E+2
4.417502E+3	1.085820E-4	NaN	4.100000E+2	4.100000E+2
4.434016E+3	1.085770E-4	NaN	4.099900E+2	4.099900E+2
4.451799E+3	1.085710E-4	NaN	4.100000E+2	4.100000E+2
4.467972E+3	1.085870E-4	NaN	4.100000E+2	4.100000E+2
4.484320E+3	1.085760E-4	NaN	4.100000E+2	4.100000E+2
4.500802E+3	1.085910E-4	NaN	4.100000E+2	4.100000E+2
4.518071E+3	1.086070E-4	NaN	4.100000E+2	4.100000E+2
4.534509E+3	1.085990E-4	NaN	4.100000E+2	4.100000E+2
4.550616E+3	1.086100E-4	NaN	4.100000E+2	4.100000E+2
4.566826E+3	1.086170E-4	NaN	4.100000E+2	4.100000E+2
4.582909E+3	1.086070E-4	NaN	4.099900E+2	4.099900E+2
4.600044E+3	1.086280E-4	NaN	4.100100E+2	4.100100E+2
4.615980E+3	1.086070E-4	NaN	4.100000E+2	4.100000E+2
4.631928E+3	1.086000E-4	NaN	4.099900E+2	4.099900E+2
4.648369E+3	1.086050E-4	NaN	4.099800E+2	4.099800E+2
4.664939E+3	1.086220E-4	NaN	4.100100E+2	4.100100E+2
4.681113E+3	1.085960E-4	NaN	4.100000E+2	4.100000E+2
4.697353E+3	1.085990E-4	NaN	4.100000E+2	4.100000E+2
4.713443E+3	1.085930E-4	NaN	4.100100E+2	4.100100E+2
4.729301E+3	1.085690E-4	NaN	4.100000E+2	4.100000E+2
4.746500E+3	1.085680E-4	NaN	4.100000E+2	4.100000E+2
4.763595E+3	1.085860E-4	NaN	4.100000E+2	4.100000E+2
4.779972E+3	1.086060E-4	NaN	4.100100E+2	4.100100E+2
4.797056E+3	1.085280E-4	NaN	4.100000E+2	4.100000E+2
4.813430E+3	1.085370E-4	NaN	4.100100E+2	4.100100E+2
4.831157E+3	1.085430E-4	NaN	4.100000E+2	4.100000E+2
4.847091E+3	1.085490E-4	NaN	4.099900E+2	4.099900E+2
4.863386E+3	1.085570E-4	NaN	4.099900E+2	4.099900E+2
4.879961E+3	1.085960E-4	NaN	4.100100E+2	4.100100E+2
4.895905E+3	1.085890E-4	NaN	4.100100E+2	4.100100E+2
4.912378E+3	1.085660E-4	NaN	4.100000E+2	4.100000E+2
4.929036E+3	1.085600E-4	NaN	4.100000E+2	4.100000E+2
4.945534E+3	1.085330E-4	NaN	4.099900E+2	4.099900E+2
4.961551E+3	1.085570E-4	NaN	4.100100E+2	4.100100E+2
4.977831E+3	1.085650E-4	NaN	4.100200E+2	4.100200E+2
4.993927E+3	1.085480E-4	NaN	4.100000E+2	4.100000E+2
5.010270E+3	1.085530E-4	NaN	4.099900E+2	4.099900E+2
5.026668E+3	1.085850E-4	NaN	4.100000E+2	4.100000E+2
5.043656E+3	1.085730E-4	NaN	4.100000E+2	4.100000E+2
5.059567E+3	1.086090E-4	NaN	4.100100E+2	4.100100E+2
5.075813E+3	1.085860E-4	NaN	4.099900E+2	4.099900E+2
5.091740E+3	1.086040E-4	NaN	4.100000E+2	4.100000E+2
5.107800E+3	1.086310E-4	NaN	4.100200E+2	4.100200E+2
5.124059E+3	1.086170E-4	NaN	4.099900E+2	4.099900E+2
5.140251E+3	1.086220E-4	NaN	4.100000E+2	4.100000E+2
5.156349E+3	1.086440E-4	NaN	4.100100E+2	4.100100E+2
5.173580E+3	1.086250E-4	NaN	4.099900E+2	4.099900E+2
5.190065E+3	1.086150E-4	NaN	4.100000E+2	4.100000E+2
5.207482E+3	1.086130E-4	NaN	4.100000E+2	4.100000E+2
5.224529E+3	1.086390E-4	NaN	4.100000E+2	4.100000E+2
5.240792E+3	1.086440E-4	NaN	4.100000E+2	4.100000E+2
5.257029E+3	1.086580E-4	NaN	4.100100E+2	4.100100E+2
5.273229E+3	1.086400E-4	NaN	4.100000E+2	4.100000E+2
5.289373E+3	1.086320E-4	NaN	4.100000E+2	4.100000E+2
5.305522E+3	1.086230E-4	NaN	4.100000E+2	4.100000E+2
5.321463E+3	1.086240E-4	NaN	4.100000E+2	4.100000E+2
5.337771E+3	1.086230E-4	NaN	4.100100E+2	4.100100E+2
5.354981E+3	1.086000E-4	NaN	4.099900E+2	4.099900E+2
5.371054E+3	1.086050E-4	NaN	4.100100E+2	4.100100E+2
5.387195E+3	1.085730E-4	NaN	4.099900E+2	4.099900E+2
5.403724E+3	1.085870E-4	NaN	4.100100E+2	4.100100E+2
5.420110E+3	1.085650E-4	NaN	4.100000E+2	4.100000E+2
5.436471E+3	1.085810E-4	NaN	4.100200E+2	4.100200E+2
5.452214E+3	1.085560E-4	NaN	4.099900E+2	4.099900E+2
5.473672E+3	1.085900E-4	NaN	4.100100E+2	4.100100E+2
5.490011E+3	1.085670E-4	NaN	4.100000E+2	4.100000E+2
5.506565E+3	1.085570E-4	NaN	4.100100E+2	4.100100E+2
5.523444E+3	1.085180E-4	NaN	4.100100E+2	4.100100E+2
5.539279E+3	1.084910E-4	NaN	4.099900E+2	4.099900E+2
5.555264E+3	1.084910E-4	NaN	4.099900E+2	4.099900E+2
5.571599E+3	1.085080E-4	NaN	4.100100E+2	4.100100E+2
5.587737E+3	1.084970E-4	NaN	4.100000E+2	4.100000E+2
5.603859E+3	1.084920E-4	NaN	4.100100E+2	4.100100E+2
5.619920E+3	1.085020E-4	NaN	4.100000E+2	4.100000E+2
