6/27/2024
3:21 PM
slow cooling up 460_2024.06.27_COND_FILE END.txt

Data taken by: Akshat Sharma
ammeter is Keithley 6517A at GPIB0::27::INSTR
voltage source is Keithley 6517A at GPIB0::27::INSTR
temperature controller is Lake Shore 330 at GPIB0::12::INSTR with the settings: control sensor=A;sample sensor=;loop=1
Readings: 1
Voltage (V): 100
Geo Factor: 1000
Ea Window (pts): 5
Shut off V when done?: TRUE
Mconnect?: TRUE
Use Abs(Cond)?: TRUE
Rate (K/min): 5
Heater: High
DESCRIPTION
********************
Time (s)	Temperature (K)	1/kT (1/eV)	Rate (K/min)	Current (A)	Current Std Dev/Mean	Conductivity (Ohm-cm)^-1	Ea (eV)	Reduced Ea	
1.520000E+0	2.960000E+2	3.916892E+1	NaN	2.342100E-7	NaN	2.342100E-6	NaN	NaN
3.379300E+1	2.963600E+2	3.912134E+1	4.818468E-1	2.374100E-7	NaN	2.374100E-6	NaN	NaN
4.107600E+1	2.967600E+2	3.906861E+1	8.109078E-1	2.415200E-7	NaN	2.415200E-6	NaN	NaN
4.501800E+1	2.969600E+2	3.904230E+1	1.030932E+0	2.447000E-7	NaN	2.447000E-6	NaN	NaN
4.865500E+1	2.972500E+2	3.900421E+1	1.403259E+0	2.483500E-7	NaN	2.483500E-6	NaN	NaN
5.217400E+1	2.976000E+2	3.895833E+1	1.830906E+0	2.525100E-7	NaN	2.525100E-6	NaN	NaN
5.577800E+1	2.979800E+2	3.890865E+1	2.335956E+0	2.573800E-7	NaN	2.573800E-6	NaN	NaN
6.047700E+1	2.983700E+2	3.885779E+1	2.890163E+0	2.645700E-7	NaN	2.645700E-6	NaN	NaN
6.410000E+1	2.986700E+2	3.881876E+1	3.447517E+0	2.707600E-7	NaN	2.707600E-6	NaN	NaN
6.753100E+1	2.989800E+2	3.877851E+1	3.925985E+0	2.770000E-7	NaN	2.770000E-6	NaN	NaN
7.066800E+1	2.992800E+2	3.873964E+1	4.339125E+0	2.829000E-7	NaN	2.829000E-6	NaN	NaN
7.376300E+1	2.995900E+2	3.869956E+1	4.699698E+0	2.889100E-7	NaN	2.889100E-6	NaN	NaN
7.691200E+1	2.999800E+2	3.864924E+1	4.990313E+0	2.952500E-7	NaN	2.952500E-6	NaN	NaN
8.046900E+1	3.002900E+2	3.860934E+1	5.278432E+0	3.023400E-7	NaN	3.023400E-6	NaN	NaN
8.358500E+1	3.005700E+2	3.857338E+1	5.485183E+0	3.086700E-7	NaN	3.086700E-6	NaN	NaN
8.686900E+1	3.008500E+2	3.853748E+1	5.639138E+0	3.152900E-7	NaN	3.152900E-6	NaN	NaN
8.993700E+1	3.011200E+2	3.850292E+1	5.666526E+0	3.215000E-7	NaN	3.215000E-6	NaN	NaN
9.284800E+1	3.014700E+2	3.845822E+1	5.645626E+0	3.274400E-7	NaN	3.274400E-6	NaN	NaN
9.613600E+1	3.017300E+2	3.842508E+1	5.693081E+0	3.339800E-7	NaN	3.339800E-6	NaN	NaN
9.942900E+1	3.019800E+2	3.839327E+1	5.742175E+0	3.406600E-7	NaN	3.406600E-6	NaN	NaN
1.030090E+2	3.023300E+2	3.834882E+1	5.705504E+0	3.478100E-7	NaN	3.478100E-6	NaN	NaN
1.066640E+2	3.026500E+2	3.830828E+1	5.648417E+0	3.550800E-7	NaN	3.550800E-6	4.803787E-1	1.864545E+1
1.103540E+2	3.029000E+2	3.827666E+1	5.564227E+0	3.624700E-7	NaN	3.624700E-6	4.830575E-1	1.874100E+1
1.138840E+2	3.033100E+2	3.822492E+1	5.417850E+0	3.695400E-7	NaN	3.695400E-6	4.861554E-1	1.885318E+1
1.190240E+2	3.036300E+2	3.818463E+1	5.362723E+0	3.799900E-7	NaN	3.799900E-6	4.876567E-1	1.890227E+1
1.229690E+2	3.038800E+2	3.815322E+1	5.277883E+0	3.882300E-7	NaN	3.882300E-6	4.902210E-1	1.899264E+1
1.260590E+2	3.042300E+2	3.810933E+1	5.139250E+0	3.949700E-7	NaN	3.949700E-6	4.931967E-1	1.909939E+1
1.297470E+2	3.044800E+2	3.807803E+1	5.086915E+0	4.030400E-7	NaN	4.030400E-6	4.950191E-1	1.916090E+1
1.333360E+2	3.047400E+2	3.804555E+1	4.993601E+0	4.112200E-7	NaN	4.112200E-6	4.971345E-1	1.923415E+1
1.363150E+2	3.050000E+2	3.801311E+1	4.884762E+0	4.182500E-7	NaN	4.182500E-6	4.993708E-1	1.931229E+1
1.393350E+2	3.053400E+2	3.797079E+1	4.857065E+0	4.254100E-7	NaN	4.254100E-6	5.013238E-1	1.937955E+1
1.426480E+2	3.056100E+2	3.793724E+1	4.879049E+0	4.335300E-7	NaN	4.335300E-6	5.025164E-1	1.941693E+1
1.457710E+2	3.058700E+2	3.790499E+1	4.877267E+0	4.413900E-7	NaN	4.413900E-6	5.037364E-1	1.945549E+1
1.489120E+2	3.061500E+2	3.787033E+1	4.911335E+0	4.493700E-7	NaN	4.493700E-6	5.049407E-1	1.949359E+1
1.524110E+2	3.065000E+2	3.782708E+1	4.975305E+0	4.584800E-7	NaN	4.584800E-6	5.060107E-1	1.952648E+1
1.558960E+2	3.067600E+2	3.779502E+1	5.037682E+0	4.675900E-7	NaN	4.675900E-6	5.067787E-1	1.954728E+1
1.593010E+2	3.071100E+2	3.775195E+1	5.179598E+0	4.768700E-7	NaN	4.768700E-6	5.077284E-1	1.957529E+1
1.633210E+2	3.073800E+2	3.771878E+1	5.276153E+0	4.878500E-7	NaN	4.878500E-6	5.083788E-1	1.959136E+1
1.664080E+2	3.076400E+2	3.768691E+1	5.238337E+0	4.963200E-7	NaN	4.963200E-6	5.093981E-1	1.962185E+1
1.695610E+2	3.078900E+2	3.765631E+1	5.264317E+0	5.051000E-7	NaN	5.051000E-6	5.103559E-1	1.965011E+1
1.726900E+2	3.083400E+2	3.760135E+1	5.227696E+0	5.139900E-7	NaN	5.139900E-6	5.113259E-1	1.967900E+1
1.772940E+2	3.085900E+2	3.757089E+1	5.278843E+0	5.272900E-7	NaN	5.272900E-6	5.114696E-1	1.967505E+1
1.806950E+2	3.088400E+2	3.754047E+1	5.204848E+0	5.372200E-7	NaN	5.372200E-6	5.122429E-1	1.969577E+1
1.839290E+2	3.091800E+2	3.749919E+1	5.159146E+0	5.468400E-7	NaN	5.468400E-6	5.131133E-1	1.972044E+1
1.870030E+2	3.094400E+2	3.746768E+1	5.152087E+0	5.560400E-7	NaN	5.560400E-6	5.136837E-1	1.973326E+1
1.900160E+2	3.096900E+2	3.743744E+1	5.132984E+0	5.653900E-7	NaN	5.653900E-6	5.142169E-1	1.974481E+1
1.933250E+2	3.099500E+2	3.740603E+1	5.111875E+0	5.757400E-7	NaN	5.757400E-6	5.147513E-1	1.975658E+1
1.963430E+2	3.102200E+2	3.737348E+1	5.112850E+0	5.852300E-7	NaN	5.852300E-6	5.153317E-1	1.977024E+1
1.996900E+2	3.104800E+2	3.734218E+1	5.096633E+0	5.959000E-7	NaN	5.959000E-6	5.158295E-1	1.978076E+1
2.026910E+2	3.108000E+2	3.730373E+1	5.111225E+0	6.057400E-7	NaN	6.057400E-6	5.163696E-1	1.979300E+1
2.064600E+2	3.110600E+2	3.727255E+1	5.118077E+0	6.184200E-7	NaN	6.184200E-6	5.166939E-1	1.979673E+1
2.095510E+2	3.113200E+2	3.724142E+1	5.071672E+0	6.288100E-7	NaN	6.288100E-6	5.171956E-1	1.980741E+1
2.125100E+2	3.115800E+2	3.721035E+1	5.003702E+0	6.392100E-7	NaN	6.392100E-6	5.184366E-1	1.984262E+1
2.156920E+2	3.118500E+2	3.717813E+1	5.099835E+0	6.503800E-7	NaN	6.503800E-6	5.196955E-1	1.987802E+1
2.190260E+2	3.122000E+2	3.713645E+1	5.090264E+0	6.622600E-7	NaN	6.622600E-6	5.209996E-1	1.991454E+1
2.225630E+2	3.124600E+2	3.710555E+1	5.096404E+0	6.750800E-7	NaN	6.750800E-6	5.221800E-1	1.994527E+1
2.256390E+2	3.127200E+2	3.707470E+1	5.114706E+0	6.864700E-7	NaN	6.864700E-6	5.234911E-1	1.998039E+1
2.288510E+2	3.129900E+2	3.704272E+1	5.131131E+0	6.985400E-7	NaN	6.985400E-6	5.248484E-1	2.001651E+1
2.322780E+2	3.133400E+2	3.700134E+1	5.140958E+0	7.120500E-7	NaN	7.120500E-6	5.261961E-1	2.005150E+1
2.356030E+2	3.136100E+2	3.696948E+1	5.174812E+0	7.252700E-7	NaN	7.252700E-6	5.273504E-1	2.007801E+1
2.387390E+2	3.138800E+2	3.693768E+1	5.200688E+0	7.380900E-7	NaN	7.380900E-6	5.285608E-1	2.010586E+1
2.418250E+2	3.141700E+2	3.690359E+1	5.201617E+0	7.508900E-7	NaN	7.508900E-6	5.297417E-1	2.013178E+1
2.448740E+2	3.144400E+2	3.687190E+1	5.267249E+0	7.640000E-7	NaN	7.640000E-6	5.307126E-1	2.014911E+1
2.478680E+2	3.147200E+2	3.683910E+1	5.283127E+0	7.767900E-7	NaN	7.767900E-6	5.314712E-1	2.015805E+1
2.510840E+2	3.150000E+2	3.680635E+1	5.300638E+0	7.910500E-7	NaN	7.910500E-6	5.321945E-1	2.016503E+1
2.541940E+2	3.152700E+2	3.677483E+1	5.312508E+0	8.050700E-7	NaN	8.050700E-6	5.327189E-1	2.016439E+1
2.574070E+2	3.155300E+2	3.674453E+1	5.309988E+0	8.193700E-7	NaN	8.193700E-6	5.329104E-1	2.015149E+1
2.604350E+2	3.158800E+2	3.670381E+1	5.336537E+0	8.331900E-7	NaN	8.331900E-6	5.328053E-1	2.012795E+1
2.638930E+2	3.161400E+2	3.667363E+1	5.385098E+0	8.488600E-7	NaN	8.488600E-6	5.324936E-1	2.009667E+1
2.671170E+2	3.164100E+2	3.664233E+1	5.380495E+0	8.635000E-7	NaN	8.635000E-6	5.324101E-1	2.007413E+1
2.703600E+2	3.166700E+2	3.661225E+1	5.347150E+0	8.786400E-7	NaN	8.786400E-6	5.324125E-1	2.005491E+1
2.736370E+2	3.170100E+2	3.657298E+1	5.329946E+0	8.940500E-7	NaN	8.940500E-6	5.324962E-1	2.003886E+1
2.770110E+2	3.172700E+2	3.654301E+1	5.334310E+0	9.098300E-7	NaN	9.098300E-6	5.324035E-1	2.001593E+1
2.803050E+2	3.175200E+2	3.651424E+1	5.299619E+0	9.258000E-7	NaN	9.258000E-6	5.321292E-1	1.998685E+1
2.839070E+2	3.178600E+2	3.647518E+1	5.249463E+0	9.431000E-7	NaN	9.431000E-6	5.320664E-1	1.996594E+1
2.872470E+2	3.181100E+2	3.644651E+1	5.223135E+0	9.594100E-7	NaN	9.594100E-6	5.319717E-1	1.994350E+1
2.905580E+2	3.183800E+2	3.641560E+1	5.181423E+0	9.760800E-7	NaN	9.760800E-6	5.320702E-1	1.992839E+1
2.937650E+2	3.186400E+2	3.638589E+1	5.132883E+0	9.923000E-7	NaN	9.923000E-6	5.322628E-1	1.991671E+1
2.967340E+2	3.189800E+2	3.634711E+1	5.078152E+0	1.007590E-6	NaN	1.007590E-5	5.322082E-1	1.989624E+1
3.003840E+2	3.192400E+2	3.631750E+1	5.072239E+0	1.027060E-6	NaN	1.027060E-5	5.320031E-1	1.986966E+1
3.036860E+2	3.195000E+2	3.628795E+1	5.094042E+0	1.044770E-6	NaN	1.044770E-5	5.321065E-1	1.985449E+1
3.069250E+2	3.197600E+2	3.625844E+1	5.078185E+0	1.062320E-6	NaN	1.062320E-5	5.321272E-1	1.983667E+1
3.099050E+2	3.201100E+2	3.621880E+1	5.051254E+0	1.078910E-6	NaN	1.078910E-5	5.321419E-1	1.981886E+1
3.135720E+2	3.203600E+2	3.619054E+1	5.081567E+0	1.099410E-6	NaN	1.099410E-5	5.320793E-1	1.979756E+1
3.168380E+2	3.207300E+2	3.614879E+1	5.111208E+0	1.118040E-6	NaN	1.118040E-5	5.317785E-1	1.976832E+1
3.201590E+2	3.209900E+2	3.611951E+1	5.189167E+0	1.137720E-6	NaN	1.137720E-5	5.315369E-1	1.974093E+1
3.234880E+2	3.212600E+2	3.608915E+1	5.217270E+0	1.157420E-6	NaN	1.157420E-5	5.316363E-1	1.972614E+1
3.268430E+2	3.215200E+2	3.605997E+1	5.253048E+0	1.177900E-6	NaN	1.177900E-5	5.314789E-1	1.970232E+1
3.300750E+2	3.218600E+2	3.602187E+1	5.238257E+0	1.197320E-6	NaN	1.197320E-5	5.316017E-1	1.968884E+1
3.334890E+2	3.221200E+2	3.599280E+1	5.254313E+0	1.218810E-6	NaN	1.218810E-5	5.316845E-1	1.967344E+1
3.366210E+2	3.223800E+2	3.596377E+1	5.223788E+0	1.238650E-6	NaN	1.238650E-5	5.318788E-1	1.966220E+1
3.396880E+2	3.226400E+2	3.593479E+1	5.249233E+0	1.258170E-6	NaN	1.258170E-5	5.318266E-1	1.964231E+1
3.428610E+2	3.229200E+2	3.590363E+1	5.231157E+0	1.278940E-6	NaN	1.278940E-5	5.318384E-1	1.962481E+1
3.461460E+2	3.232800E+2	3.586365E+1	5.195591E+0	1.301360E-6	NaN	1.301360E-5	5.318830E-1	1.960841E+1
3.496440E+2	3.235500E+2	3.583372E+1	5.191453E+0	1.325650E-6	NaN	1.325650E-5	5.317105E-1	1.958365E+1
3.531280E+2	3.238200E+2	3.580384E+1	5.226096E+0	1.350140E-6	NaN	1.350140E-5	5.315165E-1	1.955859E+1
3.564360E+2	3.241800E+2	3.576408E+1	5.181277E+0	1.374040E-6	NaN	1.374040E-5	5.315755E-1	1.954282E+1
3.596780E+2	3.244500E+2	3.573432E+1	5.257501E+0	1.397820E-6	NaN	1.397820E-5	5.312843E-1	1.951421E+1
3.628550E+2	3.247200E+2	3.570461E+1	5.299851E+0	1.421470E-6	NaN	1.421470E-5	5.313255E-1	1.949782E+1
3.661500E+2	3.250100E+2	3.567275E+1	5.318415E+0	1.446420E-6	NaN	1.446420E-5	5.314337E-1	1.948390E+1
3.693110E+2	3.252700E+2	3.564423E+1	5.308329E+0	1.470640E-6	NaN	1.470640E-5	5.316359E-1	1.947325E+1
3.725010E+2	3.256200E+2	3.560592E+1	5.327558E+0	1.494870E-6	NaN	1.494870E-5	5.312986E-1	1.944395E+1
3.757900E+2	3.258800E+2	3.557751E+1	5.366903E+0	1.519990E-6	NaN	1.519990E-5	5.312293E-1	1.942393E+1
3.796100E+2	3.262200E+2	3.554043E+1	5.364666E+0	1.550050E-6	NaN	1.550050E-5	5.313726E-1	1.941170E+1
3.829620E+2	3.264800E+2	3.551213E+1	5.349801E+0	1.576060E-6	NaN	1.576060E-5	5.312963E-1	1.939162E+1
3.860740E+2	3.267400E+2	3.548387E+1	5.302426E+0	1.600490E-6	NaN	1.600490E-5	5.312946E-1	1.937439E+1
3.891010E+2	3.270100E+2	3.545457E+1	5.300765E+0	1.624430E-6	NaN	1.624430E-5	5.313376E-1	1.935882E+1
3.920870E+2	3.272600E+2	3.542749E+1	5.277131E+0	1.648300E-6	NaN	1.648300E-5	5.314168E-1	1.934454E+1
3.951930E+2	3.275200E+2	3.539936E+1	5.215880E+0	1.673440E-6	NaN	1.673440E-5	5.314552E-1	1.932893E+1
3.986270E+2	3.278500E+2	3.536373E+1	5.200539E+0	1.701080E-6	NaN	1.701080E-5	5.315768E-1	1.931634E+1
4.019830E+2	3.281100E+2	3.533571E+1	5.200836E+0	1.729110E-6	NaN	1.729110E-5	5.313578E-1	1.929143E+1
4.053340E+2	3.283600E+2	3.530881E+1	5.171619E+0	1.757070E-6	NaN	1.757070E-5	5.314266E-1	1.927697E+1
4.088070E+2	3.286900E+2	3.527336E+1	5.117418E+0	1.786960E-6	NaN	1.786960E-5	5.315906E-1	1.926604E+1
4.120910E+2	3.289700E+2	3.524334E+1	5.077976E+0	1.815810E-6	NaN	1.815810E-5	5.316508E-1	1.925107E+1
4.152980E+2	3.292100E+2	3.521764E+1	5.097792E+0	1.844080E-6	NaN	1.844080E-5	5.317279E-1	1.923668E+1
4.186620E+2	3.294700E+2	3.518985E+1	5.079540E+0	1.874610E-6	NaN	1.874610E-5	5.316808E-1	1.921836E+1
4.217060E+2	3.297300E+2	3.516210E+1	5.059317E+0	1.902390E-6	NaN	1.902390E-5	5.318549E-1	1.920804E+1
4.245680E+2	3.299900E+2	3.513440E+1	5.029172E+0	1.928970E-6	NaN	1.928970E-5	5.320407E-1	1.919811E+1
4.278240E+2	3.302400E+2	3.510780E+1	5.012264E+0	1.960010E-6	NaN	1.960010E-5	5.322040E-1	1.918737E+1
4.308160E+2	3.305900E+2	3.507063E+1	4.989642E+0	1.988740E-6	NaN	1.988740E-5	5.323031E-1	1.917478E+1
4.341720E+2	3.308500E+2	3.504307E+1	5.036823E+0	2.021630E-6	NaN	2.021630E-5	5.322108E-1	1.915489E+1
4.373820E+2	3.311300E+2	3.501344E+1	5.059525E+0	2.053320E-6	NaN	2.053320E-5	5.322409E-1	1.913948E+1
4.406290E+2	3.313900E+2	3.498597E+1	5.119381E+0	2.086040E-6	NaN	2.086040E-5	5.322098E-1	1.912194E+1
4.437550E+2	3.316400E+2	3.495959E+1	5.148438E+0	2.117900E-6	NaN	2.117900E-5	5.322627E-1	1.910746E+1
4.468270E+2	3.319000E+2	3.493221E+1	5.136273E+0	2.149400E-6	NaN	2.149400E-5	5.323241E-1	1.909342E+1
4.500350E+2	3.321600E+2	3.490487E+1	5.151567E+0	2.183400E-6	NaN	2.183400E-5	5.324324E-1	1.908111E+1
4.530860E+2	3.324200E+2	3.487756E+1	5.160932E+0	2.216100E-6	NaN	2.216100E-5	5.326391E-1	1.907232E+1
4.561600E+2	3.326800E+2	3.485031E+1	5.147376E+0	2.249100E-6	NaN	2.249100E-5	5.329426E-1	1.906692E+1
4.592810E+2	3.329500E+2	3.482205E+1	5.110964E+0	2.283600E-6	NaN	2.283600E-5	5.329851E-1	1.905258E+1
4.623690E+2	3.333300E+2	3.478235E+1	5.076113E+0	2.319100E-6	NaN	2.319100E-5	5.331683E-1	1.904315E+1
4.655000E+2	3.336000E+2	3.475420E+1	5.137064E+0	2.355200E-6	NaN	2.355200E-5	5.330782E-1	1.902343E+1
4.684780E+2	3.337800E+2	3.473545E+1	5.161268E+0	2.390000E-6	NaN	2.390000E-5	5.330925E-1	1.900736E+1
4.715100E+2	3.341400E+2	3.469803E+1	5.195696E+0	2.426600E-6	NaN	2.426600E-5	5.331559E-1	1.899376E+1
4.748080E+2	3.344000E+2	3.467105E+1	5.284841E+0	2.466200E-6	NaN	2.466200E-5	5.330533E-1	1.897375E+1
4.781760E+2	3.346700E+2	3.464308E+1	5.349929E+0	2.507600E-6	NaN	2.507600E-5	5.331659E-1	1.896133E+1
4.814580E+2	3.349200E+2	3.461722E+1	5.374767E+0	2.547500E-6	NaN	2.547500E-5	5.332433E-1	1.894797E+1
4.844730E+2	3.352800E+2	3.458005E+1	5.351145E+0	2.585000E-6	NaN	2.585000E-5	5.335300E-1	1.894200E+1
4.877930E+2	3.355400E+2	3.455326E+1	5.394801E+0	2.626100E-6	NaN	2.626100E-5	5.335867E-1	1.892739E+1
4.908700E+2	3.358000E+2	3.452650E+1	5.385667E+0	2.664100E-6	NaN	2.664100E-5	5.337691E-1	1.891722E+1
4.938350E+2	3.360500E+2	3.450082E+1	5.354321E+0	2.701900E-6	NaN	2.701900E-5	5.336537E-1	1.889687E+1
4.967990E+2	3.363000E+2	3.447517E+1	5.299461E+0	2.738800E-6	NaN	2.738800E-5	5.337498E-1	1.888397E+1
5.000850E+2	3.365500E+2	3.444956E+1	5.225650E+0	2.781000E-6	NaN	2.781000E-5	5.339222E-1	1.887373E+1
5.031750E+2	3.368000E+2	3.442399E+1	5.209546E+0	2.820200E-6	NaN	2.820200E-5	5.342442E-1	1.886873E+1
5.062850E+2	3.370500E+2	3.439846E+1	5.185851E+0	2.860900E-6	NaN	2.860900E-5	5.342596E-1	1.885333E+1
5.093140E+2	3.373200E+2	3.437092E+1	5.088115E+0	2.900000E-6	NaN	2.900000E-5	5.345279E-1	1.884672E+1
5.124730E+2	3.376600E+2	3.433631E+1	5.080747E+0	2.942400E-6	NaN	2.942400E-5	5.344151E-1	1.882710E+1
5.160220E+2	3.379100E+2	3.431091E+1	5.112647E+0	2.989300E-6	NaN	2.989300E-5	5.341866E-1	1.880300E+1
5.190280E+2	3.381600E+2	3.428555E+1	5.084078E+0	3.031500E-6	NaN	3.031500E-5	5.341387E-1	1.878532E+1
5.219810E+2	3.383300E+2	3.426832E+1	5.023780E+0	3.071800E-6	NaN	3.071800E-5	5.342345E-1	1.877266E+1
5.248980E+2	3.386600E+2	3.423493E+1	4.987636E+0	3.113400E-6	NaN	3.113400E-5	5.343128E-1	1.876008E+1
5.280880E+2	3.388300E+2	3.421775E+1	5.010938E+0	3.158500E-6	NaN	3.158500E-5	5.342794E-1	1.874317E+1
5.310090E+2	3.390900E+2	3.419151E+1	4.963459E+0	3.200800E-6	NaN	3.200800E-5	5.345690E-1	1.873789E+1
5.339800E+2	3.393600E+2	3.416431E+1	4.940193E+0	3.243600E-6	NaN	3.243600E-5	5.348270E-1	1.873137E+1
5.369030E+2	3.396100E+2	3.413916E+1	4.943335E+0	3.286800E-6	NaN	3.286800E-5	5.349989E-1	1.872174E+1
5.400510E+2	3.398700E+2	3.411304E+1	4.935205E+0	3.335000E-6	NaN	3.335000E-5	5.349143E-1	1.870356E+1
5.428640E+2	3.401300E+2	3.408697E+1	4.919635E+0	3.378200E-6	NaN	3.378200E-5	5.350057E-1	1.869146E+1
5.459930E+2	3.403900E+2	3.406093E+1	4.914569E+0	3.425900E-6	NaN	3.425900E-5	5.351782E-1	1.868208E+1
5.489620E+2	3.406400E+2	3.403593E+1	4.920784E+0	3.472600E-6	NaN	3.472600E-5	5.351298E-1	1.866538E+1
5.521040E+2	3.408900E+2	3.401097E+1	4.999165E+0	3.521600E-6	NaN	3.521600E-5	5.351617E-1	1.865147E+1
5.549040E+2	3.411500E+2	3.398505E+1	5.034373E+0	3.566500E-6	NaN	3.566500E-5	5.352829E-1	1.864066E+1
5.578360E+2	3.414100E+2	3.395917E+1	5.093276E+0	3.613500E-6	NaN	3.613500E-5	5.353580E-1	1.862827E+1
5.607400E+2	3.416700E+2	3.393333E+1	5.095228E+0	3.661700E-6	NaN	3.661700E-5	5.354775E-1	1.861730E+1
5.639330E+2	3.419300E+2	3.390752E+1	5.178308E+0	3.714600E-6	NaN	3.714600E-5	5.353092E-1	1.859669E+1
5.670700E+2	3.422000E+2	3.388077E+1	5.164791E+0	3.769000E-6	NaN	3.769000E-5	5.352597E-1	1.858014E+1
5.701390E+2	3.424600E+2	3.385505E+1	5.157058E+0	3.822300E-6	NaN	3.822300E-5	5.352064E-1	1.856370E+1
5.730440E+2	3.427300E+2	3.382838E+1	5.158242E+0	3.874700E-6	NaN	3.874700E-5	5.352618E-1	1.855098E+1
5.760630E+2	3.430000E+2	3.380175E+1	5.175076E+0	3.929300E-6	NaN	3.929300E-5	5.352980E-1	1.853750E+1
5.790500E+2	3.432700E+2	3.377516E+1	5.188413E+0	3.984700E-6	NaN	3.984700E-5	5.352705E-1	1.852179E+1
5.821090E+2	3.435400E+2	3.374862E+1	5.223643E+0	4.040900E-6	NaN	4.040900E-5	5.352379E-1	1.850578E+1
5.850180E+2	3.438200E+2	3.372113E+1	5.251788E+0	4.096400E-6	NaN	4.096400E-5	5.352020E-1	1.848958E+1
5.880870E+2	3.440800E+2	3.369565E+1	5.291834E+0	4.154700E-6	NaN	4.154700E-5	5.349344E-1	1.846558E+1
5.910340E+2	3.443400E+2	3.367021E+1	5.299346E+0	4.212700E-6	NaN	4.212700E-5	5.347805E-1	1.844549E+1
5.940260E+2	3.446000E+2	3.364481E+1	5.316375E+0	4.270200E-6	NaN	4.270200E-5	5.347481E-1	1.842950E+1
5.970410E+2	3.448600E+2	3.361944E+1	5.331450E+0	4.327300E-6	NaN	4.327300E-5	5.345829E-1	1.840922E+1
6.000210E+2	3.451100E+2	3.359509E+1	5.346207E+0	4.385300E-6	NaN	4.385300E-5	5.343968E-1	1.838830E+1
6.030100E+2	3.453600E+2	3.357077E+1	5.332715E+0	4.443200E-6	NaN	4.443200E-5	5.343370E-1	1.837165E+1
6.059900E+2	3.456200E+2	3.354551E+1	5.302867E+0	4.501500E-6	NaN	4.501500E-5	5.343877E-1	1.835878E+1
6.089650E+2	3.458600E+2	3.352223E+1	5.262558E+0	4.559500E-6	NaN	4.559500E-5	5.344084E-1	1.834484E+1
6.120400E+2	3.461200E+2	3.349705E+1	5.217684E+0	4.619200E-6	NaN	4.619200E-5	5.343957E-1	1.832981E+1
6.150330E+2	3.463700E+2	3.347288E+1	5.172916E+0	4.678700E-6	NaN	4.678700E-5	5.344745E-1	1.831779E+1
6.179990E+2	3.466100E+2	3.344970E+1	5.130809E+0	4.736900E-6	NaN	4.736900E-5	5.342035E-1	1.829423E+1
6.210140E+2	3.468600E+2	3.342559E+1	5.082841E+0	4.797200E-6	NaN	4.797200E-5	5.340356E-1	1.827423E+1
6.241310E+2	3.471000E+2	3.340248E+1	5.057027E+0	4.861500E-6	NaN	4.861500E-5	5.338337E-1	1.825316E+1
6.271410E+2	3.473500E+2	3.337844E+1	5.014119E+0	4.922800E-6	NaN	4.922800E-5	5.337633E-1	1.823662E+1
6.301670E+2	3.476000E+2	3.335443E+1	4.981598E+0	4.986500E-6	NaN	4.986500E-5	5.337441E-1	1.822177E+1
6.331280E+2	3.478500E+2	3.333046E+1	4.957064E+0	5.049500E-6	NaN	5.049500E-5	5.337382E-1	1.820737E+1
6.361600E+2	3.481100E+2	3.330556E+1	4.944646E+0	5.113200E-6	NaN	5.113200E-5	5.337931E-1	1.819499E+1
6.391580E+2	3.483700E+2	3.328071E+1	4.941749E+0	5.178600E-6	NaN	5.178600E-5	5.338265E-1	1.818182E+1
6.422060E+2	3.485400E+2	3.326447E+1	4.949000E+0	5.245600E-6	NaN	5.245600E-5	5.338482E-1	1.816817E+1
6.449840E+2	3.488700E+2	3.323301E+1	4.902908E+0	5.308900E-6	NaN	5.308900E-5	5.341467E-1	1.816426E+1
6.481870E+2	3.490400E+2	3.321682E+1	4.937858E+0	5.380900E-6	NaN	5.380900E-5	5.337569E-1	1.813716E+1
6.510500E+2	3.492900E+2	3.319305E+1	4.901510E+0	5.447400E-6	NaN	5.447400E-5	5.336901E-1	1.812143E+1
6.540130E+2	3.496400E+2	3.315982E+1	4.887198E+0	5.516500E-6	NaN	5.516500E-5	5.339042E-1	1.811482E+1
6.571770E+2	3.499000E+2	3.313518E+1	4.956526E+0	5.592600E-6	NaN	5.592600E-5	5.334693E-1	1.808623E+1
6.601820E+2	3.501600E+2	3.311058E+1	5.018900E+0	5.664200E-6	NaN	5.664200E-5	5.331877E-1	1.806284E+1
6.634780E+2	3.504200E+2	3.308601E+1	5.066779E+0	5.745400E-6	NaN	5.745400E-5	5.329982E-1	1.804258E+1
6.666590E+2	3.506700E+2	3.306242E+1	5.094365E+0	5.822300E-6	NaN	5.822300E-5	5.330221E-1	1.802949E+1
6.696640E+2	3.509300E+2	3.303793E+1	5.101780E+0	5.897200E-6	NaN	5.897200E-5	5.327433E-1	1.800667E+1
6.728430E+2	3.511800E+2	3.301441E+1	5.115518E+0	5.976600E-6	NaN	5.976600E-5	5.325407E-1	1.798643E+1
6.758860E+2	3.514300E+2	3.299092E+1	5.118998E+0	6.053100E-6	NaN	6.053100E-5	5.323952E-1	1.796820E+1
6.792330E+2	3.517800E+2	3.295810E+1	5.127016E+0	6.139600E-6	NaN	6.139600E-5	5.322844E-1	1.795116E+1
6.825280E+2	3.520400E+2	3.293376E+1	5.115457E+0	6.226100E-6	NaN	6.226100E-5	5.319482E-1	1.792616E+1
6.859080E+2	3.523200E+2	3.290758E+1	5.157265E+0	6.316700E-6	NaN	6.316700E-5	5.317925E-1	1.790725E+1
6.891540E+2	3.525800E+2	3.288332E+1	5.108625E+0	6.406000E-6	NaN	6.406000E-5	5.316981E-1	1.789035E+1
6.924180E+2	3.529400E+2	3.284978E+1	5.045228E+0	6.496000E-6	NaN	6.496000E-5	5.317289E-1	1.787767E+1
6.956560E+2	3.532000E+2	3.282559E+1	5.118616E+0	6.587600E-6	NaN	6.587600E-5	5.314297E-1	1.785360E+1
6.991500E+2	3.535500E+2	3.279310E+1	5.167432E+0	6.685000E-6	NaN	6.685000E-5	5.309481E-1	1.782387E+1
7.029370E+2	3.538100E+2	3.276900E+1	5.253923E+0	6.794200E-6	NaN	6.794200E-5	5.304442E-1	1.779310E+1
7.063600E+2	3.541400E+2	3.273847E+1	5.265838E+0	6.893500E-6	NaN	6.893500E-5	5.302074E-1	1.777144E+1
7.098040E+2	3.544100E+2	3.271352E+1	5.284133E+0	6.993100E-6	NaN	6.993100E-5	5.301288E-1	1.775454E+1
7.134640E+2	3.546600E+2	3.269046E+1	5.278273E+0	7.097600E-6	NaN	7.097600E-5	5.298430E-1	1.773112E+1
7.165040E+2	3.549100E+2	3.266744E+1	5.205947E+0	7.183800E-6	NaN	7.183800E-5	5.300828E-1	1.772507E+1
7.195060E+2	3.552300E+2	3.263801E+1	5.121389E+0	7.272000E-6	NaN	7.272000E-5	5.302716E-1	1.771744E+1
7.227580E+2	3.554800E+2	3.261506E+1	5.129212E+0	7.368400E-6	NaN	7.368400E-5	5.301565E-1	1.769953E+1
7.262420E+2	3.557200E+2	3.259305E+1	5.100314E+0	7.469200E-6	NaN	7.469200E-5	5.301052E-1	1.768387E+1
7.293620E+2	3.559700E+2	3.257016E+1	5.025035E+0	7.560800E-6	NaN	7.560800E-5	5.302306E-1	1.767428E+1
7.326760E+2	3.563100E+2	3.253908E+1	4.928710E+0	7.659300E-6	NaN	7.659300E-5	5.302934E-1	1.766273E+1
7.360530E+2	3.565600E+2	3.251627E+1	4.940691E+0	7.763400E-6	NaN	7.763400E-5	5.301346E-1	1.764356E+1
7.394840E+2	3.568800E+2	3.248711E+1	4.920849E+0	7.869900E-6	NaN	7.869900E-5	5.300934E-1	1.762842E+1
7.429480E+2	3.571400E+2	3.246346E+1	4.976034E+0	7.979100E-6	NaN	7.979100E-5	5.299863E-1	1.761091E+1
7.460520E+2	3.573900E+2	3.244075E+1	4.968580E+0	8.078900E-6	NaN	8.078900E-5	5.298971E-1	1.759414E+1
7.492390E+2	3.576300E+2	3.241898E+1	4.992930E+0	8.180900E-6	NaN	8.180900E-5	5.297946E-1	1.757708E+1
7.524850E+2	3.578800E+2	3.239633E+1	4.992482E+0	8.286800E-6	NaN	8.286800E-5	5.297285E-1	1.756141E+1
7.555070E+2	3.582400E+2	3.236378E+1	4.941235E+0	8.389500E-6	NaN	8.389500E-5	5.297607E-1	1.754912E+1
7.592000E+2	3.584900E+2	3.234121E+1	4.965613E+0	8.516500E-6	NaN	8.516500E-5	5.294900E-1	1.752650E+1
7.626490E+2	3.587500E+2	3.231777E+1	4.998023E+0	8.636200E-6	NaN	8.636200E-5	5.294573E-1	1.751194E+1
7.656240E+2	3.590100E+2	3.229437E+1	4.999752E+0	8.737300E-6	NaN	8.737300E-5	5.294926E-1	1.749980E+1
7.686620E+2	3.592600E+2	3.227189E+1	4.975364E+0	8.845400E-6	NaN	8.845400E-5	5.294679E-1	1.748578E+1
7.717460E+2	3.595100E+2	3.224945E+1	4.938725E+0	8.954700E-6	NaN	8.954700E-5	5.294617E-1	1.747253E+1
7.748220E+2	3.597600E+2	3.222704E+1	4.948584E+0	9.063500E-6	NaN	9.063500E-5	5.294746E-1	1.746007E+1
7.776380E+2	3.600100E+2	3.220466E+1	4.934485E+0	9.165600E-6	NaN	9.165600E-5	5.294363E-1	1.744612E+1
7.805760E+2	3.602600E+2	3.218231E+1	4.964292E+0	9.271200E-6	NaN	9.271200E-5	5.293921E-1	1.743206E+1
7.834940E+2	3.605300E+2	3.215821E+1	4.980102E+0	9.376900E-6	NaN	9.376900E-5	5.293458E-1	1.741803E+1
7.864760E+2	3.607700E+2	3.213682E+1	5.010111E+0	9.486900E-6	NaN	9.486900E-5	5.292133E-1	1.740117E+1
7.894290E+2	3.610200E+2	3.211456E+1	5.009238E+0	9.598900E-6	NaN	9.598900E-5	5.290937E-1	1.738488E+1
7.923620E+2	3.611900E+2	3.209945E+1	4.987024E+0	9.709900E-6	NaN	9.709900E-5	5.289989E-1	1.736946E+1
7.953350E+2	3.615300E+2	3.206926E+1	5.001644E+0	9.822900E-6	NaN	9.822900E-5	5.291410E-1	1.736215E+1
7.983910E+2	3.617100E+2	3.205330E+1	5.049338E+0	9.943200E-6	NaN	9.943200E-5	5.289765E-1	1.734451E+1
8.013080E+2	3.619700E+2	3.203028E+1	5.009178E+0	1.006250E-5	NaN	1.006250E-4	5.290813E-1	1.733596E+1
8.043780E+2	3.622300E+2	3.200729E+1	4.995998E+0	1.018650E-5	NaN	1.018650E-4	5.291438E-1	1.732604E+1
8.073720E+2	3.625000E+2	3.198345E+1	4.985019E+0	1.031330E-5	NaN	1.031330E-4	5.292067E-1	1.731611E+1
8.102850E+2	3.627800E+2	3.195876E+1	4.984692E+0	1.043890E-5	NaN	1.043890E-4	5.292555E-1	1.730564E+1
8.131670E+2	3.630500E+2	3.193500E+1	5.004646E+0	1.056180E-5	NaN	1.056180E-4	5.292319E-1	1.729270E+1
8.161990E+2	3.633000E+2	3.191302E+1	5.052158E+0	1.068920E-5	NaN	1.068920E-4	5.292237E-1	1.728014E+1
8.191710E+2	3.635600E+2	3.189020E+1	5.091254E+0	1.081860E-5	NaN	1.081860E-4	5.292268E-1	1.726797E+1
8.221570E+2	3.638200E+2	3.186741E+1	5.154486E+0	1.095090E-5	NaN	1.095090E-4	5.292379E-1	1.725601E+1
8.251670E+2	3.640700E+2	3.184552E+1	5.210507E+0	1.108090E-5	NaN	1.108090E-4	5.292469E-1	1.724395E+1
8.282630E+2	3.643200E+2	3.182367E+1	5.258651E+0	1.121290E-5	NaN	1.121290E-4	5.292260E-1	1.723094E+1
8.313010E+2	3.645700E+2	3.180185E+1	5.221957E+0	1.134690E-5	NaN	1.134690E-4	5.291900E-1	1.721746E+1
8.343870E+2	3.648300E+2	3.177918E+1	5.247738E+0	1.147480E-5	NaN	1.147480E-4	5.294737E-1	1.721401E+1
8.374930E+2	3.650700E+2	3.175829E+1	5.200990E+0	1.161290E-5	NaN	1.161290E-4	5.293836E-1	1.719865E+1
8.404980E+2	3.653200E+2	3.173656E+1	5.138478E+0	1.174050E-5	NaN	1.174050E-4	5.297008E-1	1.719616E+1
8.435570E+2	3.655500E+2	3.171659E+1	5.068656E+0	1.187560E-5	NaN	1.187560E-4	5.299701E-1	1.719200E+1
8.465610E+2	3.657900E+2	3.169578E+1	4.988080E+0	1.200270E-5	NaN	1.200270E-4	5.299428E-1	1.717864E+1
8.496170E+2	3.660400E+2	3.167413E+1	4.928802E+0	1.213810E-5	NaN	1.213810E-4	5.299325E-1	1.716580E+1
8.527570E+2	3.662800E+2	3.165338E+1	4.894352E+0	1.227830E-5	NaN	1.227830E-4	5.298800E-1	1.715155E+1
8.557160E+2	3.665200E+2	3.163265E+1	4.847947E+0	1.241310E-5	NaN	1.241310E-4	5.299462E-1	1.714111E+1
8.587000E+2	3.667800E+2	3.161023E+1	4.816499E+0	1.254910E-5	NaN	1.254910E-4	5.300679E-1	1.713238E+1
8.615700E+2	3.670300E+2	3.158870E+1	4.814853E+0	1.267920E-5	NaN	1.267920E-4	5.301126E-1	1.712105E+1
8.647570E+2	3.672800E+2	3.156720E+1	4.831709E+0	1.282900E-5	NaN	1.282900E-4	5.301575E-1	1.710957E+1
8.677820E+2	3.675300E+2	3.154572E+1	4.840540E+0	1.297360E-5	NaN	1.297360E-4	5.302565E-1	1.709971E+1
8.708910E+2	3.677800E+2	3.152428E+1	4.856193E+0	1.312440E-5	NaN	1.312440E-4	5.301064E-1	1.708212E+1
8.738450E+2	3.680300E+2	3.150287E+1	4.878894E+0	1.327030E-5	NaN	1.327030E-4	5.300520E-1	1.706752E+1
8.769100E+2	3.682900E+2	3.148063E+1	4.900193E+0	1.342250E-5	NaN	1.342250E-4	5.300243E-1	1.705377E+1
8.799250E+2	3.685300E+2	3.146013E+1	4.934277E+0	1.357700E-5	NaN	1.357700E-4	5.300670E-1	1.704216E+1
8.830090E+2	3.688000E+2	3.143709E+1	4.946228E+0	1.373290E-5	NaN	1.373290E-4	5.298607E-1	1.702293E+1
8.860040E+2	3.690600E+2	3.141495E+1	4.965844E+0	1.388810E-5	NaN	1.388810E-4	5.296871E-1	1.700463E+1
8.890870E+2	3.693100E+2	3.139368E+1	4.992920E+0	1.404820E-5	NaN	1.404820E-4	5.292822E-1	1.697920E+1
8.920440E+2	3.695600E+2	3.137244E+1	4.996942E+0	1.420250E-5	NaN	1.420250E-4	5.291523E-1	1.696253E+1
8.949500E+2	3.698100E+2	3.135123E+1	4.997412E+0	1.435470E-5	NaN	1.435470E-4	5.288740E-1	1.694135E+1
8.980490E+2	3.700600E+2	3.133005E+1	5.012159E+0	1.451810E-5	NaN	1.451810E-4	5.286426E-1	1.692169E+1
9.011070E+2	3.703100E+2	3.130890E+1	5.029457E+0	1.468720E-5	NaN	1.468720E-4	5.286272E-1	1.690887E+1
9.040960E+2	3.705600E+2	3.128778E+1	5.030231E+0	1.484380E-5	NaN	1.484380E-4	5.286414E-1	1.689695E+1
9.071760E+2	3.708300E+2	3.126500E+1	5.029736E+0	1.501980E-5	NaN	1.501980E-4	5.283586E-1	1.687580E+1
9.102880E+2	3.710900E+2	3.124309E+1	5.030620E+0	1.519130E-5	NaN	1.519130E-4	5.281366E-1	1.685649E+1
9.133280E+2	3.713600E+2	3.122038E+1	5.031824E+0	1.536770E-5	NaN	1.536770E-4	5.280548E-1	1.684152E+1
9.163000E+2	3.716200E+2	3.119854E+1	5.046683E+0	1.553970E-5	NaN	1.553970E-4	5.279546E-1	1.682587E+1
9.193450E+2	3.718900E+2	3.117589E+1	5.055922E+0	1.572390E-5	NaN	1.572390E-4	5.275573E-1	1.680107E+1
9.223700E+2	3.721500E+2	3.115410E+1	5.081007E+0	1.590540E-5	NaN	1.590540E-4	5.272601E-1	1.677938E+1
9.253910E+2	3.724200E+2	3.113152E+1	5.112843E+0	1.609030E-5	NaN	1.609030E-4	5.268260E-1	1.675359E+1
9.283680E+2	3.726900E+2	3.110896E+1	5.143909E+0	1.626490E-5	NaN	1.626490E-4	5.264653E-1	1.673012E+1
9.314880E+2	3.730300E+2	3.108061E+1	5.183296E+0	1.645600E-5	NaN	1.645600E-4	5.260591E-1	1.670515E+1
9.346410E+2	3.731900E+2	3.106728E+1	5.276787E+0	1.664480E-5	NaN	1.664480E-4	5.254941E-1	1.667482E+1
9.375530E+2	3.734400E+2	3.104649E+1	5.259674E+0	1.682190E-5	NaN	1.682190E-4	5.253483E-1	1.665816E+1
9.405880E+2	3.736900E+2	3.102572E+1	5.233372E+0	1.700680E-5	NaN	1.700680E-4	5.248037E-1	1.662933E+1
9.435480E+2	3.739300E+2	3.100580E+1	5.192950E+0	1.718460E-5	NaN	1.718460E-4	5.244985E-1	1.660809E+1
9.465860E+2	3.742500E+2	3.097929E+1	5.147202E+0	1.736150E-5	NaN	1.736150E-4	5.243160E-1	1.659082E+1
9.497280E+2	3.744100E+2	3.096605E+1	5.142992E+0	1.754700E-5	NaN	1.754700E-4	5.238080E-1	1.656308E+1
9.527780E+2	3.746600E+2	3.094539E+1	5.057260E+0	1.773710E-5	NaN	1.773710E-4	5.236238E-1	1.654595E+1
9.556520E+2	3.749000E+2	3.092558E+1	4.977376E+0	1.790540E-5	NaN	1.790540E-4	5.234742E-1	1.652994E+1
9.586930E+2	3.751500E+2	3.090497E+1	4.912659E+0	1.809230E-5	NaN	1.809230E-4	5.232805E-1	1.651258E+1
9.617460E+2	3.753900E+2	3.088521E+1	4.854331E+0	1.828270E-5	NaN	1.828270E-4	5.230167E-1	1.649304E+1
9.647070E+2	3.756300E+2	3.086548E+1	4.805021E+0	1.847040E-5	NaN	1.847040E-4	5.227429E-1	1.647325E+1
9.676580E+2	3.758700E+2	3.084577E+1	4.778019E+0	1.865440E-5	NaN	1.865440E-4	5.223591E-1	1.645014E+1
9.706470E+2	3.761200E+2	3.082527E+1	4.831528E+0	1.884930E-5	NaN	1.884930E-4	5.219766E-1	1.642710E+1
9.736190E+2	3.763700E+2	3.080479E+1	4.817258E+0	1.904100E-5	NaN	1.904100E-4	5.215733E-1	1.640343E+1
9.767250E+2	3.766400E+2	3.078271E+1	4.820778E+0	1.925060E-5	NaN	1.925060E-4	5.214067E-1	1.638690E+1
9.796910E+2	3.768900E+2	3.076229E+1	4.841228E+0	1.945330E-5	NaN	1.945330E-4	5.208693E-1	1.635903E+1
9.826460E+2	3.771400E+2	3.074190E+1	4.866171E+0	1.965090E-5	NaN	1.965090E-4	5.206171E-1	1.633987E+1
9.858080E+2	3.774000E+2	3.072072E+1	4.962731E+0	1.986390E-5	NaN	1.986390E-4	5.203230E-1	1.631943E+1
9.887970E+2	3.776500E+2	3.070038E+1	4.979816E+0	2.007150E-5	NaN	2.007150E-4	5.200349E-1	1.629919E+1
9.917270E+2	3.779000E+2	3.068007E+1	4.995995E+0	2.028670E-5	NaN	2.028670E-4	5.197330E-1	1.627859E+1
9.946940E+2	3.781500E+2	3.065979E+1	5.018708E+0	2.050160E-5	NaN	2.050160E-4	5.193825E-1	1.625662E+1
9.976190E+2	3.784000E+2	3.063953E+1	5.041285E+0	2.070930E-5	NaN	2.070930E-4	5.189790E-1	1.623309E+1
1.000595E+3	3.786700E+2	3.061769E+1	5.055577E+0	2.093240E-5	NaN	2.093240E-4	5.185844E-1	1.620986E+1
1.003600E+3	3.789200E+2	3.059749E+1	5.077796E+0	2.114500E-5	NaN	2.114500E-4	5.181550E-1	1.618554E+1
1.006437E+3	3.791700E+2	3.057731E+1	5.087566E+0	2.135100E-5	NaN	2.135100E-4	5.177230E-1	1.616121E+1
1.009444E+3	3.794100E+2	3.055797E+1	5.101124E+0	2.157100E-5	NaN	2.157100E-4	5.172692E-1	1.613622E+1
1.012506E+3	3.796700E+2	3.053705E+1	5.099302E+0	2.179200E-5	NaN	2.179200E-4	5.168766E-1	1.611322E+1
1.015483E+3	3.799300E+2	3.051615E+1	5.103482E+0	2.202000E-5	NaN	2.202000E-4	5.164831E-1	1.609018E+1
1.018511E+3	3.801800E+2	3.049608E+1	5.112769E+0	2.225000E-5	NaN	2.225000E-4	5.160204E-1	1.606503E+1
1.021549E+3	3.804400E+2	3.047524E+1	5.115573E+0	2.249600E-5	NaN	2.249600E-4	5.156543E-1	1.604289E+1
1.024568E+3	3.807300E+2	3.045203E+1	5.112779E+0	2.273100E-5	NaN	2.273100E-4	5.152849E-1	1.602067E+1
1.027469E+3	3.809800E+2	3.043204E+1	5.131997E+0	2.295500E-5	NaN	2.295500E-4	5.148847E-1	1.599733E+1
1.030552E+3	3.812400E+2	3.041129E+1	5.148997E+0	2.322400E-5	NaN	2.322400E-4	5.144453E-1	1.597277E+1
1.033616E+3	3.815000E+2	3.039056E+1	5.156458E+0	2.347200E-5	NaN	2.347200E-4	5.140905E-1	1.595088E+1
1.036629E+3	3.817600E+2	3.036987E+1	5.158901E+0	2.372900E-5	NaN	2.372900E-4	5.137992E-1	1.593093E+1
1.039593E+3	3.820200E+2	3.034920E+1	5.174068E+0	2.398100E-5	NaN	2.398100E-4	5.135508E-1	1.591228E+1
1.042751E+3	3.822700E+2	3.032935E+1	5.186683E+0	2.425000E-5	NaN	2.425000E-4	5.132482E-1	1.589200E+1
1.045818E+3	3.825100E+2	3.031032E+1	5.187555E+0	2.450100E-5	NaN	2.450100E-4	5.129579E-1	1.587217E+1
1.048845E+3	3.827700E+2	3.028973E+1	5.156608E+0	2.474900E-5	NaN	2.474900E-4	5.127606E-1	1.585527E+1
1.051863E+3	3.830200E+2	3.026996E+1	5.126569E+0	2.500400E-5	NaN	2.500400E-4	5.125342E-1	1.583746E+1
1.055097E+3	3.832600E+2	3.025100E+1	5.096432E+0	2.526200E-5	NaN	2.526200E-4	5.123571E-1	1.582120E+1
1.058004E+3	3.835000E+2	3.023207E+1	5.033496E+0	2.551000E-5	NaN	2.551000E-4	5.122242E-1	1.580635E+1
1.061114E+3	3.837400E+2	3.021317E+1	4.971580E+0	2.576600E-5	NaN	2.576600E-4	5.120906E-1	1.579156E+1
1.064079E+3	3.839800E+2	3.019428E+1	4.926546E+0	2.601300E-5	NaN	2.601300E-4	5.120510E-1	1.577966E+1
1.067183E+3	3.842200E+2	3.017542E+1	4.888186E+0	2.627500E-5	NaN	2.627500E-4	5.119640E-1	1.576639E+1
1.070295E+3	3.844700E+2	3.015580E+1	4.845554E+0	2.652700E-5	NaN	2.652700E-4	5.118899E-1	1.575359E+1
1.073220E+3	3.847200E+2	3.013620E+1	4.810208E+0	2.676900E-5	NaN	2.676900E-4	5.118161E-1	1.574080E+1
1.076043E+3	3.849700E+2	3.011663E+1	4.798916E+0	2.702100E-5	NaN	2.702100E-4	5.116665E-1	1.572565E+1
1.079062E+3	3.852200E+2	3.009709E+1	4.821587E+0	2.729500E-5	NaN	2.729500E-4	5.114457E-1	1.570833E+1
1.082025E+3	3.854700E+2	3.007757E+1	4.843901E+0	2.756200E-5	NaN	2.756200E-4	5.112690E-1	1.569235E+1
1.085000E+3	3.857200E+2	3.005807E+1	4.865166E+0	2.783200E-5	NaN	2.783200E-4	5.111341E-1	1.567766E+1
1.088084E+3	3.859700E+2	3.003860E+1	4.903388E+0	2.810700E-5	NaN	2.810700E-4	5.109648E-1	1.566191E+1
1.091187E+3	3.862200E+2	3.001916E+1	4.944454E+0	2.839000E-5	NaN	2.839000E-4	5.107974E-1	1.564627E+1
1.094204E+3	3.864800E+2	2.999897E+1	4.961646E+0	2.866600E-5	NaN	2.866600E-4	5.106493E-1	1.563127E+1
1.097364E+3	3.867500E+2	2.997802E+1	4.990146E+0	2.897300E-5	NaN	2.897300E-4	5.104442E-1	1.561455E+1
1.100330E+3	3.870000E+2	2.995866E+1	5.011341E+0	2.926000E-5	NaN	2.926000E-4	5.102335E-1	1.559766E+1
1.103342E+3	3.872500E+2	2.993932E+1	5.029696E+0	2.954800E-5	NaN	2.954800E-4	5.100389E-1	1.558133E+1
1.106376E+3	3.875000E+2	2.992000E+1	5.030386E+0	2.984100E-5	NaN	2.984100E-4	5.098687E-1	1.556580E+1
1.109333E+3	3.877500E+2	2.990071E+1	5.018280E+0	3.014000E-5	NaN	3.014000E-4	5.097032E-1	1.555049E+1
1.112305E+3	3.880000E+2	2.988144E+1	5.011381E+0	3.041800E-5	NaN	3.041800E-4	5.094886E-1	1.553379E+1
1.115358E+3	3.882500E+2	2.986220E+1	5.016586E+0	3.071600E-5	NaN	3.071600E-4	5.089901E-1	1.550876E+1
1.118360E+3	3.884900E+2	2.984375E+1	5.015909E+0	3.100000E-5	NaN	3.100000E-4	5.088629E-1	1.549477E+1
1.121394E+3	3.887600E+2	2.982303E+1	5.009585E+0	3.130200E-5	NaN	3.130200E-4	5.087221E-1	1.548042E+1
1.124400E+3	3.890000E+2	2.980463E+1	5.019322E+0	3.159500E-5	NaN	3.159500E-4	5.085450E-1	1.546492E+1
1.127532E+3	3.892400E+2	2.978625E+1	5.013694E+0	3.189900E-5	NaN	3.189900E-4	5.083918E-1	1.545017E+1
1.130553E+3	3.895000E+2	2.976637E+1	4.983527E+0	3.217700E-5	NaN	3.217700E-4	5.079889E-1	1.542814E+1
1.133562E+3	3.897600E+2	2.974651E+1	4.968747E+0	3.247800E-5	NaN	3.247800E-4	5.077938E-1	1.541211E+1
1.136493E+3	3.900200E+2	2.972668E+1	4.968498E+0	3.279200E-5	NaN	3.279200E-4	5.075674E-1	1.539511E+1
1.139607E+3	3.902900E+2	2.970612E+1	4.983601E+0	3.312900E-5	NaN	3.312900E-4	5.072617E-1	1.537568E+1
1.142559E+3	3.905500E+2	2.968634E+1	5.004997E+0	3.349200E-5	NaN	3.349200E-4	5.069399E-1	1.535575E+1
1.145563E+3	3.907300E+2	2.967266E+1	5.031882E+0	3.382400E-5	NaN	3.382400E-4	5.067345E-1	1.533932E+1
1.148495E+3	3.910100E+2	2.965142E+1	5.003748E+0	3.416100E-5	NaN	3.416100E-4	5.067913E-1	1.533104E+1
1.151540E+3	3.912700E+2	2.963171E+1	5.010278E+0	3.449600E-5	NaN	3.449600E-4	5.067713E-1	1.532032E+1
1.154562E+3	3.915300E+2	2.961203E+1	5.018402E+0	3.482700E-5	NaN	3.482700E-4	5.067338E-1	1.530905E+1
1.157549E+3	3.918700E+2	2.958634E+1	5.022904E+0	3.514600E-5	NaN	3.514600E-4	5.066405E-1	1.529607E+1
1.160650E+3	3.921100E+2	2.956823E+1	5.109700E+0	3.549100E-5	NaN	3.549100E-4	5.062043E-1	1.527252E+1
1.163779E+3	3.923600E+2	2.954939E+1	5.159599E+0	3.583900E-5	NaN	3.583900E-4	5.058396E-1	1.525121E+1
1.166841E+3	3.926000E+2	2.953133E+1	5.169022E+0	3.621400E-5	NaN	3.621400E-4	5.054821E-1	1.523017E+1
1.169830E+3	3.928500E+2	2.951254E+1	5.160175E+0	3.655800E-5	NaN	3.655800E-4	5.052415E-1	1.521276E+1
1.172938E+3	3.930900E+2	2.949452E+1	5.150027E+0	3.688800E-5	NaN	3.688800E-4	5.050085E-1	1.519561E+1
1.175879E+3	3.933300E+2	2.947652E+1	5.130193E+0	3.720300E-5	NaN	3.720300E-4	5.048019E-1	1.517930E+1
1.178940E+3	3.935700E+2	2.945855E+1	5.111587E+0	3.753800E-5	NaN	3.753800E-4	5.045744E-1	1.516239E+1
1.182046E+3	3.938100E+2	2.944059E+1	5.091820E+0	3.782800E-5	NaN	3.782800E-4	5.043283E-1	1.514497E+1
1.185037E+3	3.940500E+2	2.942266E+1	4.996928E+0	3.822300E-5	NaN	3.822300E-4	5.039451E-1	1.512353E+1
1.188077E+3	3.942900E+2	2.940475E+1	4.921457E+0	3.854500E-5	NaN	3.854500E-4	5.036696E-1	1.510539E+1
1.191268E+3	3.945400E+2	2.938612E+1	4.842113E+0	3.891900E-5	NaN	3.891900E-4	5.032986E-1	1.508443E+1
1.194434E+3	3.947900E+2	2.936751E+1	4.761560E+0	3.930000E-5	NaN	3.930000E-4	5.029925E-1	1.506541E+1
1.197489E+3	3.950600E+2	2.934744E+1	4.758876E+0	3.967600E-5	NaN	3.967600E-4	5.026850E-1	1.504640E+1
1.200615E+3	3.953100E+2	2.932888E+1	4.772671E+0	4.004300E-5	NaN	4.004300E-4	5.023150E-1	1.502551E+1
1.203572E+3	3.955600E+2	2.931034E+1	4.785693E+0	4.041400E-5	NaN	4.041400E-4	5.019563E-1	1.500498E+1
1.206508E+3	3.958200E+2	2.929109E+1	4.803784E+0	4.075900E-5	NaN	4.075900E-4	5.016317E-1	1.498551E+1
1.209526E+3	3.960700E+2	2.927260E+1	4.847178E+0	4.114600E-5	NaN	4.114600E-4	5.010947E-1	1.495981E+1
1.212507E+3	3.963200E+2	2.925414E+1	4.884498E+0	4.150500E-5	NaN	4.150500E-4	5.005465E-1	1.493384E+1
1.215555E+3	3.965700E+2	2.923570E+1	4.927929E+0	4.189300E-5	NaN	4.189300E-4	5.000530E-1	1.490953E+1
1.218546E+3	3.968300E+2	2.921654E+1	4.963905E+0	4.225700E-5	NaN	4.225700E-4	4.995824E-1	1.488598E+1
1.221567E+3	3.970800E+2	2.919815E+1	4.998402E+0	4.264400E-5	NaN	4.264400E-4	4.990755E-1	1.486136E+1
1.224764E+3	3.973400E+2	2.917904E+1	5.026718E+0	4.306100E-5	NaN	4.306100E-4	4.985800E-1	1.483716E+1
1.227894E+3	3.975800E+2	2.916143E+1	5.040217E+0	4.346300E-5	NaN	4.346300E-4	4.982071E-1	1.481661E+1
1.230983E+3	3.978300E+2	2.914310E+1	5.023960E+0	4.387000E-5	NaN	4.387000E-4	4.979461E-1	1.479942E+1
1.234037E+3	3.980700E+2	2.912553E+1	4.991280E+0	4.423000E-5	NaN	4.423000E-4	4.976818E-1	1.478220E+1
1.237257E+3	3.984000E+2	2.910141E+1	4.962457E+0	4.466200E-5	NaN	4.466200E-4	4.974000E-1	1.476451E+1
1.240334E+3	3.985700E+2	2.908899E+1	4.976786E+0	4.508000E-5	NaN	4.508000E-4	4.969938E-1	1.474289E+1
1.243325E+3	3.989100E+2	2.906420E+1	4.923727E+0	4.548100E-5	NaN	4.548100E-4	4.968910E-1	1.473052E+1
1.246488E+3	3.992000E+2	2.904309E+1	4.959631E+0	4.591500E-5	NaN	4.591500E-4	4.965412E-1	1.471055E+1
1.249872E+3	3.995400E+2	2.901837E+1	5.010785E+0	4.638900E-5	NaN	4.638900E-4	4.961263E-1	1.468856E+1
1.253583E+3	3.998100E+2	2.899877E+1	5.099938E+0	4.693700E-5	NaN	4.693700E-4	4.956034E-1	1.466314E+1
1.256967E+3	4.000800E+2	2.897920E+1	5.140111E+0	4.742000E-5	NaN	4.742000E-4	4.952545E-1	1.464293E+1
1.260117E+3	4.003400E+2	2.896038E+1	5.169534E+0	4.789000E-5	NaN	4.789000E-4	4.949037E-1	1.462270E+1
1.262983E+3	4.005900E+2	2.894231E+1	5.189150E+0	4.831500E-5	NaN	4.831500E-4	4.945746E-1	1.460317E+1
1.266042E+3	4.008500E+2	2.892354E+1	5.205979E+0	4.874100E-5	NaN	4.874100E-4	4.942734E-1	1.458453E+1
1.269089E+3	4.011000E+2	2.890551E+1	5.201294E+0	4.920800E-5	NaN	4.920800E-4	4.939359E-1	1.456484E+1
1.272057E+3	4.013700E+2	2.888607E+1	5.176749E+0	4.961100E-5	NaN	4.961100E-4	4.936635E-1	1.454714E+1
1.275083E+3	4.016100E+2	2.886880E+1	5.144180E+0	5.004300E-5	NaN	5.004300E-4	4.932835E-1	1.452626E+1
1.278119E+3	4.018600E+2	2.885084E+1	5.138154E+0	5.046100E-5	NaN	5.046100E-4	4.929565E-1	1.450702E+1
1.281138E+3	4.021000E+2	2.883362E+1	5.046999E+0	5.085200E-5	NaN	5.085200E-4	4.925591E-1	1.448579E+1
1.284240E+3	4.023400E+2	2.881642E+1	5.005646E+0	5.127100E-5	NaN	5.127100E-4	4.921271E-1	1.446366E+1
1.287150E+3	4.025700E+2	2.879996E+1	4.967386E+0	5.168500E-5	NaN	5.168500E-4	4.917042E-1	1.444188E+1
1.290129E+3	4.028100E+2	2.878280E+1	4.973572E+0	5.209000E-5	NaN	5.209000E-4	4.913046E-1	1.442087E+1
1.293064E+3	4.030500E+2	2.876566E+1	4.947580E+0	5.248900E-5	NaN	5.248900E-4	4.908869E-1	1.439938E+1
1.296102E+3	4.033100E+2	2.874712E+1	4.913522E+0	5.292800E-5	NaN	5.292800E-4	4.904502E-1	1.437739E+1
1.299035E+3	4.035500E+2	2.873002E+1	4.887965E+0	5.333100E-5	NaN	5.333100E-4	4.899285E-1	1.435292E+1
1.302002E+3	4.038000E+2	2.871223E+1	4.872583E+0	5.375400E-5	NaN	5.375400E-4	4.893728E-1	1.432751E+1
1.304920E+3	4.040500E+2	2.869447E+1	4.870129E+0	5.418900E-5	NaN	5.418900E-4	4.887694E-1	1.430070E+1
1.307962E+3	4.042900E+2	2.867743E+1	4.875823E+0	5.468400E-5	NaN	5.468400E-4	4.880797E-1	1.427147E+1
1.311026E+3	4.045500E+2	2.865900E+1	4.897185E+0	5.513100E-5	NaN	5.513100E-4	4.874906E-1	1.424523E+1
1.314043E+3	4.047100E+2	2.864767E+1	4.921432E+0	5.560600E-5	NaN	5.560600E-4	4.868849E-1	1.421848E+1
1.316970E+3	4.049700E+2	2.862928E+1	4.879661E+0	5.605400E-5	NaN	5.605400E-4	4.864532E-1	1.419713E+1
1.319929E+3	4.052500E+2	2.860950E+1	4.860124E+0	5.650300E-5	NaN	5.650300E-4	4.859007E-1	1.417226E+1
1.322948E+3	4.055100E+2	2.859116E+1	4.866100E+0	5.699200E-5	NaN	5.699200E-4	4.851957E-1	1.414292E+1
1.326048E+3	4.057600E+2	2.857354E+1	4.876124E+0	5.742200E-5	NaN	5.742200E-4	4.844802E-1	1.411332E+1
1.329026E+3	4.060200E+2	2.855524E+1	4.878480E+0	5.790600E-5	NaN	5.790600E-4	4.837880E-1	1.408443E+1
1.332098E+3	4.063500E+2	2.853205E+1	4.891670E+0	5.843900E-5	NaN	5.843900E-4	4.833461E-1	1.406260E+1
1.335183E+3	4.066000E+2	2.851451E+1	4.972016E+0	5.890900E-5	NaN	5.890900E-4	4.826958E-1	1.403461E+1
1.338335E+3	4.068400E+2	2.849769E+1	5.036762E+0	5.947500E-5	NaN	5.947500E-4	4.820367E-1	1.400642E+1
1.341478E+3	4.070900E+2	2.848019E+1	5.080731E+0	5.993400E-5	NaN	5.993400E-4	4.815181E-1	1.398242E+1
1.344759E+3	4.073400E+2	2.846271E+1	5.119579E+0	6.043100E-5	NaN	6.043100E-4	4.806431E-1	1.394838E+1
1.347801E+3	4.075700E+2	2.844665E+1	5.128129E+0	6.088000E-5	NaN	6.088000E-4	4.798441E-1	1.391656E+1
1.350877E+3	4.078200E+2	2.842921E+1	5.125058E+0	6.137700E-5	NaN	6.137700E-4	4.790777E-1	1.388578E+1
1.353844E+3	4.080600E+2	2.841249E+1	5.044343E+0	6.186900E-5	NaN	6.186900E-4	4.784454E-1	1.385888E+1
1.356972E+3	4.083200E+2	2.839440E+1	4.968029E+0	6.237700E-5	NaN	6.237700E-4	4.778513E-1	1.383314E+1
1.359945E+3	4.085800E+2	2.837633E+1	4.918135E+0	6.287600E-5	NaN	6.287600E-4	4.772466E-1	1.380708E+1
1.362892E+3	4.088500E+2	2.835759E+1	4.886683E+0	6.337400E-5	NaN	6.337400E-4	4.765725E-1	1.377899E+1
1.365997E+3	4.091200E+2	2.833887E+1	4.867249E+0	6.395400E-5	NaN	6.395400E-4	4.758385E-1	1.374912E+1
1.369113E+3	4.094100E+2	2.831880E+1	4.863451E+0	6.452600E-5	NaN	6.452600E-4	4.750391E-1	1.371736E+1
1.372275E+3	4.096700E+2	2.830083E+1	4.946158E+0	6.506200E-5	NaN	6.506200E-4	4.743481E-1	1.368863E+1
1.375385E+3	4.100300E+2	2.827598E+1	5.024390E+0	6.563400E-5	NaN	6.563400E-4	4.736207E-1	1.365884E+1
1.378656E+3	4.102900E+2	2.825806E+1	5.161942E+0	6.623600E-5	NaN	6.623600E-4	4.726921E-1	1.362300E+1
1.381676E+3	4.105500E+2	2.824017E+1	5.264802E+0	6.683800E-5	NaN	6.683800E-4	4.719161E-1	1.359159E+1
1.384937E+3	4.107900E+2	2.822367E+1	5.336990E+0	6.742900E-5	NaN	6.742900E-4	4.712024E-1	1.356209E+1
1.387968E+3	4.110300E+2	2.820719E+1	5.344939E+0	6.794000E-5	NaN	6.794000E-4	4.706242E-1	1.353657E+1
1.391261E+3	4.112800E+2	2.819004E+1	5.321581E+0	6.850700E-5	NaN	6.850700E-4	4.700702E-1	1.351181E+1
1.394665E+3	4.115900E+2	2.816881E+1	5.257758E+0	6.907100E-5	NaN	6.907100E-4	4.694824E-1	1.348616E+1
1.398180E+3	4.118200E+2	2.815308E+1	5.199413E+0	6.966400E-5	NaN	6.966400E-4	4.687975E-1	1.345759E+1
1.401605E+3	4.121400E+2	2.813122E+1	5.088753E+0	7.023000E-5	NaN	7.023000E-4	4.682182E-1	1.343218E+1
1.405211E+3	4.123700E+2	2.811553E+1	5.020050E+0	7.082800E-5	NaN	7.082800E-4	4.674977E-1	1.340257E+1
1.408639E+3	4.127000E+2	2.809305E+1	4.903350E+0	7.140200E-5	NaN	7.140200E-4	4.668504E-1	1.337520E+1
1.412184E+3	4.129400E+2	2.807672E+1	4.849916E+0	7.200900E-5	NaN	7.200900E-4	4.660211E-1	1.334247E+1
1.415219E+3	4.132100E+2	2.805837E+1	4.757634E+0	7.251100E-5	NaN	7.251100E-4	4.653471E-1	1.331429E+1
1.418409E+3	4.134600E+2	2.804141E+1	4.764620E+0	7.308300E-5	NaN	7.308300E-4	4.646267E-1	1.328474E+1
1.421485E+3	4.137200E+2	2.802378E+1	4.767304E+0	7.367700E-5	NaN	7.367700E-4	4.639819E-1	1.325740E+1
1.424444E+3	4.139800E+2	2.800618E+1	4.794822E+0	7.423300E-5	NaN	7.423300E-4	4.633315E-1	1.322990E+1
1.427478E+3	4.142400E+2	2.798861E+1	4.823070E+0	7.482100E-5	NaN	7.482100E-4	4.624861E-1	1.319708E+1
1.430559E+3	4.144900E+2	2.797172E+1	4.858291E+0	7.541200E-5	NaN	7.541200E-4	4.619514E-1	1.317291E+1
1.433786E+3	4.147500E+2	2.795419E+1	4.879955E+0	7.602500E-5	NaN	7.602500E-4	4.611807E-1	1.314232E+1
1.436854E+3	4.150100E+2	2.793668E+1	4.928701E+0	7.663800E-5	NaN	7.663800E-4	4.603832E-1	1.311111E+1
1.440034E+3	4.153600E+2	2.791314E+1	4.939886E+0	7.724700E-5	NaN	7.724700E-4	4.594752E-1	1.307703E+1
1.443135E+3	4.156000E+2	2.789702E+1	5.050268E+0	7.782800E-5	NaN	7.782800E-4	4.585430E-1	1.304210E+1
1.446218E+3	4.158500E+2	2.788025E+1	5.083244E+0	7.841500E-5	NaN	7.841500E-4	4.577422E-1	1.301106E+1
1.449234E+3	4.160900E+2	2.786416E+1	5.141624E+0	7.899500E-5	NaN	7.899500E-4	4.570460E-1	1.298308E+1
1.452610E+3	4.163300E+2	2.784810E+1	5.138870E+0	7.961600E-5	NaN	7.961600E-4	4.564094E-1	1.295690E+1
1.455826E+3	4.166500E+2	2.782671E+1	5.111072E+0	8.022400E-5	NaN	8.022400E-4	4.558415E-1	1.293280E+1
1.459328E+3	4.169000E+2	2.781003E+1	5.107853E+0	8.088400E-5	NaN	8.088400E-4	4.551991E-1	1.290647E+1
1.462363E+3	4.171500E+2	2.779336E+1	5.066559E+0	8.149200E-5	NaN	8.149200E-4	4.545570E-1	1.288029E+1
1.465466E+3	4.174000E+2	2.777671E+1	5.032550E+0	8.206400E-5	NaN	8.206400E-4	4.539859E-1	1.285618E+1
1.468753E+3	4.176600E+2	2.775942E+1	4.997666E+0	8.272200E-5	NaN	8.272200E-4	4.533830E-1	1.283123E+1
1.471788E+3	4.179200E+2	2.774215E+1	4.947876E+0	8.333500E-5	NaN	8.333500E-4	4.527879E-1	1.280655E+1
1.474874E+3	4.181900E+2	2.772424E+1	4.897957E+0	8.398800E-5	NaN	8.398800E-4	4.521922E-1	1.278187E+1
1.477936E+3	4.184600E+2	2.770635E+1	4.860113E+0	8.465000E-5	NaN	8.465000E-4	4.516250E-1	1.275797E+1
1.481010E+3	4.187300E+2	2.768849E+1	4.903309E+0	8.532600E-5	NaN	8.532600E-4	4.510430E-1	1.273365E+1
1.484424E+3	4.190000E+2	2.767064E+1	4.948510E+0	8.607500E-5	NaN	8.607500E-4	4.504418E-1	1.270879E+1
1.487477E+3	4.192700E+2	2.765283E+1	4.981622E+0	8.674800E-5	NaN	8.674800E-4	4.498993E-1	1.268566E+1
1.490638E+3	4.196300E+2	2.762910E+1	5.021231E+0	8.744200E-5	NaN	8.744200E-4	4.493195E-1	1.266147E+1
1.494328E+3	4.198800E+2	2.761265E+1	5.096749E+0	8.824400E-5	NaN	8.824400E-4	4.484779E-1	1.262972E+1
1.497425E+3	4.202100E+2	2.759097E+1	5.157696E+0	8.892100E-5	NaN	8.892100E-4	4.478023E-1	1.260276E+1
1.500882E+3	4.204600E+2	2.757456E+1	5.230588E+0	8.964500E-5	NaN	8.964500E-4	4.470642E-1	1.257388E+1
1.504054E+3	4.206900E+2	2.755949E+1	5.253585E+0	9.029300E-5	NaN	9.029300E-4	4.463878E-1	1.254686E+1
1.507527E+3	4.210100E+2	2.753854E+1	5.231668E+0	9.098200E-5	NaN	9.098200E-4	4.460754E-1	1.252994E+1
1.510725E+3	4.212400E+2	2.752350E+1	5.210079E+0	9.161600E-5	NaN	9.161600E-4	4.455886E-1	1.250803E+1
1.513789E+3	4.214900E+2	2.750718E+1	5.154758E+0	9.221900E-5	NaN	9.221900E-4	4.450516E-1	1.248488E+1
1.516911E+3	4.217400E+2	2.749087E+1	5.098592E+0	9.284600E-5	NaN	9.284600E-4	4.444937E-1	1.246121E+1
1.520001E+3	4.219700E+2	2.747589E+1	5.040859E+0	9.347300E-5	NaN	9.347300E-4	4.438646E-1	1.243559E+1
1.523020E+3	4.222200E+2	2.745962E+1	4.970854E+0	9.408800E-5	NaN	9.408800E-4	4.432679E-1	1.241099E+1
1.526325E+3	4.224700E+2	2.744337E+1	4.887801E+0	9.478500E-5	NaN	9.478500E-4	4.425084E-1	1.238204E+1
1.529403E+3	4.227200E+2	2.742714E+1	4.796614E+0	9.545200E-5	NaN	9.545200E-4	4.417820E-1	1.235408E+1
1.532382E+3	4.229700E+2	2.741093E+1	4.786850E+0	9.609200E-5	NaN	9.609200E-4	4.412323E-1	1.233105E+1
1.535508E+3	4.232300E+2	2.739409E+1	4.747359E+0	9.677100E-5	NaN	9.677100E-4	4.406331E-1	1.230666E+1
1.538674E+3	4.235900E+2	2.737081E+1	4.780720E+0	9.750300E-5	NaN	9.750300E-4	4.400469E-1	1.228264E+1
1.542143E+3	4.238500E+2	2.735402E+1	4.873397E+0	9.828300E-5	NaN	9.828300E-4	4.392389E-1	1.225217E+1
1.545288E+3	4.241000E+2	2.733789E+1	4.919054E+0	9.899700E-5	NaN	9.899700E-4	4.385314E-1	1.222454E+1
1.548442E+3	4.243500E+2	2.732179E+1	4.984020E+0	9.971400E-5	NaN	9.971400E-4	4.379005E-1	1.219905E+1
1.551977E+3	4.246800E+2	2.730056E+1	5.014591E+0	1.005130E-4	NaN	1.005130E-3	4.373076E-1	1.217468E+1
1.555558E+3	4.249400E+2	2.728385E+1	5.070614E+0	1.013230E-4	NaN	1.013230E-3	4.365964E-1	1.214689E+1
1.558663E+3	4.251800E+2	2.726845E+1	5.086722E+0	1.020350E-4	NaN	1.020350E-3	4.359228E-1	1.212023E+1
1.561964E+3	4.254400E+2	2.725179E+1	5.069302E+0	1.027470E-4	NaN	1.027470E-3	4.353623E-1	1.209679E+1
1.565153E+3	4.257700E+2	2.723066E+1	5.042010E+0	1.034280E-4	NaN	1.034280E-3	4.347851E-1	1.207298E+1
1.568440E+3	4.260100E+2	2.721532E+1	5.043298E+0	1.041800E-4	NaN	1.041800E-3	4.340065E-1	1.204343E+1
1.571563E+3	4.262500E+2	2.720000E+1	5.007565E+0	1.048370E-4	NaN	1.048370E-3	4.330923E-1	1.201046E+1
1.574550E+3	4.265900E+2	2.717832E+1	4.954588E+0	1.055040E-4	NaN	1.055040E-3	4.322685E-1	1.198008E+1
1.578451E+3	4.268400E+2	2.716240E+1	4.961104E+0	1.063610E-4	NaN	1.063610E-3	4.312810E-1	1.194500E+1
1.581434E+3	4.271000E+2	2.714587E+1	4.982728E+0	1.070780E-4	NaN	1.070780E-3	4.305732E-1	1.191771E+1
1.584630E+3	4.273900E+2	2.712745E+1	4.996295E+0	1.078350E-4	NaN	1.078350E-3	4.298739E-1	1.189065E+1
1.587633E+3	4.276600E+2	2.711032E+1	5.019649E+0	1.086140E-4	NaN	1.086140E-3	4.291859E-1	1.186386E+1
1.590733E+3	4.279300E+2	2.709322E+1	5.044948E+0	1.094030E-4	NaN	1.094030E-3	4.284020E-1	1.183456E+1
1.594174E+3	4.282000E+2	2.707613E+1	5.103668E+0	1.103040E-4	NaN	1.103040E-3	4.277857E-1	1.180984E+1
1.597336E+3	4.285400E+2	2.705465E+1	5.114497E+0	1.111000E-4	NaN	1.111000E-3	4.271364E-1	1.178439E+1
1.600857E+3	4.288000E+2	2.703825E+1	5.159067E+0	1.119820E-4	NaN	1.119820E-3	4.264674E-1	1.175819E+1
1.604224E+3	4.290500E+2	2.702249E+1	5.148436E+0	1.128740E-4	NaN	1.128740E-3	4.257463E-1	1.173080E+1
1.607446E+3	4.292800E+2	2.700801E+1	5.154245E+0	1.136400E-4	NaN	1.136400E-3	4.252827E-1	1.171055E+1
1.610531E+3	4.295400E+2	2.699167E+1	5.101067E+0	1.143300E-4	NaN	1.143300E-3	4.247892E-1	1.168962E+1
1.613607E+3	4.298500E+2	2.697220E+1	5.031605E+0	1.150120E-4	NaN	1.150120E-3	4.242651E-1	1.166784E+1
1.616681E+3	4.300800E+2	2.695778E+1	5.071800E+0	1.157440E-4	NaN	1.157440E-3	4.235773E-1	1.164149E+1
1.619779E+3	4.303200E+2	2.694274E+1	5.029434E+0	1.164840E-4	NaN	1.164840E-3	4.229176E-1	1.161601E+1
1.623000E+3	4.305600E+2	2.692772E+1	4.976591E+0	1.171830E-4	NaN	1.171830E-3	4.223003E-1	1.159178E+1
1.626647E+3	4.308800E+2	2.690772E+1	4.919925E+0	1.180860E-4	NaN	1.180860E-3	4.217169E-1	1.156852E+1
1.630032E+3	4.311300E+2	2.689212E+1	4.894465E+0	1.188520E-4	NaN	1.188520E-3	4.211262E-1	1.154496E+1
1.633512E+3	4.314000E+2	2.687529E+1	4.859568E+0	1.197410E-4	NaN	1.197410E-3	4.205898E-1	1.152294E+1
1.636434E+3	4.316500E+2	2.685972E+1	4.806855E+0	1.204570E-4	NaN	1.204570E-3	4.198970E-1	1.149686E+1
1.639641E+3	4.319900E+2	2.683858E+1	4.833232E+0	1.212930E-4	NaN	1.212930E-3	4.192111E-1	1.147099E+1
1.642891E+3	4.322500E+2	2.682244E+1	4.902743E+0	1.221780E-4	NaN	1.221780E-3	4.183795E-1	1.144098E+1
1.646006E+3	4.325100E+2	2.680632E+1	4.944004E+0	1.230300E-4	NaN	1.230300E-3	4.176553E-1	1.141394E+1
1.649276E+3	4.327600E+2	2.679083E+1	4.956074E+0	1.238890E-4	NaN	1.238890E-3	4.170557E-1	1.139029E+1
1.652590E+3	4.330200E+2	2.677474E+1	4.952499E+0	1.247920E-4	NaN	1.247920E-3	4.163720E-1	1.136455E+1
1.655900E+3	4.333700E+2	2.675312E+1	4.983073E+0	1.256580E-4	NaN	1.256580E-3	4.158508E-1	1.134326E+1
1.659466E+3	4.336200E+2	2.673770E+1	5.054573E+0	1.265870E-4	NaN	1.265870E-3	4.151753E-1	1.131758E+1
1.662802E+3	4.338600E+2	2.672291E+1	5.075029E+0	1.274540E-4	NaN	1.274540E-3	4.145930E-1	1.129451E+1
1.665819E+3	4.341000E+2	2.670813E+1	5.045132E+0	1.281970E-4	NaN	1.281970E-3	4.141469E-1	1.127522E+1
1.668951E+3	4.343400E+2	2.669337E+1	5.023075E+0	1.289430E-4	NaN	1.289430E-3	4.136833E-1	1.125551E+1
1.672110E+3	4.346600E+2	2.667372E+1	4.965345E+0	1.297240E-4	NaN	1.297240E-3	4.132194E-1	1.123585E+1
1.675332E+3	4.349100E+2	2.665839E+1	4.935927E+0	1.307160E-4	NaN	1.307160E-3	4.125933E-1	1.121168E+1
1.678732E+3	4.352300E+2	2.663879E+1	4.892449E+0	1.316730E-4	NaN	1.316730E-3	4.121428E-1	1.119237E+1
1.682354E+3	4.354900E+2	2.662288E+1	4.933205E+0	1.326510E-4	NaN	1.326510E-3	4.117482E-1	1.117448E+1
1.685891E+3	4.357400E+2	2.660761E+1	4.937907E+0	1.335740E-4	NaN	1.335740E-3	4.114781E-1	1.116002E+1
1.689201E+3	4.360000E+2	2.659174E+1	4.917204E+0	1.344770E-4	NaN	1.344770E-3	4.110892E-1	1.114261E+1
1.692350E+3	4.363500E+2	2.657041E+1	4.878958E+0	1.353890E-4	NaN	1.353890E-3	4.109436E-1	1.113176E+1
1.695488E+3	4.366200E+2	2.655398E+1	4.900160E+0	1.363240E-4	NaN	1.363240E-3	4.104756E-1	1.111217E+1
1.698731E+3	4.369000E+2	2.653696E+1	4.985809E+0	1.373390E-4	NaN	1.373390E-3	4.101520E-1	1.109650E+1
1.702390E+3	4.372600E+2	2.651512E+1	5.045032E+0	1.385320E-4	NaN	1.385320E-3	4.099691E-1	1.108457E+1
1.705526E+3	4.375300E+2	2.649875E+1	5.110208E+0	1.394800E-4	NaN	1.394800E-3	4.096583E-1	1.106918E+1
1.708647E+3	4.378000E+2	2.648241E+1	5.158955E+0	1.404800E-4	NaN	1.404800E-3	4.094324E-1	1.105605E+1
1.711712E+3	4.380500E+2	2.646730E+1	5.182895E+0	1.414470E-4	NaN	1.414470E-3	4.092353E-1	1.104373E+1
1.715093E+3	4.383000E+2	2.645220E+1	5.232329E+0	1.424110E-4	NaN	1.424110E-3	4.091080E-1	1.103334E+1
1.718275E+3	4.385500E+2	2.643712E+1	5.234069E+0	1.433210E-4	NaN	1.433210E-3	4.090913E-1	1.102593E+1
1.721296E+3	4.387900E+2	2.642266E+1	5.246855E+0	1.440590E-4	NaN	1.440590E-3	4.090761E-1	1.101859E+1
1.724314E+3	4.390200E+2	2.640882E+1	5.211808E+0	1.448190E-4	NaN	1.448190E-3	4.090513E-1	1.101098E+1
1.727442E+3	4.392700E+2	2.639379E+1	5.115333E+0	1.456600E-4	NaN	1.456600E-3	4.090224E-1	1.100329E+1
1.730494E+3	4.395000E+2	2.637998E+1	4.985833E+0	1.465180E-4	NaN	1.465180E-3	4.089634E-1	1.099478E+1
1.733646E+3	4.398100E+2	2.636138E+1	4.900998E+0	1.472550E-4	NaN	1.472550E-3	4.089412E-1	1.098730E+1
1.736852E+3	4.400400E+2	2.634760E+1	4.859140E+0	1.482830E-4	NaN	1.482830E-3	4.084707E-1	1.096787E+1
1.740312E+3	4.402900E+2	2.633264E+1	4.796323E+0	1.492350E-4	NaN	1.492350E-3	4.082382E-1	1.095490E+1
1.743441E+3	4.405300E+2	2.631830E+1	4.761313E+0	1.501240E-4	NaN	1.501240E-3	4.080976E-1	1.094440E+1
1.746535E+3	4.407900E+2	2.630277E+1	4.736107E+0	1.510150E-4	NaN	1.510150E-3	4.080297E-1	1.093584E+1
1.749599E+3	4.411300E+2	2.628250E+1	4.742206E+0	1.520790E-4	NaN	1.520790E-3	4.078531E-1	1.092449E+1
1.753051E+3	4.414100E+2	2.626583E+1	4.827429E+0	1.531940E-4	NaN	1.531940E-3	4.076787E-1	1.091304E+1
1.756355E+3	4.416700E+2	2.625037E+1	4.891075E+0	1.542610E-4	NaN	1.542610E-3	4.076342E-1	1.090500E+1
1.759350E+3	4.419300E+2	2.623492E+1	4.936529E+0	1.552390E-4	NaN	1.552390E-3	4.076759E-1	1.089927E+1
1.762430E+3	4.421900E+2	2.621950E+1	4.985347E+0	1.561990E-4	NaN	1.561990E-3	4.075188E-1	1.088838E+1
1.765542E+3	4.424500E+2	2.620409E+1	5.022251E+0	1.572290E-4	NaN	1.572290E-3	4.074508E-1	1.087983E+1
1.768532E+3	4.427000E+2	2.618929E+1	5.051560E+0	1.579550E-4	NaN	1.579550E-3	4.074180E-1	1.087218E+1
1.771633E+3	4.429500E+2	2.617451E+1	5.060522E+0	1.589830E-4	NaN	1.589830E-3	4.069905E-1	1.085417E+1
1.774580E+3	4.431900E+2	2.616034E+1	5.101126E+0	1.599500E-4	NaN	1.599500E-3	4.067704E-1	1.084169E+1
1.777534E+3	4.434500E+2	2.614500E+1	5.109584E+0	1.608020E-4	NaN	1.608020E-3	4.065767E-1	1.082995E+1
1.780503E+3	4.436900E+2	2.613086E+1	5.093088E+0	1.616680E-4	NaN	1.616680E-3	4.062439E-1	1.081455E+1
1.783600E+3	4.439200E+2	2.611732E+1	5.044342E+0	1.626480E-4	NaN	1.626480E-3	4.058965E-1	1.079881E+1
1.786660E+3	4.441600E+2	2.610321E+1	4.965193E+0	1.636100E-4	NaN	1.636100E-3	4.056309E-1	1.078531E+1
1.789907E+3	4.444000E+2	2.608911E+1	4.944641E+0	1.645830E-4	NaN	1.645830E-3	4.055120E-1	1.077574E+1
1.793045E+3	4.446400E+2	2.607503E+1	4.901626E+0	1.654480E-4	NaN	1.654480E-3	4.052550E-1	1.076269E+1
1.796088E+3	4.448800E+2	2.606096E+1	4.840338E+0	1.664420E-4	NaN	1.664420E-3	4.050778E-1	1.075175E+1
1.799272E+3	4.452200E+2	2.604106E+1	4.790465E+0	1.674160E-4	NaN	1.674160E-3	4.050914E-1	1.074586E+1
1.802415E+3	4.454900E+2	2.602528E+1	4.816615E+0	1.685450E-4	NaN	1.685450E-3	4.049855E-1	1.073656E+1
1.805374E+3	4.457500E+2	2.601010E+1	4.854910E+0	1.695640E-4	NaN	1.695640E-3	4.048647E-1	1.072685E+1
1.808846E+3	4.461200E+2	2.598852E+1	4.907097E+0	1.707830E-4	NaN	1.707830E-3	4.045348E-1	1.071172E+1
1.812487E+3	4.464000E+2	2.597222E+1	5.015542E+0	1.720930E-4	NaN	1.720930E-3	4.041005E-1	1.069357E+1
1.815722E+3	4.466800E+2	2.595594E+1	5.090283E+0	1.732920E-4	NaN	1.732920E-3	4.038108E-1	1.067921E+1
1.818771E+3	4.469500E+2	2.594026E+1	5.174956E+0	1.743850E-4	NaN	1.743850E-3	4.035527E-1	1.066563E+1
1.822481E+3	4.473000E+2	2.591996E+1	5.257505E+0	1.758360E-4	NaN	1.758360E-3	4.032500E-1	1.065098E+1
1.825645E+3	4.475800E+2	2.590375E+1	5.334062E+0	1.769860E-4	NaN	1.769860E-3	4.029743E-1	1.063689E+1
1.828755E+3	4.478300E+2	2.588929E+1	5.391127E+0	1.781510E-4	NaN	1.781510E-3	4.027691E-1	1.062466E+1
1.831812E+3	4.480700E+2	2.587542E+1	5.394528E+0	1.791790E-4	NaN	1.791790E-3	4.026074E-1	1.061360E+1
1.835593E+3	4.483700E+2	2.585811E+1	5.347644E+0	1.803420E-4	NaN	1.803420E-3	4.022882E-1	1.059861E+1
1.838936E+3	4.485900E+2	2.584543E+1	5.252152E+0	1.814420E-4	NaN	1.814420E-3	4.019914E-1	1.058415E+1
1.842658E+3	4.489000E+2	2.582758E+1	5.153093E+0	1.825140E-4	NaN	1.825140E-3	4.018396E-1	1.057360E+1
1.845805E+3	4.491300E+2	2.581435E+1	5.052705E+0	1.835200E-4	NaN	1.835200E-3	4.016266E-1	1.056132E+1
1.849001E+3	4.493600E+2	2.580114E+1	4.934879E+0	1.844930E-4	NaN	1.844930E-3	4.015179E-1	1.055183E+1
1.852061E+3	4.496200E+2	2.578622E+1	4.857108E+0	1.854860E-4	NaN	1.854860E-3	4.012152E-1	1.053749E+1
1.855667E+3	4.499600E+2	2.576673E+1	4.778031E+0	1.867280E-4	NaN	1.867280E-3	4.009685E-1	1.052459E+1
1.859105E+3	4.502200E+2	2.575185E+1	4.744775E+0	1.873430E-4	NaN	1.873430E-3	4.006975E-1	1.051088E+1
1.862638E+3	4.504800E+2	2.573699E+1	4.711046E+0	1.885610E-4	NaN	1.885610E-3	4.001401E-1	1.048960E+1
1.865701E+3	4.507500E+2	2.572158E+1	4.700813E+0	1.894620E-4	NaN	1.894620E-3	3.996359E-1	1.046973E+1
1.868672E+3	4.510100E+2	2.570675E+1	4.732415E+0	1.907660E-4	NaN	1.907660E-3	3.987926E-1	1.044110E+1
1.871687E+3	4.512700E+2	2.569194E+1	4.784010E+0	1.921520E-4	NaN	1.921520E-3	3.982138E-1	1.041941E+1
1.874724E+3	4.515400E+2	2.567657E+1	4.848250E+0	1.933690E-4	NaN	1.933690E-3	3.977217E-1	1.040016E+1
1.877933E+3	4.518700E+2	2.565782E+1	4.929481E+0	1.945140E-4	NaN	1.945140E-3	3.973625E-1	1.038437E+1
1.881330E+3	4.521200E+2	2.564363E+1	5.019108E+0	1.958970E-4	NaN	1.958970E-3	3.969306E-1	1.036655E+1
1.884740E+3	4.523600E+2	2.563003E+1	5.082749E+0	1.970100E-4	NaN	1.970100E-3	3.967035E-1	1.035414E+1
1.887790E+3	4.526000E+2	2.561644E+1	5.088014E+0	1.982560E-4	NaN	1.982560E-3	3.963185E-1	1.033785E+1
1.890973E+3	4.529100E+2	2.559890E+1	5.054268E+0	1.993550E-4	NaN	1.993550E-3	3.960612E-1	1.032498E+1
1.894470E+3	4.531500E+2	2.558535E+1	5.055873E+0	2.006400E-4	NaN	2.006400E-3	3.957183E-1	1.030982E+1
1.897692E+3	4.534900E+2	2.556616E+1	5.047221E+0	2.015230E-4	NaN	2.015230E-3	3.954850E-1	1.029777E+1
1.901486E+3	4.537400E+2	2.555208E+1	5.073719E+0	2.028400E-4	NaN	2.028400E-3	3.949442E-1	1.027759E+1
1.904572E+3	4.539900E+2	2.553801E+1	5.015257E+0	2.040030E-4	NaN	2.040030E-3	3.945808E-1	1.026213E+1
1.907549E+3	4.542400E+2	2.552395E+1	4.963593E+0	2.052560E-4	NaN	2.052560E-3	3.943309E-1	1.024965E+1
1.910658E+3	4.545000E+2	2.550935E+1	4.924173E+0	2.065410E-4	NaN	2.065410E-3	3.942331E-1	1.024116E+1
1.913772E+3	4.547600E+2	2.549477E+1	4.893293E+0	2.078410E-4	NaN	2.078410E-3	3.942331E-1	1.023522E+1
1.916702E+3	4.550300E+2	2.547964E+1	4.877865E+0	2.090460E-4	NaN	2.090460E-3	3.942278E-1	1.022916E+1
1.919817E+3	4.553100E+2	2.546397E+1	4.936886E+0	2.102900E-4	NaN	2.102900E-3	3.941796E-1	1.022194E+1
1.922848E+3	4.556000E+2	2.544776E+1	4.992799E+0	2.116000E-4	NaN	2.116000E-3	3.940884E-1	1.021359E+1
1.925929E+3	4.558700E+2	2.543269E+1	5.040618E+0	2.129400E-4	NaN	2.129400E-3	3.940223E-1	1.020580E+1
1.929180E+3	4.561400E+2	2.541763E+1	5.078614E+0	2.144300E-4	NaN	2.144300E-3	3.937437E-1	1.019265E+1
1.932305E+3	4.564000E+2	2.540316E+1	5.145749E+0	2.158200E-4	NaN	2.158200E-3	3.937284E-1	1.018627E+1
1.935202E+3	4.566500E+2	2.538925E+1	5.160475E+0	2.169600E-4	NaN	2.169600E-3	3.938380E-1	1.018312E+1
1.938181E+3	4.568800E+2	2.537647E+1	5.234462E+0	2.182000E-4	NaN	2.182000E-3	3.939469E-1	1.017993E+1
1.941138E+3	4.571200E+2	2.536314E+1	5.227994E+0	2.193100E-4	NaN	2.193100E-3	3.940944E-1	1.017780E+1
1.944296E+3	4.573500E+2	2.535039E+1	5.199461E+0	2.204600E-4	NaN	2.204600E-3	3.941077E-1	1.017238E+1
1.947608E+3	4.576700E+2	2.533266E+1	5.135919E+0	2.217700E-4	NaN	2.217700E-3	3.942083E-1	1.016927E+1
1.950986E+3	4.579100E+2	2.531939E+1	5.099086E+0	2.231200E-4	NaN	2.231200E-3	3.942815E-1	1.016535E+1
1.953901E+3	4.581400E+2	2.530667E+1	5.018921E+0	2.242100E-4	NaN	2.242100E-3	3.944622E-1	1.016424E+1
1.956914E+3	4.583900E+2	2.529287E+1	4.946373E+0	2.253100E-4	NaN	2.253100E-3	3.946314E-1	1.016287E+1
1.960004E+3	4.586400E+2	2.527909E+1	4.890069E+0	2.265600E-4	NaN	2.265600E-3	3.947938E-1	1.016132E+1
1.963425E+3	4.589600E+2	2.526146E+1	4.862493E+0	2.280200E-4	NaN	2.280200E-3	3.948295E-1	1.015652E+1
1.967128E+3	4.592100E+2	2.524771E+1	4.881060E+0	2.296200E-4	NaN	2.296200E-3	3.948776E-1	1.015192E+1
1.970627E+3	4.594800E+2	2.523287E+1	4.860470E+0	2.312200E-4	NaN	2.312200E-3	3.951406E-1	1.015285E+1
1.973725E+3	4.598200E+2	2.521421E+1	4.837016E+0	2.326300E-4	NaN	2.326300E-3	3.954311E-1	1.015447E+1
1.976898E+3	4.600700E+2	2.520051E+1	4.894741E+0	2.339800E-4	NaN	2.339800E-3	3.955544E-1	1.015164E+1
1.979992E+3	4.600700E+2	2.520051E+1	4.930178E+0	2.353100E-4	NaN	2.353100E-3	3.957901E-1	1.015163E+1
