7/24/2024
5:01 PM
fast cool up 460_2024.07.24_COND_FILE END.txt

Data taken by: Akshat Sharma
ammeter is Keithley 6517A at GPIB0::27::INSTR
voltage source is Keithley 6517A at GPIB0::27::INSTR
temperature controller is Lake Shore 330 at GPIB0::12::INSTR with the settings: control sensor=A;sample sensor=;loop=1
Readings: 1
Voltage (V): 100
Geo Factor: 1000
Ea Window (pts): 5
Shut off V when done?: TRUE
Mconnect?: TRUE
Use Abs(Cond)?: TRUE
Rate (K/min): 5
Heater: High
DESCRIPTION
********************
Time (s)	Temperature (K)	1/kT (1/eV)	Rate (K/min)	Current (A)	Current Std Dev/Mean	Conductivity (Ohm-cm)^-1	Ea (eV)	Reduced Ea	
1.656000E+0	2.966500E+2	3.908309E+1	NaN	1.535740E-7	NaN	1.535740E-6	NaN	NaN
6.399000E+0	2.966600E+2	3.908178E+1	NaN	1.536800E-7	NaN	1.536800E-6	NaN	NaN
9.754000E+0	2.966700E+2	3.908046E+1	NaN	1.537550E-7	NaN	1.537550E-6	NaN	NaN
1.328700E+1	2.966700E+2	3.908046E+1	NaN	1.538350E-7	NaN	1.538350E-6	NaN	NaN
3.076900E+1	2.969000E+2	3.905019E+1	3.882498E-1	1.552030E-7	NaN	1.552030E-6	NaN	NaN
3.797500E+1	2.971700E+2	3.901471E+1	6.465127E-1	1.571000E-7	NaN	1.571000E-6	NaN	NaN
4.487600E+1	2.975500E+2	3.896488E+1	9.898449E-1	1.600290E-7	NaN	1.600290E-6	NaN	NaN
4.855400E+1	2.982000E+2	3.887995E+1	1.315728E+0	1.621200E-7	NaN	1.621200E-6	NaN	NaN
5.724200E+1	2.984600E+2	3.884608E+1	1.947051E+0	1.683940E-7	NaN	1.683940E-6	NaN	NaN
6.085300E+1	2.988100E+2	3.880058E+1	2.479653E+0	1.715330E-7	NaN	1.715330E-6	NaN	NaN
6.433100E+1	2.990600E+2	3.876814E+1	2.967341E+0	1.748040E-7	NaN	1.748040E-6	NaN	NaN
6.794600E+1	2.994200E+2	3.872153E+1	3.365636E+0	1.784310E-7	NaN	1.784310E-6	NaN	NaN
7.149500E+1	2.996900E+2	3.868664E+1	3.743201E+0	1.821470E-7	NaN	1.821470E-6	NaN	NaN
7.498600E+1	3.000500E+2	3.864023E+1	4.038366E+0	1.858980E-7	NaN	1.858980E-6	NaN	NaN
7.852200E+1	3.003100E+2	3.860677E+1	4.316356E+0	1.898170E-7	NaN	1.898170E-6	NaN	NaN
8.186700E+1	3.006700E+2	3.856055E+1	4.509605E+0	1.936700E-7	NaN	1.936700E-6	NaN	NaN
8.542900E+1	3.009400E+2	3.852595E+1	4.697439E+0	1.977240E-7	NaN	1.977240E-6	NaN	NaN
8.879700E+1	3.012900E+2	3.848120E+1	4.801684E+0	2.016210E-7	NaN	2.016210E-6	NaN	NaN
9.235100E+1	3.015400E+2	3.844929E+1	4.920877E+0	2.057490E-7	NaN	2.057490E-6	NaN	NaN
9.593700E+1	3.017900E+2	3.841744E+1	4.934796E+0	2.104800E-7	NaN	2.104800E-6	NaN	NaN
9.924000E+1	3.021300E+2	3.837421E+1	5.243407E+0	2.141300E-7	NaN	2.141300E-6	NaN	NaN
1.027860E+2	3.023800E+2	3.834248E+1	5.223878E+0	2.183100E-7	NaN	2.183100E-6	NaN	NaN
1.061820E+2	3.031300E+2	3.824762E+1	5.191770E+0	2.224000E-7	NaN	2.224000E-6	NaN	NaN
1.152340E+2	3.034500E+2	3.820728E+1	5.428208E+0	2.336500E-7	NaN	2.336500E-6	NaN	NaN
1.188280E+2	3.037100E+2	3.817457E+1	5.308125E+0	2.383400E-7	NaN	2.383400E-6	4.693526E-1	1.816996E+1
1.222580E+2	3.040500E+2	3.813189E+1	5.163593E+0	2.428200E-7	NaN	2.428200E-6	4.739137E-1	1.833699E+1
1.259790E+2	3.043100E+2	3.809931E+1	5.111485E+0	2.479200E-7	NaN	2.479200E-6	4.771544E-1	1.845270E+1
1.294930E+2	3.046600E+2	3.805554E+1	5.011050E+0	2.529200E-7	NaN	2.529200E-6	4.805788E-1	1.857611E+1
1.331120E+2	3.050300E+2	3.800938E+1	4.992848E+0	2.582300E-7	NaN	2.582300E-6	4.831545E-1	1.866636E+1
1.366840E+2	3.053000E+2	3.797576E+1	4.992901E+0	2.635400E-7	NaN	2.635400E-6	4.850134E-1	1.872848E+1
1.401090E+2	3.055600E+2	3.794345E+1	5.008759E+0	2.687100E-7	NaN	2.687100E-6	4.870676E-1	1.879863E+1
1.436430E+2	3.059100E+2	3.790004E+1	4.980596E+0	2.741600E-7	NaN	2.741600E-6	4.892102E-1	1.887258E+1
1.471440E+2	3.061700E+2	3.786785E+1	4.942025E+0	2.797300E-7	NaN	2.797300E-6	4.908553E-1	1.892698E+1
1.506970E+2	3.065200E+2	3.782461E+1	4.910301E+0	2.854100E-7	NaN	2.854100E-6	4.927009E-1	1.898948E+1
1.540570E+2	3.067700E+2	3.779379E+1	4.859179E+0	2.907500E-7	NaN	2.907500E-6	4.941325E-1	1.903565E+1
1.577690E+2	3.071300E+2	3.774949E+1	5.196013E+0	2.968400E-7	NaN	2.968400E-6	4.956607E-1	1.908591E+1
1.614690E+2	3.079000E+2	3.765508E+1	5.224854E+0	3.030400E-7	NaN	3.030400E-6	4.968533E-1	1.912283E+1
1.709090E+2	3.082400E+2	3.761355E+1	5.509638E+0	3.191700E-7	NaN	3.191700E-6	4.954322E-1	1.905586E+1
1.743920E+2	3.084900E+2	3.758307E+1	5.413471E+0	3.253000E-7	NaN	3.253000E-6	4.970376E-1	1.910642E+1
1.779080E+2	3.088400E+2	3.754047E+1	5.272029E+0	3.316000E-7	NaN	3.316000E-6	4.987075E-1	1.916016E+1
1.815680E+2	3.092000E+2	3.749677E+1	5.210224E+0	3.382700E-7	NaN	3.382700E-6	4.999741E-1	1.919831E+1
1.850910E+2	3.094600E+2	3.746526E+1	5.213691E+0	3.448400E-7	NaN	3.448400E-6	5.009183E-1	1.922396E+1
1.885510E+2	3.097100E+2	3.743502E+1	5.173740E+0	3.514200E-7	NaN	3.514200E-6	5.019710E-1	1.925430E+1
1.920620E+2	3.100500E+2	3.739397E+1	5.091806E+0	3.582900E-7	NaN	3.582900E-6	5.031263E-1	1.928905E+1
1.955050E+2	3.103100E+2	3.736264E+1	5.056826E+0	3.651400E-7	NaN	3.651400E-6	5.040540E-1	1.931494E+1
1.990810E+2	3.106600E+2	3.732054E+1	4.976891E+0	3.723600E-7	NaN	3.723600E-6	5.050526E-1	1.934389E+1
2.025230E+2	3.109200E+2	3.728933E+1	4.940754E+0	3.794600E-7	NaN	3.794600E-6	5.058366E-1	1.936441E+1
2.061760E+2	3.112800E+2	3.724621E+1	4.847533E+0	3.871500E-7	NaN	3.871500E-6	5.066968E-1	1.938816E+1
2.098850E+2	3.116300E+2	3.720438E+1	4.794043E+0	3.951100E-7	NaN	3.951100E-6	5.073669E-1	1.940437E+1
2.133310E+2	3.118900E+2	3.717336E+1	5.180928E+0	4.026600E-7	NaN	4.026600E-6	5.079189E-1	1.941591E+1
2.169100E+2	3.126700E+2	3.708063E+1	5.194580E+0	4.106400E-7	NaN	4.106400E-6	5.085640E-1	1.943130E+1
2.261010E+2	3.130200E+2	3.703917E+1	5.479089E+0	4.318100E-7	NaN	4.318100E-6	5.078014E-1	1.939046E+1
2.297390E+2	3.133000E+2	3.700606E+1	5.413193E+0	4.402700E-7	NaN	4.402700E-6	5.085134E-1	1.940659E+1
2.330710E+2	3.136500E+2	3.696477E+1	5.368254E+0	4.483700E-7	NaN	4.483700E-6	5.092603E-1	1.942443E+1
2.365090E+2	3.139200E+2	3.693298E+1	5.351409E+0	4.570500E-7	NaN	4.570500E-6	5.098058E-1	1.943454E+1
2.401700E+2	3.142900E+2	3.688950E+1	5.291282E+0	4.664400E-7	NaN	4.664400E-6	5.110941E-1	1.946921E+1
2.437300E+2	3.145700E+2	3.685666E+1	5.279667E+0	4.759400E-7	NaN	4.759400E-6	5.122878E-1	1.949960E+1
2.472510E+2	3.149300E+2	3.681453E+1	5.225064E+0	4.854900E-7	NaN	4.854900E-6	5.136088E-1	1.953452E+1
2.508350E+2	3.152100E+2	3.678183E+1	5.214707E+0	4.953600E-7	NaN	4.953600E-6	5.148803E-1	1.956672E+1
2.544630E+2	3.155900E+2	3.673754E+1	5.153526E+0	5.057100E-7	NaN	5.057100E-6	5.162492E-1	1.960222E+1
2.579810E+2	3.158600E+2	3.670614E+1	5.139601E+0	5.158000E-7	NaN	5.158000E-6	5.175158E-1	1.963284E+1
2.614170E+2	3.162100E+2	3.666551E+1	5.110281E+0	5.258400E-7	NaN	5.258400E-6	5.189254E-1	1.966832E+1
2.648900E+2	3.164700E+2	3.663538E+1	5.063665E+0	5.359900E-7	NaN	5.359900E-6	5.202121E-1	1.969823E+1
2.683950E+2	3.168200E+2	3.659491E+1	5.403036E+0	5.463200E-7	NaN	5.463200E-6	5.216217E-1	1.973221E+1
2.718530E+2	3.170800E+2	3.656490E+1	5.420747E+0	5.565700E-7	NaN	5.565700E-6	5.228046E-1	1.975685E+1
2.754460E+2	3.174200E+2	3.652574E+1	5.369594E+0	5.673700E-7	NaN	5.673700E-6	5.240836E-1	1.978455E+1
2.788730E+2	3.182100E+2	3.643506E+1	5.368828E+0	5.779000E-7	NaN	5.779000E-6	5.250908E-1	1.980142E+1
2.882530E+2	3.184700E+2	3.640531E+1	5.657059E+0	6.072100E-7	NaN	6.072100E-6	5.249232E-1	1.977090E+1
2.916700E+2	3.188100E+2	3.636649E+1	5.495084E+0	6.183500E-7	NaN	6.183500E-6	5.248533E-1	1.974713E+1
2.953360E+2	3.190700E+2	3.633685E+1	5.381427E+0	6.302900E-7	NaN	6.302900E-6	5.254902E-1	1.974940E+1
2.988310E+2	3.194100E+2	3.629817E+1	5.277414E+0	6.421400E-7	NaN	6.421400E-6	5.260440E-1	1.974917E+1
3.025180E+2	3.197700E+2	3.625731E+1	5.191937E+0	6.548000E-7	NaN	6.548000E-6	5.265998E-1	1.974865E+1
3.062210E+2	3.200400E+2	3.622672E+1	5.168702E+0	6.675400E-7	NaN	6.675400E-6	5.269125E-1	1.973915E+1
3.098140E+2	3.203900E+2	3.618715E+1	5.097793E+0	6.804800E-7	NaN	6.804800E-6	5.274380E-1	1.973769E+1
3.132660E+2	3.206500E+2	3.615780E+1	5.076851E+0	6.931000E-7	NaN	6.931000E-6	5.277285E-1	1.972759E+1
3.166770E+2	3.209200E+2	3.612738E+1	5.008793E+0	7.059500E-7	NaN	7.059500E-6	5.282607E-1	1.972653E+1
3.201930E+2	3.212700E+2	3.608803E+1	4.950997E+0	7.192700E-7	NaN	7.192700E-6	5.287005E-1	1.972249E+1
3.240260E+2	3.216200E+2	3.604875E+1	4.885676E+0	7.338100E-7	NaN	7.338100E-6	5.291545E-1	1.971857E+1
3.275280E+2	3.219000E+2	3.601740E+1	4.837420E+0	7.475900E-7	NaN	7.475900E-6	5.294050E-1	1.970712E+1
3.312660E+2	3.222500E+2	3.597828E+1	5.221374E+0	7.623700E-7	NaN	7.623700E-6	5.298726E-1	1.970354E+1
3.347060E+2	3.229700E+2	3.589807E+1	5.221396E+0	7.765600E-7	NaN	7.765600E-6	5.305527E-1	1.970722E+1
3.430510E+2	3.232300E+2	3.586920E+1	5.520566E+0	8.110800E-7	NaN	8.110800E-6	5.300313E-1	1.966444E+1
3.465530E+2	3.235600E+2	3.583261E+1	5.395899E+0	8.257600E-7	NaN	8.257600E-6	5.307932E-1	1.966967E+1
3.499820E+2	3.238400E+2	3.580163E+1	5.334635E+0	8.404000E-7	NaN	8.404000E-6	5.301493E-1	1.962525E+1
3.535510E+2	3.241900E+2	3.576298E+1	5.297106E+0	8.558200E-7	NaN	8.558200E-6	5.306786E-1	1.962413E+1
3.570850E+2	3.244600E+2	3.573322E+1	5.260509E+0	8.720200E-7	NaN	8.720200E-6	5.312197E-1	1.962303E+1
3.607280E+2	3.248300E+2	3.569252E+1	5.225825E+0	8.886900E-7	NaN	8.886900E-6	5.317100E-1	1.962049E+1
3.640930E+2	3.251000E+2	3.566287E+1	5.199878E+0	9.048100E-7	NaN	9.048100E-6	5.322410E-1	1.961889E+1
3.675930E+2	3.253700E+2	3.563328E+1	5.138823E+0	9.221800E-7	NaN	9.221800E-6	5.327242E-1	1.961594E+1
3.710230E+2	3.257600E+2	3.559062E+1	5.078680E+0	9.391800E-7	NaN	9.391800E-6	5.331735E-1	1.961223E+1
3.745940E+2	3.260300E+2	3.556114E+1	5.076132E+0	9.574800E-7	NaN	9.574800E-6	5.335467E-1	1.960512E+1
3.781230E+2	3.263800E+2	3.552301E+1	5.022943E+0	9.755900E-7	NaN	9.755900E-6	5.341644E-1	1.960686E+1
3.818460E+2	3.267300E+2	3.548496E+1	5.000954E+0	9.947900E-7	NaN	9.947900E-6	5.345893E-1	1.960149E+1
3.855030E+2	3.269900E+2	3.545674E+1	5.374781E+0	1.014050E-6	NaN	1.014050E-5	5.351180E-1	1.959938E+1
3.890550E+2	3.273300E+2	3.541991E+1	5.349753E+0	1.032510E-6	NaN	1.032510E-5	5.356888E-1	1.959916E+1
3.925760E+2	3.275900E+2	3.539180E+1	5.356934E+0	1.051420E-6	NaN	1.051420E-5	5.362953E-1	1.959962E+1
3.959960E+2	3.279500E+2	3.535295E+1	5.311450E+0	1.069520E-6	NaN	1.069520E-5	5.369032E-1	1.960045E+1
3.995180E+2	3.286400E+2	3.527872E+1	5.331999E+0	1.088880E-6	NaN	1.088880E-5	5.360378E-1	1.954973E+1
4.082400E+2	3.289800E+2	3.524226E+1	5.564516E+0	1.137520E-6	NaN	1.137520E-5	5.355173E-1	1.950954E+1
4.116450E+2	3.292400E+2	3.521443E+1	5.471060E+0	1.157160E-6	NaN	1.157160E-5	5.361612E-1	1.951189E+1
4.150860E+2	3.295100E+2	3.518558E+1	5.361106E+0	1.177110E-6	NaN	1.177110E-5	5.367392E-1	1.951232E+1
4.184800E+2	3.298600E+2	3.514824E+1	5.229372E+0	1.197880E-6	NaN	1.197880E-5	5.372249E-1	1.950986E+1
4.217810E+2	3.301600E+2	3.511631E+1	5.195452E+0	1.218800E-6	NaN	1.218800E-5	5.377035E-1	1.950670E+1
4.254530E+2	3.305200E+2	3.507806E+1	5.147695E+0	1.242810E-6	NaN	1.242810E-5	5.383126E-1	1.950797E+1
4.289140E+2	3.308000E+2	3.504837E+1	5.145275E+0	1.265810E-6	NaN	1.265810E-5	5.387651E-1	1.950347E+1
4.324680E+2	3.311600E+2	3.501027E+1	5.145096E+0	1.289820E-6	NaN	1.289820E-5	5.394207E-1	1.950613E+1
4.359960E+2	3.314300E+2	3.498175E+1	5.135025E+0	1.313580E-6	NaN	1.313580E-5	5.398737E-1	1.950138E+1
4.394730E+2	3.317800E+2	3.494484E+1	5.115067E+0	1.337110E-6	NaN	1.337110E-5	5.405553E-1	1.950469E+1
4.428730E+2	3.320600E+2	3.491538E+1	5.080885E+0	1.360930E-6	NaN	1.360930E-5	5.410098E-1	1.949975E+1
4.462540E+2	3.324000E+2	3.487966E+1	5.065986E+0	1.384310E-6	NaN	1.384310E-5	5.414429E-1	1.949425E+1
4.498130E+2	3.326600E+2	3.485240E+1	5.439302E+0	1.409240E-6	NaN	1.409240E-5	5.418931E-1	1.948878E+1
4.531600E+2	3.334200E+2	3.477296E+1	5.441634E+0	1.432620E-6	NaN	1.432620E-5	5.410717E-1	1.944034E+1
4.622910E+2	3.336700E+2	3.474691E+1	5.718159E+0	1.497310E-6	NaN	1.497310E-5	5.403249E-1	1.939227E+1
4.658690E+2	3.340300E+2	3.470946E+1	5.487473E+0	1.523260E-6	NaN	1.523260E-5	5.409980E-1	1.939590E+1
4.695100E+2	3.343700E+2	3.467416E+1	5.369699E+0	1.550010E-6	NaN	1.550010E-5	5.413483E-1	1.938798E+1
4.731310E+2	3.346200E+2	3.464826E+1	5.288875E+0	1.577430E-6	NaN	1.577430E-5	5.417142E-1	1.938033E+1
4.766560E+2	3.349600E+2	3.461309E+1	5.199646E+0	1.604310E-6	NaN	1.604310E-5	5.420861E-1	1.937351E+1
4.803880E+2	3.352200E+2	3.458624E+1	5.127535E+0	1.633810E-6	NaN	1.633810E-5	5.424714E-1	1.936687E+1
4.840410E+2	3.355600E+2	3.455120E+1	5.053139E+0	1.662780E-6	NaN	1.662780E-5	5.428788E-1	1.936151E+1
4.876620E+2	3.359000E+2	3.451623E+1	4.977797E+0	1.692010E-6	NaN	1.692010E-5	5.433329E-1	1.935748E+1
4.913470E+2	3.361800E+2	3.448748E+1	4.944790E+0	1.722960E-6	NaN	1.722960E-5	5.435644E-1	1.934570E+1
4.950220E+2	3.365300E+2	3.445161E+1	4.881048E+0	1.753890E-6	NaN	1.753890E-5	5.440323E-1	1.934224E+1
4.985890E+2	3.367900E+2	3.442501E+1	4.864196E+0	1.784600E-6	NaN	1.784600E-5	5.442974E-1	1.933155E+1
5.019820E+2	3.371300E+2	3.439029E+1	4.782703E+0	1.814190E-6	NaN	1.814190E-5	5.448215E-1	1.932994E+1
5.055740E+2	3.374000E+2	3.436277E+1	5.145989E+0	1.846110E-6	NaN	1.846110E-5	5.451039E-1	1.931972E+1
5.088820E+2	3.377400E+2	3.432818E+1	5.108496E+0	1.876090E-6	NaN	1.876090E-5	5.456082E-1	1.931715E+1
5.126380E+2	3.379900E+2	3.430279E+1	5.144193E+0	1.910500E-6	NaN	1.910500E-5	5.458973E-1	1.930682E+1
5.162730E+2	3.387800E+2	3.422280E+1	5.153289E+0	1.944260E-6	NaN	1.944260E-5	5.449078E-1	1.925407E+1
5.251950E+2	3.391400E+2	3.418647E+1	5.432762E+0	2.029310E-6	NaN	2.029310E-5	5.442578E-1	1.921052E+1
5.285910E+2	3.394100E+2	3.415928E+1	5.396425E+0	2.063790E-6	NaN	2.063790E-5	5.445504E-1	1.920077E+1
5.319880E+2	3.397700E+2	3.412308E+1	5.317148E+0	2.101000E-6	NaN	2.101000E-5	5.450756E-1	1.919922E+1
5.356020E+2	3.400500E+2	3.409499E+1	5.302779E+0	2.136600E-6	NaN	2.136600E-5	5.454025E-1	1.919069E+1
5.390460E+2	3.403300E+2	3.406694E+1	5.282784E+0	2.173100E-6	NaN	2.173100E-5	5.456653E-1	1.918034E+1
5.425650E+2	3.406900E+2	3.403094E+1	5.232333E+0	2.211000E-6	NaN	2.211000E-5	5.461212E-1	1.917674E+1
5.461340E+2	3.409500E+2	3.400499E+1	5.229913E+0	2.249700E-6	NaN	2.249700E-5	5.463560E-1	1.916537E+1
5.496620E+2	3.412900E+2	3.397111E+1	5.168114E+0	2.289100E-6	NaN	2.289100E-5	5.468472E-1	1.916297E+1
5.533200E+2	3.416300E+2	3.393730E+1	5.146547E+0	2.328900E-6	NaN	2.328900E-5	5.473768E-1	1.916154E+1
5.568010E+2	3.418900E+2	3.391149E+1	5.103429E+0	2.366600E-6	NaN	2.366600E-5	5.477197E-1	1.915360E+1
5.603570E+2	3.421400E+2	3.388671E+1	5.058112E+0	2.406300E-6	NaN	2.406300E-5	5.480821E-1	1.914668E+1
5.637910E+2	3.424800E+2	3.385307E+1	4.905876E+0	2.444800E-6	NaN	2.444800E-5	5.486564E-1	1.914716E+1
5.672530E+2	3.427300E+2	3.382838E+1	5.188864E+0	2.483500E-6	NaN	2.483500E-5	5.490273E-1	1.914048E+1
5.708150E+2	3.430600E+2	3.379584E+1	5.141854E+0	2.524000E-6	NaN	2.524000E-5	5.482581E-1	1.909636E+1
5.742700E+2	3.433100E+2	3.377123E+1	5.096475E+0	2.563500E-6	NaN	2.563500E-5	5.487027E-1	1.909383E+1
5.778090E+2	3.440700E+2	3.369663E+1	5.070274E+0	2.605300E-6	NaN	2.605300E-5	5.491395E-1	1.909133E+1
5.863360E+2	3.443200E+2	3.367217E+1	5.329397E+0	2.707900E-6	NaN	2.707900E-5	5.484630E-1	1.904803E+1
5.898500E+2	3.446700E+2	3.363797E+1	5.190445E+0	2.752000E-6	NaN	2.752000E-5	5.488437E-1	1.904240E+1
5.933050E+2	3.449300E+2	3.361262E+1	5.155263E+0	2.796000E-6	NaN	2.796000E-5	5.492185E-1	1.903620E+1
5.969160E+2	3.452800E+2	3.357854E+1	5.082446E+0	2.842600E-6	NaN	2.842600E-5	5.495162E-1	1.902785E+1
6.004290E+2	3.455300E+2	3.355425E+1	5.068788E+0	2.889100E-6	NaN	2.889100E-5	5.497938E-1	1.901844E+1
6.040390E+2	3.458800E+2	3.352030E+1	5.049603E+0	2.937100E-6	NaN	2.937100E-5	5.503453E-1	1.901853E+1
6.077080E+2	3.461400E+2	3.349512E+1	5.042203E+0	2.987800E-6	NaN	2.987800E-5	5.505406E-1	1.900648E+1
6.111590E+2	3.465000E+2	3.346032E+1	4.976898E+0	3.035300E-6	NaN	3.035300E-5	5.510420E-1	1.900497E+1
6.146660E+2	3.468300E+2	3.342848E+1	4.976614E+0	3.084400E-6	NaN	3.084400E-5	5.512764E-1	1.899414E+1
6.184160E+2	3.470800E+2	3.340440E+1	4.961264E+0	3.137200E-6	NaN	3.137200E-5	5.513707E-1	1.897853E+1
6.219790E+2	3.474100E+2	3.337267E+1	4.916040E+0	3.188300E-6	NaN	3.188300E-5	5.518283E-1	1.897535E+1
6.255820E+2	3.476700E+2	3.334771E+1	4.844073E+0	3.239900E-6	NaN	3.239900E-5	5.521156E-1	1.896628E+1
6.290760E+2	3.480100E+2	3.331513E+1	5.139090E+0	3.291900E-6	NaN	3.291900E-5	5.526568E-1	1.896573E+1
6.327950E+2	3.482600E+2	3.329122E+1	5.119699E+0	3.347100E-6	NaN	3.347100E-5	5.528828E-1	1.895436E+1
6.363420E+2	3.486300E+2	3.325589E+1	5.089811E+0	3.400300E-6	NaN	3.400300E-5	5.520885E-1	1.891013E+1
6.399760E+2	3.488900E+2	3.323110E+1	5.085768E+0	3.457400E-6	NaN	3.457400E-5	5.522774E-1	1.889907E+1
6.434570E+2	3.497000E+2	3.315413E+1	5.078034E+0	3.514300E-6	NaN	3.514300E-5	5.527016E-1	1.889601E+1
6.522770E+2	3.500600E+2	3.312004E+1	5.368984E+0	3.662700E-6	NaN	3.662700E-5	5.519123E-1	1.884908E+1
6.557830E+2	3.503200E+2	3.309546E+1	5.358686E+0	3.723100E-6	NaN	3.723100E-5	5.521127E-1	1.883649E+1
6.592590E+2	3.505800E+2	3.307091E+1	5.288266E+0	3.783200E-6	NaN	3.783200E-5	5.524374E-1	1.882838E+1
6.626440E+2	3.509400E+2	3.303699E+1	5.241078E+0	3.842800E-6	NaN	3.842800E-5	5.527965E-1	1.882189E+1
6.660880E+2	3.512000E+2	3.301253E+1	5.261523E+0	3.903300E-6	NaN	3.903300E-5	5.531012E-1	1.881316E+1
6.695580E+2	3.515300E+2	3.298154E+1	5.221048E+0	3.964300E-6	NaN	3.964300E-5	5.533918E-1	1.880440E+1
6.729600E+2	3.517700E+2	3.295904E+1	5.211127E+0	4.023700E-6	NaN	4.023700E-5	5.537333E-1	1.879702E+1
6.765350E+2	3.521000E+2	3.292815E+1	5.140481E+0	4.087900E-6	NaN	4.087900E-5	5.540563E-1	1.878945E+1
6.799270E+2	3.523500E+2	3.290478E+1	5.100990E+0	4.148000E-6	NaN	4.148000E-5	5.543899E-1	1.878193E+1
6.834070E+2	3.525900E+2	3.288238E+1	4.985031E+0	4.209800E-6	NaN	4.209800E-5	5.546598E-1	1.877256E+1
6.868500E+2	3.529400E+2	3.284978E+1	4.863161E+0	4.272200E-6	NaN	4.272200E-5	5.551937E-1	1.877200E+1
6.902920E+2	3.531900E+2	3.282652E+1	4.714236E+0	4.334400E-6	NaN	4.334400E-5	5.541019E-1	1.871848E+1
6.936280E+2	3.535200E+2	3.279588E+1	4.984079E+0	4.398300E-6	NaN	4.398300E-5	5.546026E-1	1.871830E+1
6.974030E+2	3.537700E+2	3.277271E+1	5.014237E+0	4.470100E-6	NaN	4.470100E-5	5.548045E-1	1.870814E+1
7.008350E+2	3.541000E+2	3.274216E+1	4.973981E+0	4.534800E-6	NaN	4.534800E-5	5.550560E-1	1.870000E+1
7.043460E+2	3.548800E+2	3.267020E+1	4.942609E+0	4.604100E-6	NaN	4.604100E-5	5.553483E-1	1.869280E+1
7.134510E+2	3.551400E+2	3.264628E+1	5.290928E+0	4.790500E-6	NaN	4.790500E-5	5.542413E-1	1.863666E+1
7.170880E+2	3.554800E+2	3.261506E+1	5.191941E+0	4.866700E-6	NaN	4.866700E-5	5.547026E-1	1.863374E+1
7.207110E+2	3.557300E+2	3.259213E+1	5.168426E+0	4.944400E-6	NaN	4.944400E-5	5.549871E-1	1.862490E+1
7.241330E+2	3.560700E+2	3.256101E+1	5.095104E+0	5.019100E-6	NaN	5.019100E-5	5.553229E-1	1.861819E+1
7.277850E+2	3.564100E+2	3.252995E+1	5.084082E+0	5.097900E-6	NaN	5.097900E-5	5.556574E-1	1.861113E+1
7.313390E+2	3.566800E+2	3.250533E+1	5.074817E+0	5.177000E-6	NaN	5.177000E-5	5.557929E-1	1.859744E+1
7.347500E+2	3.569300E+2	3.248256E+1	5.016902E+0	5.253300E-6	NaN	5.253300E-5	5.561620E-1	1.859147E+1
7.381270E+2	3.572600E+2	3.245256E+1	4.970636E+0	5.330800E-6	NaN	5.330800E-5	5.564784E-1	1.858407E+1
7.415820E+2	3.575200E+2	3.242896E+1	4.923387E+0	5.408800E-6	NaN	5.408800E-5	5.568118E-1	1.857685E+1
7.450330E+2	3.577600E+2	3.240720E+1	4.881759E+0	5.489100E-6	NaN	5.489100E-5	5.570462E-1	1.856659E+1
7.484470E+2	3.581000E+2	3.237643E+1	4.758584E+0	5.568000E-6	NaN	5.568000E-5	5.576472E-1	1.856835E+1
7.519580E+2	3.583600E+2	3.235294E+1	4.672472E+0	5.651900E-6	NaN	5.651900E-5	5.566051E-1	1.851754E+1
7.554140E+2	3.591600E+2	3.228088E+1	5.007434E+0	5.738000E-6	NaN	5.738000E-5	5.568524E-1	1.850967E+1
7.638380E+2	3.594000E+2	3.225932E+1	5.312226E+0	5.953700E-6	NaN	5.953700E-5	5.558692E-1	1.845873E+1
7.673780E+2	3.597200E+2	3.223062E+1	5.245913E+0	6.041700E-6	NaN	6.041700E-5	5.561227E-1	1.844992E+1
7.707680E+2	3.599600E+2	3.220913E+1	5.173794E+0	6.124700E-6	NaN	6.124700E-5	5.563640E-1	1.844060E+1
7.742930E+2	3.602100E+2	3.218678E+1	5.112288E+0	6.211800E-6	NaN	6.211800E-5	5.567627E-1	1.843666E+1
7.776940E+2	3.605700E+2	3.215464E+1	5.054757E+0	6.301600E-6	NaN	6.301600E-5	5.570919E-1	1.843090E+1
7.812890E+2	3.609200E+2	3.212346E+1	5.036353E+0	6.397400E-6	NaN	6.397400E-5	5.573902E-1	1.842367E+1
7.849630E+2	3.611800E+2	3.210034E+1	5.022142E+0	6.500200E-6	NaN	6.500200E-5	5.574877E-1	1.840979E+1
7.885040E+2	3.615400E+2	3.206837E+1	5.002560E+0	6.599700E-6	NaN	6.599700E-5	5.576585E-1	1.839870E+1
7.922500E+2	3.618100E+2	3.204444E+1	4.997027E+0	6.710200E-6	NaN	6.710200E-5	5.577833E-1	1.838569E+1
7.956530E+2	3.621600E+2	3.201347E+1	4.923010E+0	6.809600E-6	NaN	6.809600E-5	5.582449E-1	1.838367E+1
7.991440E+2	3.624100E+2	3.199139E+1	4.904908E+0	6.912800E-6	NaN	6.912800E-5	5.584143E-1	1.837197E+1
8.026340E+2	3.627700E+2	3.195964E+1	4.814708E+0	7.017000E-6	NaN	7.017000E-5	5.588444E-1	1.836876E+1
8.060790E+2	3.630200E+2	3.193763E+1	5.204816E+0	7.119200E-6	NaN	7.119200E-5	5.590219E-1	1.835708E+1
8.095130E+2	3.632700E+2	3.191566E+1	5.212158E+0	7.221500E-6	NaN	7.221500E-5	5.594285E-1	1.835279E+1
8.129940E+2	3.636000E+2	3.188669E+1	5.203704E+0	7.326900E-6	NaN	7.326900E-5	5.584948E-1	1.830682E+1
8.166180E+2	3.643200E+2	3.182367E+1	5.184217E+0	7.434500E-6	NaN	7.434500E-5	5.588331E-1	1.830188E+1
8.253410E+2	3.645700E+2	3.180185E+1	5.388978E+0	7.697300E-6	NaN	7.697300E-5	5.578865E-1	1.825342E+1
8.288710E+2	3.649100E+2	3.177222E+1	5.231224E+0	7.807000E-6	NaN	7.807000E-5	5.583013E-1	1.825001E+1
8.323770E+2	3.651600E+2	3.175047E+1	5.166078E+0	7.916700E-6	NaN	7.916700E-5	5.584418E-1	1.823773E+1
8.359560E+2	3.654900E+2	3.172180E+1	5.055283E+0	8.030600E-6	NaN	8.030600E-5	5.588294E-1	1.823353E+1
8.394550E+2	3.657400E+2	3.170011E+1	5.011164E+0	8.145400E-6	NaN	8.145400E-5	5.589812E-1	1.822174E+1
8.429890E+2	3.660800E+2	3.167067E+1	4.923175E+0	8.260800E-6	NaN	8.260800E-5	5.594201E-1	1.821931E+1
8.465560E+2	3.663400E+2	3.164820E+1	4.901635E+0	8.381000E-6	NaN	8.381000E-5	5.595202E-1	1.820594E+1
8.500620E+2	3.666900E+2	3.161799E+1	4.836556E+0	8.502000E-6	NaN	8.502000E-5	5.596188E-1	1.819282E+1
8.535790E+2	3.669400E+2	3.159645E+1	4.843711E+0	8.621900E-6	NaN	8.621900E-5	5.597783E-1	1.818122E+1
8.570420E+2	3.672900E+2	3.156634E+1	4.803756E+0	8.745700E-6	NaN	8.745700E-5	5.599551E-1	1.817047E+1
8.605860E+2	3.675500E+2	3.154401E+1	4.766547E+0	8.875800E-6	NaN	8.875800E-5	5.601170E-1	1.815880E+1
8.642060E+2	3.679100E+2	3.151314E+1	4.722404E+0	9.011000E-6	NaN	9.011000E-5	5.602729E-1	1.814722E+1
8.678160E+2	3.681800E+2	3.149003E+1	5.099766E+0	9.148900E-6	NaN	9.148900E-5	5.605095E-1	1.813769E+1
8.714730E+2	3.685300E+2	3.146013E+1	5.095818E+0	9.293500E-6	NaN	9.293500E-5	5.606375E-1	1.812501E+1
8.749940E+2	3.688100E+2	3.143624E+1	5.148339E+0	9.431500E-6	NaN	9.431500E-5	5.608780E-1	1.811550E+1
8.783860E+2	3.696500E+2	3.136480E+1	5.151235E+0	9.565600E-6	NaN	9.565600E-5	5.596225E-1	1.806003E+1
8.878510E+2	3.699000E+2	3.134361E+1	5.528333E+0	9.934300E-6	NaN	9.934300E-5	5.581357E-1	1.799493E+1
8.914330E+2	3.702300E+2	3.131567E+1	5.394045E+0	1.007740E-5	NaN	1.007740E-4	5.583337E-1	1.798484E+1
8.950110E+2	3.704700E+2	3.129538E+1	5.329744E+0	1.021690E-5	NaN	1.021690E-4	5.585861E-1	1.797634E+1
8.986490E+2	3.708000E+2	3.126753E+1	5.212716E+0	1.036590E-5	NaN	1.036590E-4	5.587807E-1	1.796656E+1
9.019960E+2	3.710500E+2	3.124646E+1	5.151409E+0	1.049830E-5	NaN	1.049830E-4	5.590195E-1	1.795801E+1
9.057520E+2	3.713700E+2	3.121954E+1	5.051696E+0	1.064570E-5	NaN	1.064570E-4	5.591997E-1	1.794795E+1
9.091580E+2	3.716200E+2	3.119854E+1	4.987664E+0	1.078770E-5	NaN	1.078770E-4	5.594462E-1	1.793974E+1
9.127370E+2	3.719500E+2	3.117086E+1	4.882817E+0	1.093810E-5	NaN	1.093810E-4	5.596904E-1	1.793178E+1
9.161970E+2	3.722000E+2	3.114992E+1	4.822318E+0	1.108370E-5	NaN	1.108370E-4	5.599311E-1	1.792340E+1
9.196580E+2	3.725300E+2	3.112233E+1	4.713367E+0	1.123180E-5	NaN	1.123180E-4	5.603957E-1	1.792207E+1
9.231540E+2	3.728000E+2	3.109979E+1	4.642349E+0	1.138780E-5	NaN	1.138780E-4	5.605324E-1	1.791031E+1
9.265680E+2	3.731400E+2	3.107145E+1	4.528065E+0	1.153820E-5	NaN	1.153820E-4	5.608259E-1	1.790341E+1
9.302330E+2	3.734000E+2	3.104981E+1	4.951989E+0	1.170330E-5	NaN	1.170330E-4	5.608160E-1	1.788674E+1
9.337690E+2	3.737300E+2	3.102240E+1	4.959204E+0	1.186910E-5	NaN	1.186910E-4	5.611274E-1	1.788014E+1
9.374930E+2	3.739800E+2	3.100166E+1	5.018171E+0	1.204160E-5	NaN	1.204160E-4	5.612041E-1	1.786599E+1
9.409180E+2	3.743200E+2	3.097350E+1	4.995227E+0	1.220100E-5	NaN	1.220100E-4	5.599253E-1	1.781098E+1
9.443020E+2	3.749900E+2	3.091816E+1	5.032666E+0	1.236150E-5	NaN	1.236150E-4	5.600207E-1	1.779902E+1
9.530530E+2	3.753200E+2	3.089097E+1	5.302089E+0	1.278370E-5	NaN	1.278370E-4	5.589775E-1	1.774967E+1
9.565850E+2	3.755700E+2	3.087041E+1	5.232215E+0	1.295000E-5	NaN	1.295000E-4	5.592159E-1	1.774114E+1
9.602520E+2	3.758900E+2	3.084413E+1	5.128443E+0	1.313010E-5	NaN	1.313010E-4	5.593925E-1	1.773105E+1
9.638060E+2	3.761400E+2	3.082363E+1	5.069846E+0	1.330360E-5	NaN	1.330360E-4	5.594051E-1	1.771591E+1
9.672410E+2	3.764800E+2	3.079579E+1	4.971797E+0	1.348070E-5	NaN	1.348070E-4	5.596044E-1	1.770678E+1
9.708200E+2	3.767300E+2	3.077536E+1	4.936677E+0	1.366360E-5	NaN	1.366360E-4	5.597812E-1	1.769657E+1
9.741520E+2	3.771100E+2	3.074435E+1	4.865085E+0	1.384470E-5	NaN	1.384470E-4	5.599459E-1	1.768630E+1
9.777960E+2	3.773700E+2	3.072316E+1	4.882245E+0	1.404350E-5	NaN	1.404350E-4	5.599486E-1	1.767044E+1
9.814380E+2	3.777300E+2	3.069388E+1	4.845855E+0	1.425100E-5	NaN	1.425100E-4	5.602591E-1	1.766414E+1
9.850050E+2	3.780000E+2	3.067196E+1	4.858311E+0	1.445590E-5	NaN	1.445590E-4	5.602921E-1	1.764902E+1
9.886130E+2	3.783500E+2	3.064358E+1	4.807104E+0	1.466710E-5	NaN	1.466710E-4	5.605630E-1	1.764128E+1
9.921310E+2	3.786900E+2	3.061607E+1	4.809876E+0	1.487670E-5	NaN	1.487670E-4	5.592070E-1	1.758429E+1
9.957900E+2	3.789400E+2	3.059587E+1	5.195884E+0	1.508880E-5	NaN	1.508880E-4	5.592508E-1	1.757071E+1
9.992280E+2	3.792100E+2	3.057409E+1	5.231328E+0	1.528580E-5	NaN	1.528580E-4	5.593822E-1	1.756018E+1
1.002648E+3	3.795400E+2	3.054750E+1	5.215550E+0	1.548160E-5	NaN	1.548160E-4	5.596591E-1	1.755411E+1
1.006341E+3	3.802500E+2	3.049047E+1	5.229784E+0	1.569240E-5	NaN	1.569240E-4	5.599175E-1	1.754711E+1
1.015068E+3	3.804900E+2	3.047123E+1	5.455441E+0	1.619130E-5	NaN	1.619130E-4	5.588491E-1	1.749727E+1
1.018560E+3	3.808200E+2	3.044483E+1	5.291164E+0	1.639070E-5	NaN	1.639070E-4	5.589037E-1	1.748348E+1
1.021947E+3	3.810700E+2	3.042486E+1	5.154383E+0	1.658710E-5	NaN	1.658710E-4	5.589870E-1	1.747031E+1
1.025459E+3	3.814000E+2	3.039853E+1	5.071422E+0	1.679900E-5	NaN	1.679900E-4	5.589472E-1	1.745376E+1
1.029089E+3	3.816400E+2	3.037942E+1	4.993745E+0	1.702260E-5	NaN	1.702260E-4	5.589851E-1	1.743939E+1
1.032789E+3	3.819800E+2	3.035237E+1	4.915053E+0	1.724800E-5	NaN	1.724800E-4	5.590129E-1	1.742515E+1
1.036241E+3	3.822300E+2	3.033252E+1	4.843890E+0	1.746850E-5	NaN	1.746850E-4	5.590911E-1	1.741212E+1
1.039616E+3	3.824800E+2	3.031270E+1	4.781878E+0	1.768970E-5	NaN	1.768970E-4	5.590902E-1	1.739704E+1
1.043002E+3	3.828400E+2	3.028419E+1	4.737571E+0	1.791520E-5	NaN	1.791520E-4	5.593108E-1	1.738878E+1
1.046421E+3	3.831000E+2	3.026364E+1	4.707811E+0	1.814100E-5	NaN	1.814100E-4	5.594674E-1	1.737802E+1
1.049915E+3	3.834300E+2	3.023759E+1	4.646129E+0	1.838010E-5	NaN	1.838010E-4	5.595827E-1	1.736616E+1
1.053697E+3	3.837800E+2	3.021002E+1	4.631872E+0	1.864030E-5	NaN	1.864030E-4	5.583011E-1	1.731258E+1
1.057359E+3	3.840300E+2	3.019035E+1	5.025403E+0	1.889410E-5	NaN	1.889410E-4	5.583238E-1	1.729882E+1
1.060805E+3	3.848500E+2	3.012602E+1	5.019991E+0	1.912900E-5	NaN	1.912900E-4	5.583543E-1	1.728567E+1
1.070533E+3	3.851100E+2	3.010568E+1	5.393953E+0	1.980740E-5	NaN	1.980740E-4	5.570348E-1	1.722867E+1
1.074200E+3	3.854300E+2	3.008069E+1	5.265867E+0	2.006750E-5	NaN	2.006750E-4	5.571183E-1	1.721589E+1
1.077781E+3	3.856800E+2	3.006119E+1	5.205417E+0	2.030970E-5	NaN	2.030970E-4	5.572786E-1	1.720529E+1
1.081410E+3	3.860100E+2	3.003549E+1	5.096837E+0	2.057240E-5	NaN	2.057240E-4	5.573587E-1	1.719261E+1
1.085155E+3	3.863600E+2	3.000828E+1	5.038664E+0	2.086950E-5	NaN	2.086950E-4	5.574680E-1	1.718059E+1
1.088809E+3	3.866300E+2	2.998733E+1	4.986992E+0	2.115100E-5	NaN	2.115100E-4	5.573659E-1	1.716214E+1
1.092500E+3	3.870100E+2	2.995788E+1	4.897356E+0	2.144500E-5	NaN	2.144500E-4	5.574976E-1	1.715084E+1
1.095896E+3	3.872800E+2	2.993700E+1	4.882163E+0	2.172500E-5	NaN	2.172500E-4	5.573028E-1	1.712945E+1
1.099464E+3	3.876300E+2	2.990997E+1	4.836842E+0	2.201400E-5	NaN	2.201400E-4	5.573409E-1	1.711518E+1
1.103202E+3	3.879700E+2	2.988375E+1	4.829688E+0	2.233100E-5	NaN	2.233100E-4	5.571284E-1	1.709328E+1
1.106877E+3	3.882200E+2	2.986451E+1	4.851100E+0	2.262900E-5	NaN	2.262900E-4	5.570488E-1	1.707522E+1
1.110486E+3	3.885400E+2	2.983991E+1	4.788629E+0	2.291900E-5	NaN	2.291900E-4	5.570657E-1	1.706048E+1
1.114040E+3	3.887800E+2	2.982149E+1	5.209987E+0	2.320500E-5	NaN	2.320500E-4	5.571170E-1	1.704661E+1
1.117685E+3	3.891100E+2	2.979620E+1	5.174212E+0	2.349000E-5	NaN	2.349000E-4	5.556650E-1	1.698911E+1
1.121451E+3	3.894200E+2	2.977248E+1	5.160559E+0	2.379000E-5	NaN	2.379000E-4	5.556963E-1	1.697643E+1
1.125060E+3	3.901400E+2	2.971754E+1	5.101060E+0	2.407700E-5	NaN	2.407700E-4	5.556179E-1	1.696053E+1
1.134479E+3	3.904700E+2	2.969242E+1	5.318758E+0	2.485100E-5	NaN	2.485100E-4	5.545212E-1	1.691194E+1
1.138095E+3	3.907200E+2	2.967342E+1	5.178472E+0	2.515900E-5	NaN	2.515900E-4	5.545241E-1	1.689739E+1
1.141756E+3	3.910700E+2	2.964687E+1	5.017032E+0	2.547900E-5	NaN	2.547900E-4	5.547010E-1	1.688828E+1
1.145388E+3	3.913400E+2	2.962641E+1	4.951389E+0	2.580600E-5	NaN	2.580600E-4	5.546801E-1	1.687314E+1
1.148932E+3	3.916800E+2	2.960069E+1	4.871392E+0	2.613500E-5	NaN	2.613500E-4	5.548495E-1	1.686380E+1
1.152672E+3	3.920300E+2	2.957427E+1	4.854008E+0	2.646400E-5	NaN	2.646400E-4	5.548217E-1	1.684852E+1
1.156247E+3	3.922700E+2	2.955617E+1	4.877937E+0	2.680900E-5	NaN	2.680900E-4	5.547651E-1	1.683207E+1
1.159831E+3	3.926100E+2	2.953058E+1	4.844056E+0	2.714100E-5	NaN	2.714100E-4	5.547646E-1	1.681773E+1
1.163344E+3	3.928600E+2	2.951179E+1	4.845056E+0	2.746800E-5	NaN	2.746800E-4	5.547293E-1	1.680211E+1
1.166818E+3	3.931800E+2	2.948777E+1	4.788242E+0	2.780000E-5	NaN	2.780000E-4	5.546228E-1	1.678469E+1
1.170543E+3	3.934500E+2	2.946753E+1	4.757926E+0	2.814700E-5	NaN	2.814700E-4	5.545761E-1	1.676885E+1
1.174005E+3	3.937700E+2	2.944358E+1	4.694739E+0	2.847200E-5	NaN	2.847200E-4	5.545286E-1	1.675319E+1
1.177548E+3	3.940100E+2	2.942565E+1	5.033909E+0	2.880200E-5	NaN	2.880200E-4	5.545643E-1	1.673973E+1
1.181021E+3	3.943400E+2	2.940102E+1	5.008943E+0	2.914200E-5	NaN	2.914200E-4	5.545383E-1	1.672471E+1
1.184536E+3	3.945900E+2	2.938240E+1	4.976093E+0	2.947800E-5	NaN	2.947800E-4	5.532397E-1	1.667263E+1
1.188183E+3	3.953600E+2	2.932517E+1	4.944887E+0	2.983800E-5	NaN	2.983800E-4	5.531848E-1	1.665804E+1
1.197465E+3	3.957100E+2	2.929923E+1	5.196207E+0	3.078800E-5	NaN	3.078800E-4	5.519839E-1	1.660725E+1
1.201180E+3	3.960700E+2	2.927260E+1	5.128865E+0	3.118600E-5	NaN	3.118600E-4	5.518633E-1	1.658934E+1
1.204643E+3	3.963300E+2	2.925340E+1	5.135696E+0	3.158100E-5	NaN	3.158100E-4	5.517452E-1	1.657122E+1
1.208125E+3	3.966900E+2	2.922685E+1	5.092639E+0	3.196400E-5	NaN	3.196400E-4	5.516213E-1	1.655331E+1
1.211873E+3	3.969600E+2	2.920697E+1	5.115943E+0	3.239300E-5	NaN	3.239300E-4	5.514780E-1	1.653451E+1
1.215460E+3	3.973000E+2	2.918198E+1	5.086532E+0	3.279700E-5	NaN	3.279700E-4	5.512322E-1	1.651312E+1
1.218891E+3	3.975700E+2	2.916216E+1	5.093031E+0	3.318600E-5	NaN	3.318600E-4	5.510641E-1	1.649384E+1
1.222266E+3	3.979000E+2	2.913797E+1	5.062036E+0	3.358000E-5	NaN	3.358000E-4	5.508553E-1	1.647368E+1
1.225753E+3	3.981400E+2	2.912041E+1	5.065764E+0	3.396000E-5	NaN	3.396000E-4	5.506936E-1	1.645474E+1
1.229389E+3	3.984500E+2	2.909775E+1	4.995847E+0	3.435500E-5	NaN	3.435500E-4	5.505599E-1	1.643701E+1
1.232906E+3	3.986800E+2	2.908097E+1	4.936874E+0	3.473900E-5	NaN	3.473900E-4	5.503016E-1	1.641566E+1
1.236521E+3	3.990000E+2	2.905764E+1	4.781889E+0	3.509700E-5	NaN	3.509700E-4	5.503625E-1	1.640384E+1
1.240016E+3	3.992300E+2	2.904090E+1	5.035770E+0	3.550600E-5	NaN	3.550600E-4	5.503301E-1	1.638899E+1
1.243494E+3	3.995700E+2	2.901619E+1	4.934650E+0	3.588400E-5	NaN	3.588400E-4	5.503216E-1	1.637513E+1
1.247020E+3	4.003200E+2	2.896183E+1	4.908640E+0	3.630100E-5	NaN	3.630100E-4	5.489283E-1	1.632140E+1
1.256296E+3	4.005800E+2	2.894303E+1	5.161852E+0	3.739900E-5	NaN	3.739900E-4	5.476846E-1	1.627026E+1
1.259831E+3	4.009200E+2	2.891849E+1	5.049881E+0	3.783000E-5	NaN	3.783000E-4	5.476039E-1	1.625437E+1
1.263458E+3	4.011700E+2	2.890047E+1	4.978977E+0	3.828800E-5	NaN	3.828800E-4	5.474544E-1	1.623621E+1
1.267063E+3	4.015300E+2	2.887455E+1	4.916775E+0	3.873200E-5	NaN	3.873200E-4	5.473281E-1	1.621908E+1
1.270504E+3	4.017800E+2	2.885659E+1	4.897726E+0	3.917400E-5	NaN	3.917400E-4	5.472097E-1	1.620181E+1
1.274107E+3	4.021200E+2	2.883219E+1	4.892813E+0	3.963400E-5	NaN	3.963400E-4	5.470787E-1	1.618449E+1
1.277726E+3	4.024500E+2	2.880855E+1	4.890906E+0	4.010700E-5	NaN	4.010700E-4	5.469617E-1	1.616728E+1
1.281320E+3	4.027000E+2	2.879066E+1	4.911043E+0	4.057300E-5	NaN	4.057300E-4	5.469001E-1	1.615143E+1
1.284971E+3	4.030300E+2	2.876709E+1	4.868106E+0	4.103700E-5	NaN	4.103700E-4	5.467560E-1	1.613351E+1
1.288340E+3	4.032900E+2	2.874854E+1	4.847661E+0	4.147100E-5	NaN	4.147100E-4	5.466014E-1	1.611499E+1
1.291792E+3	4.035300E+2	2.873144E+1	4.766000E+0	4.191500E-5	NaN	4.191500E-4	5.463923E-1	1.609503E+1
1.295216E+3	4.038600E+2	2.870797E+1	4.672870E+0	4.235500E-5	NaN	4.235500E-4	5.461926E-1	1.607562E+1
1.298906E+3	4.046000E+2	2.865546E+1	5.022394E+0	4.283900E-5	NaN	4.283900E-4	5.460312E-1	1.605694E+1
1.308305E+3	4.049400E+2	2.863140E+1	5.278611E+0	4.411200E-5	NaN	4.411200E-4	5.431191E-1	1.595790E+1
1.311741E+3	4.052000E+2	2.861303E+1	5.190492E+0	4.459000E-5	NaN	4.459000E-4	5.429372E-1	1.593897E+1
1.315425E+3	4.055900E+2	2.858552E+1	5.076531E+0	4.513200E-5	NaN	4.513200E-4	5.427723E-1	1.592081E+1
1.319289E+3	4.059500E+2	2.856017E+1	5.065570E+0	4.571900E-5	NaN	4.571900E-4	5.425097E-1	1.589941E+1
1.323024E+3	4.062100E+2	2.854189E+1	5.053144E+0	4.630400E-5	NaN	4.630400E-4	5.421183E-1	1.587424E+1
1.326639E+3	4.065600E+2	2.851732E+1	5.027781E+0	4.685500E-5	NaN	4.685500E-4	5.418899E-1	1.585424E+1
1.330199E+3	4.069100E+2	2.849279E+1	5.044187E+0	4.739600E-5	NaN	4.739600E-4	5.416994E-1	1.583513E+1
1.333873E+3	4.071500E+2	2.847599E+1	5.055014E+0	4.794300E-5	NaN	4.794300E-4	5.412382E-1	1.580828E+1
1.337407E+3	4.074900E+2	2.845223E+1	5.035692E+0	4.848800E-5	NaN	4.848800E-4	5.410535E-1	1.578966E+1
1.340879E+3	4.077300E+2	2.843548E+1	5.020527E+0	4.899400E-5	NaN	4.899400E-4	5.406622E-1	1.576509E+1
1.344609E+3	4.080400E+2	2.841388E+1	4.930904E+0	4.950900E-5	NaN	4.950900E-4	5.403642E-1	1.574356E+1
1.348330E+3	4.083500E+2	2.839231E+1	4.844365E+0	5.006300E-5	NaN	5.006300E-4	5.401792E-1	1.572512E+1
1.352015E+3	4.090700E+2	2.834234E+1	5.126030E+0	5.057800E-5	NaN	5.057800E-4	5.399200E-1	1.570454E+1
1.361633E+3	4.094200E+2	2.831811E+1	5.339000E+0	5.200500E-5	NaN	5.200500E-4	5.386767E-1	1.565383E+1
1.365324E+3	4.096700E+2	2.830083E+1	5.152551E+0	5.258100E-5	NaN	5.258100E-4	5.383884E-1	1.563122E+1
1.368872E+3	4.100200E+2	2.827667E+1	5.015268E+0	5.314200E-5	NaN	5.314200E-4	5.382142E-1	1.561216E+1
1.372463E+3	4.102700E+2	2.825944E+1	4.962064E+0	5.373400E-5	NaN	5.373400E-4	5.366462E-1	1.555407E+1
1.376141E+3	4.106100E+2	2.823604E+1	4.865001E+0	5.433100E-5	NaN	5.433100E-4	5.364367E-1	1.553545E+1
1.379827E+3	4.109500E+2	2.821268E+1	4.823456E+0	5.494200E-5	NaN	5.494200E-4	5.362681E-1	1.551782E+1
1.383436E+3	4.112000E+2	2.819553E+1	4.834528E+0	5.553300E-5	NaN	5.553300E-4	5.358981E-1	1.549450E+1
1.387046E+3	4.115500E+2	2.817155E+1	4.788714E+0	5.615100E-5	NaN	5.615100E-4	5.357567E-1	1.547790E+1
1.390595E+3	4.118000E+2	2.815444E+1	4.797314E+0	5.673800E-5	NaN	5.673800E-4	5.354174E-1	1.545562E+1
1.394156E+3	4.121300E+2	2.813190E+1	4.754537E+0	5.733800E-5	NaN	5.733800E-4	5.350480E-1	1.543285E+1
1.397651E+3	4.123700E+2	2.811553E+1	4.726521E+0	5.792900E-5	NaN	5.792900E-4	5.347974E-1	1.541325E+1
1.401328E+3	4.126900E+2	2.809373E+1	4.662594E+0	5.855200E-5	NaN	5.855200E-4	5.345519E-1	1.539412E+1
1.404920E+3	4.130200E+2	2.807128E+1	4.988426E+0	5.913800E-5	NaN	5.913800E-4	5.343747E-1	1.537675E+1
1.408672E+3	4.137000E+2	2.802514E+1	5.014833E+0	5.978100E-5	NaN	5.978100E-4	5.340029E-1	1.535375E+1
1.417628E+3	4.140500E+2	2.800145E+1	5.234623E+0	6.135700E-5	NaN	6.135700E-4	5.327855E-1	1.530524E+1
1.421236E+3	4.144100E+2	2.797712E+1	5.163130E+0	6.201900E-5	NaN	6.201900E-4	5.324336E-1	1.528187E+1
1.424912E+3	4.146800E+2	2.795891E+1	5.118626E+0	6.274600E-5	NaN	6.274600E-4	5.320702E-1	1.525786E+1
1.428674E+3	4.150500E+2	2.793398E+1	5.073131E+0	6.348400E-5	NaN	6.348400E-4	5.317503E-1	1.523534E+1
1.432382E+3	4.154200E+2	2.790910E+1	5.083335E+0	6.422600E-5	NaN	6.422600E-4	5.314346E-1	1.521260E+1
1.436081E+3	4.157600E+2	2.788628E+1	5.093715E+0	6.496100E-5	NaN	6.496100E-4	5.297094E-1	1.515099E+1
1.439731E+3	4.160100E+2	2.786952E+1	5.135666E+0	6.566300E-5	NaN	6.566300E-4	5.291564E-1	1.512280E+1
1.443485E+3	4.163300E+2	2.784810E+1	5.112604E+0	6.636800E-5	NaN	6.636800E-4	5.286514E-1	1.509643E+1
1.447202E+3	4.166500E+2	2.782671E+1	5.103058E+0	6.704500E-5	NaN	6.704500E-4	5.282673E-1	1.507341E+1
1.451076E+3	4.168800E+2	2.781136E+1	5.056652E+0	6.775100E-5	NaN	6.775100E-4	5.276651E-1	1.504440E+1
1.454901E+3	4.172100E+2	2.778936E+1	4.949190E+0	6.844200E-5	NaN	6.844200E-4	5.274219E-1	1.502577E+1
1.458775E+3	4.175200E+2	2.776873E+1	4.849396E+0	6.913400E-5	NaN	6.913400E-4	5.270192E-1	1.500268E+1
1.463035E+3	4.179200E+2	2.774215E+1	5.039000E+0	6.991200E-5	NaN	6.991200E-4	5.266517E-1	1.498052E+1
1.467225E+3	4.186600E+2	2.769312E+1	4.981591E+0	7.067800E-5	NaN	7.067800E-4	5.260231E-1	1.495080E+1
1.476517E+3	4.190100E+2	2.766998E+1	5.201540E+0	7.252400E-5	NaN	7.252400E-4	5.244746E-1	1.489357E+1
1.480438E+3	4.193700E+2	2.764623E+1	5.063917E+0	7.333200E-5	NaN	7.333200E-4	5.239056E-1	1.486448E+1
1.484213E+3	4.196300E+2	2.762910E+1	5.005631E+0	7.413300E-5	NaN	7.413300E-4	5.234101E-1	1.483722E+1
1.488115E+3	4.199700E+2	2.760673E+1	4.960195E+0	7.494600E-5	NaN	7.494600E-4	5.229152E-1	1.481028E+1
1.491914E+3	4.203100E+2	2.758440E+1	4.954401E+0	7.577100E-5	NaN	7.577100E-4	5.225697E-1	1.478730E+1
1.495896E+3	4.206400E+2	2.756276E+1	4.942460E+0	7.661900E-5	NaN	7.661900E-4	5.220043E-1	1.475820E+1
1.499798E+3	4.209700E+2	2.754115E+1	4.937560E+0	7.745000E-5	NaN	7.745000E-4	5.202367E-1	1.469656E+1
1.503918E+3	4.212900E+2	2.752024E+1	4.945062E+0	7.829700E-5	NaN	7.829700E-4	5.198247E-1	1.467288E+1
1.508094E+3	4.216300E+2	2.749804E+1	4.892411E+0	7.916700E-5	NaN	7.916700E-4	5.193225E-1	1.464684E+1
1.511748E+3	4.219500E+2	2.747719E+1	4.836682E+0	7.991000E-5	NaN	7.991000E-4	5.189756E-1	1.462502E+1
1.515712E+3	4.222800E+2	2.745572E+1	4.771074E+0	8.073700E-5	NaN	8.073700E-4	5.183917E-1	1.459671E+1
1.519535E+3	4.225200E+2	2.744012E+1	4.723857E+0	8.153900E-5	NaN	8.153900E-4	5.178955E-1	1.457072E+1
1.523429E+3	4.228500E+2	2.741871E+1	4.946983E+0	8.235600E-5	NaN	8.235600E-4	5.174602E-1	1.454678E+1
1.527148E+3	4.238400E+2	2.735466E+1	4.909092E+0	8.317800E-5	NaN	8.317800E-4	5.169171E-1	1.451986E+1
1.537699E+3	4.241100E+2	2.733725E+1	5.296958E+0	8.562600E-5	NaN	8.562600E-4	5.148433E-1	1.444788E+1
1.541585E+3	4.244800E+2	2.731342E+1	5.196285E+0	8.660400E-5	NaN	8.660400E-4	5.142268E-1	1.441758E+1
1.545369E+3	4.248400E+2	2.729027E+1	5.153448E+0	8.754600E-5	NaN	8.754600E-4	5.136167E-1	1.438730E+1
1.549366E+3	4.251900E+2	2.726781E+1	5.151748E+0	8.853200E-5	NaN	8.853200E-4	5.130687E-1	1.435854E+1
1.553309E+3	4.255300E+2	2.724602E+1	5.152933E+0	8.949100E-5	NaN	8.949100E-4	5.123838E-1	1.432604E+1
1.557365E+3	4.258500E+2	2.722555E+1	5.155945E+0	9.043000E-5	NaN	9.043000E-4	5.105705E-1	1.426341E+1
1.561530E+3	4.261600E+2	2.720574E+1	5.130743E+0	9.138900E-5	NaN	9.138900E-4	5.099447E-1	1.423393E+1
1.565412E+3	4.264600E+2	2.718661E+1	5.076329E+0	9.220800E-5	NaN	9.220800E-4	5.094510E-1	1.420816E+1
1.569303E+3	4.267600E+2	2.716749E+1	5.012831E+0	9.306400E-5	NaN	9.306400E-4	5.087633E-1	1.417733E+1
1.573191E+3	4.270700E+2	2.714777E+1	4.930253E+0	9.392400E-5	NaN	9.392400E-4	5.080413E-1	1.414582E+1
1.577078E+3	4.273200E+2	2.713189E+1	4.776598E+0	9.480100E-5	NaN	9.480100E-4	5.074993E-1	1.411924E+1
1.580660E+3	4.276600E+2	2.711032E+1	4.546994E+0	9.563600E-5	NaN	9.563600E-4	5.069990E-1	1.409417E+1
1.584583E+3	4.280100E+2	2.708815E+1	4.854015E+0	9.658900E-5	NaN	9.658900E-4	5.062762E-1	1.406300E+1
1.588339E+3	4.282700E+2	2.707171E+1	4.797436E+0	9.752400E-5	NaN	9.752400E-4	5.056681E-1	1.403479E+1
1.592050E+3	4.286200E+2	2.704960E+1	4.741737E+0	9.847600E-5	NaN	9.847600E-4	5.051015E-1	1.400799E+1
1.596040E+3	4.289700E+2	2.702753E+1	4.750827E+0	9.950600E-5	NaN	9.950600E-4	5.045669E-1	1.398183E+1
1.600336E+3	4.298400E+2	2.697283E+1	4.795622E+0	1.006210E-4	NaN	1.006210E-3	5.039475E-1	1.395326E+1
1.609902E+3	4.301700E+2	2.695214E+1	5.173794E+0	1.030890E-4	NaN	1.030890E-3	5.021526E-1	1.389075E+1
1.613687E+3	4.304800E+2	2.693273E+1	5.188290E+0	1.040230E-4	NaN	1.040230E-3	5.003409E-1	1.382936E+1
1.617632E+3	4.307900E+2	2.691335E+1	5.183828E+0	1.049890E-4	NaN	1.049890E-3	4.995719E-1	1.379684E+1
1.621542E+3	4.310300E+2	2.689836E+1	5.162189E+0	1.059350E-4	NaN	1.059350E-3	4.989412E-1	1.376813E+1
1.625296E+3	4.313500E+2	2.687841E+1	5.090440E+0	1.068510E-4	NaN	1.068510E-3	4.983183E-1	1.374004E+1
1.628970E+3	4.316900E+2	2.685724E+1	5.029715E+0	1.077800E-4	NaN	1.077800E-3	4.977729E-1	1.371397E+1
1.632741E+3	4.319300E+2	2.684231E+1	4.953644E+0	1.087280E-4	NaN	1.087280E-3	4.970544E-1	1.368321E+1
1.636411E+3	4.322700E+2	2.682120E+1	4.860415E+0	1.097490E-4	NaN	1.097490E-3	4.963993E-1	1.365452E+1
1.640188E+3	4.326200E+2	2.679950E+1	4.797246E+0	1.107610E-4	NaN	1.107610E-3	4.958147E-1	1.362758E+1
1.644303E+3	4.329800E+2	2.677722E+1	4.713611E+0	1.119020E-4	NaN	1.119020E-3	4.950592E-1	1.359600E+1
1.648124E+3	4.333500E+2	2.675436E+1	4.646998E+0	1.130290E-4	NaN	1.130290E-3	4.943846E-1	1.356641E+1
1.652051E+3	4.337400E+2	2.673030E+1	4.602562E+0	1.141860E-4	NaN	1.141860E-3	4.935730E-1	1.353303E+1
1.656062E+3	4.341100E+2	2.670752E+1	5.028070E+0	1.154080E-4	NaN	1.154080E-3	4.927995E-1	1.350034E+1
1.659971E+3	4.344600E+2	2.668600E+1	5.155627E+0	1.165890E-4	NaN	1.165890E-3	4.919831E-1	1.346640E+1
1.663834E+3	4.351000E+2	2.664675E+1	5.282495E+0	1.177150E-4	NaN	1.177150E-3	4.910554E-1	1.342942E+1
1.672715E+3	4.354000E+2	2.662839E+1	5.572133E+0	1.201220E-4	NaN	1.201220E-3	4.885554E-1	1.334973E+1
1.676333E+3	4.357200E+2	2.660883E+1	5.433630E+0	1.210400E-4	NaN	1.210400E-3	4.879276E-1	1.332145E+1
1.680047E+3	4.359400E+2	2.659540E+1	5.333232E+0	1.220120E-4	NaN	1.220120E-3	4.870753E-1	1.328722E+1
1.683833E+3	4.362500E+2	2.657650E+1	5.210751E+0	1.229850E-4	NaN	1.229850E-3	4.865260E-1	1.326141E+1
1.687618E+3	4.365700E+2	2.655702E+1	5.057833E+0	1.239850E-4	NaN	1.239850E-3	4.858518E-1	1.323238E+1
1.691182E+3	4.369100E+2	2.653636E+1	4.928470E+0	1.249330E-4	NaN	1.249330E-3	4.850412E-1	1.319978E+1
1.695036E+3	4.371700E+2	2.652058E+1	4.837404E+0	1.260710E-4	NaN	1.260710E-3	4.840763E-1	1.316301E+1
1.698736E+3	4.375300E+2	2.649875E+1	4.719621E+0	1.271890E-4	NaN	1.271890E-3	4.834018E-1	1.313414E+1
1.702775E+3	4.379000E+2	2.647636E+1	4.653103E+0	1.284360E-4	NaN	1.284360E-3	4.826237E-1	1.310236E+1
1.706954E+3	4.382500E+2	2.645522E+1	4.640413E+0	1.297810E-4	NaN	1.297810E-3	4.817510E-1	1.306794E+1
1.711453E+3	4.385900E+2	2.643471E+1	4.657599E+0	1.312180E-4	NaN	1.312180E-3	4.811224E-1	1.303985E+1
1.715426E+3	4.395600E+2	2.637638E+1	4.685658E+0	1.324180E-4	NaN	1.324180E-3	4.805385E-1	1.301296E+1
1.726838E+3	4.398800E+2	2.635719E+1	5.390171E+0	1.357930E-4	NaN	1.357930E-3	4.785228E-1	1.294568E+1
1.730726E+3	4.402000E+2	2.633803E+1	5.283464E+0	1.369260E-4	NaN	1.369260E-3	4.776248E-1	1.290929E+1
1.734650E+3	4.405200E+2	2.631890E+1	5.224074E+0	1.380590E-4	NaN	1.380590E-3	4.757220E-1	1.284698E+1
1.738362E+3	4.407700E+2	2.630397E+1	5.137925E+0	1.391630E-4	NaN	1.391630E-3	4.748463E-1	1.281240E+1
1.742322E+3	4.411000E+2	2.628429E+1	5.033625E+0	1.403810E-4	NaN	1.403810E-3	4.740187E-1	1.277948E+1
1.746292E+3	4.414400E+2	2.626404E+1	4.943125E+0	1.415470E-4	NaN	1.415470E-3	4.733408E-1	1.275051E+1
1.750045E+3	4.418000E+2	2.624264E+1	4.882378E+0	1.427600E-4	NaN	1.427600E-3	4.725851E-1	1.271949E+1
1.753744E+3	4.420700E+2	2.622662E+1	4.812075E+0	1.439690E-4	NaN	1.439690E-3	4.717382E-1	1.268604E+1
1.757518E+3	4.424300E+2	2.620528E+1	4.739828E+0	1.452240E-4	NaN	1.452240E-3	4.710233E-1	1.265632E+1
1.761294E+3	4.427800E+2	2.618456E+1	4.698214E+0	1.465190E-4	NaN	1.465190E-3	4.702477E-1	1.262494E+1
1.765401E+3	4.431400E+2	2.616329E+1	4.664143E+0	1.479740E-4	NaN	1.479740E-3	4.694837E-1	1.259384E+1
1.769066E+3	4.435000E+2	2.614205E+1	4.601192E+0	1.492900E-4	NaN	1.492900E-3	4.687571E-1	1.256374E+1
1.772695E+3	4.437600E+2	2.612674E+1	5.123362E+0	1.505570E-4	NaN	1.505570E-3	4.679092E-1	1.253036E+1
1.776510E+3	4.441100E+2	2.610614E+1	5.171818E+0	1.518780E-4	NaN	1.518780E-3	4.671691E-1	1.250004E+1
1.780344E+3	4.448200E+2	2.606448E+1	5.230631E+0	1.531610E-4	NaN	1.531610E-3	4.665559E-1	1.247283E+1
1.789558E+3	4.451300E+2	2.604632E+1	5.510140E+0	1.561100E-4	NaN	1.561100E-3	4.650892E-1	1.242195E+1
1.793195E+3	4.454500E+2	2.602761E+1	5.367242E+0	1.572330E-4	NaN	1.572330E-3	4.629505E-1	1.235517E+1
1.797250E+3	4.457800E+2	2.600834E+1	5.256431E+0	1.585830E-4	NaN	1.585830E-3	4.622457E-1	1.232637E+1
1.801151E+3	4.460200E+2	2.599435E+1	5.152590E+0	1.598050E-4	NaN	1.598050E-3	4.615375E-1	1.229766E+1
1.804982E+3	4.463500E+2	2.597513E+1	5.034329E+0	1.611070E-4	NaN	1.611070E-3	4.609267E-1	1.227188E+1
1.808675E+3	4.466900E+2	2.595536E+1	4.912574E+0	1.623900E-4	NaN	1.623900E-3	4.603151E-1	1.224618E+1
1.812743E+3	4.470400E+2	2.593504E+1	4.834134E+0	1.638300E-4	NaN	1.638300E-3	4.596652E-1	1.221952E+1
1.816561E+3	4.473800E+2	2.591533E+1	4.779583E+0	1.651190E-4	NaN	1.651190E-3	4.590484E-1	1.219373E+1
1.820503E+3	4.477200E+2	2.589565E+1	4.745504E+0	1.665670E-4	NaN	1.665670E-3	4.584485E-1	1.216837E+1
1.824451E+3	4.479900E+2	2.588004E+1	4.747392E+0	1.679910E-4	NaN	1.679910E-3	4.578360E-1	1.214266E+1
1.828200E+3	4.483200E+2	2.586099E+1	4.692550E+0	1.693510E-4	NaN	1.693510E-3	4.573583E-1	1.212063E+1
1.831954E+3	4.486500E+2	2.584197E+1	4.666414E+0	1.707010E-4	NaN	1.707010E-3	4.568387E-1	1.209746E+1
1.835964E+3	4.489800E+2	2.582298E+1	4.982368E+0	1.719550E-4	NaN	1.719550E-3	4.564159E-1	1.207668E+1
1.839901E+3	4.493000E+2	2.580458E+1	4.999243E+0	1.735100E-4	NaN	1.735100E-3	4.558052E-1	1.205094E+1
1.843694E+3	4.500400E+2	2.576215E+1	5.025269E+0	1.747820E-4	NaN	1.747820E-3	4.552189E-1	1.202592E+1
1.853075E+3	4.503600E+2	2.574385E+1	5.302356E+0	1.781630E-4	NaN	1.781630E-3	4.538742E-1	1.197981E+1
1.856852E+3	4.506900E+2	2.572500E+1	5.170809E+0	1.794920E-4	NaN	1.794920E-3	4.533510E-1	1.195570E+1
1.860860E+3	4.510200E+2	2.570618E+1	5.080720E+0	1.810180E-4	NaN	1.810180E-3	4.527697E-1	1.193008E+1
1.866934E+3	4.518000E+2	2.566180E+1	5.018212E+0	1.833030E-4	NaN	1.833030E-3	4.511267E-1	1.187781E+1
1.873886E+3	4.521500E+2	2.564193E+1	5.115815E+0	1.860330E-4	NaN	1.860330E-3	4.500206E-1	1.183866E+1
1.878610E+3	4.526600E+2	2.561304E+1	5.071633E+0	1.879010E-4	NaN	1.879010E-3	4.494128E-1	1.181282E+1
1.884009E+3	4.530100E+2	2.559325E+1	5.097448E+0	1.901910E-4	NaN	1.901910E-3	4.486085E-1	1.178155E+1
1.888337E+3	4.533400E+2	2.557462E+1	5.040416E+0	1.919170E-4	NaN	1.919170E-3	4.482402E-1	1.176170E+1
1.892315E+3	4.536900E+2	2.555489E+1	4.979915E+0	1.935260E-4	NaN	1.935260E-3	4.478995E-1	1.174270E+1
1.896385E+3	4.540200E+2	2.553632E+1	4.936019E+0	1.951250E-4	NaN	1.951250E-3	4.474523E-1	1.172101E+1
1.900370E+3	4.543400E+2	2.551833E+1	4.882371E+0	1.966540E-4	NaN	1.966540E-3	4.471559E-1	1.170316E+1
1.905320E+3	4.551400E+2	2.547348E+1	4.809625E+0	1.986660E-4	NaN	1.986660E-3	4.468315E-1	1.168468E+1
1.914373E+3	4.554700E+2	2.545502E+1	5.162934E+0	2.021980E-4	NaN	2.021980E-3	4.456781E-1	1.164366E+1
1.918339E+3	4.557900E+2	2.543715E+1	5.050457E+0	2.037470E-4	NaN	2.037470E-3	4.453159E-1	1.162370E+1
1.922222E+3	4.561000E+2	2.541986E+1	4.949219E+0	2.052820E-4	NaN	2.052820E-3	4.449099E-1	1.160282E+1
1.926161E+3	4.563400E+2	2.540650E+1	4.837038E+0	2.068640E-4	NaN	2.068640E-3	4.444424E-1	1.158059E+1
1.929901E+3	4.566600E+2	2.538869E+1	4.844731E+0	2.083150E-4	NaN	2.083150E-3	4.441398E-1	1.156299E+1
1.933750E+3	4.568900E+2	2.537591E+1	4.760677E+0	2.098460E-4	NaN	2.098460E-3	4.438012E-1	1.154457E+1
1.937250E+3	4.572200E+2	2.535760E+1	4.711256E+0	2.110900E-4	NaN	2.110900E-3	4.429815E-1	1.151457E+1
1.940927E+3	4.575400E+2	2.533986E+1	4.652113E+0	2.125300E-4	NaN	2.125300E-3	4.428924E-1	1.150336E+1
1.944508E+3	4.577600E+2	2.532768E+1	4.593981E+0	2.139200E-4	NaN	2.139200E-3	4.426405E-1	1.148798E+1
1.947861E+3	4.579800E+2	2.531552E+1	4.514732E+0	2.152000E-4	NaN	2.152000E-3	4.426284E-1	1.147881E+1
1.951203E+3	4.582800E+2	2.529894E+1	4.406923E+0	2.165400E-4	NaN	2.165400E-3	4.426238E-1	1.146997E+1
1.954542E+3	4.589400E+2	2.526256E+1	4.302030E+0	2.177800E-4	NaN	2.177800E-3	4.424910E-1	1.145781E+1
1.963480E+3	4.591700E+2	2.524991E+1	4.800874E+0	2.211800E-4	NaN	2.211800E-3	4.414515E-1	1.142156E+1
1.966821E+3	4.593800E+2	2.523836E+1	4.706469E+0	2.224200E-4	NaN	2.224200E-3	4.413356E-1	1.140937E+1
1.970070E+3	4.596600E+2	2.522299E+1	4.617251E+0	2.236000E-4	NaN	2.236000E-3	4.411853E-1	1.139651E+1
1.973517E+3	4.598800E+2	2.521092E+1	4.578897E+0	2.248400E-4	NaN	2.248400E-3	4.409052E-1	1.138038E+1
1.977036E+3	4.600800E+2	2.519997E+1	4.490492E+0	2.261400E-4	NaN	2.261400E-3	4.407235E-1	1.136691E+1
1.980426E+3	4.603600E+2	2.518464E+1	4.396925E+0	2.273500E-4	NaN	2.273500E-3	4.407708E-1	1.135944E+1
1.983988E+3	4.605600E+2	2.517370E+1	4.293511E+0	2.285900E-4	NaN	2.285900E-3	4.393817E-1	1.131635E+1
1.987448E+3	4.608200E+2	2.515950E+1	4.197179E+0	2.298700E-4	NaN	2.298700E-3	4.393296E-1	1.130762E+1
1.990749E+3	4.610100E+2	2.514913E+1	4.141512E+0	2.310400E-4	NaN	2.310400E-3	4.392182E-1	1.129740E+1
1.994083E+3	4.612100E+2	2.513822E+1	4.034882E+0	2.322000E-4	NaN	2.322000E-3	4.391281E-1	1.128786E+1
1.997619E+3	4.614600E+2	2.512460E+1	3.880654E+0	2.334300E-4	NaN	2.334300E-3	4.391662E-1	1.128156E+1
2.001022E+3	4.616500E+2	2.511426E+1	3.751372E+0	2.346400E-4	NaN	2.346400E-3	4.391614E-1	1.127416E+1
2.004299E+3	4.618400E+2	2.510393E+1	3.977746E+0	2.357200E-4	NaN	2.357200E-3	4.391504E-1	1.126672E+1
2.007785E+3	4.620800E+2	2.509089E+1	3.915001E+0	2.369600E-4	NaN	2.369600E-3	4.390662E-1	1.125754E+1
2.011255E+3	4.622600E+2	2.508112E+1	3.853330E+0	2.381100E-4	NaN	2.381100E-3	4.390645E-1	1.125034E+1
2.014725E+3	4.627900E+2	2.505240E+1	3.810809E+0	2.392500E-4	NaN	2.392500E-3	4.390411E-1	1.124270E+1
2.023686E+3	4.630300E+2	2.503941E+1	3.980664E+0	2.422000E-4	NaN	2.422000E-3	4.384150E-1	1.121919E+1
2.027079E+3	4.632100E+2	2.502968E+1	3.851242E+0	2.433200E-4	NaN	2.433200E-3	4.383311E-1	1.120968E+1
2.030479E+3	4.633700E+2	2.502104E+1	3.769942E+0	2.444200E-4	NaN	2.444200E-3	4.382280E-1	1.119981E+1
2.033948E+3	4.636000E+2	2.500863E+1	3.662850E+0	2.455600E-4	NaN	2.455600E-3	4.383389E-1	1.119531E+1
2.037521E+3	4.637700E+2	2.499946E+1	3.610980E+0	2.467500E-4	NaN	2.467500E-3	4.383664E-1	1.118866E+1
2.040967E+3	4.639800E+2	2.498815E+1	3.535014E+0	2.478400E-4	NaN	2.478400E-3	4.375100E-1	1.116034E+1
2.044356E+3	4.641500E+2	2.497899E+1	3.467365E+0	2.488400E-4	NaN	2.488400E-3	4.376367E-1	1.115690E+1
2.047870E+3	4.643600E+2	2.496770E+1	3.408825E+0	2.499200E-4	NaN	2.499200E-3	4.376705E-1	1.115115E+1
2.051239E+3	4.645300E+2	2.495856E+1	3.347876E+0	2.509600E-4	NaN	2.509600E-3	4.376698E-1	1.114449E+1
2.054813E+3	4.646800E+2	2.495050E+1	3.266409E+0	2.521100E-4	NaN	2.521100E-3	4.378464E-1	1.114217E+1
2.058208E+3	4.648900E+2	2.493923E+1	3.171781E+0	2.532300E-4	NaN	2.532300E-3	4.380878E-1	1.114152E+1
2.061661E+3	4.650400E+2	2.493119E+1	3.060729E+0	2.543000E-4	NaN	2.543000E-3	4.382245E-1	1.113816E+1
2.065149E+3	4.652400E+2	2.492047E+1	3.214389E+0	2.553300E-4	NaN	2.553300E-3	4.384177E-1	1.113626E+1
2.068563E+3	4.653900E+2	2.491244E+1	3.199954E+0	2.563500E-4	NaN	2.563500E-3	4.384766E-1	1.113088E+1
2.071980E+3	4.655900E+2	2.490174E+1	3.163582E+0	2.573100E-4	NaN	2.573100E-3	4.385901E-1	1.112687E+1
2.075428E+3	4.660300E+2	2.487823E+1	3.125902E+0	2.583000E-4	NaN	2.583000E-3	4.388363E-1	1.112593E+1
2.084541E+3	4.661700E+2	2.487076E+1	3.294045E+0	2.609600E-4	NaN	2.609600E-3	4.385003E-1	1.110967E+1
2.088108E+3	4.663500E+2	2.486116E+1	3.168631E+0	2.619700E-4	NaN	2.619700E-3	4.387545E-1	1.110839E+1
2.091560E+3	4.664900E+2	2.485369E+1	3.091934E+0	2.629000E-4	NaN	2.629000E-3	4.388640E-1	1.110328E+1
2.095091E+3	4.666700E+2	2.484411E+1	3.008207E+0	2.638800E-4	NaN	2.638800E-3	4.391417E-1	1.110222E+1
2.098641E+3	4.668100E+2	2.483666E+1	2.958853E+0	2.648400E-4	NaN	2.648400E-3	4.378250E-1	1.106184E+1
2.102189E+3	4.669500E+2	2.482921E+1	2.898461E+0	2.658000E-4	NaN	2.658000E-3	4.380002E-1	1.105885E+1
2.105622E+3	4.671300E+2	2.481964E+1	2.811744E+0	2.666500E-4	NaN	2.666500E-3	4.381052E-1	1.105399E+1
2.108879E+3	4.672600E+2	2.481274E+1	2.761503E+0	2.675800E-4	NaN	2.675800E-3	4.381498E-1	1.104740E+1
2.112139E+3	4.673900E+2	2.480584E+1	2.687408E+0	2.684700E-4	NaN	2.684700E-3	4.372194E-1	1.101732E+1
2.115553E+3	4.675700E+2	2.479629E+1	2.617308E+0	2.693800E-4	NaN	2.693800E-3	4.371614E-1	1.100915E+1
2.119119E+3	4.677000E+2	2.478939E+1	2.543347E+0	2.703400E-4	NaN	2.703400E-3	4.366100E-1	1.098892E+1
2.122479E+3	4.678200E+2	2.478304E+1	2.464046E+0	2.712500E-4	NaN	2.712500E-3	4.366121E-1	1.098263E+1
2.125813E+3	4.680000E+2	2.477350E+1	2.622252E+0	2.721300E-4	NaN	2.721300E-3	4.368185E-1	1.098149E+1
2.129252E+3	4.681200E+2	2.476715E+1	2.609909E+0	2.730300E-4	NaN	2.730300E-3	4.368888E-1	1.097689E+1
2.132549E+3	4.682800E+2	2.475869E+1	2.593295E+0	2.737900E-4	NaN	2.737900E-3	4.370449E-1	1.097448E+1
2.135988E+3	4.686400E+2	2.473967E+1	2.581882E+0	2.745300E-4	NaN	2.745300E-3	4.370954E-1	1.096933E+1
2.145475E+3	4.687600E+2	2.473334E+1	2.734470E+0	2.770000E-4	NaN	2.770000E-3	4.349196E-1	1.090920E+1
2.148956E+3	4.689200E+2	2.472490E+1	2.628196E+0	2.778500E-4	NaN	2.778500E-3	4.349914E-1	1.090554E+1
2.152285E+3	4.690400E+2	2.471857E+1	2.553417E+0	2.786700E-4	NaN	2.786700E-3	4.349625E-1	1.089942E+1
2.155845E+3	4.691900E+2	2.471067E+1	2.501572E+0	2.795200E-4	NaN	2.795200E-3	4.349527E-1	1.089391E+1
2.159275E+3	4.693000E+2	2.470488E+1	2.457211E+0	2.802800E-4	NaN	2.802800E-3	4.352106E-1	1.089498E+1
2.162798E+3	4.694500E+2	2.469699E+1	2.397101E+0	2.812200E-4	NaN	2.812200E-3	4.353804E-1	1.089401E+1
2.166253E+3	4.695600E+2	2.469120E+1	2.367539E+0	2.818600E-4	NaN	2.818600E-3	4.358677E-1	1.090084E+1
2.169743E+3	4.696700E+2	2.468542E+1	2.316628E+0	2.827900E-4	NaN	2.827900E-3	4.359826E-1	1.089855E+1
2.173176E+3	4.698200E+2	2.467754E+1	2.240916E+0	2.835700E-4	NaN	2.835700E-3	4.360425E-1	1.089505E+1
2.176625E+3	4.699300E+2	2.467176E+1	2.199302E+0	2.843700E-4	NaN	2.843700E-3	4.362375E-1	1.089479E+1
2.180108E+3	4.700300E+2	2.466651E+1	2.128817E+0	2.851900E-4	NaN	2.851900E-3	4.366221E-1	1.089919E+1
2.183429E+3	4.700300E+2	2.466651E+1	2.049625E+0	2.859200E-4	NaN	2.859200E-3	4.369193E-1	1.090152E+1
