7/25/2024
5:28 PM
slow cool up 460_2024.07.25_COND_FILE END.txt

Data taken by: Akshat Sharma
ammeter is Keithley 6517A at GPIB0::27::INSTR
voltage source is Keithley 6517A at GPIB0::27::INSTR
temperature controller is Lake Shore 330 at GPIB0::12::INSTR with the settings: control sensor=A;sample sensor=;loop=1
Readings: 1
Voltage (V): 100
Geo Factor: 1000
Ea Window (pts): 5
Shut off V when done?: TRUE
Mconnect?: TRUE
Use Abs(Cond)?: TRUE
Rate (K/min): 5
Heater: High
DESCRIPTION
********************
Time (s)	Temperature (K)	1/kT (1/eV)	Rate (K/min)	Current (A)	Current Std Dev/Mean	Conductivity (Ohm-cm)^-1	Ea (eV)	Reduced Ea	
3.679100E+1	2.961500E+2	3.914908E+1	5.083796E-1	2.233400E-7	NaN	2.233400E-6	NaN	NaN
4.361800E+1	2.965000E+2	3.910287E+1	8.380359E-1	2.272900E-7	NaN	2.272900E-6	NaN	NaN
4.717400E+1	2.967000E+2	3.907651E+1	1.010142E+0	2.301500E-7	NaN	2.301500E-6	NaN	NaN
5.052100E+1	2.970000E+2	3.903704E+1	1.185499E+0	2.333600E-7	NaN	2.333600E-6	NaN	NaN
5.414500E+1	2.973200E+2	3.899502E+1	1.565636E+0	2.373400E-7	NaN	2.373400E-6	NaN	NaN
5.780700E+1	2.975900E+2	3.895964E+1	1.985200E+0	2.419100E-7	NaN	2.419100E-6	NaN	NaN
6.172200E+1	2.979700E+2	3.890996E+1	2.438511E+0	2.473800E-7	NaN	2.473800E-6	NaN	NaN
6.527400E+1	2.985400E+2	3.883567E+1	2.967934E+0	2.527900E-7	NaN	2.527900E-6	NaN	NaN
7.157200E+1	2.989200E+2	3.878630E+1	3.699303E+0	2.631000E-7	NaN	2.631000E-6	NaN	NaN
7.538400E+1	2.993000E+2	3.873705E+1	4.500452E+0	2.696200E-7	NaN	2.696200E-6	NaN	NaN
7.896700E+1	2.995800E+2	3.870085E+1	4.865892E+0	2.759500E-7	NaN	2.759500E-6	NaN	NaN
8.263000E+1	2.999500E+2	3.865311E+1	5.112039E+0	2.826100E-7	NaN	2.826100E-6	NaN	NaN
8.661100E+1	3.002200E+2	3.861835E+1	5.306395E+0	2.896900E-7	NaN	2.896900E-6	NaN	NaN
8.996300E+1	3.005700E+2	3.857338E+1	5.394550E+0	2.958200E-7	NaN	2.958200E-6	NaN	NaN
9.347000E+1	3.009200E+2	3.852851E+1	5.447654E+0	3.022500E-7	NaN	3.022500E-6	NaN	NaN
9.728000E+1	3.011700E+2	3.849653E+1	5.452212E+0	3.092300E-7	NaN	3.092300E-6	NaN	NaN
1.008850E+2	3.015100E+2	3.845312E+1	5.399000E+0	3.158300E-7	NaN	3.158300E-6	NaN	NaN
1.045610E+2	3.018400E+2	3.841108E+1	5.352205E+0	3.225800E-7	NaN	3.225800E-6	NaN	NaN
1.086710E+2	3.026900E+2	3.830321E+1	5.258911E+0	3.302300E-7	NaN	3.302300E-6	NaN	NaN
1.192350E+2	3.030300E+2	3.826024E+1	5.467272E+0	3.505300E-7	NaN	3.505300E-6	NaN	NaN
1.229670E+2	3.033700E+2	3.821736E+1	5.408801E+0	3.579600E-7	NaN	3.579600E-6	NaN	NaN
1.266200E+2	3.036300E+2	3.818463E+1	5.286378E+0	3.655600E-7	NaN	3.655600E-6	4.876765E-1	1.891127E+1
1.301470E+2	3.039800E+2	3.814067E+1	5.184542E+0	3.730900E-7	NaN	3.730900E-6	4.919046E-1	1.906488E+1
1.337550E+2	3.042600E+2	3.810557E+1	5.112778E+0	3.811500E-7	NaN	3.811500E-6	4.950018E-1	1.917453E+1
1.372290E+2	3.046100E+2	3.806178E+1	5.060626E+0	3.890000E-7	NaN	3.890000E-6	4.980328E-1	1.928217E+1
1.409410E+2	3.049700E+2	3.801685E+1	5.002290E+0	3.976300E-7	NaN	3.976300E-6	5.002729E-1	1.935895E+1
1.446310E+2	3.052300E+2	3.798447E+1	4.989471E+0	4.063600E-7	NaN	4.063600E-6	5.020246E-1	1.941662E+1
1.480540E+2	3.055800E+2	3.794096E+1	4.972587E+0	4.145300E-7	NaN	4.145300E-6	5.041003E-1	1.948744E+1
1.516790E+2	3.058400E+2	3.790871E+1	4.935684E+0	4.234600E-7	NaN	4.234600E-6	5.055926E-1	1.953542E+1
1.551810E+2	3.060900E+2	3.787775E+1	4.877222E+0	4.321700E-7	NaN	4.321700E-6	5.073517E-1	1.959419E+1
1.584940E+2	3.064600E+2	3.783202E+1	4.784396E+0	4.403100E-7	NaN	4.403100E-6	5.092750E-1	1.965970E+1
1.619590E+2	3.067100E+2	3.780118E+1	5.216464E+0	4.493000E-7	NaN	4.493000E-6	5.104843E-1	1.969710E+1
1.655590E+2	3.070600E+2	3.775809E+1	5.195753E+0	4.585900E-7	NaN	4.585900E-6	5.118980E-1	1.974278E+1
1.690400E+2	3.073100E+2	3.772738E+1	5.214801E+0	4.676600E-7	NaN	4.676600E-6	5.129830E-1	1.977544E+1
1.725620E+2	3.076500E+2	3.768568E+1	5.156618E+0	4.770500E-7	NaN	4.770500E-6	5.142122E-1	1.981399E+1
1.760570E+2	3.079200E+2	3.765264E+1	5.154644E+0	4.866600E-7	NaN	4.866600E-6	5.151632E-1	1.984153E+1
1.796700E+2	3.082800E+2	3.760867E+1	5.106214E+0	4.967700E-7	NaN	4.967700E-6	5.161953E-1	1.987238E+1
1.833170E+2	3.086200E+2	3.756723E+1	5.127562E+0	5.068100E-7	NaN	5.068100E-6	5.169551E-1	1.989236E+1
1.869830E+2	3.088900E+2	3.753440E+1	5.196221E+0	5.174500E-7	NaN	5.174500E-6	5.175291E-1	1.990497E+1
1.904420E+2	3.091500E+2	3.750283E+1	5.189056E+0	5.276300E-7	NaN	5.276300E-6	5.182687E-1	1.992419E+1
1.938370E+2	3.100100E+2	3.739879E+1	5.198101E+0	5.377600E-7	NaN	5.377600E-6	5.191047E-1	1.994734E+1
2.037380E+2	3.102900E+2	3.736505E+1	5.545919E+0	5.684100E-7	NaN	5.684100E-6	5.177528E-1	1.988301E+1
2.069770E+2	3.106400E+2	3.732295E+1	5.368264E+0	5.790100E-7	NaN	5.790100E-6	5.187761E-1	1.991119E+1
2.104440E+2	3.109000E+2	3.729173E+1	5.332781E+0	5.903000E-7	NaN	5.903000E-6	5.194910E-1	1.992746E+1
2.141390E+2	3.112400E+2	3.725100E+1	5.254529E+0	6.024300E-7	NaN	6.024300E-6	5.202809E-1	1.994707E+1
2.175590E+2	3.115000E+2	3.721990E+1	5.219702E+0	6.141500E-7	NaN	6.141500E-6	5.209387E-1	1.996159E+1
2.210580E+2	3.118500E+2	3.717813E+1	5.142199E+0	6.262100E-7	NaN	6.262100E-6	5.216683E-1	1.997925E+1
2.246200E+2	3.121300E+2	3.714478E+1	5.111447E+0	6.385500E-7	NaN	6.385500E-6	5.222117E-1	1.998965E+1
2.283090E+2	3.124900E+2	3.710199E+1	5.044671E+0	6.519100E-7	NaN	6.519100E-6	5.227896E-1	2.000162E+1
2.320980E+2	3.128500E+2	3.705929E+1	5.022605E+0	6.658900E-7	NaN	6.658900E-6	5.232380E-1	2.000845E+1
2.358100E+2	3.132200E+2	3.701552E+1	5.029610E+0	6.800700E-7	NaN	6.800700E-6	5.235954E-1	2.001167E+1
2.394110E+2	3.134900E+2	3.698364E+1	5.025943E+0	6.941300E-7	NaN	6.941300E-6	5.238434E-1	2.001054E+1
2.429630E+2	3.138500E+2	3.694121E+1	4.947354E+0	7.080800E-7	NaN	7.080800E-6	5.249704E-1	2.003865E+1
2.466660E+2	3.141400E+2	3.690711E+1	5.398605E+0	7.232500E-7	NaN	7.232500E-6	5.260194E-1	2.006296E+1
2.502500E+2	3.145000E+2	3.686486E+1	5.382412E+0	7.380600E-7	NaN	7.380600E-6	5.272220E-1	2.009258E+1
2.539000E+2	3.148600E+2	3.682271E+1	5.435199E+0	7.533400E-7	NaN	7.533400E-6	5.283808E-1	2.011951E+1
2.576790E+2	3.151200E+2	3.679233E+1	5.473048E+0	7.691900E-7	NaN	7.691900E-6	5.294976E-1	2.014378E+1
2.613420E+2	3.154600E+2	3.675268E+1	5.459372E+0	7.850700E-7	NaN	7.850700E-6	5.306236E-1	2.016810E+1
2.650840E+2	3.157300E+2	3.672125E+1	5.421761E+0	8.015500E-7	NaN	8.015500E-6	5.318089E-1	2.019364E+1
2.685370E+2	3.160800E+2	3.668059E+1	5.365846E+0	8.166200E-7	NaN	8.166200E-6	5.330305E-1	2.022010E+1
2.720420E+2	3.163400E+2	3.665044E+1	5.313843E+0	8.320500E-7	NaN	8.320500E-6	5.340506E-1	2.023795E+1
2.756570E+2	3.166800E+2	3.661109E+1	5.247776E+0	8.482500E-7	NaN	8.482500E-6	5.350107E-1	2.025320E+1
2.790140E+2	3.169400E+2	3.658106E+1	5.214931E+0	8.637800E-7	NaN	8.637800E-6	5.358626E-1	2.026344E+1
2.826520E+2	3.178100E+2	3.648092E+1	5.192534E+0	8.807400E-7	NaN	8.807400E-6	5.367698E-1	2.027531E+1
2.924800E+2	3.180700E+2	3.645110E+1	5.491830E+0	9.279400E-7	NaN	9.279400E-6	5.360461E-1	2.022260E+1
2.958730E+2	3.184300E+2	3.640989E+1	5.347429E+0	9.450300E-7	NaN	9.450300E-6	5.365711E-1	2.021803E+1
2.992500E+2	3.187000E+2	3.637904E+1	5.267268E+0	9.618500E-7	NaN	9.618500E-6	5.369570E-1	2.020764E+1
3.027340E+2	3.190400E+2	3.634027E+1	5.214341E+0	9.799200E-7	NaN	9.799200E-6	5.372085E-1	2.019271E+1
3.060970E+2	3.193100E+2	3.630954E+1	5.218341E+0	9.977900E-7	NaN	9.977900E-6	5.365894E-1	2.014648E+1
3.096580E+2	3.196600E+2	3.626979E+1	5.177060E+0	1.016770E-6	NaN	1.016770E-5	5.365864E-1	2.012374E+1
3.132020E+2	3.199100E+2	3.624144E+1	5.171338E+0	1.035810E-6	NaN	1.035810E-5	5.363965E-1	2.009419E+1
3.166170E+2	3.202600E+2	3.620184E+1	5.102467E+0	1.054720E-6	NaN	1.054720E-5	5.364942E-1	2.007552E+1
3.202480E+2	3.205400E+2	3.617021E+1	5.087005E+0	1.075000E-6	NaN	1.075000E-5	5.363873E-1	2.004928E+1
3.238870E+2	3.208900E+2	3.613076E+1	5.018724E+0	1.095490E-6	NaN	1.095490E-5	5.366241E-1	2.003573E+1
3.272530E+2	3.211500E+2	3.610151E+1	4.974752E+0	1.114930E-6	NaN	1.114930E-5	5.366362E-1	2.001377E+1
3.307470E+2	3.215000E+2	3.606221E+1	4.865984E+0	1.135610E-6	NaN	1.135610E-5	5.366127E-1	1.999090E+1
3.343710E+2	3.217600E+2	3.603307E+1	5.296052E+0	1.156910E-6	NaN	1.156910E-5	5.367287E-1	1.997254E+1
3.376980E+2	3.220300E+2	3.600286E+1	5.235043E+0	1.177230E-6	NaN	1.177230E-5	5.368743E-1	1.995560E+1
3.411950E+2	3.224000E+2	3.596154E+1	5.206440E+0	1.199490E-6	NaN	1.199490E-5	5.370066E-1	1.993830E+1
3.447570E+2	3.226800E+2	3.593033E+1	5.207095E+0	1.222720E-6	NaN	1.222720E-5	5.355185E-1	1.986365E+1
3.481180E+2	3.230500E+2	3.588918E+1	5.210697E+0	1.245150E-6	NaN	1.245150E-5	5.356466E-1	1.984878E+1
3.515990E+2	3.233200E+2	3.585921E+1	5.249393E+0	1.268730E-6	NaN	1.268730E-5	5.355330E-1	1.982486E+1
3.551010E+2	3.236800E+2	3.581933E+1	5.288273E+0	1.292950E-6	NaN	1.292950E-5	5.356784E-1	1.981051E+1
3.585760E+2	3.239500E+2	3.578947E+1	5.316714E+0	1.317540E-6	NaN	1.317540E-5	5.355908E-1	1.978757E+1
3.619870E+2	3.243100E+2	3.574975E+1	5.350824E+0	1.341970E-6	NaN	1.341970E-5	5.357299E-1	1.977306E+1
3.655450E+2	3.251100E+2	3.566178E+1	5.393711E+0	1.366790E-6	NaN	1.366790E-5	5.356194E-1	1.974933E+1
3.749500E+2	3.253600E+2	3.563437E+1	5.771932E+0	1.435240E-6	NaN	1.435240E-5	5.342024E-1	1.967539E+1
3.784920E+2	3.257000E+2	3.559718E+1	5.608225E+0	1.460780E-6	NaN	1.460780E-5	5.344493E-1	1.966354E+1
3.818330E+2	3.259600E+2	3.556878E+1	5.530636E+0	1.485740E-6	NaN	1.485740E-5	5.344487E-1	1.964277E+1
3.854110E+2	3.263000E+2	3.553172E+1	5.414891E+0	1.512430E-6	NaN	1.512430E-5	5.346883E-1	1.963088E+1
3.888810E+2	3.265500E+2	3.550452E+1	5.312549E+0	1.538570E-6	NaN	1.538570E-5	5.350088E-1	1.962153E+1
3.922700E+2	3.269100E+2	3.546542E+1	5.218301E+0	1.564380E-6	NaN	1.564380E-5	5.351820E-1	1.960743E+1
3.957890E+2	3.271600E+2	3.543832E+1	5.143442E+0	1.591560E-6	NaN	1.591560E-5	5.353373E-1	1.959211E+1
3.992300E+2	3.274200E+2	3.541018E+1	5.075712E+0	1.618800E-6	NaN	1.618800E-5	5.354927E-1	1.957728E+1
4.026090E+2	3.277700E+2	3.537236E+1	4.965418E+0	1.645940E-6	NaN	1.645940E-5	5.358669E-1	1.957029E+1
4.060440E+2	3.280300E+2	3.534433E+1	4.913109E+0	1.674320E-6	NaN	1.674320E-5	5.359827E-1	1.955376E+1
4.097940E+2	3.283700E+2	3.530773E+1	4.806751E+0	1.705860E-6	NaN	1.705860E-5	5.362912E-1	1.954417E+1
4.133560E+2	3.287200E+2	3.527014E+1	4.739955E+0	1.736310E-6	NaN	1.736310E-5	5.364268E-1	1.952831E+1
4.170720E+2	3.289900E+2	3.524119E+1	5.171663E+0	1.768700E-6	NaN	1.768700E-5	5.363584E-1	1.950491E+1
4.207420E+2	3.293400E+2	3.520374E+1	5.150791E+0	1.801020E-6	NaN	1.801020E-5	5.365634E-1	1.949131E+1
4.243060E+2	3.296000E+2	3.517597E+1	5.179533E+0	1.833590E-6	NaN	1.833590E-5	5.368132E-1	1.947869E+1
4.278940E+2	3.299500E+2	3.513866E+1	5.155403E+0	1.866380E-6	NaN	1.866380E-5	5.355101E-1	1.941301E+1
4.316590E+2	3.303000E+2	3.510142E+1	5.184739E+0	1.901610E-6	NaN	1.901610E-5	5.357566E-1	1.940265E+1
4.351730E+2	3.305600E+2	3.507381E+1	5.194743E+0	1.934760E-6	NaN	1.934760E-5	5.357699E-1	1.938392E+1
4.387710E+2	3.308100E+2	3.504731E+1	5.220181E+0	1.969660E-6	NaN	1.969660E-5	5.360108E-1	1.937338E+1
4.420150E+2	3.311800E+2	3.500815E+1	5.172951E+0	2.001250E-6	NaN	2.001250E-5	5.363411E-1	1.936644E+1
4.453060E+2	3.314300E+2	3.498175E+1	5.162453E+0	2.033720E-6	NaN	2.033720E-5	5.365781E-1	1.935551E+1
4.487860E+2	3.322400E+2	3.489646E+1	5.166442E+0	2.068130E-6	NaN	2.068130E-5	5.367672E-1	1.934324E+1
4.574740E+2	3.325000E+2	3.486917E+1	5.469565E+0	2.159300E-6	NaN	2.159300E-5	5.357486E-1	1.928492E+1
4.611010E+2	3.328600E+2	3.483146E+1	5.384424E+0	2.199000E-6	NaN	2.199000E-5	5.359354E-1	1.927106E+1
4.645900E+2	3.331300E+2	3.480323E+1	5.374011E+0	2.238300E-6	NaN	2.238300E-5	5.359544E-1	1.925122E+1
4.682390E+2	3.335100E+2	3.476358E+1	5.314598E+0	2.279500E-6	NaN	2.279500E-5	5.359737E-1	1.923194E+1
4.719530E+2	3.338700E+2	3.472609E+1	5.315993E+0	2.321900E-6	NaN	2.321900E-5	5.360111E-1	1.921281E+1
4.755980E+2	3.341300E+2	3.469907E+1	5.304168E+0	2.364000E-6	NaN	2.364000E-5	5.358406E-1	1.918634E+1
4.792970E+2	3.344700E+2	3.466380E+1	5.273643E+0	2.407000E-6	NaN	2.407000E-5	5.359633E-1	1.917054E+1
4.827520E+2	3.347300E+2	3.463687E+1	5.264558E+0	2.448100E-6	NaN	2.448100E-5	5.359328E-1	1.914941E+1
4.860650E+2	3.349800E+2	3.461102E+1	5.203242E+0	2.486800E-6	NaN	2.486800E-5	5.359088E-1	1.912903E+1
4.894390E+2	3.353200E+2	3.457593E+1	5.073481E+0	2.526300E-6	NaN	2.526300E-5	5.361712E-1	1.911883E+1
4.928050E+2	3.355900E+2	3.454811E+1	5.008532E+0	2.566800E-6	NaN	2.566800E-5	5.362546E-1	1.910219E+1
4.962410E+2	3.359200E+2	3.451417E+1	4.881322E+0	2.607900E-6	NaN	2.607900E-5	5.365718E-1	1.909375E+1
4.997940E+2	3.361700E+2	3.448850E+1	5.211438E+0	2.650500E-6	NaN	2.650500E-5	5.366356E-1	1.907633E+1
5.031700E+2	3.364200E+2	3.446287E+1	5.144941E+0	2.692400E-6	NaN	2.692400E-5	5.369371E-1	1.906726E+1
5.064580E+2	3.367600E+2	3.442808E+1	5.085204E+0	2.733900E-6	NaN	2.733900E-5	5.372386E-1	1.905846E+1
5.098580E+2	3.370100E+2	3.440254E+1	5.044201E+0	2.776700E-6	NaN	2.776700E-5	5.374948E-1	1.904747E+1
5.131140E+2	3.372700E+2	3.437602E+1	5.024338E+0	2.818800E-6	NaN	2.818800E-5	5.361757E-1	1.898380E+1
5.164650E+2	3.376300E+2	3.433937E+1	5.033808E+0	2.864000E-6	NaN	2.864000E-5	5.365781E-1	1.898054E+1
5.199050E+2	3.378900E+2	3.431294E+1	5.065888E+0	2.909800E-6	NaN	2.909800E-5	5.366316E-1	1.896495E+1
5.232360E+2	3.381400E+2	3.428757E+1	5.094007E+0	2.954600E-6	NaN	2.954600E-5	5.368183E-1	1.895408E+1
5.266820E+2	3.383900E+2	3.426224E+1	5.076348E+0	3.001900E-6	NaN	3.001900E-5	5.369755E-1	1.894251E+1
5.299590E+2	3.387300E+2	3.422785E+1	5.007493E+0	3.047500E-6	NaN	3.047500E-5	5.373108E-1	1.893721E+1
5.333500E+2	3.395200E+2	3.414821E+1	5.028828E+0	3.094700E-6	NaN	3.094700E-5	5.373711E-1	1.892219E+1
5.426720E+2	3.397700E+2	3.412308E+1	5.385908E+0	3.230400E-6	NaN	3.230400E-5	5.363132E-1	1.886536E+1
5.460030E+2	3.401100E+2	3.408897E+1	5.295080E+0	3.280400E-6	NaN	3.280400E-5	5.365191E-1	1.885403E+1
5.493510E+2	3.403700E+2	3.406293E+1	5.244389E+0	3.331200E-6	NaN	3.331200E-5	5.366870E-1	1.884107E+1
5.526770E+2	3.406200E+2	3.403793E+1	5.165429E+0	3.382700E-6	NaN	3.382700E-5	5.368070E-1	1.882684E+1
5.559500E+2	3.409600E+2	3.400399E+1	5.112416E+0	3.433200E-6	NaN	3.433200E-5	5.371089E-1	1.881898E+1
5.592410E+2	3.412200E+2	3.397808E+1	5.081138E+0	3.485400E-6	NaN	3.485400E-5	5.371130E-1	1.880070E+1
5.626560E+2	3.414900E+2	3.395121E+1	5.026253E+0	3.540100E-6	NaN	3.540100E-5	5.373210E-1	1.878946E+1
5.659150E+2	3.417600E+2	3.392439E+1	5.003535E+0	3.593300E-6	NaN	3.593300E-5	5.376487E-1	1.878229E+1
5.691520E+2	3.421200E+2	3.388869E+1	4.960194E+0	3.647500E-6	NaN	3.647500E-5	5.378242E-1	1.877015E+1
5.724650E+2	3.423900E+2	3.386197E+1	4.936571E+0	3.704700E-6	NaN	3.704700E-5	5.379277E-1	1.875499E+1
5.758890E+2	3.426600E+2	3.383529E+1	4.856442E+0	3.765300E-6	NaN	3.765300E-5	5.378880E-1	1.873522E+1
5.793030E+2	3.430200E+2	3.379978E+1	4.780387E+0	3.825700E-6	NaN	3.825700E-5	5.380772E-1	1.872326E+1
5.826800E+2	3.432800E+2	3.377418E+1	5.245998E+0	3.887000E-6	NaN	3.887000E-5	5.379823E-1	1.870134E+1
5.860540E+2	3.435600E+2	3.374665E+1	5.243763E+0	3.948900E-6	NaN	3.948900E-5	5.381414E-1	1.868810E+1
5.894390E+2	3.439000E+2	3.371329E+1	5.269394E+0	4.011100E-6	NaN	4.011100E-5	5.381907E-1	1.867129E+1
5.928700E+2	3.441500E+2	3.368880E+1	5.305233E+0	4.074300E-6	NaN	4.074300E-5	5.366223E-1	1.860066E+1
5.962150E+2	3.444100E+2	3.366337E+1	5.270007E+0	4.134800E-6	NaN	4.134800E-5	5.368884E-1	1.859316E+1
5.995460E+2	3.447400E+2	3.363114E+1	5.254214E+0	4.196300E-6	NaN	4.196300E-5	5.370876E-1	1.858365E+1
6.028640E+2	3.449900E+2	3.360677E+1	5.251651E+0	4.257700E-6	NaN	4.257700E-5	5.372532E-1	1.857262E+1
6.062720E+2	3.453200E+2	3.357466E+1	5.199381E+0	4.320400E-6	NaN	4.320400E-5	5.373817E-1	1.856063E+1
6.100160E+2	3.455800E+2	3.354940E+1	5.158945E+0	4.391600E-6	NaN	4.391600E-5	5.375185E-1	1.854850E+1
6.135100E+2	3.459100E+2	3.351739E+1	5.130423E+0	4.457900E-6	NaN	4.457900E-5	5.375635E-1	1.853362E+1
6.169250E+2	3.465700E+2	3.345356E+1	5.117263E+0	4.522700E-6	NaN	4.522700E-5	5.376410E-1	1.851943E+1
6.254340E+2	3.468100E+2	3.343041E+1	5.335863E+0	4.688900E-6	NaN	4.688900E-5	5.368177E-1	1.847241E+1
6.287960E+2	3.471200E+2	3.340055E+1	5.191799E+0	4.752600E-6	NaN	4.752600E-5	5.370268E-1	1.846184E+1
6.324560E+2	3.474500E+2	3.336883E+1	5.092836E+0	4.824800E-6	NaN	4.824800E-5	5.372148E-1	1.845024E+1
6.360540E+2	3.477100E+2	3.334388E+1	5.024644E+0	4.896600E-6	NaN	4.896600E-5	5.372511E-1	1.843343E+1
6.398020E+2	3.480600E+2	3.331035E+1	4.974347E+0	4.973900E-6	NaN	4.973900E-5	5.372218E-1	1.841476E+1
6.433090E+2	3.483100E+2	3.328644E+1	4.934717E+0	5.049900E-6	NaN	5.049900E-5	5.372324E-1	1.839703E+1
6.467920E+2	3.486700E+2	3.325207E+1	4.862215E+0	5.127900E-6	NaN	5.127900E-5	5.372549E-1	1.838013E+1
6.501970E+2	3.489400E+2	3.322634E+1	4.859426E+0	5.206300E-6	NaN	5.206300E-5	5.372846E-1	1.836295E+1
6.537690E+2	3.493000E+2	3.319210E+1	4.829784E+0	5.289800E-6	NaN	5.289800E-5	5.372621E-1	1.834431E+1
6.575960E+2	3.496700E+2	3.315698E+1	4.859319E+0	5.381700E-6	NaN	5.381700E-5	5.370392E-1	1.831877E+1
6.613390E+2	3.499300E+2	3.313234E+1	4.878648E+0	5.472500E-6	NaN	5.472500E-5	5.368717E-1	1.829464E+1
6.650960E+2	3.502700E+2	3.310018E+1	4.883214E+0	5.565800E-6	NaN	5.565800E-5	5.371098E-1	1.828418E+1
6.689290E+2	3.506200E+2	3.306714E+1	5.241391E+0	5.659600E-6	NaN	5.659600E-5	5.370457E-1	1.826361E+1
6.727660E+2	3.509600E+2	3.303510E+1	5.253534E+0	5.754800E-6	NaN	5.754800E-5	5.370414E-1	1.824458E+1
6.765050E+2	3.512200E+2	3.301065E+1	5.279506E+0	5.848700E-6	NaN	5.848700E-5	5.354012E-1	1.817242E+1
6.801920E+2	3.515900E+2	3.297591E+1	5.269938E+0	5.944400E-6	NaN	5.944400E-5	5.354569E-1	1.815755E+1
6.837600E+2	3.518500E+2	3.295154E+1	5.260269E+0	6.036100E-6	NaN	6.036100E-5	5.352753E-1	1.813469E+1
6.873460E+2	3.521700E+2	3.292160E+1	5.232279E+0	6.131200E-6	NaN	6.131200E-5	5.353557E-1	1.812082E+1
6.910320E+2	3.525200E+2	3.288891E+1	5.174170E+0	6.228200E-6	NaN	6.228200E-5	5.352487E-1	1.810095E+1
6.946460E+2	3.527700E+2	3.286561E+1	5.171848E+0	6.324100E-6	NaN	6.324100E-5	5.349516E-1	1.807482E+1
6.982210E+2	3.536300E+2	3.278568E+1	5.110150E+0	6.420100E-6	NaN	6.420100E-5	5.349880E-1	1.806008E+1
7.080150E+2	3.538800E+2	3.276252E+1	5.426806E+0	6.688100E-6	NaN	6.688100E-5	5.334487E-1	1.799004E+1
7.115080E+2	3.542100E+2	3.273200E+1	5.309874E+0	6.784400E-6	NaN	6.784400E-5	5.336681E-1	1.798017E+1
7.150880E+2	3.545400E+2	3.270153E+1	5.213915E+0	6.882800E-6	NaN	6.882800E-5	5.338726E-1	1.796962E+1
7.188800E+2	3.547900E+2	3.267849E+1	5.158986E+0	6.987800E-6	NaN	6.987800E-5	5.338114E-1	1.795037E+1
7.224510E+2	3.551100E+2	3.264904E+1	5.083346E+0	7.089200E-6	NaN	7.089200E-5	5.339569E-1	1.793836E+1
7.259850E+2	3.553800E+2	3.262423E+1	5.036835E+0	7.191400E-6	NaN	7.191400E-5	5.339040E-1	1.791989E+1
7.296970E+2	3.557100E+2	3.259397E+1	4.949937E+0	7.300200E-6	NaN	7.300200E-5	5.340355E-1	1.790766E+1
7.331960E+2	3.559600E+2	3.257108E+1	4.905687E+0	7.402000E-6	NaN	7.402000E-5	5.342111E-1	1.789669E+1
7.365030E+2	3.563000E+2	3.253999E+1	4.814857E+0	7.502400E-6	NaN	7.502400E-5	5.342925E-1	1.788304E+1
7.399820E+2	3.565500E+2	3.251718E+1	4.759201E+0	7.610400E-6	NaN	7.610400E-5	5.343060E-1	1.786681E+1
7.433650E+2	3.568100E+2	3.249348E+1	4.697092E+0	7.715100E-6	NaN	7.715100E-5	5.344809E-1	1.785608E+1
7.467720E+2	3.571400E+2	3.246346E+1	4.565794E+0	7.823600E-6	NaN	7.823600E-5	5.345042E-1	1.784074E+1
7.501190E+2	3.574100E+2	3.243894E+1	4.968601E+0	7.930400E-6	NaN	7.930400E-5	5.345077E-1	1.782447E+1
7.534060E+2	3.576600E+2	3.241626E+1	4.956272E+0	8.036400E-6	NaN	8.036400E-5	5.346306E-1	1.781208E+1
7.568390E+2	3.580000E+2	3.238547E+1	4.956301E+0	8.149200E-6	NaN	8.149200E-5	5.349504E-1	1.780614E+1
7.606860E+2	3.583400E+2	3.235475E+1	5.023034E+0	8.274800E-6	NaN	8.274800E-5	5.349561E-1	1.778974E+1
7.643650E+2	3.585900E+2	3.233219E+1	5.053086E+0	8.398400E-6	NaN	8.398400E-5	5.334249E-1	1.772436E+1
7.679040E+2	3.589200E+2	3.230246E+1	5.054307E+0	8.517500E-6	NaN	8.517500E-5	5.335928E-1	1.771513E+1
7.713990E+2	3.591600E+2	3.228088E+1	5.061352E+0	8.638100E-6	NaN	8.638100E-5	5.335137E-1	1.769783E+1
7.748570E+2	3.595200E+2	3.224855E+1	5.044014E+0	8.756900E-6	NaN	8.756900E-5	5.336445E-1	1.768762E+1
7.782740E+2	3.597800E+2	3.222525E+1	5.045917E+0	8.876700E-6	NaN	8.876700E-5	5.336970E-1	1.767442E+1
7.816600E+2	3.600400E+2	3.220198E+1	5.070380E+0	8.999100E-6	NaN	8.999100E-5	5.336343E-1	1.765777E+1
7.850540E+2	3.608300E+2	3.213147E+1	5.049827E+0	9.123300E-6	NaN	9.123300E-5	5.337058E-1	1.764556E+1
7.943040E+2	3.611800E+2	3.210034E+1	5.340070E+0	9.481500E-6	NaN	9.481500E-5	5.325572E-1	1.759105E+1
7.978290E+2	3.614500E+2	3.207636E+1	5.292130E+0	9.619300E-6	NaN	9.619300E-5	5.326683E-1	1.757841E+1
8.012880E+2	3.618200E+2	3.204356E+1	5.229589E+0	9.757600E-6	NaN	9.757600E-5	5.326449E-1	1.756183E+1
8.046640E+2	3.620700E+2	3.202143E+1	5.207924E+0	9.893000E-6	NaN	9.893000E-5	5.325154E-1	1.754146E+1
8.081050E+2	3.623300E+2	3.199845E+1	5.189566E+0	1.003070E-5	NaN	1.003070E-4	5.326058E-1	1.752849E+1
8.114490E+2	3.626500E+2	3.197022E+1	5.163405E+0	1.016280E-5	NaN	1.016280E-4	5.326123E-1	1.751321E+1
8.147560E+2	3.629000E+2	3.194820E+1	5.123851E+0	1.029550E-5	NaN	1.029550E-4	5.326335E-1	1.749822E+1
8.181360E+2	3.631500E+2	3.192620E+1	5.080727E+0	1.042720E-5	NaN	1.042720E-4	5.327845E-1	1.748760E+1
8.214640E+2	3.634700E+2	3.189809E+1	4.979034E+0	1.055820E-5	NaN	1.055820E-4	5.328659E-1	1.747504E+1
8.247880E+2	3.637300E+2	3.187529E+1	4.930267E+0	1.069430E-5	NaN	1.069430E-4	5.329587E-1	1.746253E+1
8.281520E+2	3.639700E+2	3.185427E+1	4.836459E+0	1.082980E-5	NaN	1.082980E-4	5.331607E-1	1.745353E+1
8.314810E+2	3.642900E+2	3.182629E+1	4.665498E+0	1.096540E-5	NaN	1.096540E-4	5.333022E-1	1.744283E+1
8.349430E+2	3.645300E+2	3.180534E+1	4.978998E+0	1.110650E-5	NaN	1.110650E-4	5.334044E-1	1.743046E+1
8.383810E+2	3.647700E+2	3.178441E+1	4.938710E+0	1.124870E-5	NaN	1.124870E-4	5.334509E-1	1.741652E+1
8.417690E+2	3.651100E+2	3.175481E+1	4.851560E+0	1.139190E-5	NaN	1.139190E-4	5.337527E-1	1.741079E+1
8.450700E+2	3.653800E+2	3.173135E+1	4.878479E+0	1.153140E-5	NaN	1.153140E-4	5.337677E-1	1.739554E+1
8.484400E+2	3.656300E+2	3.170965E+1	4.886700E+0	1.167850E-5	NaN	1.167850E-4	5.326102E-1	1.734369E+1
8.517910E+2	3.659700E+2	3.168019E+1	4.859447E+0	1.183280E-5	NaN	1.183280E-4	5.328720E-1	1.733761E+1
8.551540E+2	3.662200E+2	3.165857E+1	4.914641E+0	1.198440E-5	NaN	1.198440E-4	5.328627E-1	1.732254E+1
8.585640E+2	3.664300E+2	3.164042E+1	4.933596E+0	1.214070E-5	NaN	1.214070E-4	5.328170E-1	1.730652E+1
8.621190E+2	3.668200E+2	3.160678E+1	4.882146E+0	1.230700E-5	NaN	1.230700E-4	5.330405E-1	1.729928E+1
8.655520E+2	3.675900E+2	3.154058E+1	4.940583E+0	1.246680E-5	NaN	1.246680E-4	5.328976E-1	1.727992E+1
8.745390E+2	3.678400E+2	3.151914E+1	5.321080E+0	1.289900E-5	NaN	1.289900E-4	5.316222E-1	1.722177E+1
8.778800E+2	3.681700E+2	3.149089E+1	5.229248E+0	1.306220E-5	NaN	1.306220E-4	5.315025E-1	1.720195E+1
8.812980E+2	3.684200E+2	3.146952E+1	5.224573E+0	1.321380E-5	NaN	1.321380E-4	5.313323E-1	1.718020E+1
8.845920E+2	3.686700E+2	3.144818E+1	5.171159E+0	1.338480E-5	NaN	1.338480E-4	5.310337E-1	1.715471E+1
8.882800E+2	3.689900E+2	3.142091E+1	5.081853E+0	1.356640E-5	NaN	1.356640E-4	5.307300E-1	1.712948E+1
8.917070E+2	3.692400E+2	3.139963E+1	5.036521E+0	1.374010E-5	NaN	1.374010E-4	5.305866E-1	1.710912E+1
8.951620E+2	3.696000E+2	3.136905E+1	4.971448E+0	1.391610E-5	NaN	1.391610E-4	5.305144E-1	1.709132E+1
8.984440E+2	3.698600E+2	3.134700E+1	4.927446E+0	1.408830E-5	NaN	1.408830E-4	5.301853E-1	1.706515E+1
9.019060E+2	3.702100E+2	3.131736E+1	4.904574E+0	1.427790E-5	NaN	1.427790E-4	5.298708E-1	1.703971E+1
9.055860E+2	3.704800E+2	3.129454E+1	4.889415E+0	1.447840E-5	NaN	1.447840E-4	5.296210E-1	1.701592E+1
9.092990E+2	3.708400E+2	3.126416E+1	4.781731E+0	1.468990E-5	NaN	1.468990E-4	5.293468E-1	1.699172E+1
9.128030E+2	3.711100E+2	3.124141E+1	4.745740E+0	1.489210E-5	NaN	1.489210E-4	5.291312E-1	1.696897E+1
9.162300E+2	3.714500E+2	3.121281E+1	5.135561E+0	1.508970E-5	NaN	1.508970E-4	5.290033E-1	1.694917E+1
9.197480E+2	3.718100E+2	3.118259E+1	5.172941E+0	1.529130E-5	NaN	1.529130E-4	5.286570E-1	1.692237E+1
9.237900E+2	3.721300E+2	3.115578E+1	5.277776E+0	1.551950E-5	NaN	1.551950E-4	5.283410E-1	1.689604E+1
9.275990E+2	3.723800E+2	3.113486E+1	5.324231E+0	1.574090E-5	NaN	1.574090E-4	5.263781E-1	1.681944E+1
9.312400E+2	3.727000E+2	3.110813E+1	5.286489E+0	1.594750E-5	NaN	1.594750E-4	5.263427E-1	1.680415E+1
9.346840E+2	3.729400E+2	3.108811E+1	5.254929E+0	1.614430E-5	NaN	1.614430E-4	5.261364E-1	1.678351E+1
9.385150E+2	3.732600E+2	3.106146E+1	5.154342E+0	1.635970E-5	NaN	1.635970E-4	5.259306E-1	1.676329E+1
9.418950E+2	3.735200E+2	3.103984E+1	5.095085E+0	1.655020E-5	NaN	1.655020E-4	5.258596E-1	1.674714E+1
9.454110E+2	3.738400E+2	3.101327E+1	5.008520E+0	1.675100E-5	NaN	1.675100E-4	5.257322E-1	1.672943E+1
9.489270E+2	3.748200E+2	3.093218E+1	4.979951E+0	1.694810E-5	NaN	1.694810E-4	5.255675E-1	1.671037E+1
9.609530E+2	3.750700E+2	3.091156E+1	5.354248E+0	1.767390E-5	NaN	1.767390E-4	5.233914E-1	1.662496E+1
9.645480E+2	3.754100E+2	3.088357E+1	5.144301E+0	1.790130E-5	NaN	1.790130E-4	5.233624E-1	1.660863E+1
9.680260E+2	3.756800E+2	3.086137E+1	5.016639E+0	1.812490E-5	NaN	1.812490E-4	5.230387E-1	1.658315E+1
9.716200E+2	3.760200E+2	3.083347E+1	4.934189E+0	1.835870E-5	NaN	1.835870E-4	5.229066E-1	1.656383E+1
9.751150E+2	3.762700E+2	3.081298E+1	4.925799E+0	1.859280E-5	NaN	1.859280E-4	5.227411E-1	1.654330E+1
9.785210E+2	3.765300E+2	3.079170E+1	4.898762E+0	1.881760E-5	NaN	1.881760E-4	5.225897E-1	1.652366E+1
9.818920E+2	3.768600E+2	3.076474E+1	4.836929E+0	1.905250E-5	NaN	1.905250E-4	5.225327E-1	1.650715E+1
9.857440E+2	3.772000E+2	3.073701E+1	4.811326E+0	1.931250E-5	NaN	1.931250E-4	5.224565E-1	1.648981E+1
9.891280E+2	3.774500E+2	3.071665E+1	4.767198E+0	1.954670E-5	NaN	1.954670E-4	5.221866E-1	1.646648E+1
9.924650E+2	3.777100E+2	3.069551E+1	4.698431E+0	1.977910E-5	NaN	1.977910E-4	5.219518E-1	1.644465E+1
9.960030E+2	3.780500E+2	3.066790E+1	4.585893E+0	2.002100E-5	NaN	2.002100E-4	5.219467E-1	1.643004E+1
9.993090E+2	3.782900E+2	3.064844E+1	4.480479E+0	2.024540E-5	NaN	2.024540E-4	5.217098E-1	1.640816E+1
1.002620E+3	3.785500E+2	3.062739E+1	5.025679E+0	2.048190E-5	NaN	2.048190E-4	5.217068E-1	1.639361E+1
1.005979E+3	3.788900E+2	3.059991E+1	4.985650E+0	2.071990E-5	NaN	2.071990E-4	5.215353E-1	1.637414E+1
1.009307E+3	3.791600E+2	3.057812E+1	5.015866E+0	2.097170E-5	NaN	2.097170E-4	5.212787E-1	1.635171E+1
1.012687E+3	3.794200E+2	3.055717E+1	5.022477E+0	2.121800E-5	NaN	2.121800E-4	5.211644E-1	1.633367E+1
1.016024E+3	3.797900E+2	3.052740E+1	5.042467E+0	2.147600E-5	NaN	2.147600E-4	5.196655E-1	1.627433E+1
1.019515E+3	3.800600E+2	3.050571E+1	5.093918E+0	2.174600E-5	NaN	2.174600E-4	5.193000E-1	1.625017E+1
1.022746E+3	3.803200E+2	3.048485E+1	5.098793E+0	2.199300E-5	NaN	2.199300E-4	5.191291E-1	1.623218E+1
1.026312E+3	3.806600E+2	3.045763E+1	5.123907E+0	2.227100E-5	NaN	2.227100E-4	5.188171E-1	1.621021E+1
1.029584E+3	3.813900E+2	3.039933E+1	5.185818E+0	2.252100E-5	NaN	2.252100E-4	5.185446E-1	1.618927E+1
1.038695E+3	3.816300E+2	3.038021E+1	5.525553E+0	2.323000E-5	NaN	2.323000E-4	5.172097E-1	1.613364E+1
1.041866E+3	3.818900E+2	3.035953E+1	5.361722E+0	2.347600E-5	NaN	2.347600E-4	5.171219E-1	1.611774E+1
1.045283E+3	3.822100E+2	3.033411E+1	5.260033E+0	2.373400E-5	NaN	2.373400E-4	5.171119E-1	1.610432E+1
1.048643E+3	3.824400E+2	3.031587E+1	5.176397E+0	2.399200E-5	NaN	2.399200E-4	5.170456E-1	1.608899E+1
1.052029E+3	3.826900E+2	3.029606E+1	5.056965E+0	2.425600E-5	NaN	2.425600E-4	5.169360E-1	1.607270E+1
1.055294E+3	3.829300E+2	3.027707E+1	4.960174E+0	2.450500E-5	NaN	2.450500E-4	5.169253E-1	1.605956E+1
1.058718E+3	3.832600E+2	3.025100E+1	4.848382E+0	2.479000E-5	NaN	2.479000E-4	5.170406E-1	1.605033E+1
1.062133E+3	3.835100E+2	3.023128E+1	4.749893E+0	2.506200E-5	NaN	2.506200E-4	5.169127E-1	1.603354E+1
1.065774E+3	3.838400E+2	3.020529E+1	4.685344E+0	2.537500E-5	NaN	2.537500E-4	5.169480E-1	1.602176E+1
1.069420E+3	3.841100E+2	3.018406E+1	4.625621E+0	2.568100E-5	NaN	2.568100E-4	5.170464E-1	1.601161E+1
1.072744E+3	3.844500E+2	3.015737E+1	4.534061E+0	2.596100E-5	NaN	2.596100E-4	5.170389E-1	1.599841E+1
1.076160E+3	3.847100E+2	3.013699E+1	4.506931E+0	2.625900E-5	NaN	2.625900E-4	5.168560E-1	1.597951E+1
1.079764E+3	3.850400E+2	3.011116E+1	4.907659E+0	2.658300E-5	NaN	2.658300E-4	5.168253E-1	1.596522E+1
1.083439E+3	3.853800E+2	3.008459E+1	4.951963E+0	2.691000E-5	NaN	2.691000E-4	5.165941E-1	1.594474E+1
1.087059E+3	3.856300E+2	3.006509E+1	5.016529E+0	2.723400E-5	NaN	2.723400E-4	5.163761E-1	1.592431E+1
1.090502E+3	3.859800E+2	3.003783E+1	5.069029E+0	2.754000E-5	NaN	2.754000E-4	5.165270E-1	1.591498E+1
1.094156E+3	3.862200E+2	3.001916E+1	5.131487E+0	2.787100E-5	NaN	2.787100E-4	5.162528E-1	1.589262E+1
1.097697E+3	3.865500E+2	2.999353E+1	5.119969E+0	2.818600E-5	NaN	2.818600E-4	5.147276E-1	1.583368E+1
1.101307E+3	3.868000E+2	2.997415E+1	5.105238E+0	2.851900E-5	NaN	2.851900E-4	5.145475E-1	1.581558E+1
1.104803E+3	3.871300E+2	2.994860E+1	5.081398E+0	2.883500E-5	NaN	2.883500E-4	5.143516E-1	1.579726E+1
1.108207E+3	3.873700E+2	2.993004E+1	5.057715E+0	2.914600E-5	NaN	2.914600E-4	5.140580E-1	1.577567E+1
1.111624E+3	3.880600E+2	2.987682E+1	5.018755E+0	2.947000E-5	NaN	2.947000E-4	5.139664E-1	1.576026E+1
1.119575E+3	3.883100E+2	2.985759E+1	5.215319E+0	3.021500E-5	NaN	3.021500E-4	5.127976E-1	1.571059E+1
1.123019E+3	3.885700E+2	2.983761E+1	5.121449E+0	3.054500E-5	NaN	3.054500E-4	5.127483E-1	1.569549E+1
1.126322E+3	3.889200E+2	2.981076E+1	5.015095E+0	3.087600E-5	NaN	3.087600E-4	5.125409E-1	1.567590E+1
1.129811E+3	3.892000E+2	2.978931E+1	4.990593E+0	3.122000E-5	NaN	3.122000E-4	5.122065E-1	1.565211E+1
1.133306E+3	3.895500E+2	2.976255E+1	4.983222E+0	3.159000E-5	NaN	3.159000E-4	5.117557E-1	1.562501E+1
1.136851E+3	3.898100E+2	2.974270E+1	4.980684E+0	3.197600E-5	NaN	3.197600E-4	5.113336E-1	1.559850E+1
1.140190E+3	3.900800E+2	2.972211E+1	4.992025E+0	3.232900E-5	NaN	3.232900E-4	5.109726E-1	1.557420E+1
1.143487E+3	3.904200E+2	2.969622E+1	4.959831E+0	3.268400E-5	NaN	3.268400E-4	5.107811E-1	1.555501E+1
1.146974E+3	3.906700E+2	2.967722E+1	4.982618E+0	3.304800E-5	NaN	3.304800E-4	5.103399E-1	1.552819E+1
1.150375E+3	3.909900E+2	2.965293E+1	4.941346E+0	3.340900E-5	NaN	3.340900E-4	5.098354E-1	1.549982E+1
1.153838E+3	3.912600E+2	2.963247E+1	4.938093E+0	3.376900E-5	NaN	3.376900E-4	5.093014E-1	1.547051E+1
1.157168E+3	3.915000E+2	2.961430E+1	4.876399E+0	3.411800E-5	NaN	3.411800E-4	5.090287E-1	1.544900E+1
1.160426E+3	3.917400E+2	2.959616E+1	5.149509E+0	3.446200E-5	NaN	3.446200E-4	5.087831E-1	1.542849E+1
1.163733E+3	3.920600E+2	2.957200E+1	5.078676E+0	3.480700E-5	NaN	3.480700E-4	5.087369E-1	1.541388E+1
1.167097E+3	3.922900E+2	2.955467E+1	5.012239E+0	3.515200E-5	NaN	3.515200E-4	5.085168E-1	1.539389E+1
1.170258E+3	3.925300E+2	2.953660E+1	4.959237E+0	3.548500E-5	NaN	3.548500E-4	5.084118E-1	1.537731E+1
1.173545E+3	3.928500E+2	2.951254E+1	4.884202E+0	3.583900E-5	NaN	3.583900E-4	5.082155E-1	1.535807E+1
1.177204E+3	3.931000E+2	2.949377E+1	4.892936E+0	3.622900E-5	NaN	3.622900E-4	5.057859E-1	1.527375E+1
1.180511E+3	3.934500E+2	2.946753E+1	4.842275E+0	3.658600E-5	NaN	3.658600E-4	5.055910E-1	1.525650E+1
1.184442E+3	3.937000E+2	2.944882E+1	4.845351E+0	3.702100E-5	NaN	3.702100E-4	5.050665E-1	1.522928E+1
1.187838E+3	3.939600E+2	2.942938E+1	4.847634E+0	3.740100E-5	NaN	3.740100E-4	5.047823E-1	1.520938E+1
1.191154E+3	3.942900E+2	2.940475E+1	4.817974E+0	3.778000E-5	NaN	3.778000E-4	5.044300E-1	1.518768E+1
1.194772E+3	3.951600E+2	2.934001E+1	4.868899E+0	3.819500E-5	NaN	3.819500E-4	5.040787E-1	1.516574E+1
1.204346E+3	3.954500E+2	2.931850E+1	5.304245E+0	3.935100E-5	NaN	3.935100E-4	5.022824E-1	1.509843E+1
1.208075E+3	3.958100E+2	2.929183E+1	5.258664E+0	3.982700E-5	NaN	3.982700E-4	5.017935E-1	1.507108E+1
1.211536E+3	3.960800E+2	2.927186E+1	5.239625E+0	4.027400E-5	NaN	4.027400E-4	5.011854E-1	1.504021E+1
1.214882E+3	3.963400E+2	2.925266E+1	5.233687E+0	4.070600E-5	NaN	4.070600E-4	5.007935E-1	1.501590E+1
1.218302E+3	3.966900E+2	2.922685E+1	5.190936E+0	4.114700E-5	NaN	4.114700E-4	5.005658E-1	1.499661E+1
1.221836E+3	3.969400E+2	2.920844E+1	5.169156E+0	4.158900E-5	NaN	4.158900E-4	5.000700E-1	1.496935E+1
1.225213E+3	3.972700E+2	2.918418E+1	5.139984E+0	4.203500E-5	NaN	4.203500E-4	4.997796E-1	1.494830E+1
1.228546E+3	3.975200E+2	2.916583E+1	5.097345E+0	4.244500E-5	NaN	4.244500E-4	4.994657E-1	1.492638E+1
1.231825E+3	3.977600E+2	2.914823E+1	5.070217E+0	4.284700E-5	NaN	4.284700E-4	4.990356E-1	1.490134E+1
1.235140E+3	3.979900E+2	2.913139E+1	4.964293E+0	4.324100E-5	NaN	4.324100E-4	4.987329E-1	1.488020E+1
1.238481E+3	3.983000E+2	2.910871E+1	4.785551E+0	4.364500E-5	NaN	4.364500E-4	4.985667E-1	1.486320E+1
1.241858E+3	3.985400E+2	2.909118E+1	4.612996E+0	4.403400E-5	NaN	4.403400E-4	4.980571E-1	1.483617E+1
1.245073E+3	3.987800E+2	2.907367E+1	4.929059E+0	4.442700E-5	NaN	4.442700E-4	4.976724E-1	1.481291E+1
1.248418E+3	3.990300E+2	2.905546E+1	4.846850E+0	4.485600E-5	NaN	4.485600E-4	4.973602E-1	1.479181E+1
1.251619E+3	3.993700E+2	2.903072E+1	4.793101E+0	4.528000E-5	NaN	4.528000E-4	4.970061E-1	1.476970E+1
1.254980E+3	3.996200E+2	2.901256E+1	4.791538E+0	4.570700E-5	NaN	4.570700E-4	4.951814E-1	1.470521E+1
1.258224E+3	3.998700E+2	2.899442E+1	4.759937E+0	4.613100E-5	NaN	4.613100E-4	4.948761E-1	1.468558E+1
1.261442E+3	4.001400E+2	2.897486E+1	4.775968E+0	4.655900E-5	NaN	4.655900E-4	4.946087E-1	1.466712E+1
1.264682E+3	4.004700E+2	2.895098E+1	4.775419E+0	4.698700E-5	NaN	4.698700E-4	4.941902E-1	1.464435E+1
1.268013E+3	4.007300E+2	2.893220E+1	4.870110E+0	4.743100E-5	NaN	4.743100E-4	4.937133E-1	1.461956E+1
1.271462E+3	4.014700E+2	2.887887E+1	4.941614E+0	4.788900E-5	NaN	4.788900E-4	4.933323E-1	1.459757E+1
1.279854E+3	4.016900E+2	2.886305E+1	5.315733E+0	4.907000E-5	NaN	4.907000E-4	4.918145E-1	1.454052E+1
1.283209E+3	4.019100E+2	2.884725E+1	5.220819E+0	4.952100E-5	NaN	4.952100E-4	4.914270E-1	1.451758E+1
1.286561E+3	4.021400E+2	2.883076E+1	5.132339E+0	4.989200E-5	NaN	4.989200E-4	4.912252E-1	1.450023E+1
1.289788E+3	4.024500E+2	2.880855E+1	5.014891E+0	5.029200E-5	NaN	5.029200E-4	4.909486E-1	1.448093E+1
1.293005E+3	4.027000E+2	2.879066E+1	4.932164E+0	5.072800E-5	NaN	5.072800E-4	4.905804E-1	1.445876E+1
1.296429E+3	4.029600E+2	2.877209E+1	4.832210E+0	5.119400E-5	NaN	5.119400E-4	4.900373E-1	1.443172E+1
1.299724E+3	4.033400E+2	2.874498E+1	4.770484E+0	5.171300E-5	NaN	5.171300E-4	4.896007E-1	1.440780E+1
1.303002E+3	4.036200E+2	2.872504E+1	4.759144E+0	5.220800E-5	NaN	5.220800E-4	4.889064E-1	1.437615E+1
1.306209E+3	4.039000E+2	2.870513E+1	4.733666E+0	5.273500E-5	NaN	5.273500E-4	4.881410E-1	1.434262E+1
1.309598E+3	4.041700E+2	2.868595E+1	4.706531E+0	5.327600E-5	NaN	5.327600E-4	4.875820E-1	1.431506E+1
1.312911E+3	4.045400E+2	2.865971E+1	4.707050E+0	5.381000E-5	NaN	5.381000E-4	4.869232E-1	1.428483E+1
1.316390E+3	4.048000E+2	2.864130E+1	4.751090E+0	5.434100E-5	NaN	5.434100E-4	4.862721E-1	1.425445E+1
1.319878E+3	4.051300E+2	2.861797E+1	5.232003E+0	5.489200E-5	NaN	5.489200E-4	4.855921E-1	1.422344E+1
1.323194E+3	4.054000E+2	2.859891E+1	5.337384E+0	5.540000E-5	NaN	5.540000E-4	4.849974E-1	1.419470E+1
1.326525E+3	4.056300E+2	2.858270E+1	5.375050E+0	5.587600E-5	NaN	5.587600E-4	4.842953E-1	1.416298E+1
1.329720E+3	4.058700E+2	2.856580E+1	5.319518E+0	5.634500E-5	NaN	5.634500E-4	4.837765E-1	1.413661E+1
1.333210E+3	4.061900E+2	2.854329E+1	5.261028E+0	5.685800E-5	NaN	5.685800E-4	4.821531E-1	1.407936E+1
1.336523E+3	4.064300E+2	2.852644E+1	5.196150E+0	5.734800E-5	NaN	5.734800E-4	4.815567E-1	1.405172E+1
1.339771E+3	4.066900E+2	2.850820E+1	5.069198E+0	5.785800E-5	NaN	5.785800E-4	4.810885E-1	1.402788E+1
1.343246E+3	4.070500E+2	2.848299E+1	5.004581E+0	5.837800E-5	NaN	5.837800E-4	4.804604E-1	1.399964E+1
1.346610E+3	4.073000E+2	2.846550E+1	4.992062E+0	5.891700E-5	NaN	5.891700E-4	4.796513E-1	1.396592E+1
1.350012E+3	4.080900E+2	2.841040E+1	4.959229E+0	5.945500E-5	NaN	5.945500E-4	4.788188E-1	1.393182E+1
1.359297E+3	4.084200E+2	2.838744E+1	5.261247E+0	6.103000E-5	NaN	6.103000E-4	4.768528E-1	1.386328E+1
1.362643E+3	4.086800E+2	2.836938E+1	5.231148E+0	6.157400E-5	NaN	6.157400E-4	4.761694E-1	1.383233E+1
1.365946E+3	4.089200E+2	2.835273E+1	5.177892E+0	6.210900E-5	NaN	6.210900E-4	4.754025E-1	1.379928E+1
1.369202E+3	4.092700E+2	2.832849E+1	5.136832E+0	6.261700E-5	NaN	6.261700E-4	4.748432E-1	1.377238E+1
1.372616E+3	4.095100E+2	2.831188E+1	5.150258E+0	6.317900E-5	NaN	6.317900E-4	4.739735E-1	1.373646E+1
1.375900E+3	4.097500E+2	2.829530E+1	5.108600E+0	6.368500E-5	NaN	6.368500E-4	4.732627E-1	1.370531E+1
1.379203E+3	4.099900E+2	2.827874E+1	5.032596E+0	6.420300E-5	NaN	6.420300E-4	4.726878E-1	1.367815E+1
1.382473E+3	4.103100E+2	2.825668E+1	4.953725E+0	6.473300E-5	NaN	6.473300E-4	4.722436E-1	1.365479E+1
1.385816E+3	4.105500E+2	2.824017E+1	4.874986E+0	6.524600E-5	NaN	6.524600E-4	4.715183E-1	1.362332E+1
1.389145E+3	4.107900E+2	2.822367E+1	4.751446E+0	6.579100E-5	NaN	6.579100E-4	4.709298E-1	1.359578E+1
1.392753E+3	4.111400E+2	2.819964E+1	4.637143E+0	6.636300E-5	NaN	6.636300E-4	4.704521E-1	1.357141E+1
1.396133E+3	4.113900E+2	2.818250E+1	4.508462E+0	6.691500E-5	NaN	6.691500E-4	4.696573E-1	1.353782E+1
1.399515E+3	4.116400E+2	2.816539E+1	4.836516E+0	6.746800E-5	NaN	6.746800E-4	4.690382E-1	1.350924E+1
1.402776E+3	4.119700E+2	2.814283E+1	4.823632E+0	6.802000E-5	NaN	6.802000E-4	4.682256E-1	1.347536E+1
1.406173E+3	4.122200E+2	2.812576E+1	4.852040E+0	6.861000E-5	NaN	6.861000E-4	4.674666E-1	1.344273E+1
1.409523E+3	4.125600E+2	2.810258E+1	4.835955E+0	6.920500E-5	NaN	6.920500E-4	4.668483E-1	1.341411E+1
1.413036E+3	4.128100E+2	2.808556E+1	4.931212E+0	6.982500E-5	NaN	6.982500E-4	4.659365E-1	1.337701E+1
1.416384E+3	4.130800E+2	2.806720E+1	4.969735E+0	7.044500E-5	NaN	7.044500E-4	4.635815E-1	1.330037E+1
1.419797E+3	4.134200E+2	2.804412E+1	4.983342E+0	7.104100E-5	NaN	7.104100E-4	4.627808E-1	1.326816E+1
1.423177E+3	4.136700E+2	2.802717E+1	5.011948E+0	7.161900E-5	NaN	7.161900E-4	4.617756E-1	1.323019E+1
1.426513E+3	4.139100E+2	2.801092E+1	5.051273E+0	7.219000E-5	NaN	7.219000E-4	4.609385E-1	1.319712E+1
1.429899E+3	4.142500E+2	2.798793E+1	5.037848E+0	7.282400E-5	NaN	7.282400E-4	4.602737E-1	1.316908E+1
1.433183E+3	4.149000E+2	2.794408E+1	5.037372E+0	7.341900E-5	NaN	7.341900E-4	4.593770E-1	1.313447E+1
1.442077E+3	4.152500E+2	2.792053E+1	5.324735E+0	7.498900E-5	NaN	7.498900E-4	4.576941E-1	1.307643E+1
1.445365E+3	4.155000E+2	2.790373E+1	5.234631E+0	7.558800E-5	NaN	7.558800E-4	4.568247E-1	1.304194E+1
1.448616E+3	4.157600E+2	2.788628E+1	5.126745E+0	7.621300E-5	NaN	7.621300E-4	4.560822E-1	1.301120E+1
1.451889E+3	4.160200E+2	2.786885E+1	5.063624E+0	7.682900E-5	NaN	7.682900E-4	4.554700E-1	1.298422E+1
1.455214E+3	4.163800E+2	2.784476E+1	4.983339E+0	7.749900E-5	NaN	7.749900E-4	4.549816E-1	1.296078E+1
1.458617E+3	4.166600E+2	2.782605E+1	4.992722E+0	7.811900E-5	NaN	7.811900E-4	4.542325E-1	1.292987E+1
1.461995E+3	4.169300E+2	2.780803E+1	4.971531E+0	7.884000E-5	NaN	7.884000E-4	4.535141E-1	1.289981E+1
1.465291E+3	4.173000E+2	2.778337E+1	4.932065E+0	7.950200E-5	NaN	7.950200E-4	4.529500E-1	1.287415E+1
1.468641E+3	4.175500E+2	2.776673E+1	4.973337E+0	8.016900E-5	NaN	8.016900E-4	4.522731E-1	1.284503E+1
1.471985E+3	4.178800E+2	2.774481E+1	4.967896E+0	8.103200E-5	NaN	8.103200E-4	4.515243E-1	1.281417E+1
1.475542E+3	4.181200E+2	2.772888E+1	4.949256E+0	8.162300E-5	NaN	8.162300E-4	4.509285E-1	1.278754E+1
1.478939E+3	4.183600E+2	2.771297E+1	4.917335E+0	8.220900E-5	NaN	8.220900E-4	4.504213E-1	1.276346E+1
1.482476E+3	4.185900E+2	2.769775E+1	5.216978E+0	8.280200E-5	NaN	8.280200E-4	4.499436E-1	1.274028E+1
1.485642E+3	4.189000E+2	2.767725E+1	5.141269E+0	8.335200E-5	NaN	8.335200E-4	4.493543E-1	1.271420E+1
1.488926E+3	4.191500E+2	2.766074E+1	5.083823E+0	8.396500E-5	NaN	8.396500E-4	4.486291E-1	1.268412E+1
1.492169E+3	4.193800E+2	2.764557E+1	4.996760E+0	8.450600E-5	NaN	8.450600E-4	4.467610E-1	1.262306E+1
1.495706E+3	4.197000E+2	2.762449E+1	4.868028E+0	8.514700E-5	NaN	8.514700E-4	4.462093E-1	1.259898E+1
1.499001E+3	4.199400E+2	2.760871E+1	4.822390E+0	8.594800E-5	NaN	8.594800E-4	4.456815E-1	1.257535E+1
1.502224E+3	4.201900E+2	2.759228E+1	4.756883E+0	8.648200E-5	NaN	8.648200E-4	4.453465E-1	1.255719E+1
1.505650E+3	4.205300E+2	2.756997E+1	4.679323E+0	8.709400E-5	NaN	8.709400E-4	4.447665E-1	1.253227E+1
1.508859E+3	4.207900E+2	2.755294E+1	4.727783E+0	8.788100E-5	NaN	8.788100E-4	4.440110E-1	1.250218E+1
1.512231E+3	4.216000E+2	2.750000E+1	4.763654E+0	8.861200E-5	NaN	8.861200E-4	4.434388E-1	1.247727E+1
1.521199E+3	4.218500E+2	2.748370E+1	5.223515E+0	9.071100E-5	NaN	9.071100E-4	4.414533E-1	1.241160E+1
1.524625E+3	4.221100E+2	2.746677E+1	5.212066E+0	9.144800E-5	NaN	9.144800E-4	4.408784E-1	1.238607E+1
1.527919E+3	4.224400E+2	2.744532E+1	5.169535E+0	9.213800E-5	NaN	9.213800E-4	4.404451E-1	1.236463E+1
1.531227E+3	4.226900E+2	2.742909E+1	5.137100E+0	9.284100E-5	NaN	9.284100E-4	4.399885E-1	1.234241E+1
1.534459E+3	4.229300E+2	2.741352E+1	5.117850E+0	9.351600E-5	NaN	9.351600E-4	4.394343E-1	1.231780E+1
1.537817E+3	4.231900E+2	2.739668E+1	5.072622E+0	9.418600E-5	NaN	9.418600E-4	4.390427E-1	1.229782E+1
1.541054E+3	4.235000E+2	2.737662E+1	4.995735E+0	9.483500E-5	NaN	9.483500E-4	4.386075E-1	1.227680E+1
1.544285E+3	4.237400E+2	2.736112E+1	4.955831E+0	9.543900E-5	NaN	9.543900E-4	4.380761E-1	1.225301E+1
1.547630E+3	4.239800E+2	2.734563E+1	4.872235E+0	9.607700E-5	NaN	9.607700E-4	4.376232E-1	1.223138E+1
1.550988E+3	4.243000E+2	2.732501E+1	4.740696E+0	9.681000E-5	NaN	9.681000E-4	4.372379E-1	1.221162E+1
1.554307E+3	4.245500E+2	2.730892E+1	4.652743E+0	9.748000E-5	NaN	9.748000E-4	4.366685E-1	1.218673E+1
1.557604E+3	4.248000E+2	2.729284E+1	4.516374E+0	9.817200E-5	NaN	9.817200E-4	4.361889E-1	1.216429E+1
1.561058E+3	4.251700E+2	2.726909E+1	4.870953E+0	9.887500E-5	NaN	9.887500E-4	4.357898E-1	1.214406E+1
1.564353E+3	4.254400E+2	2.725179E+1	4.914446E+0	9.966500E-5	NaN	9.966500E-4	4.349483E-1	1.211149E+1
1.567695E+3	4.257200E+2	2.723386E+1	4.933775E+0	1.004710E-4	NaN	1.004710E-3	4.342758E-1	1.208356E+1
1.571153E+3	4.260900E+2	2.721021E+1	4.996950E+0	1.013070E-4	NaN	1.013070E-3	4.323842E-1	1.202305E+1
1.574487E+3	4.263700E+2	2.719234E+1	5.100127E+0	1.020950E-4	NaN	1.020950E-3	4.316609E-1	1.199478E+1
1.577819E+3	4.266400E+2	2.717514E+1	5.170902E+0	1.029060E-4	NaN	1.029060E-3	4.310349E-1	1.196923E+1
1.581029E+3	4.269000E+2	2.715859E+1	5.206529E+0	1.036740E-4	NaN	1.036740E-3	4.305776E-1	1.194835E+1
1.584206E+3	4.271500E+2	2.714269E+1	5.255484E+0	1.044200E-4	NaN	1.044200E-3	4.299583E-1	1.192323E+1
1.587519E+3	4.278600E+2	2.709765E+1	5.263327E+0	1.051610E-4	NaN	1.051610E-3	4.295129E-1	1.190295E+1
1.596548E+3	4.281700E+2	2.707803E+1	5.527060E+0	1.070780E-4	NaN	1.070780E-3	4.281019E-1	1.185488E+1
1.599948E+3	4.283900E+2	2.706412E+1	5.388390E+0	1.077880E-4	NaN	1.077880E-3	4.276187E-1	1.183266E+1
1.603402E+3	4.286200E+2	2.704960E+1	5.215389E+0	1.085120E-4	NaN	1.085120E-3	4.270960E-1	1.180965E+1
1.606605E+3	4.289300E+2	2.703005E+1	5.016439E+0	1.091350E-4	NaN	1.091350E-3	4.266842E-1	1.178977E+1
1.609903E+3	4.291900E+2	2.701368E+1	4.917361E+0	1.098370E-4	NaN	1.098370E-3	4.261634E-1	1.176674E+1
1.613384E+3	4.294400E+2	2.699795E+1	4.816629E+0	1.106150E-4	NaN	1.106150E-3	4.254673E-1	1.173912E+1
1.616731E+3	4.297900E+2	2.697597E+1	4.700630E+0	1.114260E-4	NaN	1.114260E-3	4.248873E-1	1.171473E+1
1.620130E+3	4.300500E+2	2.695966E+1	4.680381E+0	1.122060E-4	NaN	1.122060E-3	4.242196E-1	1.168773E+1
1.623476E+3	4.303100E+2	2.694337E+1	4.653938E+0	1.130480E-4	NaN	1.130480E-3	4.234389E-1	1.165782E+1
1.626832E+3	4.306600E+2	2.692147E+1	4.617819E+0	1.139040E-4	NaN	1.139040E-3	4.228262E-1	1.163253E+1
1.630181E+3	4.309200E+2	2.690523E+1	4.619756E+0	1.147490E-4	NaN	1.147490E-3	4.219659E-1	1.160046E+1
1.633719E+3	4.312800E+2	2.688277E+1	4.594978E+0	1.156430E-4	NaN	1.156430E-3	4.212987E-1	1.157368E+1
1.637002E+3	4.315400E+2	2.686657E+1	5.050607E+0	1.164740E-4	NaN	1.164740E-3	4.205825E-1	1.154538E+1
1.640312E+3	4.317900E+2	2.685102E+1	5.151093E+0	1.172780E-4	NaN	1.172780E-3	4.197850E-1	1.151507E+1
1.643621E+3	4.320300E+2	2.683610E+1	5.182689E+0	1.180610E-4	NaN	1.180610E-3	4.190986E-1	1.148781E+1
1.646908E+3	4.323500E+2	2.681624E+1	5.138692E+0	1.188460E-4	NaN	1.188460E-3	4.185404E-1	1.146403E+1
1.650257E+3	4.325900E+2	2.680136E+1	5.154089E+0	1.196540E-4	NaN	1.196540E-3	4.177543E-1	1.143406E+1
1.653552E+3	4.328200E+2	2.678712E+1	5.123270E+0	1.203940E-4	NaN	1.203940E-3	4.161274E-1	1.138207E+1
1.656822E+3	4.331500E+2	2.676671E+1	5.024155E+0	1.212740E-4	NaN	1.212740E-3	4.154856E-1	1.135712E+1
1.660246E+3	4.333900E+2	2.675189E+1	5.018017E+0	1.220970E-4	NaN	1.220970E-3	4.148177E-1	1.133133E+1
1.663559E+3	4.336400E+2	2.673646E+1	4.958931E+0	1.229330E-4	NaN	1.229330E-3	4.142827E-1	1.130923E+1
1.666797E+3	4.343400E+2	2.669337E+1	4.866308E+0	1.237040E-4	NaN	1.237040E-3	4.138499E-1	1.128994E+1
1.675162E+3	4.347100E+2	2.667065E+1	5.130576E+0	1.259440E-4	NaN	1.259440E-3	4.122941E-1	1.123933E+1
1.678568E+3	4.349900E+2	2.665349E+1	5.097389E+0	1.269280E-4	NaN	1.269280E-3	4.115194E-1	1.121012E+1
1.682005E+3	4.353600E+2	2.663083E+1	5.108875E+0	1.279340E-4	NaN	1.279340E-3	4.109591E-1	1.118681E+1
1.685399E+3	4.356300E+2	2.661433E+1	5.168035E+0	1.288900E-4	NaN	1.288900E-3	4.101182E-1	1.115596E+1
1.688873E+3	4.358900E+2	2.659845E+1	5.191458E+0	1.299040E-4	NaN	1.299040E-3	4.094631E-1	1.113022E+1
1.692458E+3	4.362200E+2	2.657833E+1	5.167652E+0	1.308980E-4	NaN	1.308980E-3	4.090704E-1	1.111182E+1
1.695977E+3	4.365400E+2	2.655885E+1	5.183911E+0	1.318200E-4	NaN	1.318200E-3	4.086817E-1	1.109342E+1
1.699544E+3	4.367700E+2	2.654486E+1	5.184099E+0	1.327270E-4	NaN	1.327270E-3	4.082623E-1	1.107409E+1
1.702991E+3	4.370000E+2	2.653089E+1	5.105429E+0	1.335820E-4	NaN	1.335820E-3	4.080238E-1	1.105971E+1
1.706547E+3	4.373000E+2	2.651269E+1	5.019743E+0	1.344820E-4	NaN	1.344820E-3	4.076856E-1	1.104285E+1
1.710269E+3	4.376200E+2	2.649330E+1	4.894528E+0	1.353760E-4	NaN	1.353760E-3	4.073255E-1	1.102531E+1
1.713870E+3	4.378600E+2	2.647878E+1	4.728168E+0	1.362790E-4	NaN	1.362790E-3	4.068647E-1	1.100489E+1
1.717456E+3	4.381800E+2	2.645945E+1	4.870144E+0	1.371730E-4	NaN	1.371730E-3	4.063646E-1	1.098359E+1
1.721204E+3	4.385100E+2	2.643953E+1	4.809027E+0	1.382310E-4	NaN	1.382310E-3	4.060032E-1	1.096585E+1
1.724801E+3	4.387700E+2	2.642387E+1	4.764282E+0	1.391990E-4	NaN	1.391990E-3	4.055555E-1	1.094564E+1
1.728434E+3	4.391200E+2	2.640281E+1	4.760770E+0	1.402230E-4	NaN	1.402230E-3	4.049682E-1	1.092186E+1
1.732017E+3	4.394000E+2	2.638598E+1	4.795971E+0	1.412090E-4	NaN	1.412090E-3	4.044519E-1	1.089980E+1
1.735674E+3	4.397500E+2	2.636498E+1	4.807508E+0	1.423410E-4	NaN	1.423410E-3	4.028005E-1	1.084835E+1
1.738964E+3	4.400200E+2	2.634880E+1	4.881166E+0	1.433850E-4	NaN	1.433850E-3	4.025531E-1	1.083438E+1
1.742419E+3	4.403500E+2	2.632906E+1	4.979199E+0	1.443940E-4	NaN	1.443940E-3	4.024878E-1	1.082533E+1
1.746013E+3	4.406000E+2	2.631412E+1	5.065548E+0	1.455040E-4	NaN	1.455040E-3	4.022430E-1	1.081151E+1
1.749491E+3	4.413300E+2	2.627059E+1	5.077424E+0	1.464740E-4	NaN	1.464740E-3	4.022347E-1	1.080409E+1
1.758790E+3	4.416700E+2	2.625037E+1	5.372776E+0	1.490600E-4	NaN	1.490600E-3	4.013425E-1	1.077199E+1
1.762224E+3	4.419000E+2	2.623671E+1	5.300424E+0	1.499740E-4	NaN	1.499740E-3	4.013557E-1	1.076432E+1
1.765942E+3	4.422100E+2	2.621831E+1	5.172831E+0	1.510230E-4	NaN	1.510230E-3	4.013219E-1	1.075564E+1
1.769440E+3	4.425300E+2	2.619935E+1	5.077639E+0	1.520860E-4	NaN	1.520860E-3	4.012604E-1	1.074615E+1
1.773257E+3	4.427800E+2	2.618456E+1	5.021550E+0	1.530920E-4	NaN	1.530920E-3	4.011859E-1	1.073623E+1
1.776822E+3	4.431200E+2	2.616447E+1	4.909801E+0	1.540550E-4	NaN	1.540550E-3	4.011105E-1	1.072647E+1
1.780295E+3	4.434000E+2	2.614795E+1	4.854629E+0	1.551560E-4	NaN	1.551560E-3	4.009159E-1	1.071340E+1
1.784010E+3	4.437600E+2	2.612674E+1	4.784872E+0	1.562970E-4	NaN	1.562970E-3	4.008257E-1	1.070310E+1
1.787618E+3	4.440400E+2	2.611026E+1	4.766821E+0	1.575340E-4	NaN	1.575340E-3	4.004203E-1	1.068448E+1
1.790939E+3	4.443200E+2	2.609381E+1	4.730733E+0	1.585950E-4	NaN	1.585950E-3	4.002187E-1	1.067134E+1
1.794332E+3	4.446800E+2	2.607268E+1	4.719707E+0	1.597860E-4	NaN	1.597860E-3	4.001051E-1	1.066058E+1
1.797608E+3	4.449500E+2	2.605686E+1	4.713093E+0	1.609070E-4	NaN	1.609070E-3	3.998000E-1	1.064478E+1
1.801172E+3	4.453000E+2	2.603638E+1	5.107017E+0	1.620730E-4	NaN	1.620730E-3	3.996047E-1	1.063198E+1
1.804563E+3	4.455600E+2	2.602119E+1	5.210280E+0	1.631810E-4	NaN	1.631810E-3	3.994151E-1	1.061921E+1
1.807906E+3	4.458000E+2	2.600718E+1	5.246095E+0	1.641230E-4	NaN	1.641230E-3	3.993671E-1	1.061023E+1
1.811284E+3	4.461100E+2	2.598911E+1	5.241578E+0	1.654020E-4	NaN	1.654020E-3	3.994110E-1	1.060370E+1
1.814662E+3	4.463300E+2	2.597630E+1	5.267955E+0	1.661870E-4	NaN	1.661870E-3	3.985425E-1	1.057384E+1
1.818103E+3	4.465600E+2	2.596292E+1	5.186046E+0	1.670280E-4	NaN	1.670280E-3	3.985113E-1	1.056624E+1
1.821492E+3	4.468700E+2	2.594491E+1	5.086520E+0	1.681940E-4	NaN	1.681940E-3	3.985488E-1	1.056044E+1
1.824900E+3	4.471000E+2	2.593156E+1	4.996325E+0	1.691950E-4	NaN	1.691950E-3	3.986515E-1	1.055625E+1
1.828225E+3	4.473500E+2	2.591707E+1	4.905326E+0	1.701330E-4	NaN	1.701330E-3	3.986277E-1	1.054888E+1
1.831624E+3	4.481100E+2	2.587311E+1	4.788331E+0	1.712300E-4	NaN	1.712300E-3	3.985708E-1	1.054064E+1
1.840785E+3	4.484500E+2	2.585350E+1	5.006388E+0	1.742090E-4	NaN	1.742090E-3	3.976107E-1	1.050759E+1
1.844100E+3	4.487200E+2	2.583794E+1	4.940781E+0	1.755690E-4	NaN	1.755690E-3	3.973807E-1	1.049412E+1
1.847582E+3	4.489800E+2	2.582298E+1	4.894103E+0	1.768460E-4	NaN	1.768460E-3	3.973320E-1	1.048550E+1
1.850769E+3	4.493200E+2	2.580344E+1	4.879706E+0	1.778760E-4	NaN	1.778760E-3	3.974802E-1	1.048210E+1
1.854094E+3	4.495900E+2	2.578794E+1	4.914114E+0	1.791410E-4	NaN	1.791410E-3	3.973479E-1	1.047135E+1
1.857417E+3	4.498400E+2	2.577361E+1	4.926989E+0	1.803280E-4	NaN	1.803280E-3	3.973757E-1	1.046484E+1
1.860886E+3	4.501700E+2	2.575471E+1	4.947836E+0	1.815640E-4	NaN	1.815640E-3	3.973724E-1	1.045774E+1
1.864288E+3	4.504200E+2	2.574042E+1	4.962624E+0	1.827000E-4	NaN	1.827000E-3	3.973655E-1	1.045043E+1
1.867602E+3	4.506600E+2	2.572671E+1	4.923218E+0	1.838180E-4	NaN	1.838180E-3	3.974626E-1	1.044586E+1
1.870958E+3	4.509800E+2	2.570846E+1	4.877828E+0	1.850240E-4	NaN	1.850240E-3	3.976760E-1	1.044433E+1
1.874342E+3	4.512200E+2	2.569478E+1	4.811554E+0	1.863350E-4	NaN	1.863350E-3	3.977072E-1	1.043802E+1
1.877797E+3	4.514700E+2	2.568055E+1	4.672506E+0	1.875040E-4	NaN	1.875040E-3	3.979500E-1	1.043724E+1
1.881102E+3	4.518000E+2	2.566180E+1	4.945950E+0	1.886250E-4	NaN	1.886250E-3	3.982842E-1	1.043876E+1
1.884560E+3	4.520400E+2	2.564817E+1	4.941038E+0	1.897830E-4	NaN	1.897830E-3	3.984057E-1	1.043465E+1
1.887877E+3	4.523600E+2	2.563003E+1	4.899244E+0	1.909410E-4	NaN	1.909410E-3	3.986658E-1	1.043410E+1
1.891323E+3	4.526000E+2	2.561644E+1	4.870105E+0	1.921400E-4	NaN	1.921400E-3	3.988942E-1	1.043249E+1
1.894702E+3	4.528500E+2	2.560230E+1	4.865459E+0	1.933070E-4	NaN	1.933070E-3	3.981615E-1	1.040668E+1
1.898008E+3	4.531800E+2	2.558365E+1	4.845807E+0	1.945270E-4	NaN	1.945270E-3	3.982667E-1	1.040281E+1
1.901583E+3	4.534600E+2	2.556786E+1	4.856679E+0	1.958490E-4	NaN	1.958490E-3	3.983553E-1	1.039838E+1
1.904907E+3	4.537100E+2	2.555377E+1	4.894172E+0	1.971460E-4	NaN	1.971460E-3	3.983773E-1	1.039237E+1
1.908266E+3	4.545800E+2	2.550486E+1	4.898613E+0	1.984130E-4	NaN	1.984130E-3	3.985597E-1	1.039054E+1
1.917636E+3	4.548300E+2	2.549084E+1	5.286708E+0	2.021690E-4	NaN	2.021690E-3	3.976873E-1	1.036005E+1
1.921185E+3	4.550900E+2	2.547628E+1	5.238862E+0	2.035650E-4	NaN	2.035650E-3	3.980245E-1	1.036150E+1
1.924389E+3	4.554400E+2	2.545670E+1	5.159434E+0	2.048210E-4	NaN	2.048210E-3	3.983834E-1	1.036366E+1
1.927883E+3	4.556900E+2	2.544274E+1	5.128127E+0	2.061340E-4	NaN	2.061340E-3	3.987068E-1	1.036466E+1
1.931417E+3	4.560100E+2	2.542488E+1	5.102732E+0	2.074940E-4	NaN	2.074940E-3	3.991889E-1	1.036975E+1
1.934818E+3	4.562600E+2	2.541095E+1	5.066911E+0	2.088820E-4	NaN	2.088820E-3	3.995719E-1	1.037221E+1
1.938119E+3	4.565000E+2	2.539759E+1	5.035741E+0	2.100200E-4	NaN	2.100200E-3	3.999498E-1	1.037466E+1
1.941428E+3	4.568200E+2	2.537980E+1	4.959515E+0	2.113100E-4	NaN	2.113100E-3	4.004183E-1	1.037941E+1
1.944920E+3	4.570500E+2	2.536703E+1	4.881654E+0	2.125200E-4	NaN	2.125200E-3	4.006828E-1	1.037884E+1
1.948201E+3	4.572900E+2	2.535371E+1	4.791388E+0	2.138000E-4	NaN	2.138000E-3	4.009744E-1	1.037910E+1
1.951705E+3	4.576200E+2	2.533543E+1	4.657923E+0	2.151500E-4	NaN	2.151500E-3	4.013985E-1	1.038277E+1
1.955070E+3	4.578500E+2	2.532270E+1	4.496746E+0	2.164300E-4	NaN	2.164300E-3	4.016211E-1	1.038121E+1
1.958448E+3	4.580800E+2	2.530999E+1	4.841845E+0	2.177300E-4	NaN	2.177300E-3	4.019477E-1	1.038236E+1
1.961860E+3	4.583900E+2	2.529287E+1	4.772425E+0	2.190000E-4	NaN	2.190000E-3	4.023111E-1	1.038461E+1
1.965198E+3	4.586200E+2	2.528019E+1	4.711077E+0	2.202200E-4	NaN	2.202200E-3	4.026627E-1	1.038639E+1
1.968580E+3	4.588400E+2	2.526807E+1	4.693693E+0	2.214900E-4	NaN	2.214900E-3	4.029681E-1	1.038708E+1
1.971840E+3	4.591400E+2	2.525156E+1	4.628457E+0	2.226700E-4	NaN	2.226700E-3	4.035301E-1	1.039431E+1
1.975153E+3	4.593700E+2	2.523891E+1	4.633198E+0	2.238900E-4	NaN	2.238900E-3	4.028765E-1	1.037106E+1
1.978330E+3	4.595900E+2	2.522683E+1	4.609177E+0	2.249500E-4	NaN	2.249500E-3	4.031585E-1	1.037190E+1
1.981569E+3	4.598100E+2	2.521476E+1	4.556141E+0	2.261500E-4	NaN	2.261500E-3	4.034949E-1	1.037410E+1
1.984711E+3	4.600200E+2	2.520325E+1	4.536465E+0	2.273000E-4	NaN	2.273000E-3	4.038365E-1	1.037651E+1
1.988043E+3	4.603100E+2	2.518737E+1	4.475131E+0	2.283700E-4	NaN	2.283700E-3	4.041590E-1	1.037855E+1
1.991339E+3	4.608600E+2	2.515731E+1	4.436641E+0	2.295200E-4	NaN	2.295200E-3	4.043967E-1	1.037825E+1
2.000178E+3	4.611500E+2	2.514149E+1	4.662068E+0	2.325600E-4	NaN	2.325600E-3	4.037839E-1	1.035573E+1
2.003499E+3	4.613500E+2	2.513059E+1	4.547006E+0	2.337100E-4	NaN	2.337100E-3	4.038777E-1	1.035141E+1
2.006698E+3	4.615400E+2	2.512025E+1	4.416574E+0	2.348400E-4	NaN	2.348400E-3	4.038996E-1	1.034549E+1
2.010108E+3	4.617900E+2	2.510665E+1	4.321812E+0	2.359900E-4	NaN	2.359900E-3	4.041096E-1	1.034446E+1
2.013390E+3	4.619900E+2	2.509578E+1	4.242551E+0	2.370200E-4	NaN	2.370200E-3	4.042747E-1	1.034227E+1
2.016804E+3	4.621800E+2	2.508546E+1	4.140124E+0	2.380800E-4	NaN	2.380800E-3	4.043319E-1	1.033752E+1
2.020165E+3	4.624300E+2	2.507190E+1	4.057792E+0	2.392300E-4	NaN	2.392300E-3	4.044823E-1	1.033519E+1
2.023431E+3	4.626200E+2	2.506161E+1	3.992654E+0	2.402700E-4	NaN	2.402700E-3	4.044634E-1	1.032864E+1
2.026868E+3	4.628100E+2	2.505132E+1	3.909357E+0	2.417800E-4	NaN	2.417800E-3	4.045346E-1	1.032442E+1
2.030389E+3	4.630400E+2	2.503887E+1	3.797064E+0	2.429400E-4	NaN	2.429400E-3	4.048173E-1	1.032560E+1
2.033779E+3	4.632300E+2	2.502860E+1	3.667227E+0	2.439800E-4	NaN	2.439800E-3	4.051290E-1	1.032753E+1
2.037211E+3	4.634000E+2	2.501942E+1	3.548291E+0	2.450700E-4	NaN	2.450700E-3	4.054100E-1	1.032860E+1
2.040538E+3	4.636400E+2	2.500647E+1	3.700951E+0	2.460600E-4	NaN	2.460600E-3	4.057251E-1	1.033050E+1
2.043777E+3	4.638100E+2	2.499730E+1	3.684455E+0	2.471300E-4	NaN	2.471300E-3	4.058909E-1	1.032856E+1
2.047333E+3	4.640500E+2	2.498438E+1	3.643925E+0	2.482100E-4	NaN	2.482100E-3	4.061833E-1	1.032975E+1
2.050666E+3	4.642200E+2	2.497523E+1	3.614535E+0	2.492700E-4	NaN	2.492700E-3	4.063604E-1	1.032784E+1
2.054236E+3	4.644500E+2	2.496286E+1	3.592390E+0	2.503200E-4	NaN	2.503200E-3	4.052710E-1	1.029478E+1
2.057773E+3	4.646100E+2	2.495426E+1	3.583927E+0	2.513100E-4	NaN	2.513100E-3	4.051198E-1	1.028550E+1
2.061401E+3	4.648300E+2	2.494245E+1	3.527039E+0	2.522000E-4	NaN	2.522000E-3	4.051762E-1	1.028151E+1
2.064991E+3	4.649900E+2	2.493387E+1	3.514159E+0	2.534300E-4	NaN	2.534300E-3	4.052512E-1	1.027791E+1
2.068596E+3	4.652100E+2	2.492208E+1	3.468117E+0	2.543800E-4	NaN	2.543800E-3	4.052171E-1	1.027174E+1
2.072100E+3	4.653800E+2	2.491297E+1	3.427836E+0	2.555300E-4	NaN	2.555300E-3	4.051717E-1	1.026523E+1
2.075706E+3	4.658400E+2	2.488837E+1	3.388685E+0	2.563700E-4	NaN	2.563700E-3	4.053059E-1	1.026323E+1
2.084818E+3	4.660400E+2	2.487769E+1	3.520988E+0	2.590700E-4	NaN	2.590700E-3	4.046529E-1	1.024098E+1
2.088566E+3	4.662400E+2	2.486702E+1	3.378712E+0	2.602300E-4	NaN	2.602300E-3	4.047029E-1	1.023657E+1
2.092083E+3	4.663900E+2	2.485902E+1	3.297438E+0	2.610100E-4	NaN	2.610100E-3	4.048409E-1	1.023430E+1
2.095653E+3	4.666000E+2	2.484784E+1	3.203341E+0	2.603400E-4	NaN	2.603400E-3	4.048474E-1	1.022884E+1
2.099075E+3	4.667400E+2	2.484038E+1	3.159813E+0	2.626200E-4	NaN	2.626200E-3	4.043027E-1	1.020922E+1
2.102500E+3	4.668800E+2	2.483293E+1	3.094503E+0	2.637000E-4	NaN	2.637000E-3	4.044563E-1	1.020731E+1
2.105979E+3	4.670800E+2	2.482230E+1	3.037412E+0	2.648300E-4	NaN	2.648300E-3	4.045209E-1	1.020332E+1
2.109465E+3	4.672100E+2	2.481539E+1	2.981445E+0	2.656000E-4	NaN	2.656000E-3	4.046721E-1	1.020137E+1
2.112860E+3	4.673500E+2	2.480796E+1	2.918653E+0	2.667300E-4	NaN	2.667300E-3	4.046656E-1	1.019557E+1
2.116166E+3	4.675400E+2	2.479788E+1	2.822659E+0	2.676900E-4	NaN	2.676900E-3	4.049037E-1	1.019587E+1
2.119429E+3	4.676700E+2	2.479099E+1	2.757306E+0	2.684500E-4	NaN	2.684500E-3	4.051448E-1	1.019609E+1
2.122853E+3	4.678200E+2	2.478304E+1	2.654838E+0	2.694300E-4	NaN	2.694300E-3	4.052101E-1	1.019200E+1
2.126201E+3	4.679900E+2	2.477403E+1	2.792992E+0	2.703700E-4	NaN	2.703700E-3	4.053801E-1	1.019049E+1
2.129589E+3	4.681200E+2	2.476715E+1	2.771937E+0	2.712000E-4	NaN	2.712000E-3	4.056776E-1	1.019202E+1
2.132958E+3	4.682500E+2	2.476028E+1	2.749896E+0	2.720100E-4	NaN	2.720100E-3	4.039908E-1	1.014507E+1
2.136188E+3	4.683800E+2	2.475341E+1	2.701834E+0	2.727700E-4	NaN	2.727700E-3	4.041923E-1	1.014536E+1
2.139420E+3	4.685500E+2	2.474442E+1	2.680648E+0	2.731700E-4	NaN	2.731700E-3	4.045494E-1	1.014955E+1
2.142849E+3	4.686900E+2	2.473703E+1	2.669959E+0	2.738100E-4	NaN	2.738100E-3	4.043814E-1	1.014070E+1
2.146127E+3	4.688100E+2	2.473070E+1	2.638352E+0	2.751900E-4	NaN	2.751900E-3	4.042470E-1	1.013269E+1
2.149473E+3	4.689800E+2	2.472174E+1	2.624151E+0	2.761400E-4	NaN	2.761400E-3	4.043125E-1	1.012988E+1
2.152815E+3	4.693300E+2	2.470330E+1	2.611009E+0	2.767600E-4	NaN	2.767600E-3	4.045184E-1	1.013054E+1
2.161191E+3	4.694400E+2	2.469751E+1	2.729614E+0	2.788600E-4	NaN	2.788600E-3	4.040667E-1	1.011440E+1
2.164537E+3	4.695600E+2	2.469120E+1	2.661214E+0	2.796500E-4	NaN	2.796500E-3	4.041248E-1	1.011129E+1
2.167730E+3	4.696800E+2	2.468489E+1	2.588489E+0	2.805100E-4	NaN	2.805100E-3	4.043042E-1	1.011122E+1
2.171138E+3	4.698300E+2	2.467701E+1	2.523295E+0	2.816200E-4	NaN	2.816200E-3	4.046582E-1	1.011553E+1
2.174532E+3	4.699500E+2	2.467071E+1	2.490399E+0	2.825300E-4	NaN	2.825300E-3	4.049292E-1	1.011791E+1
2.177923E+3	4.700300E+2	2.466651E+1	2.443913E+0	2.832500E-4	NaN	2.832500E-3	4.054222E-1	1.012584E+1
2.181081E+3	4.700300E+2	2.466651E+1	2.362573E+0	2.839600E-4	NaN	2.839600E-3	4.061822E-1	1.014045E+1
