6/26/2024									
9:21 AM									
slow cooling down 450_2024.06.26_COND_FILE END.txt									
									
Data taken by: Akshat Sharma									
ammeter is Keithley 6517A at GPIB0::27::INSTR									
voltage source is Keithley 6517A at GPIB0::27::INSTR									
temperature controller is Lake Shore 330 at GPIB0::12::INSTR with the settings: control sensor=A;sample sensor=;loop=1									
Readings: 1									
Voltage (V): 100									
Geo Factor: 1000									
Ea Window (pts): 5									
Shut off V when done?: TRUE									
Mconnect?: TRUE									
Use Abs(Cond)?: TRUE									
Rate (K/min): 1									
Heater: High									
DESCRIPTION									
********************
Time (s)	Temperature (K)	1/kT (1/eV)	Rate (K/min)	Current (A)	Current Std Dev/Mean	Conductivity (Ohm-cm)^-1	Ea (eV)	Reduced Ea
1.514000E+0	4.500000E+2	2.576444E+1	-6.406730E-1	1.805860E-4	NaN	1.805860E-3	NaN	NaN
3.241900E+1	4.496700E+2	2.578335E+1	-1.472228E+0	1.793450E-4	NaN	1.793450E-3	NaN	NaN
4.138500E+1	4.494500E+2	2.579597E+1	-1.476534E+0	1.782150E-4	NaN	1.782150E-3	4.605172E-1	1.187552E+1
4.707400E+1	4.493100E+2	2.580401E+1	-1.028571E+0	1.775510E-4	NaN	1.775510E-3	5.341580E-1	1.378314E+1
5.582400E+1	4.491600E+2	2.581263E+1	-6.977556E-1	1.765850E-4	NaN	1.765850E-3	5.172395E-1	1.335378E+1
7.302200E+1	4.489600E+2	2.582413E+1	-8.361398E-1	1.755010E-4	NaN	1.755010E-3	4.861145E-1	1.255556E+1
9.024400E+1	4.487200E+2	2.583794E+1	-1.276256E+0	1.744680E-4	NaN	1.744680E-3	4.643140E-1	1.199645E+1
1.015270E+2	4.484800E+2	2.585177E+1	-1.118620E+0	1.734190E-4	NaN	1.734190E-3	4.567187E-1	1.180483E+1
1.101090E+2	4.483200E+2	2.586099E+1	-1.192843E+0	1.725760E-4	NaN	1.725760E-3	4.819750E-1	1.246397E+1
1.186600E+2	4.481500E+2	2.587080E+1	-8.618331E-1	1.718180E-4	NaN	1.718180E-3	4.972845E-1	1.286634E+1
1.332800E+2	4.479400E+2	2.588293E+1	-8.533030E-1	1.707290E-4	NaN	1.707290E-3	4.791404E-1	1.240202E+1
1.473430E+2	4.477400E+2	2.589449E+1	-1.077568E+0	1.697620E-4	NaN	1.697620E-3	4.700794E-1	1.217274E+1
1.590360E+2	4.475300E+2	2.590664E+1	-1.106136E+0	1.689000E-4	NaN	1.689000E-3	4.578618E-1	1.186153E+1
1.704270E+2	4.473200E+2	2.591881E+1	-9.904431E-1	1.679520E-4	NaN	1.679520E-3	4.629349E-1	1.199794E+1
1.819370E+2	4.471300E+2	2.592982E+1	-9.594030E-1	1.670670E-4	NaN	1.670670E-3	4.721595E-1	1.224302E+1
1.931940E+2	4.469500E+2	2.594026E+1	-9.348442E-1	1.662140E-4	NaN	1.662140E-3	4.597188E-1	1.192604E+1
2.073140E+2	4.467300E+2	2.595304E+1	-1.054482E+0	1.652610E-4	NaN	1.652610E-3	4.582718E-1	1.189325E+1
2.186940E+2	4.465300E+2	2.596466E+1	-9.329648E-1	1.644610E-4	NaN	1.644610E-3	4.535081E-1	1.177473E+1
2.302700E+2	4.463500E+2	2.597513E+1	-1.082381E+0	1.635830E-4	NaN	1.635830E-3	4.588408E-1	1.191888E+1
2.419110E+2	4.461400E+2	2.598736E+1	-1.055780E+0	1.627140E-4	NaN	1.627140E-3	4.729142E-1	1.228962E+1
2.532770E+2	4.459400E+2	2.599901E+1	-9.532215E-1	1.618310E-4	NaN	1.618310E-3	4.599414E-1	1.195817E+1
2.646070E+2	4.457600E+2	2.600951E+1	-1.008121E+0	1.609640E-4	NaN	1.609640E-3	4.570589E-1	1.188858E+1
2.788910E+2	4.455200E+2	2.602352E+1	-9.261641E-1	1.600270E-4	NaN	1.600270E-3	4.406514E-1	1.146692E+1
2.905520E+2	4.453400E+2	2.603404E+1	-1.082381E+0	1.592750E-4	NaN	1.592750E-3	4.316883E-1	1.123834E+1
3.021930E+2	4.451300E+2	2.604632E+1	-9.978118E-1	1.584680E-4	NaN	1.584680E-3	4.422365E-1	1.151844E+1
3.136180E+2	4.449400E+2	2.605745E+1	-9.859033E-1	1.576610E-4	NaN	1.576610E-3	4.437204E-1	1.156261E+1
3.251810E+2	4.447500E+2	2.606858E+1	-1.007768E+0	1.568560E-4	NaN	1.568560E-3	4.503637E-1	1.174109E+1
3.394700E+2	4.445100E+2	2.608265E+1	-1.008582E+0	1.559020E-4	NaN	1.559020E-3	4.528323E-1	1.181044E+1
3.507730E+2	4.443200E+2	2.609381E+1	-1.043751E+0	1.551030E-4	NaN	1.551030E-3	4.609295E-1	1.202680E+1
3.622700E+2	4.441200E+2	2.610556E+1	-1.003256E+0	1.542470E-4	NaN	1.542470E-3	4.679399E-1	1.221569E+1
3.736330E+2	4.439300E+2	2.611673E+1	-9.814050E-1	1.534180E-4	NaN	1.534180E-3	4.656381E-1	1.216126E+1
3.852490E+2	4.437400E+2	2.612791E+1	-9.177501E-1	1.526500E-4	NaN	1.526500E-3	4.521464E-1	1.181442E+1
3.996320E+2	4.435200E+2	2.614087E+1	-1.066531E+0	1.517400E-4	NaN	1.517400E-3	4.442309E-1	1.161247E+1
4.114460E+2	4.433100E+2	2.615326E+1	-9.941571E-1	1.509600E-4	NaN	1.509600E-3	4.402782E-1	1.151418E+1
4.229130E+2	4.431200E+2	2.616447E+1	-1.035465E+0	1.501890E-4	NaN	1.501890E-3	4.433596E-1	1.159997E+1
4.345020E+2	4.429200E+2	2.617628E+1	-9.179771E-1	1.494250E-4	NaN	1.494250E-3	4.408853E-1	1.154064E+1
4.462670E+2	4.427400E+2	2.618693E+1	-1.057082E+0	1.486720E-4	NaN	1.486720E-3	4.371221E-1	1.144719E+1
4.576190E+2	4.425400E+2	2.619876E+1	-1.029689E+0	1.479790E-4	NaN	1.479790E-3	4.377064E-1	1.146775E+1
4.692730E+2	4.423400E+2	2.621061E+1	-1.088365E+0	1.471820E-4	NaN	1.471820E-3	4.444088E-1	1.164803E+1
4.808500E+2	4.421300E+2	2.622306E+1	-9.338521E-1	1.463750E-4	NaN	1.463750E-3	4.500789E-1	1.180273E+1
4.924150E+2	4.419500E+2	2.623374E+1	-1.036699E+0	1.456170E-4	NaN	1.456170E-3	4.489007E-1	1.177688E+1
5.068840E+2	4.417000E+2	2.624859E+1	-8.919983E-1	1.447140E-4	NaN	1.447140E-3	4.483982E-1	1.176879E+1
5.183190E+2	4.415300E+2	2.625869E+1	-1.003521E+0	1.440320E-4	NaN	1.440320E-3	4.449876E-1	1.168422E+1
5.296790E+2	4.413400E+2	2.627000E+1	-9.885536E-1	1.433050E-4	NaN	1.433050E-3	4.417553E-1	1.160538E+1
5.412110E+2	4.411500E+2	2.628131E+1	-1.063924E+0	1.425810E-4	NaN	1.425810E-3	4.374646E-1	1.149783E+1
5.524900E+2	4.409500E+2	2.629323E+1	-9.778912E-1	1.418950E-4	NaN	1.418950E-3	4.393698E-1	1.155298E+1
5.666020E+2	4.407200E+2	2.630695E+1	-1.024590E+0	1.410040E-4	NaN	1.410040E-3	4.346474E-1	1.143410E+1
5.783140E+2	4.405200E+2	2.631890E+1	-1.156880E+0	1.402500E-4	NaN	1.402500E-3	4.430157E-1	1.165934E+1
5.897240E+2	4.403000E+2	2.633205E+1	-9.475347E-1	1.395070E-4	NaN	1.395070E-3	4.479120E-1	1.179339E+1
6.011220E+2	4.401200E+2	2.634282E+1	-8.799931E-1	1.387800E-4	NaN	1.387800E-3	4.534769E-1	1.194611E+1
6.127130E+2	4.399500E+2	2.635299E+1	-1.030857E+0	1.381080E-4	NaN	1.381080E-3	4.588872E-1	1.209381E+1
6.272640E+2	4.397000E+2	2.636798E+1	-9.619789E-1	1.371980E-4	NaN	1.371980E-3	4.530157E-1	1.194443E+1
6.359960E+2	4.395600E+2	2.637638E+1	-1.009039E+0	1.366900E-4	NaN	1.366900E-3	4.519675E-1	1.192189E+1
6.502670E+2	4.393200E+2	2.639079E+1	-9.711219E-1	1.357780E-4	NaN	1.357780E-3	4.520779E-1	1.193074E+1
6.620060E+2	4.391300E+2	2.640220E+1	-1.021016E+0	1.350770E-4	NaN	1.350770E-3	4.491966E-1	1.185942E+1
6.737590E+2	4.389300E+2	2.641423E+1	-1.020235E+0	1.343730E-4	NaN	1.343730E-3	4.454383E-1	1.176618E+1
6.855210E+2	4.387300E+2	2.642628E+1	-1.072614E+0	1.336530E-4	NaN	1.336530E-3	4.468163E-1	1.180782E+1
6.972680E+2	4.385200E+2	2.643893E+1	-1.032258E+0	1.328890E-4	NaN	1.328890E-3	4.550154E-1	1.202967E+1
7.088930E+2	4.383200E+2	2.645099E+1	-9.207946E-1	1.321690E-4	NaN	1.321690E-3	4.579543E-1	1.211262E+1
7.206220E+2	4.381400E+2	2.646186E+1	-9.227614E-1	1.314860E-4	NaN	1.314860E-3	4.410393E-1	1.167183E+1
7.323260E+2	4.379600E+2	2.647274E+1	-1.092970E+0	1.308460E-4	NaN	1.308460E-3	4.399755E-1	1.164810E+1
7.471480E+2	4.376900E+2	2.648907E+1	-8.788732E-1	1.300030E-4	NaN	1.300030E-3	4.329195E-1	1.146667E+1
7.560230E+2	4.375600E+2	2.649694E+1	-1.074454E+0	1.294720E-4	NaN	1.294720E-3	4.431007E-1	1.174127E+1
7.705420E+2	4.373000E+2	2.651269E+1	-8.718694E-1	1.286200E-4	NaN	1.286200E-3	4.507516E-1	1.195022E+1
7.822410E+2	4.371300E+2	2.652300E+1	-1.041395E+0	1.279660E-4	NaN	1.279660E-3	4.440813E-1	1.177795E+1
7.937640E+2	4.369300E+2	2.653514E+1	-1.028366E+0	1.273200E-4	NaN	1.273200E-3	4.478843E-1	1.188524E+1
8.054330E+2	4.367300E+2	2.654729E+1	-1.047469E+0	1.266170E-4	NaN	1.266170E-3	4.392562E-1	1.166121E+1
8.174620E+2	4.365200E+2	2.656007E+1	-1.047395E+0	1.259000E-4	NaN	1.259000E-3	4.459723E-1	1.184465E+1
8.289190E+2	4.363200E+2	2.657224E+1	-9.497845E-1	1.252450E-4	NaN	1.252450E-3	4.486483E-1	1.192084E+1
8.402900E+2	4.361400E+2	2.658321E+1	-9.208731E-1	1.246050E-4	NaN	1.246050E-3	4.456265E-1	1.184693E+1
8.520180E+2	4.359600E+2	2.659418E+1	-1.057604E+0	1.239770E-4	NaN	1.239770E-3	4.523704E-1	1.203149E+1
8.662010E+2	4.357100E+2	2.660944E+1	-9.069533E-1	1.231810E-4	NaN	1.231810E-3	4.458188E-1	1.186235E+1
8.781090E+2	4.355300E+2	2.662044E+1	-1.096319E+0	1.225170E-4	NaN	1.225170E-3	4.476316E-1	1.191561E+1
8.896020E+2	4.353200E+2	2.663328E+1	-9.256878E-1	1.218600E-4	NaN	1.218600E-3	4.519117E-1	1.203560E+1
9.012690E+2	4.351400E+2	2.664430E+1	-1.020956E+0	1.212300E-4	NaN	1.212300E-3	4.375130E-1	1.165755E+1
9.124350E+2	4.349500E+2	2.665594E+1	-1.147626E+0	1.206050E-4	NaN	1.206050E-3	4.449266E-1	1.186039E+1
9.239370E+2	4.347300E+2	2.666943E+1	-9.328842E-1	1.199430E-4	NaN	1.199430E-3	4.402827E-1	1.174148E+1
9.355140E+2	4.345500E+2	2.668047E+1	-1.004051E+0	1.192950E-4	NaN	1.192950E-3	4.455337E-1	1.188732E+1
9.468680E+2	4.343600E+2	2.669214E+1	-9.271701E-1	1.187080E-4	NaN	1.187080E-3	4.417007E-1	1.179102E+1
9.617520E+2	4.341300E+2	2.670629E+1	-1.081731E+0	1.179420E-4	NaN	1.179420E-3	4.335981E-1	1.157964E+1
9.734000E+2	4.339200E+2	2.671921E+1	-1.008488E+0	1.173320E-4	NaN	1.173320E-3	4.441792E-1	1.186723E+1
9.852990E+2	4.337200E+2	2.673153E+1	-9.207946E-1	1.166790E-4	NaN	1.166790E-3	4.430087E-1	1.184183E+1
9.970280E+2	4.335400E+2	2.674263E+1	-1.013257E+0	1.160470E-4	NaN	1.160470E-3	4.482768E-1	1.198833E+1
1.008871E+3	4.333400E+2	2.675497E+1	-9.803922E-1	1.154600E-4	NaN	1.154600E-3	4.374405E-1	1.170403E+1
1.020499E+3	4.331500E+2	2.676671E+1	-1.101591E+0	1.148590E-4	NaN	1.148590E-3	4.357418E-1	1.166348E+1
1.031937E+3	4.329400E+2	2.677969E+1	-9.729453E-1	1.142310E-4	NaN	1.142310E-3	4.463903E-1	1.195386E+1
1.043654E+3	4.327500E+2	2.679145E+1	-9.884679E-1	1.136000E-4	NaN	1.136000E-3	4.447085E-1	1.191426E+1
1.055187E+3	4.325600E+2	2.680322E+1	-1.019975E+0	1.129980E-4	NaN	1.129980E-3	4.453671E-1	1.193803E+1
1.066952E+3	4.323600E+2	2.681562E+1	-9.602004E-1	1.124090E-4	NaN	1.124090E-3	4.428578E-1	1.187594E+1
1.081324E+3	4.321300E+2	2.682989E+1	-9.987734E-1	1.116920E-4	NaN	1.116920E-3	4.423191E-1	1.186676E+1
1.092738E+3	4.319400E+2	2.684169E+1	-1.035107E+0	1.110900E-4	NaN	1.110900E-3	4.444482E-1	1.192936E+1
1.104331E+3	4.317400E+2	2.685413E+1	-9.843710E-1	1.104970E-4	NaN	1.104970E-3	4.452879E-1	1.195822E+1
1.115912E+3	4.315500E+2	2.686595E+1	-9.655751E-1	1.099220E-4	NaN	1.099220E-3	4.403380E-1	1.183085E+1
1.130204E+3	4.313200E+2	2.688027E+1	-1.101014E+0	1.092020E-4	NaN	1.092020E-3	4.409582E-1	1.185294E+1
1.141648E+3	4.311100E+2	2.689337E+1	-1.070186E+0	1.086060E-4	NaN	1.086060E-3	4.472245E-1	1.202649E+1
1.152861E+3	4.309100E+2	2.690585E+1	-9.268000E-1	1.080030E-4	NaN	1.080030E-3	4.543350E-1	1.222331E+1
1.164514E+3	4.307300E+2	2.691709E+1	-8.945014E-1	1.074130E-4	NaN	1.074130E-3	4.479577E-1	1.205842E+1
1.175917E+3	4.305600E+2	2.692772E+1	-1.060370E+0	1.068840E-4	NaN	1.068840E-3	4.413275E-1	1.188523E+1
1.190063E+3	4.303100E+2	2.694337E+1	-9.251328E-1	1.062260E-4	NaN	1.062260E-3	4.347417E-1	1.171259E+1
1.201737E+3	4.301300E+2	2.695464E+1	-1.006534E+0	1.056700E-4	NaN	1.056700E-3	4.350782E-1	1.172676E+1
1.213063E+3	4.299400E+2	2.696655E+1	-1.039681E+0	1.051090E-4	NaN	1.051090E-3	4.480181E-1	1.208182E+1
1.224605E+3	4.297400E+2	2.697910E+1	-9.820813E-1	1.045420E-4	NaN	1.045420E-3	4.498326E-1	1.213575E+1
1.236213E+3	4.295500E+2	2.699104E+1	-9.569378E-1	1.039690E-4	NaN	1.039690E-3	4.439469E-1	1.198351E+1
1.247499E+3	4.293700E+2	2.700235E+1	-1.122739E+0	1.034200E-4	NaN	1.034200E-3	4.415540E-1	1.192443E+1
1.261928E+3	4.291000E+2	2.701934E+1	-1.009475E+0	1.026940E-4	NaN	1.026940E-3	4.385724E-1	1.184885E+1
1.273221E+3	4.289100E+2	2.703131E+1	-9.702128E-1	1.021470E-4	NaN	1.021470E-3	4.439054E-1	1.199782E+1
1.284971E+3	4.287200E+2	2.704329E+1	-8.780236E-1	1.015940E-4	NaN	1.015940E-3	4.485495E-1	1.213028E+1
1.296588E+3	4.285500E+2	2.705402E+1	-1.075544E+0	1.010750E-4	NaN	1.010750E-3	4.461651E-1	1.207122E+1
1.308303E+3	4.283400E+2	2.706728E+1	-9.967649E-1	1.005260E-4	NaN	1.005260E-3	4.491674E-1	1.215754E+1
1.319740E+3	4.281500E+2	2.707929E+1	-9.486999E-1	9.997500E-5	NaN	9.997500E-4	4.415060E-1	1.195611E+1
1.331124E+3	4.279700E+2	2.709068E+1	-1.046974E+0	9.943200E-5	NaN	9.943200E-4	4.476371E-1	1.212779E+1
1.345451E+3	4.277200E+2	2.710652E+1	-9.188361E-1	9.878600E-5	NaN	9.878600E-4	4.391609E-1	1.190364E+1
1.357205E+3	4.275400E+2	2.711793E+1	-1.131202E+0	9.825800E-5	NaN	9.825800E-4	4.397240E-1	1.192412E+1
1.368874E+3	4.273200E+2	2.713189E+1	-1.006623E+0	9.768500E-5	NaN	9.768500E-4	4.551654E-1	1.234898E+1
1.380199E+3	4.271300E+2	2.714396E+1	-9.476178E-1	9.712900E-5	NaN	9.712900E-4	4.494275E-1	1.219880E+1
1.391596E+3	4.269500E+2	2.715540E+1	-1.045114E+0	9.659600E-5	NaN	9.659600E-4	4.573452E-1	1.242004E+1
1.403078E+3	4.267500E+2	2.716813E+1	-8.673505E-1	9.609500E-5	NaN	9.609500E-4	4.512626E-1	1.226026E+1
1.417605E+3	4.265400E+2	2.718151E+1	-9.930314E-1	9.547600E-5	NaN	9.547600E-4	4.385085E-1	1.191935E+1
1.429085E+3	4.263500E+2	2.719362E+1	-1.151431E+0	9.497100E-5	NaN	9.497100E-4	4.454474E-1	1.211341E+1
1.440549E+3	4.261300E+2	2.720766E+1	-9.204807E-1	9.443500E-5	NaN	9.443500E-4	4.360673E-1	1.186388E+1
1.452282E+3	4.259500E+2	2.721916E+1	-1.047395E+0	9.390200E-5	NaN	9.390200E-4	4.445339E-1	1.209953E+1
1.463739E+3	4.257500E+2	2.723194E+1	-9.251328E-1	9.340600E-5	NaN	9.340600E-4	4.445922E-1	1.210820E+1
1.475413E+3	4.255700E+2	2.724346E+1	-1.098901E+0	9.289500E-5	NaN	9.289500E-4	4.398189E-1	1.198357E+1
1.490155E+3	4.253000E+2	2.726076E+1	-9.932130E-1	9.222600E-5	NaN	9.222600E-4	4.453501E-1	1.213909E+1
1.502237E+3	4.251000E+2	2.727358E+1	-9.720272E-1	9.168100E-5	NaN	9.168100E-4	4.405874E-1	1.201470E+1
1.511496E+3	4.249500E+2	2.728321E+1	-1.011804E+0	9.128200E-5	NaN	9.128200E-4	4.514537E-1	1.231792E+1
1.523949E+3	4.247400E+2	2.729670E+1	-9.252496E-1	9.075600E-5	NaN	9.075600E-4	4.417061E-1	1.205782E+1
1.536270E+3	4.245500E+2	2.730892E+1	-1.086330E+0	9.022900E-5	NaN	9.022900E-4	4.423021E-1	1.207898E+1
1.548421E+3	4.243300E+2	2.732307E+1	-9.455873E-1	8.970800E-5	NaN	8.970800E-4	4.462831E-1	1.219349E+1
1.560477E+3	4.241400E+2	2.733531E+1	-9.733939E-1	8.919900E-5	NaN	8.919900E-4	4.454400E-1	1.217606E+1
1.572805E+3	4.239400E+2	2.734821E+1	-1.002423E+0	8.867900E-5	NaN	8.867900E-4	4.433161E-1	1.212457E+1
1.584776E+3	4.237400E+2	2.736112E+1	-1.154039E+0	8.816900E-5	NaN	8.816900E-4	4.384841E-1	1.199790E+1
1.596734E+3	4.235100E+2	2.737598E+1	-9.887122E-1	8.763400E-5	NaN	8.763400E-4	4.354700E-1	1.192081E+1
1.608871E+3	4.233100E+2	2.738891E+1	-9.473159E-1	8.711200E-5	NaN	8.711200E-4	4.416800E-1	1.209620E+1
1.620905E+3	4.231200E+2	2.740121E+1	-8.967121E-1	8.665300E-5	NaN	8.665300E-4	4.520582E-1	1.238663E+1
1.632949E+3	4.229400E+2	2.741287E+1	-9.604044E-1	8.617900E-5	NaN	8.617900E-4	4.487927E-1	1.230316E+1
1.644819E+3	4.227500E+2	2.742519E+1	-1.051314E+0	8.570300E-5	NaN	8.570300E-4	4.458849E-1	1.222929E+1
1.656804E+3	4.225400E+2	2.743882E+1	-1.072249E+0	8.519300E-5	NaN	8.519300E-4	4.419669E-1	1.212720E+1
1.668555E+3	4.223300E+2	2.745247E+1	-9.887937E-1	8.469100E-5	NaN	8.469100E-4	4.458323E-1	1.223857E+1
1.680691E+3	4.221300E+2	2.746547E+1	-9.271182E-1	8.419100E-5	NaN	8.419100E-4	4.496585E-1	1.234975E+1
1.692340E+3	4.219500E+2	2.747719E+1	-1.052104E+0	8.373600E-5	NaN	8.373600E-4	4.487534E-1	1.233116E+1
1.704316E+3	4.217400E+2	2.749087E+1	-1.079877E+0	8.323100E-5	NaN	8.323100E-4	4.537202E-1	1.247313E+1
1.715984E+3	4.215300E+2	2.750457E+1	-9.275163E-1	8.273600E-5	NaN	8.273600E-4	4.586600E-1	1.261439E+1
1.727628E+3	4.213500E+2	2.751632E+1	-9.409046E-1	8.225300E-5	NaN	8.225300E-4	4.512215E-1	1.241620E+1
1.739744E+3	4.211600E+2	2.752873E+1	-1.037293E+0	8.178400E-5	NaN	8.178400E-4	4.478505E-1	1.232930E+1
1.751891E+3	4.209500E+2	2.754246E+1	-9.330496E-1	8.134100E-5	NaN	8.134100E-4	4.333193E-1	1.193481E+1
1.764109E+3	4.207600E+2	2.755490E+1	-1.094255E+0	8.086700E-5	NaN	8.086700E-4	4.386614E-1	1.208740E+1
1.776172E+3	4.205400E+2	2.756932E+1	-9.584665E-1	8.038200E-5	NaN	8.038200E-4	4.502399E-1	1.241306E+1
1.788066E+3	4.203500E+2	2.758178E+1	-9.928980E-1	7.990500E-5	NaN	7.990500E-4	4.463451E-1	1.231180E+1
1.802569E+3	4.201100E+2	2.759753E+1	-1.071342E+0	7.934300E-5	NaN	7.934300E-4	4.506495E-1	1.243611E+1
1.814890E+3	4.198900E+2	2.761199E+1	-1.053787E+0	7.884800E-5	NaN	7.884800E-4	4.473199E-1	1.234980E+1
1.824000E+3	4.197300E+2	2.762252E+1	-1.006880E+0	7.846500E-5	NaN	7.846500E-4	4.516943E-1	1.247710E+1
1.835918E+3	4.195300E+2	2.763569E+1	-9.528586E-1	7.799800E-5	NaN	7.799800E-4	4.532068E-1	1.252575E+1
1.847882E+3	4.193400E+2	2.764821E+1	-9.572559E-1	7.755200E-5	NaN	7.755200E-4	4.533261E-1	1.253433E+1
1.862925E+3	4.191000E+2	2.766404E+1	-9.503168E-1	7.701100E-5	NaN	7.701100E-4	4.579300E-1	1.266677E+1
1.874921E+3	4.189100E+2	2.767659E+1	-9.869503E-1	7.656000E-5	NaN	7.656000E-4	4.623906E-1	1.279604E+1
1.884040E+3	4.187600E+2	2.768650E+1	-9.921455E-1	7.619700E-5	NaN	7.619700E-4	4.527563E-1	1.253728E+1
1.896135E+3	4.185600E+2	2.769973E+1	-1.069665E+0	7.573300E-5	NaN	7.573300E-4	4.410776E-1	1.221945E+1
1.910719E+3	4.183000E+2	2.771695E+1	-1.013770E+0	7.519600E-5	NaN	7.519600E-4	4.403966E-1	1.220466E+1
1.922556E+3	4.181000E+2	2.773021E+1	-9.402283E-1	7.475800E-5	NaN	7.475800E-4	4.516389E-1	1.252196E+1
1.931490E+3	4.179600E+2	2.773950E+1	-9.912440E-1	7.441700E-5	NaN	7.441700E-4	4.653502E-1	1.290961E+1
1.943596E+3	4.177600E+2	2.775278E+1	-9.917355E-1	7.394100E-5	NaN	7.394100E-4	4.491944E-1	1.246770E+1
1.955696E+3	4.175600E+2	2.776607E+1	-1.088032E+0	7.351300E-5	NaN	7.351300E-4	4.416010E-1	1.226174E+1
1.967828E+3	4.173400E+2	2.778071E+1	-9.109069E-1	7.308600E-5	NaN	7.308600E-4	4.396597E-1	1.221336E+1
1.980343E+3	4.171500E+2	2.779336E+1	-9.754428E-1	7.264100E-5	NaN	7.264100E-4	4.498812E-1	1.250412E+1
1.992030E+3	4.169600E+2	2.780602E+1	-9.966777E-1	7.222600E-5	NaN	7.222600E-4	4.603070E-1	1.279978E+1
2.007080E+3	4.167100E+2	2.782271E+1	-1.012829E+0	7.167900E-5	NaN	7.167900E-4	4.446650E-1	1.237068E+1
2.015966E+3	4.165600E+2	2.783273E+1	-1.139798E+0	7.135000E-5	NaN	7.135000E-4	4.506028E-1	1.254155E+1
2.027547E+3	4.163400E+2	2.784743E+1	-8.959681E-1	7.092700E-5	NaN	7.092700E-4	4.499254E-1	1.253008E+1
2.039601E+3	4.161600E+2	2.785948E+1	-1.036986E+0	7.048500E-5	NaN	7.048500E-4	4.509915E-1	1.256525E+1
2.054066E+3	4.159100E+2	2.787622E+1	-9.977551E-1	6.997800E-5	NaN	6.997800E-4	4.497535E-1	1.253714E+1
2.066093E+3	4.157100E+2	2.788963E+1	-1.050000E+0	6.955700E-5	NaN	6.955700E-4	4.428574E-1	1.235035E+1
2.078093E+3	4.155000E+2	2.790373E+1	-9.496834E-1	6.914100E-5	NaN	6.914100E-4	4.463588E-1	1.245474E+1
2.090097E+3	4.153100E+2	2.791650E+1	-1.000000E+0	6.872100E-5	NaN	6.872100E-4	4.552973E-1	1.270996E+1
2.102097E+3	4.151100E+2	2.792995E+1	-9.011264E-1	6.832300E-5	NaN	6.832300E-4	4.569708E-1	1.276334E+1
2.114082E+3	4.149300E+2	2.794206E+1	-1.077815E+0	6.791400E-5	NaN	6.791400E-4	4.499150E-1	1.257241E+1
2.126329E+3	4.147100E+2	2.795689E+1	-1.029160E+0	6.748500E-5	NaN	6.748500E-4	4.522165E-1	1.264200E+1
2.138572E+3	4.145000E+2	2.797105E+1	-9.944751E-1	6.706100E-5	NaN	6.706100E-4	4.453975E-1	1.245722E+1
2.147622E+3	4.143500E+2	2.798118E+1	-1.099267E+0	6.674100E-5	NaN	6.674100E-4	4.603901E-1	1.288293E+1
2.159630E+3	4.141300E+2	2.799604E+1	-9.110080E-1	6.630800E-5	NaN	6.630800E-4	4.672440E-1	1.308087E+1
2.171485E+3	4.139500E+2	2.800821E+1	-9.526993E-1	6.590100E-5	NaN	6.590100E-4	4.629233E-1	1.296619E+1
2.183451E+3	4.137600E+2	2.802108E+1	-9.626955E-1	6.551200E-5	NaN	6.551200E-4	4.572575E-1	1.281425E+1
2.198409E+3	4.135200E+2	2.803734E+1	-1.049038E+0	6.504200E-5	NaN	6.504200E-4	4.492348E-1	1.259499E+1
2.210420E+3	4.133100E+2	2.805158E+1	-1.000083E+0	6.463600E-5	NaN	6.463600E-4	4.481342E-1	1.256935E+1
2.222419E+3	4.131100E+2	2.806516E+1	-1.020871E+0	6.422800E-5	NaN	6.422800E-4	4.597541E-1	1.290249E+1
2.231235E+3	4.129600E+2	2.807536E+1	-9.246851E-1	6.394100E-5	NaN	6.394100E-4	4.586216E-1	1.287769E+1
2.246159E+3	4.127300E+2	2.809100E+1	-1.116185E+0	6.345400E-5	NaN	6.345400E-4	4.536168E-1	1.274330E+1
2.257985E+3	4.125100E+2	2.810599E+1	-1.057668E+0	6.305200E-5	NaN	6.305200E-4	4.532425E-1	1.273750E+1
2.269898E+3	4.123000E+2	2.812030E+1	-1.007839E+0	6.264500E-5	NaN	6.264500E-4	4.524213E-1	1.272066E+1
2.278828E+3	4.121500E+2	2.813053E+1	-9.466080E-1	6.234800E-5	NaN	6.234800E-4	4.602597E-1	1.294855E+1
2.290871E+3	4.119600E+2	2.814351E+1	-9.570014E-1	6.196600E-5	NaN	6.196600E-4	4.588204E-1	1.291446E+1
2.305918E+3	4.117200E+2	2.815991E+1	-9.789525E-1	6.151200E-5	NaN	6.151200E-4	4.582112E-1	1.290251E+1
2.318176E+3	4.115200E+2	2.817360E+1	-9.752759E-1	6.113100E-5	NaN	6.113100E-4	4.553204E-1	1.282736E+1
2.329865E+3	4.113300E+2	2.818661E+1	-1.050613E+0	6.075900E-5	NaN	6.075900E-4	4.575720E-1	1.289776E+1
2.341858E+3	4.111200E+2	2.820101E+1	-9.888752E-1	6.036900E-5	NaN	6.036900E-4	4.525354E-1	1.276214E+1
2.353993E+3	4.109200E+2	2.821474E+1	-1.056515E+0	5.998800E-5	NaN	5.998800E-4	4.522306E-1	1.275957E+1
2.365919E+3	4.107100E+2	2.822916E+1	-1.011037E+0	5.961400E-5	NaN	5.961400E-4	4.510828E-1	1.273293E+1
2.377788E+3	4.105100E+2	2.824292E+1	-1.094891E+0	5.922700E-5	NaN	5.922700E-4	4.575084E-1	1.292096E+1
2.386556E+3	4.103500E+2	2.825393E+1	-9.219669E-1	5.894700E-5	NaN	5.894700E-4	4.640262E-1	1.311163E+1
2.401524E+3	4.101200E+2	2.826977E+1	-9.486561E-1	5.849500E-5	NaN	5.849500E-4	4.606083E-1	1.302123E+1
2.413541E+3	4.099300E+2	2.828288E+1	-9.712667E-1	5.814700E-5	NaN	5.814700E-4	4.506696E-1	1.274638E+1
2.425896E+3	4.097300E+2	2.829668E+1	-1.092715E+0	5.778900E-5	NaN	5.778900E-4	4.428878E-1	1.253188E+1
2.437976E+3	4.095100E+2	2.831188E+1	-9.202454E-1	5.742800E-5	NaN	5.742800E-4	4.444121E-1	1.258140E+1
2.447104E+3	4.093700E+2	2.832157E+1	-9.950249E-1	5.715500E-5	NaN	5.715500E-4	4.493599E-1	1.272793E+1
2.461576E+3	4.091300E+2	2.833818E+1	-1.005446E+0	5.673300E-5	NaN	5.673300E-4	4.558214E-1	1.291753E+1
2.473511E+3	4.089300E+2	2.835204E+1	-1.082381E+0	5.637800E-5	NaN	5.637800E-4	4.521005E-1	1.281766E+1
2.485152E+3	4.087200E+2	2.836661E+1	-1.070064E+0	5.600600E-5	NaN	5.600600E-4	4.570605E-1	1.296463E+1
2.496927E+3	4.085100E+2	2.838119E+1	-9.784935E-1	5.563600E-5	NaN	5.563600E-4	4.621104E-1	1.311467E+1
2.506738E+3	4.083500E+2	2.839231E+1	-9.025507E-1	5.534400E-5	NaN	5.534400E-4	4.631794E-1	1.315166E+1
2.522028E+3	4.081200E+2	2.840831E+1	-9.703779E-1	5.493100E-5	NaN	5.493100E-4	4.626507E-1	1.314307E+1
2.533776E+3	4.079300E+2	2.842154E+1	-1.011037E+0	5.460400E-5	NaN	5.460400E-4	4.544193E-1	1.291537E+1
2.545645E+3	4.077300E+2	2.843548E+1	-1.090819E+0	5.425400E-5	NaN	5.425400E-4	4.531547E-1	1.288542E+1
2.557746E+3	4.075100E+2	2.845084E+1	-9.546033E-1	5.389300E-5	NaN	5.389300E-4	4.546948E-1	1.293522E+1
2.567174E+3	4.073600E+2	2.846131E+1	-9.876543E-1	5.362200E-5	NaN	5.362200E-4	4.569910E-1	1.300776E+1
2.579324E+3	4.071600E+2	2.847529E+1	-9.656005E-1	5.328400E-5	NaN	5.328400E-4	4.597595E-1	1.309344E+1
2.594237E+3	4.069200E+2	2.849209E+1	-1.064369E+0	5.287300E-5	NaN	5.287300E-4	4.590066E-1	1.307752E+1
2.606075E+3	4.067100E+2	2.850680E+1	-1.014799E+0	5.252100E-5	NaN	5.252100E-4	4.595389E-1	1.309854E+1
2.617900E+3	4.065100E+2	2.852082E+1	-1.054829E+0	5.217600E-5	NaN	5.217600E-4	4.607989E-1	1.314149E+1
2.627001E+3	4.063500E+2	2.853205E+1	-9.799118E-1	5.191400E-5	NaN	5.191400E-4	4.593271E-1	1.310696E+1
2.639247E+3	4.061500E+2	2.854610E+1	-9.585303E-1	5.157300E-5	NaN	5.157300E-4	4.557739E-1	1.301175E+1
2.654270E+3	4.059100E+2	2.856298E+1	-9.591116E-1	5.118300E-5	NaN	5.118300E-4	4.524743E-1	1.292334E+1
2.666156E+3	4.057200E+2	2.857636E+1	-1.047382E+0	5.087400E-5	NaN	5.087400E-4	4.568267E-1	1.305393E+1
2.678186E+3	4.055100E+2	2.859116E+1	-9.506338E-1	5.054300E-5	NaN	5.054300E-4	4.648526E-1	1.329059E+1
2.690178E+3	4.053200E+2	2.860456E+1	-1.058023E+0	5.020600E-5	NaN	5.020600E-4	4.750633E-1	1.358913E+1
2.702087E+3	4.051100E+2	2.861939E+1	-9.900173E-1	4.986100E-5	NaN	4.986100E-4	4.786344E-1	1.369743E+1
2.714208E+3	4.049100E+2	2.863352E+1	-1.016375E+0	4.951500E-5	NaN	4.951500E-4	4.640396E-1	1.328697E+1
2.723063E+3	4.047600E+2	2.864413E+1	-1.016811E+0	4.927800E-5	NaN	4.927800E-4	4.575301E-1	1.310739E+1
2.737815E+3	4.045100E+2	2.866184E+1	-9.788727E-1	4.889500E-5	NaN	4.889500E-4	4.540153E-1	1.301260E+1
2.750074E+3	4.043100E+2	2.867602E+1	-9.583053E-1	4.857600E-5	NaN	4.857600E-4	4.622752E-1	1.325496E+1
2.761970E+3	4.041200E+2	2.868950E+1	-9.521423E-1	4.826900E-5	NaN	4.826900E-4	4.616809E-1	1.324579E+1
2.773943E+3	4.039300E+2	2.870299E+1	-1.072647E+0	4.795600E-5	NaN	4.795600E-4	4.673186E-1	1.341382E+1
2.786249E+3	4.037100E+2	2.871863E+1	-9.029345E-1	4.763800E-5	NaN	4.763800E-4	4.707894E-1	1.351998E+1
2.798210E+3	4.035300E+2	2.873144E+1	-1.036184E+0	4.732200E-5	NaN	4.732200E-4	4.684604E-1	1.345926E+1
2.810370E+3	4.033200E+2	2.874640E+1	-1.114876E+0	4.699000E-5	NaN	4.699000E-4	4.793358E-1	1.377864E+1
2.819519E+3	4.031500E+2	2.875853E+1	-9.559748E-1	4.674000E-5	NaN	4.674000E-4	4.671316E-1	1.343439E+1
2.831444E+3	4.029600E+2	2.877209E+1	-1.029580E+0	4.641900E-5	NaN	4.641900E-4	4.625840E-1	1.331108E+1
2.843682E+3	4.027500E+2	2.878709E+1	-9.678070E-1	4.611300E-5	NaN	4.611300E-4	4.589370E-1	1.321146E+1
2.858561E+3	4.025100E+2	2.880425E+1	-9.509721E-1	4.575500E-5	NaN	4.575500E-4	4.468088E-1	1.286827E+1
2.868025E+3	4.023600E+2	2.881499E+1	-9.967605E-1	4.553600E-5	NaN	4.553600E-4	4.487045E-1	1.292964E+1
2.880064E+3	4.021600E+2	2.882932E+1	-9.958506E-1	4.525000E-5	NaN	4.525000E-4	4.516016E-1	1.302095E+1
2.892114E+3	4.019600E+2	2.884367E+1	-1.007997E+0	4.495400E-5	NaN	4.495400E-4	4.557717E-1	1.314639E+1
2.906995E+3	4.017100E+2	2.886162E+1	-1.037950E+0	4.458400E-5	NaN	4.458400E-4	4.623960E-1	1.334401E+1
2.916244E+3	4.015500E+2	2.887312E+1	-1.049738E+0	4.434800E-5	NaN	4.434800E-4	4.665237E-1	1.347019E+1
2.928247E+3	4.013400E+2	2.888822E+1	-1.039776E+0	4.403300E-5	NaN	4.403300E-4	4.680025E-1	1.352026E+1
2.940365E+3	4.011300E+2	2.890335E+1	-9.590309E-1	4.372000E-5	NaN	4.372000E-4	4.698599E-1	1.357982E+1
2.952252E+3	4.009400E+2	2.891704E+1	-9.276589E-1	4.344500E-5	NaN	4.344500E-4	4.668955E-1	1.350197E+1
2.964541E+3	4.007500E+2	2.893075E+1	-1.001603E+0	4.316100E-5	NaN	4.316100E-4	4.657633E-1	1.347553E+1
2.979517E+3	4.005000E+2	2.894881E+1	-1.030375E+0	4.280600E-5	NaN	4.280600E-4	4.670965E-1	1.352039E+1
2.988834E+3	4.003400E+2	2.896038E+1	-1.005025E+0	4.257400E-5	NaN	4.257400E-4	4.649455E-1	1.346486E+1
3.000774E+3	4.001400E+2	2.897486E+1	-1.022059E+0	4.228400E-5	NaN	4.228400E-4	4.747171E-1	1.375516E+1
3.012515E+3	3.999400E+2	2.898935E+1	-9.003752E-1	4.200400E-5	NaN	4.200400E-4	4.627257E-1	1.341436E+1
3.024510E+3	3.997600E+2	2.900240E+1	-1.192328E+0	4.172500E-5	NaN	4.172500E-4	4.566072E-1	1.324368E+1
3.036084E+3	3.995300E+2	2.901910E+1	-1.015572E+0	4.144300E-5	NaN	4.144300E-4	4.620523E-1	1.340840E+1
3.047900E+3	3.993300E+2	2.903363E+1	-9.045433E-1	4.116000E-5	NaN	4.116000E-4	4.631088E-1	1.344549E+1
3.062493E+3	3.991100E+2	2.904964E+1	-9.965950E-1	4.083300E-5	NaN	4.083300E-4	4.821683E-1	1.400625E+1
3.074534E+3	3.989100E+2	2.906420E+1	-9.260011E-1	4.056100E-5	NaN	4.056100E-4	4.807379E-1	1.397106E+1
3.086845E+3	3.987200E+2	2.907805E+1	-1.057735E+0	4.028000E-5	NaN	4.028000E-4	4.718792E-1	1.372098E+1
3.095921E+3	3.985600E+2	2.908972E+1	-1.036610E+0	4.006500E-5	NaN	4.006500E-4	4.746805E-1	1.380930E+1
3.108076E+3	3.983500E+2	2.910506E+1	-9.419931E-1	3.978400E-5	NaN	3.978400E-4	4.697396E-1	1.367296E+1
3.120178E+3	3.981600E+2	2.911895E+1	-1.017708E+0	3.951200E-5	NaN	3.951200E-4	4.691011E-1	1.366090E+1
3.134917E+3	3.979100E+2	2.913724E+1	-1.049388E+0	3.917900E-5	NaN	3.917900E-4	4.715643E-1	1.373870E+1
3.146924E+3	3.977000E+2	2.915263E+1	-9.973404E-1	3.890400E-5	NaN	3.890400E-4	4.701698E-1	1.370479E+1
3.155948E+3	3.975500E+2	2.916363E+1	-1.050613E+0	3.869200E-5	NaN	3.869200E-4	4.756239E-1	1.387188E+1
3.167941E+3	3.973400E+2	2.917904E+1	-9.853835E-1	3.841200E-5	NaN	3.841200E-4	4.720693E-1	1.377524E+1
3.180119E+3	3.971400E+2	2.919374E+1	-1.017294E+0	3.814300E-5	NaN	3.814300E-4	4.719583E-1	1.377893E+1
3.191915E+3	3.969400E+2	2.920844E+1	-9.010091E-1	3.789300E-5	NaN	3.789300E-4	4.715952E-1	1.377470E+1
3.208563E+3	3.966900E+2	2.922685E+1	-1.044932E+0	3.755000E-5	NaN	3.755000E-4	4.678638E-1	1.367250E+1
3.217176E+3	3.965400E+2	2.923791E+1	-1.051665E+0	3.736200E-5	NaN	3.736200E-4	4.650361E-1	1.359718E+1
3.229157E+3	3.963300E+2	2.925340E+1	-1.046512E+0	3.710000E-5	NaN	3.710000E-4	4.725528E-1	1.382400E+1
3.241197E+3	3.961200E+2	2.926891E+1	-8.426966E-1	3.683800E-5	NaN	3.683800E-4	4.839940E-1	1.416511E+1
3.253301E+3	3.959500E+2	2.928147E+1	-1.030085E+0	3.658300E-5	NaN	3.658300E-4	4.869863E-1	1.426053E+1
3.265533E+3	3.957400E+2	2.929701E+1	-1.088835E+0	3.631500E-5	NaN	3.631500E-4	4.789681E-1	1.403316E+1
3.277105E+3	3.955300E+2	2.931257E+1	-1.068159E+0	3.605600E-5	NaN	3.605600E-4	4.718750E-1	1.383131E+1
3.288901E+3	3.953200E+2	2.932814E+1	-9.171196E-1	3.579900E-5	NaN	3.579900E-4	4.723084E-1	1.385116E+1
3.300677E+3	3.951400E+2	2.934150E+1	-1.021450E+0	3.555400E-5	NaN	3.555400E-4	4.746790E-1	1.392858E+1
3.312425E+3	3.949400E+2	2.935636E+1	-9.651025E-1	3.531700E-5	NaN	3.531700E-4	4.742531E-1	1.392314E+1
3.326724E+3	3.947100E+2	2.937346E+1	-9.861592E-1	3.503100E-5	NaN	3.503100E-4	4.656622E-1	1.367736E+1
3.338284E+3	3.945200E+2	2.938761E+1	-1.047395E+0	3.479700E-5	NaN	3.479700E-4	4.746307E-1	1.394754E+1
3.349741E+3	3.943200E+2	2.940252E+1	-9.287127E-1	3.456300E-5	NaN	3.456300E-4	4.721010E-1	1.388112E+1
3.361370E+3	3.941400E+2	2.941594E+1	-1.102481E+0	3.432600E-5	NaN	3.432600E-4	4.724414E-1	1.389810E+1
3.373343E+3	3.939200E+2	2.943237E+1	-1.011122E+0	3.407400E-5	NaN	3.407400E-4	4.747659E-1	1.397312E+1
3.385211E+3	3.937200E+2	2.944732E+1	-9.651475E-1	3.383100E-5	NaN	3.383100E-4	4.750568E-1	1.398797E+1
3.396401E+3	3.935400E+2	2.946079E+1	-9.103169E-1	3.361300E-5	NaN	3.361300E-4	4.779898E-1	1.408275E+1
3.408265E+3	3.933600E+2	2.947427E+1	-1.018388E+0	3.338900E-5	NaN	3.338900E-4	4.746718E-1	1.399199E+1
3.422405E+3	3.931200E+2	2.949227E+1	-9.873549E-1	3.311600E-5	NaN	3.311600E-4	4.717995E-1	1.391383E+1
3.433951E+3	3.929300E+2	2.950653E+1	-1.053741E+0	3.289200E-5	NaN	3.289200E-4	4.715395E-1	1.391293E+1
3.445339E+3	3.927300E+2	2.952155E+1	-1.055316E+0	3.265900E-5	NaN	3.265900E-4	4.763300E-1	1.406219E+1
3.456710E+3	3.925300E+2	2.953660E+1	-1.034126E+0	3.242300E-5	NaN	3.242300E-4	4.808109E-1	1.420114E+1
3.468314E+3	3.923300E+2	2.955165E+1	-9.327230E-1	3.219300E-5	NaN	3.219300E-4	4.883535E-1	1.443159E+1
3.479893E+3	3.921500E+2	2.956522E+1	-9.128631E-1	3.197500E-5	NaN	3.197500E-4	4.872595E-1	1.440676E+1
3.494353E+3	3.919300E+2	2.958181E+1	-1.027221E+0	3.171100E-5	NaN	3.171100E-4	4.790643E-1	1.417184E+1
3.506035E+3	3.917300E+2	2.959692E+1	-1.079692E+0	3.149000E-5	NaN	3.149000E-4	4.759437E-1	1.408597E+1
3.517705E+3	3.915200E+2	2.961279E+1	-9.271182E-1	3.126500E-5	NaN	3.126500E-4	4.711690E-1	1.395202E+1
3.529354E+3	3.913400E+2	2.962641E+1	-1.039231E+0	3.104800E-5	NaN	3.104800E-4	4.776596E-1	1.415118E+1
3.540901E+3	3.911400E+2	2.964156E+1	-9.489500E-1	3.083400E-5	NaN	3.083400E-4	4.818937E-1	1.428483E+1
3.552282E+3	3.909600E+2	2.965521E+1	-1.007980E+0	3.062700E-5	NaN	3.062700E-4	4.758217E-1	1.411197E+1
3.566568E+3	3.907200E+2	2.967342E+1	-1.078213E+0	3.036100E-5	NaN	3.036100E-4	4.731051E-1	1.403865E+1
3.578254E+3	3.905100E+2	2.968938E+1	-1.070700E+0	3.013600E-5	NaN	3.013600E-4	4.776130E-1	1.417873E+1
3.590022E+3	3.903000E+2	2.970535E+1	-8.815903E-1	2.991700E-5	NaN	2.991700E-4	4.862029E-1	1.444137E+1
3.601592E+3	3.901300E+2	2.971830E+1	-9.447166E-1	2.970900E-5	NaN	2.970900E-4	4.873831E-1	1.448425E+1
3.613024E+3	3.899500E+2	2.973202E+1	-1.037434E+0	2.951000E-5	NaN	2.951000E-4	4.906645E-1	1.458986E+1
3.624591E+3	3.897500E+2	2.974727E+1	-9.289887E-1	2.930700E-5	NaN	2.930700E-4	4.764239E-1	1.417327E+1
3.638800E+3	3.895300E+2	2.976407E+1	-1.092612E+0	2.905800E-5	NaN	2.905800E-4	4.806102E-1	1.430451E+1
3.650332E+3	3.893200E+2	2.978013E+1	-9.670852E-1	2.884900E-5	NaN	2.884900E-4	4.813293E-1	1.433369E+1
3.662120E+3	3.891300E+2	2.979467E+1	-1.144641E+0	2.863400E-5	NaN	2.863400E-4	4.829206E-1	1.438778E+1
3.673652E+3	3.889100E+2	2.981152E+1	-9.454136E-1	2.841400E-5	NaN	2.841400E-4	4.894422E-1	1.459057E+1
3.682537E+3	3.887700E+2	2.982226E+1	-1.018676E+0	2.825200E-5	NaN	2.825200E-4	4.896710E-1	1.460458E+1
3.697262E+3	3.885200E+2	2.984145E+1	-9.201670E-1	2.799400E-5	NaN	2.799400E-4	4.898886E-1	1.461848E+1
3.708999E+3	3.883400E+2	2.985528E+1	-9.807295E-1	2.779900E-5	NaN	2.779900E-4	4.750017E-1	1.418064E+1
3.720623E+3	3.881500E+2	2.986990E+1	-1.032880E+0	2.761200E-5	NaN	2.761200E-4	4.794958E-1	1.432341E+1
3.732241E+3	3.879500E+2	2.988529E+1	-9.109731E-1	2.742200E-5	NaN	2.742200E-4	4.769401E-1	1.425422E+1
3.746731E+3	3.877300E+2	2.990225E+1	-1.073711E+0	2.718000E-5	NaN	2.718000E-4	4.817326E-1	1.440470E+1
3.758466E+3	3.875200E+2	2.991846E+1	-1.029778E+0	2.697900E-5	NaN	2.697900E-4	4.785790E-1	1.431806E+1
3.770119E+3	3.873200E+2	2.993390E+1	-1.085365E+0	2.677800E-5	NaN	2.677800E-4	4.785426E-1	1.432423E+1
3.781728E+3	3.871100E+2	2.995014E+1	-9.248951E-1	2.658100E-5	NaN	2.658100E-4	4.848533E-1	1.452098E+1
3.793405E+3	3.869300E+2	2.996408E+1	-1.052983E+0	2.638300E-5	NaN	2.638300E-4	4.859431E-1	1.456109E+1
3.805371E+3	3.867200E+2	2.998035E+1	-9.774501E-1	2.618400E-5	NaN	2.618400E-4	4.843921E-1	1.452210E+1
3.817034E+3	3.865300E+2	2.999508E+1	-9.876971E-1	2.599800E-5	NaN	2.599800E-4	4.737010E-1	1.420928E+1
3.828576E+3	3.863400E+2	3.000984E+1	-9.811269E-1	2.581900E-5	NaN	2.581900E-4	4.829766E-1	1.449486E+1
3.843253E+3	3.861000E+2	3.002849E+1	-9.330454E-1	2.559100E-5	NaN	2.559100E-4	4.897053E-1	1.470398E+1
3.854828E+3	3.859200E+2	3.004250E+1	-1.002841E+0	2.540500E-5	NaN	2.540500E-4	4.934780E-1	1.482496E+1
3.866794E+3	3.857200E+2	3.005807E+1	-1.043932E+0	2.521000E-5	NaN	2.521000E-4	4.922032E-1	1.479513E+1
3.878289E+3	3.855200E+2	3.007367E+1	-1.024503E+0	2.502300E-5	NaN	2.502300E-4	4.889621E-1	1.470468E+1
3.890002E+3	3.853200E+2	3.008928E+1	-9.857328E-1	2.483400E-5	NaN	2.483400E-4	4.865246E-1	1.463897E+1
3.901567E+3	3.851300E+2	3.010412E+1	-1.052355E+0	2.464800E-5	NaN	2.464800E-4	4.940922E-1	1.487402E+1
3.912970E+3	3.849300E+2	3.011976E+1	-9.354699E-1	2.446800E-5	NaN	2.446800E-4	4.966307E-1	1.495796E+1
3.924515E+3	3.847500E+2	3.013385E+1	-1.000088E+0	2.428700E-5	NaN	2.428700E-4	4.868603E-1	1.467225E+1
3.935914E+3	3.845600E+2	3.014874E+1	-1.045661E+0	2.411100E-5	NaN	2.411100E-4	4.898279E-1	1.476901E+1
3.950259E+3	3.843100E+2	3.016835E+1	-9.229980E-1	2.389500E-5	NaN	2.389500E-4	4.819995E-1	1.453985E+1
3.961960E+3	3.841300E+2	3.018249E+1	-1.023541E+0	2.371900E-5	NaN	2.371900E-4	4.799455E-1	1.448540E+1
3.973684E+3	3.839300E+2	3.019821E+1	-1.021190E+0	2.354600E-5	NaN	2.354600E-4	4.827217E-1	1.457757E+1
3.985435E+3	3.837300E+2	3.021395E+1	-9.888966E-1	2.337200E-5	NaN	2.337200E-4	4.853186E-1	1.466310E+1
3.996963E+3	3.835400E+2	3.022892E+1	-9.563277E-1	2.320100E-5	NaN	2.320100E-4	4.915874E-1	1.486055E+1
4.009511E+3	3.833400E+2	3.024469E+1	-1.077844E+0	2.301200E-5	NaN	2.301200E-4	4.901126E-1	1.482397E+1
4.021201E+3	3.831300E+2	3.026127E+1	-1.066983E+0	2.283200E-5	NaN	2.283200E-4	4.902448E-1	1.483507E+1
4.033010E+3	3.829200E+2	3.027786E+1	-9.422439E-1	2.265300E-5	NaN	2.265300E-4	4.884248E-1	1.478739E+1
4.044472E+3	3.827400E+2	3.029210E+1	-9.726133E-1	2.248700E-5	NaN	2.248700E-4	4.931141E-1	1.493729E+1
4.056193E+3	3.825500E+2	3.030715E+1	-9.575004E-1	2.232200E-5	NaN	2.232200E-4	4.930187E-1	1.494324E+1
4.068099E+3	3.823600E+2	3.032221E+1	-9.918038E-1	2.215900E-5	NaN	2.215900E-4	4.923566E-1	1.493039E+1
4.082618E+3	3.821200E+2	3.034125E+1	-9.804765E-1	2.195400E-5	NaN	2.195400E-4	4.929638E-1	1.495626E+1
4.094245E+3	3.819300E+2	3.035635E+1	-1.027046E+0	2.178500E-5	NaN	2.178500E-4	4.893310E-1	1.485398E+1
4.105929E+3	3.817300E+2	3.037225E+1	-1.083312E+0	2.161900E-5	NaN	2.161900E-4	4.948583E-1	1.503016E+1
4.117560E+3	3.815200E+2	3.038897E+1	-9.565363E-1	2.144900E-5	NaN	2.144900E-4	4.933642E-1	1.499237E+1
4.129478E+3	3.813300E+2	3.040411E+1	-1.052909E+0	2.127500E-5	NaN	2.127500E-4	4.991511E-1	1.517606E+1
4.140875E+3	3.811300E+2	3.042007E+1	-9.583053E-1	2.111400E-5	NaN	2.111400E-4	4.963497E-1	1.509886E+1
4.152771E+3	3.809400E+2	3.043524E+1	-9.978118E-1	2.095200E-5	NaN	2.095200E-4	4.803651E-1	1.462089E+1
4.164196E+3	3.807500E+2	3.045043E+1	-1.012160E+0	2.080300E-5	NaN	2.080300E-4	4.838414E-1	1.473406E+1
4.178423E+3	3.805100E+2	3.046963E+1	-9.299922E-1	2.061800E-5	NaN	2.061800E-4	4.832128E-1	1.472218E+1
4.190036E+3	3.803300E+2	3.048405E+1	-1.011549E+0	2.046400E-5	NaN	2.046400E-4	4.875345E-1	1.486145E+1
4.201899E+3	3.801300E+2	3.050009E+1	-9.967649E-1	2.030700E-5	NaN	2.030700E-4	4.869617E-1	1.485262E+1
4.213336E+3	3.799400E+2	3.051534E+1	-1.016432E+0	2.015800E-5	NaN	2.015800E-4	4.862868E-1	1.483900E+1
4.225142E+3	3.797400E+2	3.053142E+1	-9.558368E-1	2.000500E-5	NaN	2.000500E-4	4.869820E-1	1.486822E+1
4.236441E+3	3.795600E+2	3.054590E+1	-1.109253E+0	1.985510E-5	NaN	1.985510E-4	4.916381E-1	1.501899E+1
4.247800E+3	3.793500E+2	3.056280E+1	-1.003554E+0	1.969860E-5	NaN	1.969860E-4	5.005230E-1	1.529802E+1
4.262149E+3	3.791100E+2	3.058215E+1	-9.343369E-1	1.950670E-5	NaN	1.950670E-4	4.953883E-1	1.514853E+1
4.273708E+3	3.789300E+2	3.059668E+1	-1.040222E+0	1.935750E-5	NaN	1.935750E-4	4.988578E-1	1.526267E+1
4.285244E+3	3.787300E+2	3.061284E+1	-9.474515E-1	1.921400E-5	NaN	1.921400E-4	4.922227E-1	1.506813E+1
4.296643E+3	3.785500E+2	3.062739E+1	-9.974626E-1	1.907240E-5	NaN	1.907240E-4	4.906318E-1	1.502777E+1
4.308072E+3	3.783600E+2	3.064277E+1	-9.799251E-1	1.893040E-5	NaN	1.893040E-4	4.852007E-1	1.486985E+1
4.322767E+3	3.781200E+2	3.066222E+1	-1.130234E+0	1.874680E-5	NaN	1.874680E-4	4.834485E-1	1.482319E+1
4.334446E+3	3.779000E+2	3.068007E+1	-9.877827E-1	1.859970E-5	NaN	1.859970E-4	4.815133E-1	1.477068E+1
4.345987E+3	3.777100E+2	3.069551E+1	-1.093270E+0	1.845060E-5	NaN	1.845060E-4	4.905891E-1	1.505811E+1
4.354768E+3	3.775500E+2	3.070852E+1	-9.193481E-1	1.833950E-5	NaN	1.833950E-4	5.116982E-1	1.571441E+1
4.369126E+3	3.773300E+2	3.072642E+1	-8.872651E-1	1.816670E-5	NaN	1.816670E-4	5.094400E-1	1.565274E+1
4.380622E+3	3.771600E+2	3.074027E+1	-1.010459E+0	1.803310E-5	NaN	1.803310E-4	5.134958E-1	1.578575E+1
4.391904E+3	3.769700E+2	3.075576E+1	-9.682852E-1	1.789920E-5	NaN	1.789920E-4	4.986317E-1	1.533757E+1
4.406156E+3	3.767400E+2	3.077454E+1	-1.092422E+0	1.772610E-5	NaN	1.772610E-4	4.903505E-1	1.508991E+1
4.417690E+3	3.765300E+2	3.079170E+1	-1.010549E+0	1.758520E-5	NaN	1.758520E-4	4.956002E-1	1.525890E+1
4.428971E+3	3.763400E+2	3.080725E+1	-9.303127E-1	1.745130E-5	NaN	1.745130E-4	4.906256E-1	1.511543E+1
4.440580E+3	3.761600E+2	3.082199E+1	-1.066477E+0	1.731600E-5	NaN	1.731600E-4	4.964713E-1	1.530403E+1
4.454645E+3	3.759100E+2	3.084249E+1	-1.020582E+0	1.714930E-5	NaN	1.714930E-4	4.938079E-1	1.522958E+1
4.466403E+3	3.757100E+2	3.085891E+1	-1.049593E+0	1.700730E-5	NaN	1.700730E-4	4.980046E-1	1.536633E+1
4.477836E+3	3.755100E+2	3.087534E+1	-9.130104E-1	1.687180E-5	NaN	1.687180E-4	5.011924E-1	1.547408E+1
4.489665E+3	3.753300E+2	3.089015E+1	-1.051525E+0	1.673680E-5	NaN	1.673680E-4	5.031914E-1	1.554371E+1
4.501077E+3	3.751300E+2	3.090662E+1	-9.108543E-1	1.660980E-5	NaN	1.660980E-4	5.020621E-1	1.551790E+1
4.512934E+3	3.749500E+2	3.092146E+1	-9.974371E-1	1.647940E-5	NaN	1.647940E-4	4.995727E-1	1.544864E+1
4.527371E+3	3.747100E+2	3.094126E+1	-9.820813E-1	1.632040E-5	NaN	1.632040E-4	5.030780E-1	1.556539E+1
4.538979E+3	3.745200E+2	3.095696E+1	-1.068974E+0	1.618950E-5	NaN	1.618950E-4	5.053870E-1	1.564360E+1
4.550766E+3	3.743100E+2	3.097433E+1	-9.575923E-1	1.605240E-5	NaN	1.605240E-4	5.025058E-1	1.556389E+1
4.559538E+3	3.741700E+2	3.098592E+1	-1.134118E+0	1.594900E-5	NaN	1.594900E-4	4.941372E-1	1.531296E+1
4.571177E+3	3.739500E+2	3.100414E+1	-1.026958E+0	1.581530E-5	NaN	1.581530E-4	4.979017E-1	1.543813E+1
4.582862E+3	3.737500E+2	3.102074E+1	-9.036145E-1	1.568750E-5	NaN	1.568750E-4	4.977007E-1	1.543879E+1
4.597470E+3	3.735300E+2	3.103901E+1	-9.505545E-1	1.553690E-5	NaN	1.553690E-4	5.071651E-1	1.574101E+1
4.609463E+3	3.733400E+2	3.105480E+1	-9.738596E-1	1.541450E-5	NaN	1.541450E-4	5.009333E-1	1.555607E+1
4.621169E+3	3.731500E+2	3.107062E+1	-1.038961E+0	1.529330E-5	NaN	1.529330E-4	4.944639E-1	1.536353E+1
4.632719E+3	3.729500E+2	3.108728E+1	-9.804765E-1	1.517320E-5	NaN	1.517320E-4	4.985482E-1	1.549908E+1
4.644346E+3	3.727600E+2	3.110312E+1	-9.847998E-1	1.504990E-5	NaN	1.504990E-4	5.032308E-1	1.565294E+1
4.658359E+3	3.725300E+2	3.112233E+1	-1.015830E+0	1.490320E-5	NaN	1.490320E-4	4.992514E-1	1.553791E+1
4.670172E+3	3.723300E+2	3.113904E+1	-1.127145E+0	1.477810E-5	NaN	1.477810E-4	4.973788E-1	1.548755E+1
4.681883E+3	3.721100E+2	3.115745E+1	-9.763618E-1	1.465280E-5	NaN	1.465280E-4	4.938227E-1	1.538557E+1
4.693559E+3	3.719200E+2	3.117337E+1	-1.042300E+0	1.452920E-5	NaN	1.452920E-4	5.011685E-1	1.562222E+1
4.705072E+3	3.717200E+2	3.119014E+1	-9.012193E-1	1.441240E-5	NaN	1.441240E-4	5.113408E-1	1.594788E+1
4.716390E+3	3.715500E+2	3.120441E+1	-9.441385E-1	1.430240E-5	NaN	1.430240E-4	4.953072E-1	1.545720E+1
4.727829E+3	3.713700E+2	3.121954E+1	-1.050935E+0	1.419380E-5	NaN	1.419380E-4	4.945717E-1	1.544217E+1
4.742102E+3	3.711200E+2	3.124057E+1	-9.482002E-1	1.405760E-5	NaN	1.405760E-4	4.903154E-1	1.531651E+1
4.753492E+3	3.709400E+2	3.125573E+1	-1.028366E+0	1.394710E-5	NaN	1.394710E-4	4.953900E-1	1.548287E+1
4.765161E+3	3.707400E+2	3.127259E+1	-1.002022E+0	1.383020E-5	NaN	1.383020E-4	5.077383E-1	1.587828E+1
4.776538E+3	3.705500E+2	3.128863E+1	-1.003786E+0	1.371860E-5	NaN	1.371860E-4	5.066539E-1	1.585250E+1
4.787895E+3	3.703600E+2	3.130468E+1	-1.034037E+0	1.360610E-5	NaN	1.360610E-4	5.056010E-1	1.582927E+1
4.799500E+3	3.701600E+2	3.132159E+1	-1.036914E+0	1.348990E-5	NaN	1.348990E-4	5.107470E-1	1.599837E+1
4.813966E+3	3.699100E+2	3.134276E+1	-9.243410E-1	1.334890E-5	NaN	1.334890E-4	5.073762E-1	1.590094E+1
4.825650E+3	3.697300E+2	3.135802E+1	-1.043932E+0	1.323820E-5	NaN	1.323820E-4	5.049967E-1	1.583489E+1
4.837145E+3	3.695300E+2	3.137499E+1	-9.913906E-1	1.313140E-5	NaN	1.313140E-4	5.050910E-1	1.584723E+1
4.848644E+3	3.693400E+2	3.139113E+1	-9.538951E-1	1.302530E-5	NaN	1.302530E-4	4.968807E-1	1.559852E+1
4.860595E+3	3.691500E+2	3.140729E+1	-1.026299E+0	1.291740E-5	NaN	1.291740E-4	5.048193E-1	1.585598E+1
4.874626E+3	3.689100E+2	3.142772E+1	-9.354699E-1	1.278990E-5	NaN	1.278990E-4	5.038540E-1	1.583400E+1
4.886171E+3	3.687300E+2	3.144306E+1	-1.030085E+0	1.268610E-5	NaN	1.268610E-4	5.024480E-1	1.579834E+1
4.898403E+3	3.685200E+2	3.146098E+1	-1.045934E+0	1.257490E-5	NaN	1.257490E-4	5.085084E-1	1.599815E+1
4.909876E+3	3.683200E+2	3.147806E+1	-9.882965E-1	1.246740E-5	NaN	1.246740E-4	5.084257E-1	1.600375E+1
4.921411E+3	3.681300E+2	3.149431E+1	-1.008488E+0	1.236140E-5	NaN	1.236140E-4	5.149537E-1	1.621835E+1
4.933310E+3	3.679300E+2	3.151143E+1	-9.699321E-1	1.225370E-5	NaN	1.225370E-4	5.082353E-1	1.601553E+1
4.945682E+3	3.677300E+2	3.152857E+1	-1.044659E+0	1.214540E-5	NaN	1.214540E-4	5.086918E-1	1.603768E+1
4.957169E+3	3.675300E+2	3.154572E+1	-8.838056E-1	1.204720E-5	NaN	1.204720E-4	5.102825E-1	1.609739E+1
4.968710E+3	3.673600E+2	3.156032E+1	-9.823317E-1	1.195030E-5	NaN	1.195030E-4	5.058311E-1	1.596590E+1
4.983369E+3	3.671200E+2	3.158095E+1	-1.054760E+0	1.182640E-5	NaN	1.182640E-4	5.039948E-1	1.591642E+1
4.994746E+3	3.669200E+2	3.159817E+1	-1.032702E+0	1.172900E-5	NaN	1.172900E-4	4.936735E-1	1.559833E+1
5.006366E+3	3.667200E+2	3.161540E+1	-1.068281E+0	1.162900E-5	NaN	1.162900E-4	4.986140E-1	1.576360E+1
5.017599E+3	3.665200E+2	3.163265E+1	-9.814895E-1	1.153020E-5	NaN	1.153020E-4	5.133320E-1	1.623728E+1
5.029214E+3	3.663300E+2	3.164906E+1	-9.275163E-1	1.143090E-5	NaN	1.143090E-4	5.215420E-1	1.650558E+1
5.040858E+3	3.661500E+2	3.166462E+1	-9.689575E-1	1.133490E-5	NaN	1.133490E-4	5.059638E-1	1.602297E+1
5.052004E+3	3.659700E+2	3.168019E+1	-1.109373E+0	1.124480E-5	NaN	1.124480E-4	4.959726E-1	1.571449E+1
5.066066E+3	3.657100E+2	3.170272E+1	-9.332872E-1	1.113090E-5	NaN	1.113090E-4	4.996426E-1	1.583780E+1
5.077638E+3	3.655300E+2	3.171833E+1	-8.883470E-1	1.103980E-5	NaN	1.103980E-4	4.995695E-1	1.584406E+1
5.089120E+3	3.653600E+2	3.173309E+1	-1.079229E+0	1.094880E-5	NaN	1.094880E-4	5.135517E-1	1.629764E+1
5.100795E+3	3.651500E+2	3.175134E+1	-9.275163E-1	1.085810E-5	NaN	1.085810E-4	5.047581E-1	1.602785E+1
5.112439E+3	3.649700E+2	3.176699E+1	-1.040006E+0	1.076710E-5	NaN	1.076710E-4	4.996297E-1	1.587315E+1
5.126862E+3	3.647200E+2	3.178877E+1	-1.056338E+0	1.065170E-5	NaN	1.065170E-4	5.087125E-1	1.617036E+1
5.138222E+3	3.645200E+2	3.180621E+1	-1.011984E+0	1.055850E-5	NaN	1.055850E-4	5.056410E-1	1.608090E+1
5.149487E+3	3.643300E+2	3.182280E+1	-9.972881E-1	1.046820E-5	NaN	1.046820E-4	5.126641E-1	1.631395E+1
5.160918E+3	3.641400E+2	3.183940E+1	-9.204022E-1	1.038070E-5	NaN	1.038070E-4	5.073722E-1	1.615541E+1
5.172652E+3	3.639600E+2	3.185515E+1	-1.000904E+0	1.029510E-5	NaN	1.029510E-4	5.017829E-1	1.598587E+1
5.187039E+3	3.637200E+2	3.187617E+1	-9.851365E-1	1.019130E-5	NaN	1.019130E-4	4.976793E-1	1.586337E+1
5.198611E+3	3.635300E+2	3.189283E+1	-1.028807E+0	1.010630E-5	NaN	1.010630E-4	4.952188E-1	1.579325E+1
5.210275E+3	3.633300E+2	3.191038E+1	-1.028013E+0	1.001900E-5	NaN	1.001900E-4	5.067419E-1	1.617028E+1
5.221948E+3	3.631300E+2	3.192796E+1	-9.806452E-1	9.930900E-6	NaN	9.930900E-5	5.049365E-1	1.612160E+1
5.233573E+3	3.629400E+2	3.194467E+1	-1.083032E+0	9.842100E-6	NaN	9.842100E-5	5.081225E-1	1.623211E+1
5.245207E+3	3.627300E+2	3.196317E+1	-9.799708E-1	9.756000E-6	NaN	9.756000E-5	5.055877E-1	1.616087E+1
5.256840E+3	3.625400E+2	3.197992E+1	-1.000139E+0	9.670500E-6	NaN	9.670500E-5	5.006395E-1	1.601035E+1
5.271238E+3	3.623000E+2	3.200110E+1	-1.012146E+0	9.569100E-6	NaN	9.569100E-5	5.110781E-1	1.635350E+1
5.280130E+3	3.621500E+2	3.201436E+1	-9.246287E-1	9.506300E-6	NaN	9.506300E-5	5.162412E-1	1.652739E+1
5.294406E+3	3.619300E+2	3.203382E+1	-9.415047E-1	9.407800E-6	NaN	9.407800E-5	5.188635E-1	1.662132E+1
5.305877E+3	3.617500E+2	3.204976E+1	-1.038422E+0	9.328500E-6	NaN	9.328500E-5	5.162965E-1	1.654825E+1
5.317433E+3	3.615500E+2	3.206749E+1	-1.004534E+0	9.247600E-6	NaN	9.247600E-5	5.146356E-1	1.650321E+1
5.331768E+3	3.613100E+2	3.208879E+1	-9.531374E-1	9.146900E-6	NaN	9.146900E-5	5.098702E-1	1.636006E+1
5.340581E+3	3.611700E+2	3.210123E+1	-1.081081E+0	9.084800E-6	NaN	9.084800E-5	4.986079E-1	1.600746E+1
5.355011E+3	3.609100E+2	3.212435E+1	-1.191171E+0	8.982500E-6	NaN	8.982500E-5	5.009952E-1	1.609360E+1
5.363574E+3	3.607400E+2	3.213949E+1	-8.975318E-1	8.923200E-6	NaN	8.923200E-5	5.066049E-1	1.628147E+1
5.378281E+3	3.605200E+2	3.215910E+1	-9.275079E-1	8.824800E-6	NaN	8.824800E-5	5.160169E-1	1.659432E+1
5.390572E+3	3.603300E+2	3.217606E+1	-9.924262E-1	8.747200E-6	NaN	8.747200E-5	5.183547E-1	1.667808E+1
5.402059E+3	3.601400E+2	3.219304E+1	-1.007334E+0	8.674700E-6	NaN	8.674700E-5	5.017974E-1	1.615557E+1
5.413376E+3	3.599500E+2	3.221003E+1	-1.021421E+0	8.601300E-6	NaN	8.601300E-5	5.005315E-1	1.612335E+1
5.427474E+3	3.597100E+2	3.223152E+1	-1.017040E+0	8.508900E-6	NaN	8.508900E-5	5.078188E-1	1.636627E+1
5.438683E+3	3.595200E+2	3.224855E+1	-9.660971E-1	8.435700E-6	NaN	8.435700E-5	5.132938E-1	1.655151E+1
5.449862E+3	3.593400E+2	3.226471E+1	-9.948512E-1	8.364000E-6	NaN	8.364000E-5	5.078823E-1	1.638748E+1
5.461321E+3	3.591500E+2	3.228178E+1	-1.103521E+0	8.290700E-6	NaN	8.290700E-5	5.051837E-1	1.630992E+1
5.472739E+3	3.589400E+2	3.230066E+1	-9.801136E-1	8.217000E-6	NaN	8.217000E-5	5.095858E-1	1.646016E+1
5.486819E+3	3.587100E+2	3.232137E+1	-9.180551E-1	8.129100E-6	NaN	8.129100E-5	5.073177E-1	1.639595E+1
5.498583E+3	3.585300E+2	3.233760E+1	-1.078121E+0	8.056900E-6	NaN	8.056900E-5	5.199484E-1	1.681326E+1
5.510270E+3	3.583200E+2	3.235655E+1	-8.716459E-1	7.985700E-6	NaN	7.985700E-5	5.184885E-1	1.677570E+1
5.521972E+3	3.581500E+2	3.237191E+1	-9.899271E-1	7.916000E-6	NaN	7.916000E-5	5.117431E-1	1.656735E+1
5.533488E+3	3.579600E+2	3.238909E+1	-1.017380E+0	7.847800E-6	NaN	7.847800E-5	5.162887E-1	1.672394E+1
5.547642E+3	3.577200E+2	3.241082E+1	-9.888108E-1	7.763200E-6	NaN	7.763200E-5	5.009345E-1	1.623495E+1
5.559171E+3	3.575300E+2	3.242805E+1	-1.104682E+0	7.693600E-6	NaN	7.693600E-5	5.033353E-1	1.632153E+1
5.570577E+3	3.573200E+2	3.244711E+1	-1.003698E+0	7.624600E-6	NaN	7.624600E-5	5.159604E-1	1.674057E+1
5.581935E+3	3.571300E+2	3.246437E+1	-9.364432E-1	7.555000E-6	NaN	7.555000E-5	5.156073E-1	1.673859E+1
5.593468E+3	3.569500E+2	3.248074E+1	-1.085458E+0	7.485800E-6	NaN	7.485800E-5	5.173694E-1	1.680640E+1
5.605076E+3	3.567400E+2	3.249986E+1	-9.826260E-1	7.417500E-6	NaN	7.417500E-5	5.113516E-1	1.661941E+1
5.619120E+3	3.565100E+2	3.252083E+1	-9.393755E-1	7.338900E-6	NaN	7.338900E-5	5.044913E-1	1.640494E+1
5.630617E+3	3.563300E+2	3.253725E+1	-1.004100E+0	7.275900E-6	NaN	7.275900E-5	5.056217E-1	1.645118E+1
5.642568E+3	3.561300E+2	3.255553E+1	-1.021139E+0	7.210000E-6	NaN	7.210000E-5	5.049924E-1	1.644029E+1
5.653732E+3	3.559400E+2	3.257291E+1	-9.519833E-1	7.149200E-6	NaN	7.149200E-5	5.061617E-1	1.648687E+1
5.665707E+3	3.557500E+2	3.259030E+1	-9.812360E-1	7.084300E-6	NaN	7.084300E-5	5.198563E-1	1.694316E+1
5.677325E+3	3.555600E+2	3.260772E+1	-9.618736E-1	7.020900E-6	NaN	7.020900E-5	5.217529E-1	1.701475E+1
5.691672E+3	3.553300E+2	3.262882E+1	-1.084244E+0	6.940700E-6	NaN	6.940700E-5	5.097119E-1	1.663139E+1
5.703293E+3	3.551200E+2	3.264812E+1	-1.094700E+0	6.875400E-6	NaN	6.875400E-5	5.032788E-1	1.643028E+1
5.714803E+3	3.549100E+2	3.266744E+1	-1.002110E+0	6.812400E-6	NaN	6.812400E-5	5.065815E-1	1.654714E+1
5.726179E+3	3.547200E+2	3.268493E+1	-8.914525E-1	6.750800E-6	NaN	6.750800E-5	5.214931E-1	1.704359E+1
5.737621E+3	3.545500E+2	3.270061E+1	-9.462064E-1	6.691200E-6	NaN	6.691200E-5	5.265772E-1	1.722103E+1
5.749035E+3	3.543700E+2	3.271722E+1	-9.937888E-1	6.633900E-6	NaN	6.633900E-5	5.154981E-1	1.686829E+1
5.763525E+3	3.541300E+2	3.273939E+1	-1.026226E+0	6.560300E-6	NaN	6.560300E-5	5.087489E-1	1.665580E+1
5.775803E+3	3.539200E+2	3.275882E+1	-9.858692E-1	6.497300E-6	NaN	6.497300E-5	5.101528E-1	1.671099E+1
5.787975E+3	3.537200E+2	3.277734E+1	-1.034228E+0	6.433800E-6	NaN	6.433800E-5	5.096284E-1	1.670363E+1
5.800158E+3	3.535100E+2	3.279681E+1	-1.088116E+0	6.370200E-6	NaN	6.370200E-5	5.100348E-1	1.672677E+1
5.809532E+3	3.533400E+2	3.281259E+1	-1.013269E+0	6.321400E-6	NaN	6.321400E-5	5.093684E-1	1.671422E+1
5.821967E+3	3.531300E+2	3.283210E+1	-9.856476E-1	6.257900E-6	NaN	6.257900E-5	5.155237E-1	1.692538E+1
5.833533E+3	3.529400E+2	3.284978E+1	-9.353079E-1	6.200200E-6	NaN	6.200200E-5	5.234436E-1	1.719524E+1
5.845080E+3	3.527600E+2	3.286654E+1	-9.426873E-1	6.145900E-6	NaN	6.145900E-5	5.183538E-1	1.703813E+1
5.859719E+3	3.525300E+2	3.288798E+1	-1.012658E+0	6.076900E-6	NaN	6.076900E-5	5.129175E-1	1.686833E+1
5.871569E+3	3.523300E+2	3.290665E+1	-9.985985E-1	6.021500E-6	NaN	6.021500E-5	5.071717E-1	1.668838E+1
5.882985E+3	3.521400E+2	3.292441E+1	-1.040132E+0	5.967000E-6	NaN	5.967000E-5	5.108984E-1	1.682097E+1
5.894522E+3	3.519400E+2	3.294312E+1	-9.622689E-1	5.911200E-6	NaN	5.911200E-5	5.147743E-1	1.695850E+1
5.906369E+3	3.517500E+2	3.296091E+1	-1.084804E+0	5.854200E-6	NaN	5.854200E-5	5.239998E-1	1.727151E+1
5.917984E+3	3.515400E+2	3.298060E+1	-9.349030E-1	5.797400E-6	NaN	5.797400E-5	5.228025E-1	1.724208E+1
5.929536E+3	3.513600E+2	3.299750E+1	-1.069610E+0	5.742100E-6	NaN	5.742100E-5	5.156714E-1	1.701721E+1
5.941316E+3	3.511500E+2	3.301723E+1	-9.814380E-1	5.687000E-6	NaN	5.687000E-5	5.183535E-1	1.711517E+1
5.955377E+3	3.509200E+2	3.303887E+1	-9.397842E-1	5.624300E-6	NaN	5.624300E-5	5.111944E-1	1.688745E+1
5.966869E+3	3.507400E+2	3.305582E+1	-9.784568E-1	5.573500E-6	NaN	5.573500E-5	5.120328E-1	1.692551E+1
5.978520E+3	3.505500E+2	3.307374E+1	-1.026226E+0	5.523700E-6	NaN	5.523700E-5	5.049786E-1	1.670261E+1
5.990798E+3	3.503400E+2	3.309357E+1	-1.017639E+0	5.469500E-6	NaN	5.469500E-5	5.077180E-1	1.680283E+1
6.002590E+3	3.501400E+2	3.311247E+1	-9.512649E-1	5.418400E-6	NaN	5.418400E-5	5.155750E-1	1.707245E+1
6.017097E+3	3.499100E+2	3.313423E+1	-1.026958E+0	5.355000E-6	NaN	5.355000E-5	5.207374E-1	1.725343E+1
6.028782E+3	3.497100E+2	3.315318E+1	-1.056152E+0	5.302600E-6	NaN	5.302600E-5	5.172161E-1	1.714698E+1
6.040144E+3	3.495100E+2	3.317216E+1	-1.079599E+0	5.251300E-6	NaN	5.251300E-5	5.132151E-1	1.702333E+1
6.051815E+3	3.493000E+2	3.319210E+1	-9.389671E-1	5.199700E-6	NaN	5.199700E-5	5.164519E-1	1.714096E+1
6.060761E+3	3.491600E+2	3.320541E+1	-9.735450E-1	5.161800E-6	NaN	5.161800E-5	5.234202E-1	1.738204E+1
6.074936E+3	3.489300E+2	3.322729E+1	-9.319986E-1	5.103400E-6	NaN	5.103400E-5	5.314766E-1	1.766036E+1
6.086524E+3	3.487500E+2	3.324444E+1	-9.519868E-1	5.056900E-6	NaN	5.056900E-5	5.196477E-1	1.727636E+1
6.101020E+3	3.485200E+2	3.326638E+1	-1.081081E+0	4.997800E-6	NaN	4.997800E-5	5.195910E-1	1.728441E+1
6.112675E+3	3.483100E+2	3.328644E+1	-9.297521E-1	4.950400E-6	NaN	4.950400E-5	5.090219E-1	1.694230E+1
6.124291E+3	3.481300E+2	3.330365E+1	-1.103327E+0	4.903500E-6	NaN	4.903500E-5	5.076965E-1	1.690843E+1
6.135711E+3	3.479200E+2	3.332375E+1	-9.792973E-1	4.857000E-6	NaN	4.857000E-5	5.137101E-1	1.711872E+1
6.147352E+3	3.477300E+2	3.334196E+1	-1.037075E+0	4.809800E-6	NaN	4.809800E-5	5.189810E-1	1.730324E+1
6.158923E+3	3.475300E+2	3.336115E+1	-9.229192E-1	4.763000E-6	NaN	4.763000E-5	5.316707E-1	1.773684E+1
6.170625E+3	3.473500E+2	3.337844E+1	-9.979210E-1	4.717000E-6	NaN	4.717000E-5	5.233298E-1	1.746857E+1
6.182650E+3	3.471500E+2	3.339767E+1	-1.035375E+0	4.670000E-6	NaN	4.670000E-5	5.205786E-1	1.738746E+1
6.194240E+3	3.469500E+2	3.341692E+1	-9.587994E-1	4.626100E-6	NaN	4.626100E-5	5.126451E-1	1.713159E+1
6.208633E+3	3.467200E+2	3.343909E+1	-9.907874E-1	4.572200E-6	NaN	4.572200E-5	5.195690E-1	1.737201E+1
6.220139E+3	3.465300E+2	3.345742E+1	-9.237457E-1	4.529700E-6	NaN	4.529700E-5	5.191511E-1	1.736847E+1
6.231181E+3	3.463600E+2	3.347384E+1	-1.076555E+0	4.488700E-6	NaN	4.488700E-5	5.095603E-1	1.705862E+1
6.242885E+3	3.461500E+2	3.349415E+1	-1.069246E+0	4.445100E-6	NaN	4.445100E-5	5.143997E-1	1.722983E+1
6.254669E+3	3.459400E+2	3.351448E+1	-9.481826E-1	4.400000E-6	NaN	4.400000E-5	5.163800E-1	1.730504E+1
6.266692E+3	3.457500E+2	3.353290E+1	-9.987734E-1	4.355000E-6	NaN	4.355000E-5	5.188314E-1	1.739801E+1
6.278106E+3	3.455600E+2	3.355134E+1	-1.077660E+0	4.313500E-6	NaN	4.313500E-5	5.203763E-1	1.746096E+1
6.289798E+3	3.453500E+2	3.357174E+1	-9.496938E-1	4.271200E-6	NaN	4.271200E-5	5.158917E-1	1.731989E+1
6.304329E+3	3.451200E+2	3.359411E+1	-9.961552E-1	4.219700E-6	NaN	4.219700E-5	5.209831E-1	1.750006E+1
6.315773E+3	3.449300E+2	3.361262E+1	-9.713977E-1	4.179400E-6	NaN	4.179400E-5	5.344510E-1	1.796372E+1
6.326891E+3	3.447500E+2	3.363017E+1	-9.223674E-1	4.140800E-6	NaN	4.140800E-5	5.242609E-1	1.763269E+1
6.341202E+3	3.445300E+2	3.365164E+1	-1.076279E+0	4.091900E-6	NaN	4.091900E-5	5.212499E-1	1.754097E+1
6.352909E+3	3.443200E+2	3.367217E+1	-9.926855E-1	4.051900E-6	NaN	4.051900E-5	5.144715E-1	1.732238E+1
6.364393E+3	3.441300E+2	3.369076E+1	-1.044568E+0	4.012200E-6	NaN	4.012200E-5	5.135739E-1	1.730238E+1
6.375881E+3	3.439300E+2	3.371035E+1	-9.875260E-1	3.972600E-6	NaN	3.972600E-5	5.202049E-1	1.753630E+1
6.387425E+3	3.437400E+2	3.372898E+1	-1.040944E+0	3.932800E-6	NaN	3.932800E-5	5.240208E-1	1.767572E+1
6.398953E+3	3.435400E+2	3.374862E+1	-9.511338E-1	3.894100E-6	NaN	3.894100E-5	5.198291E-1	1.754371E+1
6.413462E+3	3.433100E+2	3.377123E+1	-1.097394E+0	3.846400E-6	NaN	3.846400E-5	5.167823E-1	1.745122E+1
6.422210E+3	3.431500E+2	3.378697E+1	-9.576018E-1	3.818100E-6	NaN	3.818100E-5	5.244035E-1	1.771866E+1
6.436621E+3	3.429200E+2	3.380963E+1	-9.241037E-1	3.772200E-6	NaN	3.772200E-5	5.241480E-1	1.772052E+1
6.448308E+3	3.427400E+2	3.382739E+1	-9.993863E-1	3.735400E-6	NaN	3.735400E-5	5.230301E-1	1.769264E+1
6.459715E+3	3.425500E+2	3.384615E+1	-1.080432E+0	3.699700E-6	NaN	3.699700E-5	5.181427E-1	1.753800E+1
6.471377E+3	3.423400E+2	3.386692E+1	-9.758603E-1	3.662300E-6	NaN	3.662300E-5	5.107681E-1	1.729834E+1
6.483059E+3	3.421500E+2	3.388572E+1	-1.076233E+0	3.625000E-6	NaN	3.625000E-5	5.152746E-1	1.746153E+1
6.495324E+3	3.419300E+2	3.390752E+1	-1.010256E+0	3.585900E-6	NaN	3.585900E-5	5.262767E-1	1.784521E+1
6.508390E+3	3.417100E+2	3.392936E+1	-9.480813E-1	3.544700E-6	NaN	3.544700E-5	5.221009E-1	1.771324E+1
6.521680E+3	3.415000E+2	3.395022E+1	-1.066877E+0	3.504200E-6	NaN	3.504200E-5	5.349639E-1	1.816017E+1
6.531803E+3	3.413200E+2	3.396812E+1	-8.869180E-1	3.473700E-6	NaN	3.473700E-5	5.344550E-1	1.815390E+1
6.543980E+3	3.411400E+2	3.398605E+1	-9.960682E-1	3.437500E-6	NaN	3.437500E-5	5.324900E-1	1.809888E+1
6.555425E+3	3.409500E+2	3.400499E+1	-9.624773E-1	3.404400E-6	NaN	3.404400E-5	5.268331E-1	1.791705E+1
6.569763E+3	3.407200E+2	3.402794E+1	-1.052720E+0	3.363000E-6	NaN	3.363000E-5	5.181868E-1	1.763130E+1
6.581732E+3	3.405100E+2	3.404893E+1	-9.480670E-1	3.328500E-6	NaN	3.328500E-5	5.197987E-1	1.769634E+1
6.591225E+3	3.403600E+2	3.406393E+1	-1.033804E+0	3.301100E-6	NaN	3.301100E-5	5.089816E-1	1.734021E+1
6.603413E+3	3.401500E+2	3.408496E+1	-1.107278E+0	3.265500E-6	NaN	3.265500E-5	5.091649E-1	1.735696E+1
6.615876E+3	3.399200E+2	3.410803E+1	-9.771987E-1	3.229700E-6	NaN	3.229700E-5	5.120597E-1	1.746394E+1
6.628770E+3	3.397100E+2	3.412911E+1	-9.079445E-1	3.194200E-6	NaN	3.194200E-5	5.192692E-1	1.772017E+1
6.640665E+3	3.395300E+2	3.414720E+1	-9.831824E-1	3.162300E-6	NaN	3.162300E-5	5.253982E-1	1.794210E+1
6.652260E+3	3.393400E+2	3.416632E+1	-1.011236E+0	3.131400E-6	NaN	3.131400E-5	5.291993E-1	1.808225E+1
6.666500E+3	3.391000E+2	3.419050E+1	-9.137829E-1	3.093100E-6	NaN	3.093100E-5	5.259443E-1	1.798078E+1
6.678319E+3	3.389200E+2	3.420866E+1	-1.036448E+0	3.061200E-6	NaN	3.061200E-5	5.300601E-1	1.813187E+1
6.689897E+3	3.387200E+2	3.422886E+1	-9.866713E-1	3.029900E-6	NaN	3.029900E-5	5.218045E-1	1.786144E+1
6.701451E+3	3.385300E+2	3.424807E+1	-1.105554E+0	2.999000E-6	NaN	2.999000E-5	5.149314E-1	1.763572E+1
6.712848E+3	3.383200E+2	3.426933E+1	-9.651202E-1	2.968300E-6	NaN	2.968300E-5	5.123631E-1	1.755807E+1
6.724660E+3	3.381300E+2	3.428859E+1	-1.058481E+0	2.937300E-6	NaN	2.937300E-5	5.196345E-1	1.781668E+1
6.735997E+3	3.379300E+2	3.430888E+1	-8.975713E-1	2.908200E-6	NaN	2.908200E-5	5.264318E-1	1.806182E+1
6.747361E+3	3.377600E+2	3.432615E+1	-1.006219E+0	2.879500E-6	NaN	2.879500E-5	5.121927E-1	1.758399E+1
6.761672E+3	3.375200E+2	3.435056E+1	-1.094415E+0	2.844100E-6	NaN	2.844100E-5	5.145443E-1	1.767434E+1
6.773185E+3	3.373100E+2	3.437194E+1	-9.241037E-1	2.815700E-6	NaN	2.815700E-5	5.178911E-1	1.779801E+1
6.784872E+3	3.371300E+2	3.439029E+1	-8.980454E-1	2.787100E-6	NaN	2.787100E-5	5.244139E-1	1.803414E+1
6.796230E+3	3.369600E+2	3.440764E+1	-1.053926E+0	2.759700E-6	NaN	2.759700E-5	5.320078E-1	1.830783E+1
6.807616E+3	3.367600E+2	3.442808E+1	-9.972299E-1	2.732500E-6	NaN	2.732500E-5	5.210685E-1	1.794138E+1
6.822056E+3	3.365200E+2	3.445263E+1	-1.071524E+0	2.696800E-6	NaN	2.696800E-5	5.092437E-1	1.754395E+1
6.833255E+3	3.363200E+2	3.447312E+1	-1.099668E+0	2.668800E-6	NaN	2.668800E-5	5.096624E-1	1.756872E+1
6.844713E+3	3.361100E+2	3.449466E+1	-1.007512E+0	2.641000E-6	NaN	2.641000E-5	5.165375E-1	1.781628E+1
6.856028E+3	3.359200E+2	3.451417E+1	-8.695652E-1	2.614600E-6	NaN	2.614600E-5	5.314178E-1	1.834127E+1
6.867758E+3	3.357500E+2	3.453165E+1	-9.327475E-1	2.587900E-6	NaN	2.587900E-5	5.406787E-1	1.867242E+1
6.882553E+3	3.355200E+2	3.455532E+1	-9.806452E-1	2.555500E-6	NaN	2.555500E-5	5.246430E-1	1.812932E+1
6.894178E+3	3.353300E+2	3.457490E+1	-1.105360E+0	2.529600E-6	NaN	2.529600E-5	5.140439E-1	1.777230E+1
6.905577E+3	3.351200E+2	3.459656E+1	-9.294320E-1	2.504000E-6	NaN	2.504000E-5	5.074991E-1	1.755738E+1
6.917197E+3	3.349400E+2	3.461515E+1	-1.104779E+0	2.478100E-6	NaN	2.478100E-5	5.207246E-1	1.802491E+1
6.928602E+3	3.347300E+2	3.463687E+1	-9.257672E-1	2.452000E-6	NaN	2.452000E-5	5.336734E-1	1.848441E+1
6.940268E+3	3.345500E+2	3.465551E+1	-1.042753E+0	2.425500E-6	NaN	2.425500E-5	5.209038E-1	1.805287E+1
6.951776E+3	3.343500E+2	3.467624E+1	-1.088365E+0	2.399600E-6	NaN	2.399600E-5	5.208756E-1	1.806244E+1
6.963353E+3	3.341400E+2	3.469803E+1	-9.443036E-1	2.374600E-6	NaN	2.374600E-5	5.130793E-1	1.780272E+1
6.974790E+3	3.339600E+2	3.471673E+1	-9.406312E-1	2.350900E-6	NaN	2.350900E-5	5.189100E-1	1.801547E+1
6.989461E+3	3.337300E+2	3.474066E+1	-9.512904E-1	2.321500E-6	NaN	2.321500E-5	5.251226E-1	1.824193E+1
7.000814E+3	3.335500E+2	3.475941E+1	-9.864152E-1	2.298800E-6	NaN	2.298800E-5	5.197277E-1	1.806607E+1
7.012371E+3	3.333600E+2	3.477922E+1	-1.005025E+0	2.275500E-6	NaN	2.275500E-5	5.166572E-1	1.797097E+1
7.026699E+3	3.331200E+2	3.480427E+1	-1.042119E+0	2.246300E-6	NaN	2.246300E-5	5.107152E-1	1.777449E+1
7.038214E+3	3.329200E+2	3.482518E+1	-1.096892E+0	2.222200E-6	NaN	2.222200E-5	5.183911E-1	1.805167E+1
7.049701E+3	3.327100E+2	3.484716E+1	-9.272774E-1	2.198300E-6	NaN	2.198300E-5	5.252856E-1	1.830345E+1
7.061348E+3	3.325300E+2	3.486603E+1	-1.013333E+0	2.174600E-6	NaN	2.174600E-5	5.290526E-1	1.844571E+1
7.072598E+3	3.323400E+2	3.488596E+1	-9.774501E-1	2.152100E-6	NaN	2.152100E-5	5.274416E-1	1.840215E+1
7.084261E+3	3.321500E+2	3.490592E+1	-1.000347E+0	2.130000E-6	NaN	2.130000E-5	5.272940E-1	1.840660E+1
7.098656E+3	3.319100E+2	3.493116E+1	-8.775703E-1	2.102600E-6	NaN	2.102600E-5	5.204570E-1	1.817868E+1
7.110279E+3	3.317400E+2	3.494906E+1	-1.114058E+0	2.080800E-6	NaN	2.080800E-5	5.183134E-1	1.811446E+1
7.121589E+3	3.315300E+2	3.497119E+1	-9.603235E-1	2.059600E-6	NaN	2.059600E-5	5.182815E-1	1.812487E+1
7.133460E+3	3.313400E+2	3.499125E+1	-9.715357E-1	2.037700E-6	NaN	2.037700E-5	5.091288E-1	1.781500E+1
7.145194E+3	3.311500E+2	3.501132E+1	-1.075269E+0	2.016000E-6	NaN	2.016000E-5	5.190184E-1	1.817219E+1
7.156912E+3	3.309400E+2	3.503354E+1	-9.977245E-1	1.994110E-6	NaN	1.994110E-5	5.135857E-1	1.799243E+1
7.168338E+3	3.307500E+2	3.505367E+1	-1.035912E+0	1.972950E-6	NaN	1.972950E-5	5.098909E-1	1.787469E+1
7.179922E+3	3.305500E+2	3.507488E+1	-1.006219E+0	1.951860E-6	NaN	1.951860E-5	5.225491E-1	1.832898E+1
7.194233E+3	3.303100E+2	3.510036E+1	-8.735120E-1	1.926830E-6	NaN	1.926830E-5	5.206292E-1	1.827213E+1
7.205910E+3	3.301400E+2	3.511843E+1	-1.040853E+0	1.906790E-6	NaN	1.906790E-5	5.294330E-1	1.859203E+1
7.217439E+3	3.299400E+2	3.513972E+1	-9.153318E-1	1.887080E-6	NaN	1.887080E-5	5.275393E-1	1.853906E+1
7.229238E+3	3.297600E+2	3.515890E+1	-1.026665E+0	1.866850E-6	NaN	1.866850E-5	5.142245E-1	1.808144E+1
7.243264E+3	3.295200E+2	3.518451E+1	-1.060445E+0	1.842890E-6	NaN	1.842890E-5	5.142453E-1	1.809263E+1
7.254580E+3	3.293200E+2	3.520588E+1	-1.014325E+0	1.823510E-6	NaN	1.823510E-5	5.111881E-1	1.799533E+1
7.265819E+3	3.291300E+2	3.522620E+1	-9.951899E-1	1.804350E-6	NaN	1.804350E-5	5.238462E-1	1.845304E+1
7.277877E+3	3.289300E+2	3.524762E+1	-9.771987E-1	1.783880E-6	NaN	1.783880E-5	5.237666E-1	1.846187E+1
7.289543E+3	3.287400E+2	3.526799E+1	-1.088553E+0	1.764120E-6	NaN	1.764120E-5	5.247550E-1	1.850717E+1
7.301118E+3	3.285300E+2	3.529054E+1	-9.438084E-1	1.744970E-6	NaN	1.744970E-5	5.334321E-1	1.882491E+1
7.312561E+3	3.283500E+2	3.530988E+1	-9.090909E-1	1.726400E-6	NaN	1.726400E-5	5.268247E-1	1.860339E+1
7.327081E+3	3.281300E+2	3.533356E+1	-1.081359E+0	1.703340E-6	NaN	1.703340E-5	5.370113E-1	1.897401E+1
7.338733E+3	3.279200E+2	3.535618E+1	-8.886566E-1	1.685260E-6	NaN	1.685260E-5	5.253893E-1	1.857403E+1
7.350211E+3	3.277500E+2	3.537452E+1	-1.043660E+0	1.667350E-6	NaN	1.667350E-5	5.179596E-1	1.832435E+1
7.361709E+3	3.275500E+2	3.539612E+1	-1.005516E+0	1.649770E-6	NaN	1.649770E-5	5.168901E-1	1.829836E+1
7.376030E+3	3.273100E+2	3.542208E+1	-1.083126E+0	1.627440E-6	NaN	1.627440E-5	5.122585E-1	1.814403E+1
7.387663E+3	3.271000E+2	3.544482E+1	-9.673314E-1	1.609410E-6	NaN	1.609410E-5	5.193603E-1	1.840684E+1
7.399448E+3	3.269100E+2	3.546542E+1	-9.936242E-1	1.591340E-6	NaN	1.591340E-5	5.213566E-1	1.848985E+1
7.411525E+3	3.267100E+2	3.548713E+1	-9.847961E-1	1.573520E-6	NaN	1.573520E-5	5.306969E-1	1.883232E+1
7.423101E+3	3.265200E+2	3.550778E+1	-9.257672E-1	1.556690E-6	NaN	1.556690E-5	5.222601E-1	1.854403E+1
7.434767E+3	3.263400E+2	3.552736E+1	-1.032258E+0	1.540060E-6	NaN	1.540060E-5	5.178302E-1	1.839785E+1
7.446392E+3	3.261400E+2	3.554915E+1	-9.995616E-1	1.523600E-6	NaN	1.523600E-5	5.108497E-1	1.816060E+1
7.457797E+3	3.259500E+2	3.556987E+1	-1.030485E+0	1.507550E-6	NaN	1.507550E-5	5.121558E-1	1.821839E+1
7.469442E+3	3.257500E+2	3.559171E+1	-9.540270E-1	1.491050E-6	NaN	1.491050E-5	5.213554E-1	1.855682E+1
7.483907E+3	3.255200E+2	3.561686E+1	-1.002639E+0	1.470960E-6	NaN	1.470960E-5	5.242307E-1	1.867020E+1
7.495277E+3	3.253300E+2	3.563766E+1	-1.042843E+0	1.454970E-6	NaN	1.454970E-5	5.297740E-1	1.887907E+1
7.506784E+3	3.251300E+2	3.565958E+1	-9.716185E-1	1.438600E-6	NaN	1.438600E-5	5.225563E-1	1.863445E+1
7.518517E+3	3.249400E+2	3.568043E+1	-1.053159E+0	1.422320E-6	NaN	1.422320E-5	5.294799E-1	1.889181E+1
7.530481E+3	3.247300E+2	3.570351E+1	-8.865711E-1	1.406070E-6	NaN	1.406070E-5	5.238045E-1	1.870228E+1
7.541986E+3	3.245600E+2	3.572221E+1	-1.043406E+0	1.390960E-6	NaN	1.390960E-5	5.173233E-1	1.848194E+1
7.556362E+3	3.243100E+2	3.574975E+1	-9.865005E-1	1.372420E-6	NaN	1.372420E-5	5.288234E-1	1.890306E+1
7.567918E+3	3.241200E+2	3.577070E+1	-8.528027E-1	1.357550E-6	NaN	1.357550E-5	5.268372E-1	1.884241E+1
7.579175E+3	3.239600E+2	3.578837E+1	-1.018858E+0	1.343290E-6	NaN	1.343290E-5	5.281692E-1	1.890530E+1
7.590364E+3	3.237700E+2	3.580937E+1	-1.064207E+0	1.329080E-6	NaN	1.329080E-5	5.246454E-1	1.879005E+1
7.604459E+3	3.235200E+2	3.583704E+1	-9.823352E-1	1.310910E-6	NaN	1.310910E-5	5.182813E-1	1.857197E+1
7.616064E+3	3.233300E+2	3.585810E+1	-1.026606E+0	1.295830E-6	NaN	1.295830E-5	5.218472E-1	1.871127E+1
7.627753E+3	3.231300E+2	3.588030E+1	-1.047120E+0	1.280800E-6	NaN	1.280800E-5	5.247404E-1	1.882793E+1
7.639213E+3	3.229300E+2	3.590252E+1	-9.912182E-1	1.266400E-6	NaN	1.266400E-5	5.275420E-1	1.893882E+1
7.650714E+3	3.227400E+2	3.592365E+1	-8.972555E-1	1.252450E-6	NaN	1.252450E-5	5.278455E-1	1.896273E+1
7.662082E+3	3.225700E+2	3.594259E+1	-1.006289E+0	1.239000E-6	NaN	1.239000E-5	5.205359E-1	1.871238E+1
7.676392E+3	3.223300E+2	3.596935E+1	-1.048864E+0	1.222380E-6	NaN	1.222380E-5	5.233930E-1	1.882515E+1
7.688405E+3	3.221200E+2	3.599280E+1	-8.756868E-1	1.208480E-6	NaN	1.208480E-5	5.165044E-1	1.858822E+1
7.700053E+3	3.219500E+2	3.601180E+1	-1.078306E+0	1.195070E-6	NaN	1.195070E-5	5.240272E-1	1.887186E+1
7.711738E+3	3.217400E+2	3.603531E+1	-1.003433E+0	1.181370E-6	NaN	1.181370E-5	5.321708E-1	1.917689E+1
7.723099E+3	3.215500E+2	3.605660E+1	-9.843710E-1	1.167940E-6	NaN	1.167940E-5	5.173762E-1	1.865640E+1
7.734680E+3	3.213600E+2	3.607792E+1	-1.082732E+0	1.154410E-6	NaN	1.154410E-5	5.212026E-1	1.880597E+1
7.749088E+3	3.211000E+2	3.610713E+1	-9.545696E-1	1.138080E-6	NaN	1.138080E-5	5.264740E-1	1.900621E+1
7.760402E+3	3.209200E+2	3.612738E+1	-8.829640E-1	1.125690E-6	NaN	1.125690E-5	5.228511E-1	1.888858E+1
7.771954E+3	3.207500E+2	3.614653E+1	-1.043696E+0	1.113320E-6	NaN	1.113320E-5	5.339142E-1	1.930049E+1
7.786326E+3	3.205000E+2	3.617473E+1	-8.895985E-1	1.098050E-6	NaN	1.098050E-5	5.230181E-1	1.891866E+1
7.795094E+3	3.203700E+2	3.618941E+1	-1.040583E+0	1.088830E-6	NaN	1.088830E-5	5.197088E-1	1.880965E+1
7.809509E+3	3.201200E+2	3.621767E+1	-9.525490E-1	1.073550E-6	NaN	1.073550E-5	5.196029E-1	1.882006E+1
7.820847E+3	3.199400E+2	3.623804E+1	-1.063227E+0	1.061640E-6	NaN	1.061640E-5	5.213121E-1	1.889012E+1
7.834955E+3	3.196900E+2	3.626638E+1	-8.968610E-1	1.046870E-6	NaN	1.046870E-5	5.294241E-1	1.919693E+1
7.843652E+3	3.195600E+2	3.628114E+1	-1.012146E+0	1.037730E-6	NaN	1.037730E-5	5.285621E-1	1.917847E+1
7.855508E+3	3.193600E+2	3.630386E+1	-9.826260E-1	1.025540E-6	NaN	1.025540E-5	5.355920E-1	1.944652E+1
7.869552E+3	3.191300E+2	3.633002E+1	-9.507879E-1	1.011550E-6	NaN	1.011550E-5	5.234422E-1	1.901630E+1
7.880911E+3	3.189500E+2	3.635053E+1	-1.028718E+0	1.000340E-6	NaN	1.000340E-5	5.184300E-1	1.884637E+1
7.894909E+3	3.187100E+2	3.637790E+1	-1.020582E+0	9.866800E-7	NaN	9.866800E-6	5.220860E-1	1.899076E+1
7.906667E+3	3.185100E+2	3.640074E+1	-8.980454E-1	9.753200E-7	NaN	9.753200E-6	5.142599E-1	1.871758E+1
7.918025E+3	3.183400E+2	3.642018E+1	-1.088083E+0	9.645500E-7	NaN	9.645500E-6	5.230241E-1	1.904935E+1
7.929605E+3	3.181300E+2	3.644422E+1	-9.361997E-1	9.536800E-7	NaN	9.536800E-6	5.126051E-1	1.868214E+1
7.941141E+3	3.179500E+2	3.646485E+1	-1.137049E+0	9.426300E-7	NaN	9.426300E-6	5.139264E-1	1.874057E+1
7.952750E+3	3.177300E+2	3.649010E+1	-9.147891E-1	9.316200E-7	NaN	9.316200E-6	5.171011E-1	1.886903E+1
7.964556E+3	3.175500E+2	3.651079E+1	-1.085884E+0	9.205300E-7	NaN	9.205300E-6	5.188068E-1	1.894235E+1
7.976712E+3	3.173300E+2	3.653610E+1	-9.169147E-1	9.093600E-7	NaN	9.093600E-6	5.274150E-1	1.927058E+1
7.989145E+3	3.171400E+2	3.655799E+1	-9.916672E-1	8.982600E-7	NaN	8.982600E-6	5.276310E-1	1.928921E+1
8.003666E+3	3.169000E+2	3.658567E+1	-8.892764E-1	8.856000E-7	NaN	8.856000E-6	5.312139E-1	1.943287E+1
8.015136E+3	3.167300E+2	3.660531E+1	-1.049869E+0	8.758400E-7	NaN	8.758400E-6	5.277688E-1	1.931826E+1
8.026566E+3	3.165300E+2	3.662844E+1	-9.266409E-1	8.658700E-7	NaN	8.658700E-6	5.225231E-1	1.914017E+1
8.038221E+3	3.163500E+2	3.664928E+1	-1.064774E+0	8.559600E-7	NaN	8.559600E-6	5.257201E-1	1.926791E+1
8.050618E+3	3.161300E+2	3.667479E+1	-9.079445E-1	8.452600E-7	NaN	8.452600E-6	5.314961E-1	1.949177E+1
8.062513E+3	3.159500E+2	3.669568E+1	-1.037793E+0	8.350600E-7	NaN	8.350600E-6	5.290770E-1	1.941616E+1
8.074076E+3	3.157500E+2	3.671892E+1	-1.004745E+0	8.252100E-7	NaN	8.252100E-6	5.273617E-1	1.936624E+1
8.088408E+3	3.155100E+2	3.674685E+1	-1.040042E+0	8.131300E-7	NaN	8.131300E-6	5.246616E-1	1.927767E+1
8.099946E+3	3.153100E+2	3.677016E+1	-9.244992E-1	8.036100E-7	NaN	8.036100E-6	5.301297E-1	1.949065E+1
8.111628E+3	3.151300E+2	3.679117E+1	-9.945908E-1	7.940900E-7	NaN	7.940900E-6	5.232868E-1	1.925278E+1
8.123090E+3	3.149400E+2	3.681336E+1	-1.066098E+0	7.849700E-7	NaN	7.849700E-6	5.223455E-1	1.923128E+1
8.134346E+3	3.147400E+2	3.683675E+1	-9.522495E-1	7.760800E-7	NaN	7.760800E-6	5.138694E-1	1.893055E+1
8.148838E+3	3.145100E+2	3.686369E+1	-1.011037E+0	7.649400E-7	NaN	7.649400E-6	5.241910E-1	1.932189E+1
8.160707E+3	3.143100E+2	3.688715E+1	-9.106239E-1	7.558800E-7	NaN	7.558800E-6	5.247953E-1	1.935700E+1
8.172567E+3	3.141300E+2	3.690829E+1	-1.097752E+0	7.468300E-7	NaN	7.468300E-6	5.258277E-1	1.940781E+1
8.184045E+3	3.139200E+2	3.693298E+1	-9.281540E-1	7.380600E-7	NaN	7.380600E-6	5.236832E-1	1.934084E+1
8.195681E+3	3.137400E+2	3.695417E+1	-1.032702E+0	7.292900E-7	NaN	7.292900E-6	5.135670E-1	1.897882E+1
8.207301E+3	3.135400E+2	3.697774E+1	-1.017725E+0	7.207400E-7	NaN	7.207400E-6	5.188679E-1	1.918694E+1
8.219092E+3	3.133400E+2	3.700134E+1	-9.680707E-1	7.122300E-7	NaN	7.122300E-6	5.147239E-1	1.904632E+1
8.230868E+3	3.131500E+2	3.702379E+1	-9.935831E-1	7.037900E-7	NaN	7.037900E-6	5.250098E-1	1.943890E+1
8.245361E+3	3.129100E+2	3.705219E+1	-9.438909E-1	6.934500E-7	NaN	6.934500E-6	5.264468E-1	1.950400E+1
8.256803E+3	3.127300E+2	3.707351E+1	-1.007512E+0	6.854000E-7	NaN	6.854000E-6	5.244586E-1	1.944231E+1
8.268118E+3	3.125400E+2	3.709605E+1	-9.927719E-1	6.776900E-7	NaN	6.776900E-6	5.226596E-1	1.939056E+1
8.279601E+3	3.123500E+2	3.711862E+1	-9.937888E-1	6.696400E-7	NaN	6.696400E-6	5.255095E-1	1.950753E+1
8.294091E+3	3.121100E+2	3.714716E+1	-9.316770E-1	6.597600E-7	NaN	6.597600E-6	5.251654E-1	1.950672E+1
8.305683E+3	3.119300E+2	3.716860E+1	-1.042934E+0	6.519800E-7	NaN	6.519800E-6	5.231391E-1	1.944318E+1
8.317189E+3	3.117300E+2	3.719244E+1	-9.594030E-1	6.443900E-7	NaN	6.443900E-6	5.204279E-1	1.935693E+1
8.328446E+3	3.115500E+2	3.721393E+1	-9.827660E-1	6.370300E-7	NaN	6.370300E-6	5.236867E-1	1.948944E+1
8.342488E+3	3.113200E+2	3.724142E+1	-9.299923E-1	6.280400E-7	NaN	6.280400E-6	5.244158E-1	1.952897E+1
8.354101E+3	3.111400E+2	3.726297E+1	-1.039681E+0	6.205500E-7	NaN	6.205500E-6	5.255270E-1	1.958180E+1
8.365643E+3	3.109400E+2	3.728694E+1	-9.299122E-1	6.133800E-7	NaN	6.133800E-6	5.188392E-1	1.934759E+1
8.377257E+3	3.107600E+2	3.730853E+1	-1.046682E+0	6.060300E-7	NaN	6.060300E-6	5.243614E-1	1.956426E+1
8.391588E+3	3.105100E+2	3.733857E+1	-8.148022E-1	5.971400E-7	NaN	5.971400E-6	5.228265E-1	1.951922E+1
8.403370E+3	3.103500E+2	3.735782E+1	-9.775967E-1	5.903200E-7	NaN	5.903200E-6	5.225179E-1	1.952047E+1
8.415645E+3	3.101500E+2	3.738191E+1	-8.823529E-1	5.837700E-7	NaN	5.837700E-6	5.278966E-1	1.973543E+1
8.430605E+3	3.099300E+2	3.740845E+1	-1.004494E+0	5.751700E-7	NaN	5.751700E-6	5.122121E-1	1.916072E+1
8.441954E+3	3.097400E+2	3.743139E+1	-1.127338E+0	5.683600E-7	NaN	5.683600E-6	5.075105E-1	1.899780E+1
8.453663E+3	3.095200E+2	3.745800E+1	-1.097465E+0	5.611900E-7	NaN	5.611900E-6	5.065599E-1	1.897396E+1
8.465144E+3	3.093100E+2	3.748343E+1	-9.081736E-1	5.543000E-7	NaN	5.543000E-6	5.094805E-1	1.909563E+1
8.477036E+3	3.091300E+2	3.750526E+1	-1.092233E+0	5.472500E-7	NaN	5.472500E-6	5.239862E-1	1.965232E+1
8.488572E+3	3.089200E+2	3.753075E+1	-9.521291E-1	5.405600E-7	NaN	5.405600E-6	5.352831E-1	2.008850E+1
8.499915E+3	3.087400E+2	3.755263E+1	-9.370933E-1	5.341000E-7	NaN	5.341000E-6	5.251328E-1	1.972145E+1
8.511440E+3	3.085600E+2	3.757454E+1	-1.032631E+0	5.276200E-7	NaN	5.276200E-6	5.309851E-1	1.995413E+1
8.525966E+3	3.083100E+2	3.760501E+1	-9.283136E-1	5.196100E-7	NaN	5.196100E-6	5.163940E-1	1.941733E+1
8.537600E+3	3.081300E+2	3.762698E+1	-1.057362E+0	5.135200E-7	NaN	5.135200E-6	5.167471E-1	1.944326E+1
8.548949E+3	3.079300E+2	3.765141E+1	-9.109731E-1	5.075300E-7	NaN	5.075300E-6	5.203873E-1	1.959464E+1
8.563439E+3	3.077100E+2	3.767833E+1	-1.029071E+0	4.999500E-7	NaN	4.999500E-6	5.195909E-1	1.957631E+1
8.575100E+3	3.075100E+2	3.770284E+1	-9.790450E-1	4.938400E-7	NaN	4.938400E-6	5.324576E-1	2.007317E+1
8.586744E+3	3.073200E+2	3.772615E+1	-8.771176E-1	4.878900E-7	NaN	4.878900E-6	5.222909E-1	1.970334E+1
8.598373E+3	3.071500E+2	3.774703E+1	-1.039861E+0	4.820800E-7	NaN	4.820800E-6	5.268736E-1	1.989004E+1
8.609913E+3	3.069500E+2	3.777162E+1	-9.289887E-1	4.764000E-7	NaN	4.764000E-6	5.250654E-1	1.983427E+1
8.624122E+3	3.067300E+2	3.779872E+1	-9.711095E-1	4.694700E-7	NaN	4.694700E-6	5.205071E-1	1.967343E+1
8.636479E+3	3.065300E+2	3.782338E+1	-9.770312E-1	4.634500E-7	NaN	4.634500E-6	5.211278E-1	1.970963E+1
8.648147E+3	3.063400E+2	3.784684E+1	-9.938105E-1	4.578200E-7	NaN	4.578200E-6	5.161308E-1	1.953493E+1
8.659618E+3	3.061500E+2	3.787033E+1	-9.438479E-1	4.525400E-7	NaN	4.525400E-6	5.191476E-1	1.966134E+1
8.674239E+3	3.059200E+2	3.789880E+1	-9.378256E-1	4.457500E-7	NaN	4.457500E-6	5.221379E-1	1.978659E+1
8.685755E+3	3.057400E+2	3.792111E+1	-9.620253E-1	4.404700E-7	NaN	4.404700E-6	5.290273E-1	2.006001E+1
8.697605E+3	3.055500E+2	3.794469E+1	-9.257672E-1	4.351300E-7	NaN	4.351300E-6	5.198764E-1	1.972830E+1
8.709271E+3	3.053700E+2	3.796706E+1	-1.004394E+0	4.299300E-7	NaN	4.299300E-6	5.180839E-1	1.967197E+1
8.723608E+3	3.051300E+2	3.799692E+1	-9.205592E-1	4.236300E-7	NaN	4.236300E-6	5.186658E-1	1.970718E+1
8.735340E+3	3.049500E+2	3.801935E+1	-9.540270E-1	4.185400E-7	NaN	4.185400E-6	5.228604E-1	1.987854E+1
8.749805E+3	3.047200E+2	3.804804E+1	-9.087085E-1	4.123500E-7	NaN	4.123500E-6	5.300958E-1	2.016764E+1
8.761690E+3	3.045400E+2	3.807053E+1	-9.514271E-1	4.073200E-7	NaN	4.073200E-6	5.276193E-1	2.008715E+1
8.773672E+3	3.043500E+2	3.809430E+1	-9.380098E-1	4.023200E-7	NaN	4.023200E-6	5.239048E-1	1.995964E+1
8.788384E+3	3.041200E+2	3.812311E+1	-9.537355E-1	3.962800E-7	NaN	3.962800E-6	5.260872E-1	2.005394E+1
8.800337E+3	3.039300E+2	3.814694E+1	-8.544861E-1	3.915100E-7	NaN	3.915100E-6	5.247569E-1	2.001719E+1
8.812274E+3	3.037600E+2	3.816829E+1	-9.564072E-1	3.868000E-7	NaN	3.868000E-6	5.271683E-1	2.012398E+1
8.826703E+3	3.035300E+2	3.819721E+1	-8.790902E-1	3.812500E-7	NaN	3.812500E-6	5.297152E-1	2.023294E+1
8.841036E+3	3.033200E+2	3.822366E+1	-8.872651E-1	3.758200E-7	NaN	3.758200E-6	5.187199E-1	1.982600E+1
8.852532E+3	3.031500E+2	3.824509E+1	-9.576018E-1	3.715600E-7	NaN	3.715600E-6	5.206609E-1	1.991370E+1
8.866943E+3	3.029200E+2	3.827413E+1	-8.627252E-1	3.662900E-7	NaN	3.662900E-6	5.155562E-1	1.973160E+1
8.878766E+3	3.027500E+2	3.829562E+1	-8.710681E-1	3.620900E-7	NaN	3.620900E-6	5.172908E-1	1.981102E+1
8.893231E+3	3.025400E+2	3.832221E+1	-8.659145E-1	3.571500E-7	NaN	3.571500E-6	5.214324E-1	1.998286E+1
8.908475E+3	3.023200E+2	3.835009E+1	-8.547725E-1	3.519800E-7	NaN	3.519800E-6	5.248889E-1	2.012799E+1
8.920408E+3	3.021500E+2	3.837167E+1	-7.682906E-1	3.481100E-7	NaN	3.481100E-6	5.272625E-1	2.023310E+1
8.937589E+3	3.019300E+2	3.839963E+1	-8.049369E-1	3.428000E-7	NaN	3.428000E-6	5.265640E-1	2.021950E+1
8.952497E+3	3.017300E+2	3.842508E+1	-7.564614E-1	3.383500E-7	NaN	3.383500E-6	5.315788E-1	2.042453E+1
8.966774E+3	3.015500E+2	3.844802E+1	-6.973095E-1	3.343500E-7	NaN	3.343500E-6	5.298747E-1	2.037333E+1
8.983983E+3	3.013500E+2	3.847354E+1	-7.003619E-1	3.296400E-7	NaN	3.296400E-6	5.309698E-1	2.042903E+1
9.001117E+3	3.011500E+2	3.849909E+1	-6.803107E-1	3.252700E-7	NaN	3.252700E-6	5.298201E-1	2.039802E+1
9.018756E+3	3.009500E+2	3.852467E+1	-6.375228E-1	3.209900E-7	NaN	3.209900E-6	5.269769E-1	2.030097E+1
9.038520E+3	3.007400E+2	3.855157E+1	-5.993654E-1	3.164200E-7	NaN	3.164200E-6	5.292457E-1	2.040176E+1
9.055538E+3	3.005700E+2	3.857338E+1	-5.983545E-1	3.127300E-7	NaN	3.127300E-6	5.263666E-1	2.030461E+1
9.075593E+3	3.003700E+2	3.859906E+1	-5.882930E-1	3.085500E-7	NaN	3.085500E-6	5.219725E-1	2.014903E+1
9.095991E+3	3.001700E+2	3.862478E+1	-5.438536E-1	3.045400E-7	NaN	3.045400E-6	5.221169E-1	2.016699E+1
9.119159E+3	2.999600E+2	3.865182E+1	-5.092082E-1	3.002400E-7	NaN	3.002400E-6	5.259045E-1	2.032642E+1
9.142725E+3	2.997600E+2	3.867761E+1	-4.938272E-1	2.961300E-7	NaN	2.961300E-6	5.317875E-1	2.056755E+1
9.165810E+3	2.995700E+2	3.870214E+1	-4.561350E-1	2.923000E-7	NaN	2.923000E-6	5.289583E-1	2.047227E+1
9.192118E+3	2.993700E+2	3.872800E+1	-4.573519E-1	2.882800E-7	NaN	2.882800E-6	5.274286E-1	2.042663E+1
9.218356E+3	2.991700E+2	3.875389E+1	-4.121870E-1	2.844900E-7	NaN	2.844900E-6	5.306914E-1	2.056632E+1
9.247469E+3	2.989700E+2	3.877981E+1	-3.771095E-1	2.805600E-7	NaN	2.805600E-6	5.309611E-1	2.059056E+1
9.279290E+3	2.987700E+2	3.880577E+1	-3.751172E-1	2.766100E-7	NaN	2.766100E-6	5.341757E-1	2.072916E+1
9.311280E+3	2.985700E+2	3.883176E+1	-3.431905E-1	2.729000E-7	NaN	2.729000E-6	5.357881E-1	2.080490E+1
9.346246E+3	2.983700E+2	3.885779E+1	-3.096330E-1	2.691200E-7	NaN	2.691200E-6	5.322164E-1	2.068037E+1
9.381126E+3	2.981900E+2	3.888125E+1	-3.085211E-1	2.656600E-7	NaN	2.656600E-6	5.356515E-1	2.082799E+1
9.421966E+3	2.979800E+2	3.890865E+1	-2.722261E-1	2.619400E-7	NaN	2.619400E-6	5.403356E-1	2.102364E+1
9.466047E+3	2.977800E+2	3.893478E+1	-2.423418E-1	2.582200E-7	NaN	2.582200E-6	5.366846E-1	2.089533E+1
9.513088E+3	2.975900E+2	3.895964E+1	-2.471994E-1	2.546400E-7	NaN	2.546400E-6	5.380715E-1	2.096396E+1
9.564059E+3	2.973800E+2	3.898715E+1	-2.130568E-1	2.510900E-7	NaN	2.510900E-6	5.365562E-1	2.091842E+1
9.620382E+3	2.971800E+2	3.901339E+1	-1.890673E-1	2.475600E-7	NaN	2.475600E-6	5.326761E-1	2.078074E+1
9.680678E+3	2.969900E+2	3.903835E+1	-1.805027E-1	2.441800E-7	NaN	2.441800E-6	5.323965E-1	2.078439E+1
9.747159E+3	2.967900E+2	3.906466E+1	-1.655858E-1	2.408600E-7	NaN	2.408600E-6	5.222750E-1	2.040297E+1
9.819629E+3	2.965900E+2	3.909100E+1	-1.530573E-1	2.376000E-7	NaN	2.376000E-6	5.244524E-1	2.050060E+1
9.898031E+3	2.963900E+2	3.911738E+1	-1.195418E-1	2.344500E-7	NaN	2.344500E-6	5.286526E-1	2.067904E+1
9.988376E+3	2.962100E+2	3.914115E+1	-1.130694E-1	2.312800E-7	NaN	2.312800E-6	NaN	NaN
1.009981E+4	2.960000E+2	3.916892E+1	NaN	2.279900E-7	NaN	2.279900E-6	NaN	NaN
--------------------
6/26/2024 12:09 PM
