5/7/2024
6:48 PM
slow cooling again at 0.05k per min_2024.05.07_COND_FILE END.txt

Data taken by: YOUR NAME
ammeter is Keithley 6517A at GPIB0::27::INSTR
voltage source is Keithley 6517A at GPIB0::27::INSTR
temperature controller is Lake Shore 330 at GPIB0::12::INSTR with the settings: control sensor=A;sample sensor=;loop=1
Readings: 20
Voltage (V): 100
Geo Factor: 1000
Ea Window (pts): 5
Shut off V when done?: TRUE
Mconnect?: TRUE
Use Abs(Cond)?: TRUE
Rate (K/min): 0.05
Heater: High
DESCRIPTION
********************
Time (s)	Temperature (K)	1/kT (1/eV)	Rate (K/min)	Current (A)	Current Std Dev/Mean	Conductivity (Ohm-cm)^-1	Ea (eV)	Reduced Ea	
9.758900E+1	4.696000E+2	2.468910E+1	NaN	3.902560E-4	1.842532E-3	3.902560E-3	NaN	NaN
1.261860E+3	4.686700E+2	2.473809E+1	NaN	3.816315E-4	3.529208E-3	3.816315E-3	NaN	NaN
2.485271E+3	4.676200E+2	2.479364E+1	NaN	3.724115E-4	2.602543E-3	3.724115E-3	NaN	NaN
3.670382E+3	4.666500E+2	2.484517E+1	NaN	3.620060E-4	3.283570E-3	3.620060E-3	NaN	NaN
4.865684E+3	4.656200E+2	2.490013E+1	NaN	3.527440E-4	2.780234E-3	3.527440E-3	NaN	NaN
6.082018E+3	4.646500E+2	2.495211E+1	NaN	3.453960E-4	1.763837E-3	3.453960E-3	NaN	NaN
7.270619E+3	4.636300E+2	2.500701E+1	NaN	3.363245E-4	2.654540E-3	3.363245E-3	NaN	NaN
8.475377E+3	4.626700E+2	2.505890E+1	NaN	3.277355E-4	3.128041E-3	3.277355E-3	NaN	NaN
9.676989E+3	4.616600E+2	2.511372E+1	NaN	3.200550E-4	2.678046E-3	3.200550E-3	NaN	NaN
1.088912E+4	4.606200E+2	2.517042E+1	NaN	3.131805E-4	2.680568E-3	3.131805E-3	NaN	NaN
1.207710E+4	4.596800E+2	2.522189E+1	NaN	3.050295E-4	2.308119E-3	3.050295E-3	NaN	NaN
1.327734E+4	4.586200E+2	2.528019E+1	NaN	2.967800E-4	2.827422E-3	2.967800E-3	NaN	NaN
1.448260E+4	4.576500E+2	2.533377E+1	NaN	2.898090E-4	3.697690E-3	2.898090E-3	NaN	NaN
1.568265E+4	4.566600E+2	2.538869E+1	NaN	2.810675E-4	2.402626E-3	2.810675E-3	NaN	NaN
1.686902E+4	4.556800E+2	2.544329E+1	NaN	2.729175E-4	2.966153E-3	2.729175E-3	NaN	NaN
1.806057E+4	4.546800E+2	2.549925E+1	NaN	2.693565E-4	2.426582E-3	2.693565E-3	NaN	NaN
1.926014E+4	4.537000E+2	2.555433E+1	-4.998155E-2	2.584645E-4	7.094660E-3	2.584645E-3	NaN	NaN
2.046703E+4	4.526600E+2	2.561304E+1	-4.998232E-2	2.543580E-4	2.286293E-3	2.543580E-3	NaN	NaN
2.167590E+4	4.516700E+2	2.566918E+1	-4.998413E-2	2.472535E-4	4.997560E-3	2.472535E-3	NaN	NaN
2.286671E+4	4.506700E+2	2.572614E+1	-4.998401E-2	2.397800E-4	3.168330E-3	2.397800E-3	NaN	NaN
2.409307E+4	4.496400E+2	2.578507E+1	-4.998650E-2	2.332140E-4	3.022047E-3	2.332140E-3	NaN	NaN
2.528468E+4	4.486200E+2	2.584370E+1	-4.998694E-2	2.271005E-4	2.086803E-3	2.271005E-3	NaN	NaN
2.648866E+4	4.476300E+2	2.590086E+1	-4.998944E-2	2.217180E-4	2.583218E-3	2.217180E-3	NaN	NaN
2.768458E+4	4.466700E+2	2.595652E+1	-4.999100E-2	2.168720E-4	2.195602E-3	2.168720E-3	NaN	NaN
2.887468E+4	4.456800E+2	2.601418E+1	-4.998874E-2	2.114080E-4	2.111929E-3	2.114080E-3	NaN	NaN
3.007620E+4	4.446700E+2	2.607327E+1	-4.998818E-2	2.060765E-4	2.311246E-3	2.060765E-3	NaN	NaN
3.126078E+4	4.436700E+2	2.613204E+1	-4.998768E-2	2.013115E-4	2.548505E-3	2.013115E-3	NaN	NaN
3.246463E+4	4.426900E+2	2.618988E+1	-4.998769E-2	1.970368E-4	2.241872E-3	1.970367E-3	NaN	NaN
3.367911E+4	4.416700E+2	2.625037E+1	-4.998686E-2	1.922826E-4	2.297826E-3	1.922826E-3	NaN	NaN
3.486764E+4	4.406900E+2	2.630874E+1	-4.998682E-2	1.870317E-4	2.156409E-3	1.870317E-3	NaN	NaN
3.606487E+4	4.397000E+2	2.636798E+1	-4.998838E-2	1.826979E-4	2.029987E-3	1.826979E-3	NaN	NaN
3.727535E+4	4.386800E+2	2.642929E+1	-4.998696E-2	1.780596E-4	2.439157E-3	1.780596E-3	NaN	NaN
3.847759E+4	4.376900E+2	2.648907E+1	-4.998581E-2	1.736281E-4	1.699933E-3	1.736282E-3	NaN	NaN
3.968648E+4	4.366700E+2	2.655094E+1	-4.998815E-2	1.692767E-4	2.239065E-3	1.692767E-3	NaN	NaN
4.086501E+4	4.356700E+2	2.661189E+1	-4.998761E-2	1.651854E-4	2.478257E-3	1.651854E-3	NaN	NaN
4.207859E+4	4.347000E+2	2.667127E+1	-4.998712E-2	1.610247E-4	2.324190E-3	1.610247E-3	NaN	NaN
4.328301E+4	4.336600E+2	2.673523E+1	-4.998747E-2	1.570639E-4	1.982604E-3	1.570639E-3	NaN	NaN
4.447716E+4	4.327000E+2	2.679455E+1	-4.998642E-2	1.533491E-4	1.924996E-3	1.533491E-3	NaN	NaN
4.566385E+4	4.317000E+2	2.685661E+1	-4.998602E-2	1.500078E-4	2.265163E-3	1.500078E-3	NaN	NaN
4.686212E+4	4.309100E+2	2.690585E+1	-4.997846E-2	1.469428E-4	5.149106E-4	1.469428E-3	NaN	NaN
4.805852E+4	4.299200E+2	2.696781E+1	-4.995931E-2	1.434944E-4	6.144403E-4	1.434944E-3	NaN	NaN
4.927202E+4	4.289100E+2	2.703131E+1	-4.994374E-2	1.398753E-4	7.615155E-4	1.398753E-3	NaN	NaN
5.047251E+4	4.276700E+2	2.710969E+1	-4.993723E-2	1.353565E-4	2.596586E-3	1.353565E-3	NaN	NaN
5.166554E+4	4.266900E+2	2.717195E+1	-4.994180E-2	1.322831E-4	1.981992E-3	1.322831E-3	NaN	NaN
5.285055E+4	4.256700E+2	2.723706E+1	-4.994754E-2	1.288348E-4	3.059012E-3	1.288348E-3	NaN	NaN
5.407904E+4	4.247000E+2	2.729927E+1	-4.995286E-2	1.250809E-4	2.123234E-3	1.250809E-3	NaN	NaN
5.526410E+4	4.239200E+2	2.734950E+1	-4.996205E-2	1.220963E-4	8.366102E-4	1.220963E-3	NaN	NaN
5.645926E+4	4.227100E+2	2.742779E+1	-4.997985E-2	1.182876E-4	2.868026E-3	1.182876E-3	NaN	NaN
5.766550E+4	4.217100E+2	2.749283E+1	-5.000180E-2	1.153133E-4	2.378851E-3	1.153133E-3	NaN	NaN
5.886372E+4	4.206800E+2	2.756014E+1	-5.002461E-2	1.119795E-4	2.907049E-3	1.119795E-3	NaN	NaN
6.007476E+4	4.196800E+2	2.762581E+1	-5.004197E-2	1.090481E-4	2.432835E-3	1.090481E-3	NaN	NaN
6.127666E+4	4.186500E+2	2.769378E+1	-5.005771E-2	1.063180E-4	2.140813E-3	1.063179E-3	NaN	NaN
6.247380E+4	4.176900E+2	2.775743E+1	-5.005899E-2	1.037416E-4	2.076449E-3	1.037416E-3	NaN	NaN
6.368403E+4	4.166700E+2	2.782538E+1	-5.005710E-2	1.010423E-4	2.486532E-3	1.010423E-3	NaN	NaN
6.487799E+4	4.156200E+2	2.789567E+1	-5.005845E-2	9.828490E-5	2.675594E-3	9.828490E-4	NaN	NaN
6.606632E+4	4.147000E+2	2.795756E+1	-5.005731E-2	9.573930E-5	2.386675E-3	9.573930E-4	4.268665E-1	1.121414E+1
6.728563E+4	4.136800E+2	2.802649E+1	-5.005204E-2	9.310350E-5	2.683230E-3	9.310350E-4	4.263074E-1	1.121233E+1
6.845427E+4	4.127000E+2	2.809305E+1	-5.004719E-2	9.078120E-5	2.396167E-3	9.078120E-4	4.257621E-1	1.121048E+1
6.967750E+4	4.116600E+2	2.816402E+1	-5.004410E-2	8.830480E-5	2.473378E-3	8.830480E-4	4.252043E-1	1.120842E+1
7.087119E+4	4.106500E+2	2.823329E+1	-5.004217E-2	8.594150E-5	2.815946E-3	8.594150E-4	4.246817E-1	1.120611E+1
7.207248E+4	4.096400E+2	2.830290E+1	-5.003975E-2	8.357295E-5	2.854011E-3	8.357295E-4	4.241680E-1	1.120420E+1
7.326562E+4	4.088600E+2	2.835689E+1	-5.003774E-2	8.148140E-5	1.080767E-3	8.148140E-4	4.236829E-1	1.120317E+1
7.446044E+4	4.079100E+2	2.842294E+1	-4.999905E-2	7.933250E-5	5.356906E-4	7.933250E-4	4.216779E-1	1.119936E+1
7.565871E+4	4.068800E+2	2.849489E+1	-4.998324E-2	7.692445E-5	8.348397E-4	7.692445E-4	4.202333E-1	1.120042E+1
7.685987E+4	4.056800E+2	2.857918E+1	-4.997534E-2	7.462060E-5	2.816776E-3	7.462060E-4	4.198536E-1	1.120134E+1
7.806960E+4	4.046800E+2	2.864980E+1	-4.997167E-2	7.273935E-5	2.220220E-3	7.273935E-4	4.195435E-1	1.120213E+1
7.926237E+4	4.036900E+2	2.872006E+1	-4.996402E-2	7.062970E-5	2.805156E-3	7.062970E-4	4.191768E-1	1.120213E+1
8.048539E+4	4.026600E+2	2.879352E+1	-4.996865E-2	6.864105E-5	2.890330E-3	6.864105E-4	4.188550E-1	1.120277E+1
8.167970E+4	4.016600E+2	2.886521E+1	-4.996960E-2	6.669465E-5	3.293034E-3	6.669465E-4	4.185369E-1	1.120358E+1
8.286979E+4	4.006600E+2	2.893725E+1	-4.997703E-2	6.473895E-5	2.558057E-3	6.473895E-4	4.182298E-1	1.120516E+1
8.404828E+4	3.996800E+2	2.900821E+1	-4.998493E-2	6.291260E-5	2.748443E-3	6.291260E-4	4.179236E-1	1.120695E+1
8.527073E+4	3.986800E+2	2.908097E+1	-4.999274E-2	6.111995E-5	2.678295E-3	6.111995E-4	4.175517E-1	1.120944E+1
8.646280E+4	3.976900E+2	2.915336E+1	-5.000162E-2	5.921310E-5	2.907794E-3	5.921310E-4	4.171998E-1	1.121274E+1
8.766306E+4	3.966700E+2	2.922833E+1	-5.000994E-2	5.739940E-5	3.420561E-3	5.739940E-4	4.169013E-1	1.121693E+1
8.887333E+4	3.956700E+2	2.930220E+1	-5.001842E-2	5.562505E-5	2.970347E-3	5.562505E-4	4.166565E-1	1.122211E+1
9.007122E+4	3.947000E+2	2.937421E+1	-5.002606E-2	5.384670E-5	2.656635E-3	5.384670E-4	4.164096E-1	1.122891E+1
9.126651E+4	3.936600E+2	2.945181E+1	-5.002999E-2	5.226020E-5	3.120263E-3	5.226020E-4	4.161773E-1	1.123659E+1
9.245986E+4	3.926400E+2	2.952832E+1	-5.003668E-2	5.061355E-5	3.598608E-3	5.061355E-4	4.159932E-1	1.124322E+1
9.366237E+4	3.919200E+2	2.958257E+1	-5.003644E-2	4.917685E-5	8.091866E-4	4.917685E-4	4.157194E-1	1.125794E+1
9.486603E+4	3.909100E+2	2.965900E+1	-5.001096E-2	4.763665E-5	6.773998E-4	4.763665E-4	4.151798E-1	1.129237E+1
9.606084E+4	3.899100E+2	2.973507E+1	-4.997462E-2	4.620950E-5	9.513435E-4	4.620950E-4	4.148055E-1	1.132020E+1
9.726270E+4	3.886800E+2	2.982917E+1	-4.996050E-2	4.465285E-5	3.087255E-3	4.465285E-4	4.146530E-1	1.132932E+1
9.845689E+4	3.877100E+2	2.990379E+1	-4.995725E-2	4.325530E-5	2.962140E-3	4.325530E-4	4.145703E-1	1.133469E+1
9.967251E+4	3.866700E+2	2.998422E+1	-4.995279E-2	4.189345E-5	3.023586E-3	4.189345E-4	4.144776E-1	1.134221E+1
1.008879E+5	3.856200E+2	3.006587E+1	-4.995631E-2	4.048530E-5	3.266505E-3	4.048530E-4	4.143955E-1	1.134920E+1
1.020583E+5	3.846800E+2	3.013934E+1	-4.996216E-2	3.923230E-5	3.296941E-3	3.923230E-4	4.143276E-1	1.135591E+1
1.032490E+5	3.836800E+2	3.021789E+1	-4.996874E-2	3.793000E-5	3.261932E-3	3.793000E-4	4.142705E-1	1.136422E+1
1.044705E+5	3.826800E+2	3.029685E+1	-4.997641E-2	3.663750E-5	3.369003E-3	3.663750E-4	4.142259E-1	1.137467E+1
1.056769E+5	3.816500E+2	3.037862E+1	-4.998759E-2	3.542730E-5	3.148685E-3	3.542730E-4	4.142054E-1	1.138464E+1
1.068735E+5	3.806800E+2	3.045603E+1	-5.000056E-2	3.426945E-5	3.235146E-3	3.426945E-4	4.141750E-1	1.139447E+1
1.080673E+5	3.796900E+2	3.053544E+1	-5.000981E-2	3.316470E-5	3.038227E-3	3.316470E-4	4.141519E-1	1.140641E+1
1.092685E+5	3.787100E+2	3.061445E+1	-5.001767E-2	3.202300E-5	3.145518E-3	3.202300E-4	4.141426E-1	1.141951E+1
1.104618E+5	3.776700E+2	3.069876E+1	-5.002579E-2	3.090405E-5	3.770333E-3	3.090405E-4	4.141486E-1	1.143218E+1
1.116684E+5	3.766500E+2	3.078189E+1	-5.003455E-2	2.982765E-5	3.672893E-3	2.982765E-4	4.141641E-1	1.144433E+1
1.128713E+5	3.756700E+2	3.086219E+1	-5.004353E-2	2.878985E-5	3.452787E-3	2.878985E-4	4.141853E-1	1.145524E+1
1.140774E+5	3.746900E+2	3.094291E+1	-5.004740E-2	2.774640E-5	3.078440E-3	2.774640E-4	4.142343E-1	1.146902E+1
1.152639E+5	3.737000E+2	3.102489E+1	-5.004834E-2	2.681525E-5	3.872816E-3	2.681525E-4	4.143024E-1	1.148483E+1
1.164627E+5	3.726800E+2	3.110980E+1	-5.004955E-2	2.581115E-5	3.376088E-3	2.581115E-4	4.144016E-1	1.150288E+1
1.176769E+5	3.716600E+2	3.119518E+1	-5.004414E-2	2.487235E-5	3.673875E-3	2.487235E-4	4.145003E-1	1.152015E+1
1.188855E+5	3.706600E+2	3.127934E+1	-5.004092E-2	2.397600E-5	3.682714E-3	2.397600E-4	4.146043E-1	1.153654E+1
1.200625E+5	3.696600E+2	3.136396E+1	-5.003903E-2	2.307230E-5	3.872445E-3	2.307230E-4	4.147164E-1	1.155244E+1
1.212584E+5	3.687000E+2	3.144562E+1	-5.003323E-2	2.223540E-5	3.827489E-3	2.223540E-4	4.148737E-1	1.157210E+1
1.224770E+5	3.676900E+2	3.153200E+1	-5.002641E-2	2.138745E-5	3.640951E-3	2.138745E-4	4.150536E-1	1.159317E+1
1.236666E+5	3.667700E+2	3.161109E+1	-5.002151E-2	2.058530E-5	2.686625E-3	2.058530E-4	4.152281E-1	1.161257E+1
1.248614E+5	3.659200E+2	3.168452E+1	-4.997838E-2	1.987677E-5	1.042474E-3	1.987677E-4	4.159219E-1	1.168429E+1
1.260716E+5	3.646900E+2	3.179138E+1	-4.995683E-2	1.902264E-5	3.539882E-3	1.902264E-4	4.158903E-1	1.175704E+1
1.272658E+5	3.636600E+2	3.188143E+1	-4.995920E-2	1.828111E-5	4.112478E-3	1.828111E-4	4.158353E-1	1.177887E+1
1.284686E+5	3.626800E+2	3.196757E+1	-4.996321E-2	1.758713E-5	3.888193E-3	1.758714E-4	4.158079E-1	1.180001E+1
1.296787E+5	3.616800E+2	3.205596E+1	-4.996580E-2	1.688520E-5	3.674371E-3	1.688520E-4	4.158291E-1	1.182443E+1
1.308782E+5	3.606600E+2	3.214662E+1	-4.996602E-2	1.622471E-5	3.508897E-3	1.622471E-4	4.158959E-1	1.185420E+1
1.320767E+5	3.596500E+2	3.223690E+1	-4.996908E-2	1.565761E-5	3.620873E-3	1.565761E-4	4.159858E-1	1.188356E+1
1.332701E+5	3.586700E+2	3.232498E+1	-4.997465E-2	1.507498E-5	3.846134E-3	1.507498E-4	4.160413E-1	1.190866E+1
1.344619E+5	3.576700E+2	3.241535E+1	-4.997858E-2	1.450357E-5	3.828086E-3	1.450357E-4	4.161221E-1	1.193410E+1
1.356683E+5	3.566900E+2	3.250442E+1	-4.997762E-2	1.394388E-5	3.752467E-3	1.394388E-4	4.162500E-1	1.196279E+1
1.368703E+5	3.557000E+2	3.259488E+1	-4.998077E-2	1.337709E-5	3.759517E-3	1.337709E-4	4.164411E-1	1.199683E+1
1.380689E+5	3.546800E+2	3.268862E+1	-4.999062E-2	1.282635E-5	3.855388E-3	1.282635E-4	4.166970E-1	1.203276E+1
1.392755E+5	3.536400E+2	3.278475E+1	-4.999838E-2	1.220689E-5	5.462301E-3	1.220689E-4	4.169835E-1	1.206722E+1
1.404658E+5	3.526700E+2	3.287493E+1	-5.000588E-2	1.172699E-5	4.976351E-3	1.172698E-4	4.173082E-1	1.209942E+1
1.416738E+5	3.516600E+2	3.296935E+1	-5.001125E-2	1.118885E-5	3.365626E-3	1.118885E-4	4.176778E-1	1.213484E+1
1.428668E+5	3.507000E+2	3.305960E+1	-5.001350E-2	1.066435E-5	4.135053E-3	1.066435E-4	4.181508E-1	1.217560E+1
1.440682E+5	3.496900E+2	3.315508E+1	-5.001597E-2	1.019625E-5	4.150709E-3	1.019625E-4	4.187532E-1	1.222181E+1
1.452722E+5	3.486600E+2	3.325303E+1	-5.002100E-2	9.714010E-6	5.562863E-3	9.714010E-5	4.193157E-1	1.226277E+1
1.464721E+5	3.478500E+2	3.333046E+1	-5.002754E-2	9.270480E-6	1.928220E-3	9.270480E-5	4.199020E-1	1.230275E+1
1.476680E+5	3.469100E+2	3.342077E+1	-4.999857E-2	8.893025E-6	1.662981E-3	8.893025E-5	4.225768E-1	1.248067E+1
1.488928E+5	3.456500E+2	3.354260E+1	-4.998896E-2	8.456230E-6	4.315602E-3	8.456230E-5	4.235161E-1	1.254442E+1
1.500747E+5	3.446400E+2	3.364090E+1	-4.998820E-2	8.076455E-6	4.675209E-3	8.076455E-5	4.240712E-1	1.258149E+1
1.512944E+5	3.437900E+2	3.372408E+1	-4.998569E-2	7.724120E-6	3.009155E-3	7.724120E-5	4.246433E-1	1.261936E+1
1.524656E+5	3.429100E+2	3.381062E+1	-4.995516E-2	7.437560E-6	9.168286E-4	7.437560E-5	4.268918E-1	1.276682E+1
1.536832E+5	3.416800E+2	3.393233E+1	-4.994931E-2	7.055040E-6	4.236490E-3	7.055040E-5	4.281808E-1	1.285194E+1
1.548970E+5	3.406800E+2	3.403194E+1	-4.994935E-2	6.721520E-6	4.569021E-3	6.721520E-5	4.287770E-1	1.289073E+1
1.560675E+5	3.396700E+2	3.413313E+1	-4.995433E-2	6.411565E-6	5.465993E-3	6.411565E-5	4.293484E-1	1.292761E+1
1.573027E+5	3.386700E+2	3.423392E+1	-4.996130E-2	6.112785E-6	4.381992E-3	6.112785E-5	4.299143E-1	1.296368E+1
1.584615E+5	3.376800E+2	3.433428E+1	-4.996942E-2	5.834415E-6	4.983468E-3	5.834415E-5	4.304441E-1	1.299803E+1
1.596889E+5	3.366700E+2	3.443728E+1	-4.997503E-2	5.551895E-6	4.057959E-3	5.551895E-5	4.310870E-1	1.303990E+1
1.608637E+5	3.357000E+2	3.453679E+1	-4.998151E-2	5.299920E-6	3.720383E-3	5.299920E-5	4.317166E-1	1.308111E+1
1.620728E+5	3.346700E+2	3.464308E+1	-4.998943E-2	5.038960E-6	5.602055E-3	5.038960E-5	4.323708E-1	1.312471E+1
1.632942E+5	3.336400E+2	3.475003E+1	-5.000214E-2	4.781935E-6	5.328695E-3	4.781935E-5	4.329651E-1	1.316378E+1
1.644703E+5	3.326500E+2	3.485345E+1	-5.001206E-2	4.551115E-6	5.590359E-3	4.551115E-5	4.335505E-1	1.320226E+1
1.656740E+5	3.316400E+2	3.495959E+1	-5.002209E-2	4.318930E-6	5.460613E-3	4.318930E-5	4.341265E-1	1.324010E+1
1.668756E+5	3.306900E+2	3.506003E+1	-5.002954E-2	4.107385E-6	4.563205E-3	4.107385E-5	4.347387E-1	1.328026E+1
1.680667E+5	3.297000E+2	3.516530E+1	-5.003227E-2	3.901555E-6	4.235357E-3	3.901555E-5	4.354871E-1	1.332978E+1
1.692879E+5	3.286700E+2	3.527550E+1	-5.003491E-2	3.700895E-6	5.186893E-3	3.700895E-5	4.363047E-1	1.338394E+1
1.704707E+5	3.276800E+2	3.538208E+1	-5.003055E-2	3.512910E-6	4.641098E-3	3.512910E-5	4.370745E-1	1.343512E+1
1.716703E+5	3.266700E+2	3.549147E+1	-5.002769E-2	3.328575E-6	5.605240E-3	3.328575E-5	4.377769E-1	1.348196E+1
1.728739E+5	3.257200E+2	3.559499E+1	-5.002418E-2	3.155985E-6	4.906715E-3	3.155985E-5	4.385456E-1	1.353292E+1
1.740946E+5	3.246600E+2	3.571121E+1	-5.001680E-2	2.974705E-6	5.653329E-3	2.974705E-5	4.394674E-1	1.359394E+1
1.752733E+5	3.237900E+2	3.580716E+1	-5.001299E-2	2.817400E-6	4.051933E-3	2.817400E-5	4.403428E-1	1.365077E+1
1.764700E+5	3.229200E+2	3.590363E+1	-4.999267E-2	2.672405E-6	1.630511E-3	2.672405E-5	4.435334E-1	1.385615E+1
1.776882E+5	3.216900E+2	3.604091E+1	-4.995083E-2	2.508925E-6	4.740094E-3	2.508925E-5	4.470569E-1	1.408371E+1
1.788877E+5	3.206800E+2	3.615442E+1	-4.995103E-2	2.381330E-6	4.517895E-3	2.381330E-5	4.479140E-1	1.413998E+1
1.800596E+5	3.196700E+2	3.626865E+1	-4.995186E-2	2.258965E-6	5.640977E-3	2.258965E-5	4.487237E-1	1.419403E+1
1.812773E+5	3.186500E+2	3.638475E+1	-4.995641E-2	2.133650E-6	5.620351E-3	2.133650E-5	4.494415E-1	1.424192E+1
1.824951E+5	3.176300E+2	3.650159E+1	-4.996099E-2	2.013493E-6	6.052486E-3	2.013493E-5	4.502110E-1	1.429322E+1
1.836877E+5	3.166700E+2	3.661225E+1	-4.996680E-2	1.904945E-6	5.416196E-3	1.904945E-5	4.509238E-1	1.434118E+1
1.848907E+5	3.156800E+2	3.672707E+1	-4.997008E-2	1.799669E-6	5.089912E-3	1.799669E-5	4.517991E-1	1.440044E+1
1.860883E+5	3.146500E+2	3.684729E+1	-4.996904E-2	1.692528E-6	6.517859E-3	1.692528E-5	4.526084E-1	1.445534E+1
1.872916E+5	3.136500E+2	3.696477E+1	-4.997572E-2	1.600054E-6	5.629332E-3	1.600054E-5	4.533511E-1	1.450582E+1
1.884798E+5	3.126600E+2	3.708181E+1	-4.998323E-2	1.509871E-6	5.826134E-3	1.509871E-5	4.540671E-1	1.455508E+1
1.896993E+5	3.117100E+2	3.719483E+1	-4.998677E-2	1.421842E-6	5.238297E-3	1.421842E-5	4.549410E-1	1.461525E+1
1.908689E+5	3.109100E+2	3.729053E+1	-4.998170E-2	1.348321E-6	1.779459E-3	1.348321E-5	4.576164E-1	1.480099E+1
1.920710E+5	3.099100E+2	3.741086E+1	-4.997698E-2	1.269686E-6	1.891068E-3	1.269685E-5	4.606558E-1	1.501636E+1
1.932754E+5	3.086800E+2	3.755993E+1	-4.995417E-2	1.185709E-6	5.371934E-3	1.185709E-5	4.635580E-1	1.522573E+1
1.944775E+5	3.076500E+2	3.768568E+1	-4.995224E-2	1.113743E-6	6.421418E-3	1.113743E-5	4.643291E-1	1.528167E+1
1.956701E+5	3.066900E+2	3.780365E+1	-4.994886E-2	1.047387E-6	5.848574E-3	1.047387E-5	4.650646E-1	1.533559E+1
1.968799E+5	3.056600E+2	3.793103E+1	-4.994534E-2	9.826345E-7	6.427705E-3	9.826345E-6	4.657616E-1	1.538694E+1
1.980936E+5	3.046900E+2	3.805179E+1	-4.993918E-2	9.231085E-7	5.837596E-3	9.231085E-6	4.664906E-1	1.544128E+1
1.992833E+5	3.037200E+2	3.817332E+1	-4.993640E-2	8.664220E-7	5.680073E-3	8.664220E-6	4.672395E-1	1.549749E+1
2.004848E+5	3.026700E+2	3.830575E+1	-4.994049E-2	8.113580E-7	6.091624E-3	8.113580E-6	4.680079E-1	1.555544E+1
2.017050E+5	3.016500E+2	3.843527E+1	-4.994380E-2	7.597890E-7	6.582971E-3	7.597890E-6	4.686939E-1	1.560764E+1
2.028849E+5	3.009100E+2	3.852979E+1	-4.994982E-2	7.182400E-7	1.742085E-3	7.182400E-6	4.704217E-1	1.574010E+1
2.041103E+5	2.999000E+2	3.865955E+1	-4.995020E-2	6.718730E-7	1.811848E-3	6.718730E-6	4.733431E-1	1.596651E+1
2.053129E+5	2.986900E+2	3.881616E+1	-4.992783E-2	6.244660E-7	5.838666E-3	6.244660E-6	4.756118E-1	1.614449E+1
2.065225E+5	2.976900E+2	3.894656E+1	-4.992804E-2	5.841760E-7	5.866478E-3	5.841760E-6	4.762803E-1	1.619760E+1
2.076979E+5	2.957900E+2	3.919673E+1	-4.994482E-2	5.253330E-7	2.310658E-2	5.253330E-6	4.768744E-1	1.624530E+1
