6/27/2024
5:58 PM
fast cooling down 460_2024.06.27_COND_FILE END.txt

Data taken by: Akshat Sharma
ammeter is Keithley 6517A at GPIB0::27::INSTR
voltage source is Keithley 6517A at GPIB0::27::INSTR
temperature controller is Lake Shore 330 at GPIB0::12::INSTR with the settings: control sensor=A;sample sensor=;loop=1
Readings: 1
Voltage (V): 100
Geo Factor: 1000
Ea Window (pts): 5
Shut off V when done?: TRUE
Mconnect?: TRUE
Use Abs(Cond)?: TRUE
Rate (K/min): 0e+0
Heater: Off
DESCRIPTION
********************
Time (s)	Temperature (K)	1/kT (1/eV)	Rate (K/min)	Current (A)	Current Std Dev/Mean	Conductivity (Ohm-cm)^-1	Ea (eV)	Reduced Ea	
1.717000E+0	4.599300E+2	2.520818E+1	NaN	2.208900E-4	NaN	2.208900E-3	NaN	NaN
8.686000E+0	4.592900E+2	2.524331E+1	NaN	2.194100E-4	NaN	2.194100E-3	NaN	NaN
1.158500E+1	4.585200E+2	2.528570E+1	NaN	2.173700E-4	NaN	2.173700E-3	NaN	NaN
1.466800E+1	4.573300E+2	2.535150E+1	NaN	2.129000E-4	NaN	2.129000E-3	NaN	NaN
1.773700E+1	4.557800E+2	2.543771E+1	NaN	2.060800E-4	NaN	2.060800E-3	NaN	NaN
2.079100E+1	4.540000E+2	2.553744E+1	NaN	1.976470E-4	NaN	1.976470E-3	NaN	NaN
2.394600E+1	4.519600E+2	2.565271E+1	NaN	1.879050E-4	NaN	1.879050E-3	NaN	NaN
2.712300E+1	4.499500E+2	2.576731E+1	NaN	1.775040E-4	NaN	1.775040E-3	NaN	NaN
3.011300E+1	4.479000E+2	2.588524E+1	NaN	1.678570E-4	NaN	1.678570E-3	NaN	NaN
3.346600E+1	4.458400E+2	2.600484E+1	NaN	1.570670E-4	NaN	1.570670E-3	NaN	NaN
3.647400E+1	4.437900E+2	2.612497E+1	NaN	1.479720E-4	NaN	1.479720E-3	NaN	NaN
3.964600E+1	4.417500E+2	2.624561E+1	NaN	1.386220E-4	NaN	1.386220E-3	NaN	NaN
4.272400E+1	4.397200E+2	2.636678E+1	NaN	1.300440E-4	NaN	1.300440E-3	NaN	NaN
4.577300E+1	4.375900E+2	2.649512E+1	NaN	1.221770E-4	NaN	1.221770E-3	NaN	NaN
4.873600E+1	4.356100E+2	2.661555E+1	NaN	1.149210E-4	NaN	1.149210E-3	NaN	NaN
5.171600E+1	4.336500E+2	2.673585E+1	NaN	1.080900E-4	NaN	1.080900E-3	NaN	NaN
5.468200E+1	4.317100E+2	2.685599E+1	NaN	1.015420E-4	NaN	1.015420E-3	NaN	NaN
5.788800E+1	4.291800E+2	2.701431E+1	NaN	9.504700E-5	NaN	9.504700E-4	NaN	NaN
6.105900E+1	4.273100E+2	2.713253E+1	NaN	8.906900E-5	NaN	8.906900E-4	NaN	NaN
6.432500E+1	4.254600E+2	2.725051E+1	NaN	8.320000E-5	NaN	8.320000E-4	NaN	NaN
6.749900E+1	4.235300E+2	2.737468E+1	NaN	7.803400E-5	NaN	7.803400E-4	NaN	NaN
7.051500E+1	4.217300E+2	2.749152E+1	NaN	7.342200E-5	NaN	7.342200E-4	NaN	NaN
7.348700E+1	4.199700E+2	2.760673E+1	NaN	6.910600E-5	NaN	6.910600E-4	NaN	NaN
7.661300E+1	4.182300E+2	2.772159E+1	NaN	6.486100E-5	NaN	6.486100E-4	NaN	NaN
7.974300E+1	4.165000E+2	2.783673E+1	NaN	6.089200E-5	NaN	6.089200E-4	NaN	NaN
8.277600E+1	4.148100E+2	2.795015E+1	NaN	5.734700E-5	NaN	5.734700E-4	NaN	NaN
8.581100E+1	4.131400E+2	2.806313E+1	NaN	5.396000E-5	NaN	5.396000E-4	NaN	NaN
8.885300E+1	4.115000E+2	2.817497E+1	NaN	5.085000E-5	NaN	5.085000E-4	NaN	NaN
9.182400E+1	4.097800E+2	2.829323E+1	NaN	4.793300E-5	NaN	4.793300E-4	NaN	NaN
9.496000E+1	4.081800E+2	2.840414E+1	NaN	4.509900E-5	NaN	4.509900E-4	NaN	NaN
9.809300E+1	4.066100E+2	2.851381E+1	NaN	4.244000E-5	NaN	4.244000E-4	NaN	NaN
1.013570E+2	4.045500E+2	2.865900E+1	NaN	3.986000E-5	NaN	3.986000E-4	NaN	NaN
1.044530E+2	4.030400E+2	2.876638E+1	NaN	3.754100E-5	NaN	3.754100E-4	NaN	NaN
1.074640E+2	4.020300E+2	2.883864E+1	NaN	3.545900E-5	NaN	3.545900E-4	NaN	NaN
1.104450E+2	4.000700E+2	2.897993E+1	NaN	3.353800E-5	NaN	3.353800E-4	NaN	NaN
1.136410E+2	3.986200E+2	2.908534E+1	NaN	3.158200E-5	NaN	3.158200E-4	NaN	NaN
1.168880E+2	3.971000E+2	2.919668E+1	NaN	2.972100E-5	NaN	2.972100E-4	NaN	NaN
1.199370E+2	3.956900E+2	2.930072E+1	NaN	2.809300E-5	NaN	2.809300E-4	NaN	NaN
1.230090E+2	3.943000E+2	2.940401E+1	NaN	2.653100E-5	NaN	2.653100E-4	NaN	NaN
1.260940E+2	3.929300E+2	2.950653E+1	NaN	2.508900E-5	NaN	2.508900E-4	NaN	NaN
1.290760E+2	3.915900E+2	2.960750E+1	NaN	2.378400E-5	NaN	2.378400E-4	NaN	NaN
1.321240E+2	3.902600E+2	2.970840E+1	NaN	2.250100E-5	NaN	2.250100E-4	NaN	NaN
1.351250E+2	3.889600E+2	2.980769E+1	NaN	2.132500E-5	NaN	2.132500E-4	NaN	NaN
1.383160E+2	3.876700E+2	2.990688E+1	NaN	2.015500E-5	NaN	2.015500E-4	NaN	NaN
1.414730E+2	3.863200E+2	3.001139E+1	NaN	1.907540E-5	NaN	1.907540E-4	NaN	NaN
1.445020E+2	3.850700E+2	3.010881E+1	NaN	1.809670E-5	NaN	1.809670E-4	NaN	NaN
1.477170E+2	3.834300E+2	3.023759E+1	NaN	1.711960E-5	NaN	1.711960E-4	NaN	NaN
1.508790E+2	3.822200E+2	3.033332E+1	NaN	1.619970E-5	NaN	1.619970E-4	NaN	NaN
1.539050E+2	3.810300E+2	3.042805E+1	NaN	1.538730E-5	NaN	1.538730E-4	NaN	NaN
1.571110E+2	3.798500E+2	3.052257E+1	NaN	1.457370E-5	NaN	1.457370E-4	NaN	NaN
1.602020E+2	3.786900E+2	3.061607E+1	NaN	1.384110E-5	NaN	1.384110E-4	NaN	NaN
1.633680E+2	3.774600E+2	3.071584E+1	NaN	1.312250E-5	NaN	1.312250E-4	NaN	NaN
1.664860E+2	3.763300E+2	3.080807E+1	NaN	1.247080E-5	NaN	1.247080E-4	NaN	NaN
1.696240E+2	3.752300E+2	3.089838E+1	NaN	1.184380E-5	NaN	1.184380E-4	NaN	NaN
1.728080E+2	3.741400E+2	3.098840E+1	NaN	1.124320E-5	NaN	1.124320E-4	NaN	NaN
1.759940E+2	3.730600E+2	3.107811E+1	NaN	1.067830E-5	NaN	1.067830E-4	NaN	NaN
1.789730E+2	3.719900E+2	3.116750E+1	NaN	1.017500E-5	NaN	1.017500E-4	NaN	NaN
1.820010E+2	3.709300E+2	3.125657E+1	NaN	9.701200E-6	NaN	9.701200E-5	NaN	NaN
1.850040E+2	3.698300E+2	3.134954E+1	NaN	9.253100E-6	NaN	9.253100E-5	NaN	NaN
1.881180E+2	3.684700E+2	3.146525E+1	NaN	8.813200E-6	NaN	8.813200E-5	NaN	NaN
1.912910E+2	3.674800E+2	3.155002E+1	NaN	8.388700E-6	NaN	8.388700E-5	NaN	NaN
1.944530E+2	3.664800E+2	3.163611E+1	NaN	7.989000E-6	NaN	7.989000E-5	NaN	NaN
1.975390E+2	3.655100E+2	3.172006E+1	NaN	7.625100E-6	NaN	7.625100E-5	NaN	NaN
2.006640E+2	3.645400E+2	3.180447E+1	NaN	7.274000E-6	NaN	7.274000E-5	NaN	NaN
2.038640E+2	3.635900E+2	3.188757E+1	NaN	6.935700E-6	NaN	6.935700E-5	NaN	NaN
2.069430E+2	3.626500E+2	3.197022E+1	NaN	6.626700E-6	NaN	6.626700E-5	NaN	NaN
2.100790E+2	3.616700E+2	3.205685E+1	NaN	6.324500E-6	NaN	6.324500E-5	NaN	NaN
2.131490E+2	3.607700E+2	3.213682E+1	NaN	6.048800E-6	NaN	6.048800E-5	NaN	NaN
2.162340E+2	3.598700E+2	3.221719E+1	NaN	5.787800E-6	NaN	5.787800E-5	NaN	NaN
2.192170E+2	3.589800E+2	3.229706E+1	NaN	5.545300E-6	NaN	5.545300E-5	NaN	NaN
2.223500E+2	3.581000E+2	3.237643E+1	NaN	5.300300E-6	NaN	5.300300E-5	NaN	NaN
2.254900E+2	3.569600E+2	3.247983E+1	NaN	5.073700E-6	NaN	5.073700E-5	NaN	NaN
2.285700E+2	3.561100E+2	3.255736E+1	NaN	4.860900E-6	NaN	4.860900E-5	NaN	NaN
2.315970E+2	3.552300E+2	3.263801E+1	NaN	4.659600E-6	NaN	4.659600E-5	NaN	NaN
2.346260E+2	3.544100E+2	3.271352E+1	NaN	4.472300E-6	NaN	4.472300E-5	NaN	NaN
2.377400E+2	3.536000E+2	3.278846E+1	NaN	4.287500E-6	NaN	4.287500E-5	NaN	NaN
2.408880E+2	3.528000E+2	3.286281E+1	NaN	4.108200E-6	NaN	4.108200E-5	NaN	NaN
2.441020E+2	3.520100E+2	3.293656E+1	NaN	3.939300E-6	NaN	3.939300E-5	NaN	NaN
2.471970E+2	3.512400E+2	3.300877E+1	NaN	3.781800E-6	NaN	3.781800E-5	NaN	NaN
2.504390E+2	3.504800E+2	3.308035E+1	NaN	3.625200E-6	NaN	3.625200E-5	NaN	NaN
2.536270E+2	3.497300E+2	3.315129E+1	NaN	3.480300E-6	NaN	3.480300E-5	NaN	NaN
2.568040E+2	3.486900E+2	3.325016E+1	NaN	3.342300E-6	NaN	3.342300E-5	NaN	NaN
2.599210E+2	3.479600E+2	3.331992E+1	NaN	3.213700E-6	NaN	3.213700E-5	NaN	NaN
2.630530E+2	3.472400E+2	3.338901E+1	NaN	3.091400E-6	NaN	3.091400E-5	NaN	NaN
2.661420E+2	3.465300E+2	3.345742E+1	NaN	2.977400E-6	NaN	2.977400E-5	NaN	NaN
2.692460E+2	3.458300E+2	3.352514E+1	NaN	2.866400E-6	NaN	2.866400E-5	NaN	NaN
2.724470E+2	3.451300E+2	3.359314E+1	NaN	2.757700E-6	NaN	2.757700E-5	NaN	NaN
2.756270E+2	3.444600E+2	3.365848E+1	NaN	2.656200E-6	NaN	2.656200E-5	NaN	NaN
2.786480E+2	3.437900E+2	3.372408E+1	NaN	2.561900E-6	NaN	2.561900E-5	NaN	NaN
2.817190E+2	3.430800E+2	3.379387E+1	NaN	2.472600E-6	NaN	2.472600E-5	NaN	NaN
2.848320E+2	3.424300E+2	3.385801E+1	NaN	2.385200E-6	NaN	2.385200E-5	NaN	NaN
2.878930E+2	3.417900E+2	3.392141E+1	NaN	2.303400E-6	NaN	2.303400E-5	NaN	NaN
2.909790E+2	3.411900E+2	3.398107E+1	NaN	2.223600E-6	NaN	2.223600E-5	NaN	NaN
2.940920E+2	3.403600E+2	3.406393E+1	NaN	2.149100E-6	NaN	2.149100E-5	NaN	NaN
2.973020E+2	3.397500E+2	3.412509E+1	NaN	2.073800E-6	NaN	2.073800E-5	NaN	NaN
3.003590E+2	3.391500E+2	3.418546E+1	NaN	1.998250E-6	NaN	1.998250E-5	NaN	NaN
3.034780E+2	3.385500E+2	3.424605E+1	NaN	1.939010E-6	NaN	1.939010E-5	NaN	NaN
3.065720E+2	3.379300E+2	3.430888E+1	NaN	1.875470E-6	NaN	1.875470E-5	NaN	NaN
3.098410E+2	3.373500E+2	3.436787E+1	NaN	1.811990E-6	NaN	1.811990E-5	NaN	NaN
3.130000E+2	3.367700E+2	3.442706E+1	NaN	1.753770E-6	NaN	1.753770E-5	NaN	NaN
3.162170E+2	3.362000E+2	3.448543E+1	NaN	1.695620E-6	NaN	1.695620E-5	NaN	NaN
3.192810E+2	3.354700E+2	3.456047E+1	NaN	1.643280E-6	NaN	1.643280E-5	NaN	NaN
3.224270E+2	3.349200E+2	3.461722E+1	NaN	1.592370E-6	NaN	1.592370E-5	NaN	NaN
3.254440E+2	3.343800E+2	3.467313E+1	NaN	1.544580E-6	NaN	1.544580E-5	NaN	NaN
3.285870E+2	3.338000E+2	3.473337E+1	NaN	1.496850E-6	NaN	1.496850E-5	NaN	NaN
3.317650E+2	3.332700E+2	3.478861E+1	NaN	1.450930E-6	NaN	1.450930E-5	NaN	NaN
3.347560E+2	3.327500E+2	3.484298E+1	NaN	1.410340E-6	NaN	1.410340E-5	NaN	NaN
3.378630E+2	3.322400E+2	3.489646E+1	NaN	1.368690E-6	NaN	1.368690E-5	NaN	NaN
3.409770E+2	3.317300E+2	3.495011E+1	NaN	1.327970E-6	NaN	1.327970E-5	NaN	NaN
3.440000E+2	3.312200E+2	3.500392E+1	NaN	1.291210E-6	NaN	1.291210E-5	NaN	NaN
3.469830E+2	3.307200E+2	3.505685E+1	NaN	1.255700E-6	NaN	1.255700E-5	NaN	NaN
3.501290E+2	3.302400E+2	3.510780E+1	NaN	1.219970E-6	NaN	1.219970E-5	NaN	NaN
3.530640E+2	3.297300E+2	3.516210E+1	NaN	1.186990E-6	NaN	1.186990E-5	NaN	NaN
3.562380E+2	3.292500E+2	3.521336E+1	NaN	1.153820E-6	NaN	1.153820E-5	NaN	NaN
3.593460E+2	3.287800E+2	3.526370E+1	NaN	1.122060E-6	NaN	1.122060E-5	NaN	NaN
3.624860E+2	3.283100E+2	3.531418E+1	NaN	1.090580E-6	NaN	1.090580E-5	NaN	NaN
3.655990E+2	3.276900E+2	3.538100E+1	NaN	1.061030E-6	NaN	1.061030E-5	NaN	NaN
3.688310E+2	3.272300E+2	3.543074E+1	NaN	1.031640E-6	NaN	1.031640E-5	NaN	NaN
3.720490E+2	3.267800E+2	3.547953E+1	NaN	1.003090E-6	NaN	1.003090E-5	NaN	NaN
3.751410E+2	3.263300E+2	3.552845E+1	NaN	9.770600E-7	NaN	9.770600E-6	NaN	NaN
3.782090E+2	3.259000E+2	3.557533E+1	NaN	9.518000E-7	NaN	9.518000E-6	NaN	NaN
3.812040E+2	3.254300E+2	3.562671E+1	NaN	9.280900E-7	NaN	9.280900E-6	NaN	NaN
3.843050E+2	3.250000E+2	3.567385E+1	NaN	9.045900E-7	NaN	9.045900E-6	NaN	NaN
3.873050E+2	3.245700E+2	3.572111E+1	NaN	8.823300E-7	NaN	8.823300E-6	NaN	NaN
3.904220E+2	3.241500E+2	3.576739E+1	NaN	8.598900E-7	NaN	8.598900E-6	NaN	NaN
3.935090E+2	3.237300E+2	3.581380E+1	NaN	8.386400E-7	NaN	8.386400E-6	NaN	NaN
3.966540E+2	3.233200E+2	3.585921E+1	NaN	8.176500E-7	NaN	8.176500E-6	NaN	NaN
3.999930E+2	3.229000E+2	3.590585E+1	NaN	7.961600E-7	NaN	7.961600E-6	NaN	NaN
4.031620E+2	3.223400E+2	3.596823E+1	NaN	7.762700E-7	NaN	7.762700E-6	NaN	NaN
4.061160E+2	3.219500E+2	3.601180E+1	NaN	7.584600E-7	NaN	7.584600E-6	NaN	NaN
4.091720E+2	3.215600E+2	3.605548E+1	NaN	7.405100E-7	NaN	7.405100E-6	NaN	NaN
4.123010E+2	3.211600E+2	3.610039E+1	NaN	7.227900E-7	NaN	7.227900E-6	NaN	NaN
4.155160E+2	3.207700E+2	3.614428E+1	NaN	7.052600E-7	NaN	7.052600E-6	NaN	NaN
4.186780E+2	3.203900E+2	3.618715E+1	NaN	6.883900E-7	NaN	6.883900E-6	NaN	NaN
4.218390E+2	3.200100E+2	3.623012E+1	NaN	6.723000E-7	NaN	6.723000E-6	NaN	NaN
4.251000E+2	3.196300E+2	3.627319E+1	NaN	6.560900E-7	NaN	6.560900E-6	NaN	NaN
4.280970E+2	3.192200E+2	3.631978E+1	NaN	6.415600E-7	NaN	6.415600E-6	NaN	NaN
4.313760E+2	3.187300E+2	3.637562E+1	NaN	6.263400E-7	NaN	6.263400E-6	NaN	NaN
4.345330E+2	3.183700E+2	3.641675E+1	NaN	6.121000E-7	NaN	6.121000E-6	NaN	NaN
4.378460E+2	3.180100E+2	3.645797E+1	NaN	5.974800E-7	NaN	5.974800E-6	NaN	NaN
4.409480E+2	3.176500E+2	3.649929E+1	NaN	5.841900E-7	NaN	5.841900E-6	NaN	NaN
4.440000E+2	3.173000E+2	3.653955E+1	NaN	5.715800E-7	NaN	5.715800E-6	NaN	NaN
4.470260E+2	3.169500E+2	3.657990E+1	NaN	5.595900E-7	NaN	5.595900E-6	NaN	NaN
4.501860E+2	3.166000E+2	3.662034E+1	NaN	5.471300E-7	NaN	5.471300E-6	NaN	NaN
4.534360E+2	3.162500E+2	3.666087E+1	NaN	5.347900E-7	NaN	5.347900E-6	NaN	NaN
4.565390E+2	3.157800E+2	3.671543E+1	NaN	5.235900E-7	NaN	5.235900E-6	NaN	NaN
4.596320E+2	3.154500E+2	3.675384E+1	NaN	5.126600E-7	NaN	5.126600E-6	NaN	NaN
4.628990E+2	3.151200E+2	3.679233E+1	NaN	5.013600E-7	NaN	5.013600E-6	NaN	NaN
4.658980E+2	3.147900E+2	3.683090E+1	NaN	4.913300E-7	NaN	4.913300E-6	NaN	NaN
4.689730E+2	3.144600E+2	3.686955E+1	NaN	4.813700E-7	NaN	4.813700E-6	NaN	NaN
4.720370E+2	3.141300E+2	3.690829E+1	NaN	4.717700E-7	NaN	4.717700E-6	NaN	NaN
4.750680E+2	3.138100E+2	3.694592E+1	NaN	4.624300E-7	NaN	4.624300E-6	NaN	NaN
4.783530E+2	3.134700E+2	3.698600E+1	NaN	4.528100E-7	NaN	4.528100E-6	NaN	NaN
4.815120E+2	3.131600E+2	3.702261E+1	NaN	4.436400E-7	NaN	4.436400E-6	NaN	NaN
4.847280E+2	3.128500E+2	3.705929E+1	NaN	4.347100E-7	NaN	4.347100E-6	NaN	NaN
4.877840E+2	3.125500E+2	3.709486E+1	NaN	4.265800E-7	NaN	4.265800E-6	NaN	NaN
4.908140E+2	3.121500E+2	3.714240E+1	NaN	4.185400E-7	NaN	4.185400E-6	NaN	NaN
4.939430E+2	3.118600E+2	3.717694E+1	NaN	4.105900E-7	NaN	4.105900E-6	NaN	NaN
4.970910E+2	3.115700E+2	3.721154E+1	NaN	4.028600E-7	NaN	4.028600E-6	NaN	NaN
5.003360E+2	3.112800E+2	3.724621E+1	NaN	3.950800E-7	NaN	3.950800E-6	NaN	NaN
5.035100E+2	3.109700E+2	3.728334E+1	NaN	3.876800E-7	NaN	3.876800E-6	NaN	NaN
5.067060E+2	3.106900E+2	3.731694E+1	NaN	3.805000E-7	NaN	3.805000E-6	NaN	NaN
5.099090E+2	3.104000E+2	3.735180E+1	NaN	3.735100E-7	NaN	3.735100E-6	NaN	NaN
5.130520E+2	3.100400E+2	3.739517E+1	NaN	3.668800E-7	NaN	3.668800E-6	NaN	NaN
5.161870E+2	3.097800E+2	3.742656E+1	NaN	3.604300E-7	NaN	3.604300E-6	NaN	NaN
5.193920E+2	3.095100E+2	3.745921E+1	NaN	3.540700E-7	NaN	3.540700E-6	NaN	NaN
5.223810E+2	3.092400E+2	3.749192E+1	NaN	3.482900E-7	NaN	3.482900E-6	NaN	NaN
5.253860E+2	3.089800E+2	3.752346E+1	NaN	3.426400E-7	NaN	3.426400E-6	NaN	NaN
5.286460E+2	3.087100E+2	3.755628E+1	NaN	3.366600E-7	NaN	3.366600E-6	NaN	NaN
5.317110E+2	3.084600E+2	3.758672E+1	NaN	3.312600E-7	NaN	3.312600E-6	NaN	NaN
5.348390E+2	3.082200E+2	3.761599E+1	NaN	3.258700E-7	NaN	3.258700E-6	NaN	NaN
5.379500E+2	3.079800E+2	3.764530E+1	NaN	3.207600E-7	NaN	3.207600E-6	NaN	NaN
5.411610E+2	3.077300E+2	3.767588E+1	NaN	3.154500E-7	NaN	3.154500E-6	NaN	NaN
5.443210E+2	3.074100E+2	3.771510E+1	NaN	3.105300E-7	NaN	3.105300E-6	NaN	NaN
5.474650E+2	3.071800E+2	3.774334E+1	NaN	3.056700E-7	NaN	3.056700E-6	NaN	NaN
5.506460E+2	3.069400E+2	3.777285E+1	NaN	3.009600E-7	NaN	3.009600E-6	NaN	NaN
5.535480E+2	3.067100E+2	3.780118E+1	NaN	2.968100E-7	NaN	2.968100E-6	NaN	NaN
5.567810E+2	3.064800E+2	3.782955E+1	NaN	2.922500E-7	NaN	2.922500E-6	NaN	NaN
5.600020E+2	3.062600E+2	3.785672E+1	NaN	2.878800E-7	NaN	2.878800E-6	NaN	NaN
5.631420E+2	3.060500E+2	3.788270E+1	NaN	2.837300E-7	NaN	2.837300E-6	NaN	NaN
5.663650E+2	3.058300E+2	3.790995E+1	NaN	2.796300E-7	NaN	2.796300E-6	NaN	NaN
5.693680E+2	3.055500E+2	3.794469E+1	NaN	2.758900E-7	NaN	2.758900E-6	NaN	NaN
5.726100E+2	3.054100E+2	3.796208E+1	NaN	2.719300E-7	NaN	2.719300E-6	NaN	NaN
5.755600E+2	3.052100E+2	3.798696E+1	NaN	2.684700E-7	NaN	2.684700E-6	NaN	NaN
5.786260E+2	3.049400E+2	3.802059E+1	NaN	2.649600E-7	NaN	2.649600E-6	NaN	NaN
5.816800E+2	3.047400E+2	3.804555E+1	NaN	2.615100E-7	NaN	2.615100E-6	NaN	NaN
5.848430E+2	3.045400E+2	3.807053E+1	NaN	2.580500E-7	NaN	2.580500E-6	NaN	NaN
5.879940E+2	3.043500E+2	3.809430E+1	NaN	2.547500E-7	NaN	2.547500E-6	NaN	NaN
5.911230E+2	3.041700E+2	3.811684E+1	NaN	2.515500E-7	NaN	2.515500E-6	NaN	NaN
5.941400E+2	3.039800E+2	3.814067E+1	NaN	2.485500E-7	NaN	2.485500E-6	NaN	NaN
5.973840E+2	3.038000E+2	3.816327E+1	NaN	2.453900E-7	NaN	2.453900E-6	NaN	NaN
6.005340E+2	3.036200E+2	3.818589E+1	NaN	2.424400E-7	NaN	2.424400E-6	NaN	NaN
6.037200E+2	3.034400E+2	3.820854E+1	NaN	2.395100E-7	NaN	2.395100E-6	NaN	NaN
6.067750E+2	3.032700E+2	3.822996E+1	NaN	2.368400E-7	NaN	2.368400E-6	NaN	NaN
6.098740E+2	3.031000E+2	3.825140E+1	NaN	2.341200E-7	NaN	2.341200E-6	NaN	NaN
6.128850E+2	3.028700E+2	3.828045E+1	NaN	2.315900E-7	NaN	2.315900E-6	NaN	NaN
6.159780E+2	3.027600E+2	3.829436E+1	NaN	2.290600E-7	NaN	2.290600E-6	NaN	NaN
6.187880E+2	3.025800E+2	3.831714E+1	NaN	2.267800E-7	NaN	2.267800E-6	NaN	NaN
6.218360E+2	3.024300E+2	3.833614E+1	NaN	2.244400E-7	NaN	2.244400E-6	NaN	NaN
6.251110E+2	3.022000E+2	3.836532E+1	NaN	2.219600E-7	NaN	2.219600E-6	NaN	NaN
6.283200E+2	3.020500E+2	3.838437E+1	NaN	2.195600E-7	NaN	2.195600E-6	NaN	NaN
6.315610E+2	3.019000E+2	3.840344E+1	NaN	2.172800E-7	NaN	2.172800E-6	NaN	NaN
6.347740E+2	3.017500E+2	3.842254E+1	NaN	2.150200E-7	NaN	2.150200E-6	NaN	NaN
6.380050E+2	3.016100E+2	3.844037E+1	NaN	2.128600E-7	NaN	2.128600E-6	NaN	NaN
6.410540E+2	3.014800E+2	3.845695E+1	NaN	2.108400E-7	NaN	2.108400E-6	NaN	NaN
6.441110E+2	3.013400E+2	3.847481E+1	NaN	2.089100E-7	NaN	2.089100E-6	NaN	NaN
6.471740E+2	3.011500E+2	3.849909E+1	NaN	2.069900E-7	NaN	2.069900E-6	NaN	NaN
6.503970E+2	3.010100E+2	3.851699E+1	NaN	2.050000E-7	NaN	2.050000E-6	NaN	NaN
6.536290E+2	3.008800E+2	3.853363E+1	NaN	2.031100E-7	NaN	2.031100E-6	NaN	NaN
6.569470E+2	3.007500E+2	3.855029E+1	NaN	2.012100E-7	NaN	2.012100E-6	NaN	NaN
6.602950E+2	3.006200E+2	3.856696E+1	NaN	1.991570E-7	NaN	1.991570E-6	NaN	NaN
6.632670E+2	3.004500E+2	3.858878E+1	NaN	1.975440E-7	NaN	1.975440E-6	NaN	NaN
6.665780E+2	3.003200E+2	3.860549E+1	NaN	1.957640E-7	NaN	1.957640E-6	NaN	NaN
6.697290E+2	3.002000E+2	3.862092E+1	NaN	1.941750E-7	NaN	1.941750E-6	NaN	NaN
6.728890E+2	3.000800E+2	3.863636E+1	NaN	1.925580E-7	NaN	1.925580E-6	NaN	NaN
6.760170E+2	2.999700E+2	3.865053E+1	NaN	1.910480E-7	NaN	1.910480E-6	NaN	NaN
6.790330E+2	2.998500E+2	3.866600E+1	NaN	1.896210E-7	NaN	1.896210E-6	NaN	NaN
6.820670E+2	2.997300E+2	3.868148E+1	NaN	1.882100E-7	NaN	1.882100E-6	NaN	NaN
6.852330E+2	2.996200E+2	3.869568E+1	NaN	1.867550E-7	NaN	1.867550E-6	NaN	NaN
6.882360E+2	2.995100E+2	3.870989E+1	NaN	1.854530E-7	NaN	1.854530E-6	NaN	NaN
6.913220E+2	2.994100E+2	3.872282E+1	NaN	1.841010E-7	NaN	1.841010E-6	NaN	NaN
6.945110E+2	2.993000E+2	3.873705E+1	NaN	1.827860E-7	NaN	1.827860E-6	NaN	NaN
6.975830E+2	2.992000E+2	3.875000E+1	NaN	1.815320E-7	NaN	1.815320E-6	NaN	NaN
7.007030E+2	2.990700E+2	3.876684E+1	NaN	1.802750E-7	NaN	1.802750E-6	NaN	NaN
7.038480E+2	2.989800E+2	3.877851E+1	NaN	1.790620E-7	NaN	1.790620E-6	NaN	NaN
7.070500E+2	2.988800E+2	3.879149E+1	NaN	1.778500E-7	NaN	1.778500E-6	NaN	NaN
7.101190E+2	2.987900E+2	3.880317E+1	NaN	1.767360E-7	NaN	1.767360E-6	NaN	NaN
7.131230E+2	2.986900E+2	3.881616E+1	NaN	1.756480E-7	NaN	1.756480E-6	NaN	NaN
7.162840E+2	2.986000E+2	3.882786E+1	NaN	1.745400E-7	NaN	1.745400E-6	NaN	NaN
7.194990E+2	2.985100E+2	3.883957E+1	NaN	1.734370E-7	NaN	1.734370E-6	NaN	NaN
7.227340E+2	2.984200E+2	3.885128E+1	NaN	1.723710E-7	NaN	1.723710E-6	NaN	NaN
7.258520E+2	2.983100E+2	3.886561E+1	NaN	1.713470E-7	NaN	1.713470E-6	NaN	NaN
7.290340E+2	2.982200E+2	3.887734E+1	NaN	1.703460E-7	NaN	1.703460E-6	NaN	NaN
7.322110E+2	2.981400E+2	3.888777E+1	NaN	1.693690E-7	NaN	1.693690E-6	NaN	NaN
7.354000E+2	2.980700E+2	3.889690E+1	NaN	1.684010E-7	NaN	1.684010E-6	NaN	NaN
7.385410E+2	2.979900E+2	3.890735E+1	NaN	1.674920E-7	NaN	1.674920E-6	NaN	NaN
7.417580E+2	2.979100E+2	3.891779E+1	NaN	1.665670E-7	NaN	1.665670E-6	NaN	NaN
7.449190E+2	2.978300E+2	3.892825E+1	NaN	1.656890E-7	NaN	1.656890E-6	NaN	NaN
7.480790E+2	2.977600E+2	3.893740E+1	NaN	1.648260E-7	NaN	1.648260E-6	NaN	NaN
7.511290E+2	2.976600E+2	3.895048E+1	NaN	1.640100E-7	NaN	1.640100E-6	NaN	NaN
7.542150E+2	2.975800E+2	3.896095E+1	NaN	1.632250E-7	NaN	1.632250E-6	NaN	NaN
7.572710E+2	2.975100E+2	3.897012E+1	NaN	1.624320E-7	NaN	1.624320E-6	NaN	NaN
7.602930E+2	2.974400E+2	3.897929E+1	NaN	1.616910E-7	NaN	1.616910E-6	NaN	NaN
7.635410E+2	2.973800E+2	3.898715E+1	NaN	1.609150E-7	NaN	1.609150E-6	NaN	NaN
7.665990E+2	2.973100E+2	3.899633E+1	NaN	1.601860E-7	NaN	1.601860E-6	NaN	NaN
7.696820E+2	2.972400E+2	3.900552E+1	NaN	1.594810E-7	NaN	1.594810E-6	NaN	NaN
7.727260E+2	2.971900E+2	3.901208E+1	NaN	1.587970E-7	NaN	1.587970E-6	NaN	NaN
7.759550E+2	2.971300E+2	3.901996E+1	NaN	1.580810E-7	NaN	1.580810E-6	NaN	NaN
7.790310E+2	2.970700E+2	3.902784E+1	NaN	1.574250E-7	NaN	1.574250E-6	NaN	NaN
7.820010E+2	2.970100E+2	3.903572E+1	NaN	1.568010E-7	NaN	1.568010E-6	NaN	NaN
7.850700E+2	2.969500E+2	3.904361E+1	NaN	1.561730E-7	NaN	1.561730E-6	NaN	NaN
7.881650E+2	2.968900E+2	3.905150E+1	NaN	1.555540E-7	NaN	1.555540E-6	NaN	NaN
7.914070E+2	2.968100E+2	3.906203E+1	NaN	1.549250E-7	NaN	1.549250E-6	NaN	NaN
7.946520E+2	2.967500E+2	3.906992E+1	NaN	1.543140E-7	NaN	1.543140E-6	NaN	NaN
7.978170E+2	2.967000E+2	3.907651E+1	NaN	1.537210E-7	NaN	1.537210E-6	NaN	NaN
8.009970E+2	2.966500E+2	3.908309E+1	NaN	1.531370E-7	NaN	1.531370E-6	NaN	NaN
8.040750E+2	2.966000E+2	3.908968E+1	NaN	1.525880E-7	NaN	1.525880E-6	NaN	NaN
8.070400E+2	2.965500E+2	3.909627E+1	NaN	1.520750E-7	NaN	1.520750E-6	NaN	NaN
8.101260E+2	2.964900E+2	3.910419E+1	NaN	1.515480E-7	NaN	1.515480E-6	NaN	NaN
8.131360E+2	2.964400E+2	3.911078E+1	NaN	1.510580E-7	NaN	1.510580E-6	NaN	NaN
8.162350E+2	2.963900E+2	3.911738E+1	NaN	1.505540E-7	NaN	1.505540E-6	NaN	NaN
8.193330E+2	2.963500E+2	3.912266E+1	NaN	1.500640E-7	NaN	1.500640E-6	NaN	NaN
8.223280E+2	2.963000E+2	3.912926E+1	NaN	1.495920E-7	NaN	1.495920E-6	NaN	NaN
8.255030E+2	2.962600E+2	3.913454E+1	NaN	1.491080E-7	NaN	1.491080E-6	NaN	NaN
8.287440E+2	2.961900E+2	3.914379E+1	NaN	1.486280E-7	NaN	1.486280E-6	NaN	NaN
8.320970E+2	2.961600E+2	3.914776E+1	NaN	1.481520E-7	NaN	1.481520E-6	NaN	NaN
8.351940E+2	2.961200E+2	3.915305E+1	NaN	1.477130E-7	NaN	1.477130E-6	NaN	NaN
8.383180E+2	2.960700E+2	3.915966E+1	NaN	1.472780E-7	NaN	1.472780E-6	NaN	NaN
8.413920E+2	2.960200E+2	3.916627E+1	NaN	1.468640E-7	NaN	1.468640E-6	NaN	NaN
8.444740E+2	2.960000E+2	3.916892E+1	NaN	1.464540E-7	NaN	1.464540E-6	NaN	NaN
8.475860E+2	2.960000E+2	3.916892E+1	NaN	1.460490E-7	NaN	1.460490E-6	NaN	NaN
