5/29/2024
11:51 AM
fast cooling at 470 at 20k per minute_2024.05.29_COND_FILE END.txt

Data taken by: Akshat Sharma
ammeter is Keithley 6517A at GPIB0::27::INSTR
voltage source is Keithley 6517A at GPIB0::27::INSTR
temperature controller is Lake Shore 330 at GPIB0::12::INSTR with the settings: control sensor=A;sample sensor=;loop=1
Readings: 5
Voltage (V): 100
Geo Factor: 1000
Ea Window (pts): 5
Shut off V when done?: TRUE
Mconnect?: TRUE
Use Abs(Cond)?: TRUE
Rate (K/min): 10
Heater: Off
DESCRIPTION
********************
Time (s)	Temperature (K)	1/kT (1/eV)	Rate (K/min)	Current (A)	Current Std Dev/Mean	Conductivity (Ohm-cm)^-1	Ea (eV)	Reduced Ea	
1.073800E+1	4.674000E+2	2.480531E+1	-7.346100E+0	3.523760E-4	2.036181E-2	3.523760E-3	NaN	NaN
1.802700E+1	4.640400E+2	2.498492E+1	-2.286294E+1	3.263360E-4	2.748990E-2	3.263360E-3	NaN	NaN
2.529200E+1	4.601900E+2	2.519394E+1	-3.292987E+1	2.960360E-4	3.235930E-2	2.960360E-3	NaN	NaN
3.236700E+1	4.563000E+2	2.540872E+1	-3.401371E+1	2.659000E-4	3.430112E-2	2.659000E-3	NaN	NaN
3.947500E+1	4.523800E+2	2.562890E+1	-3.386978E+1	2.376500E-4	3.465433E-2	2.376500E-3	NaN	NaN
4.644300E+1	4.483300E+2	2.586042E+1	-3.313859E+1	2.117000E-4	3.742734E-2	2.117000E-3	NaN	NaN
5.355700E+1	4.444200E+2	2.608793E+1	-3.221112E+1	1.881858E-4	3.808818E-2	1.881858E-3	NaN	NaN
6.078100E+1	4.405600E+2	2.631651E+1	-3.325968E+1	1.663810E-4	3.790371E-2	1.663810E-3	NaN	NaN
6.785000E+1	4.367700E+2	2.654486E+1	-3.334912E+1	1.476016E-4	3.831263E-2	1.476016E-3	NaN	NaN
7.489800E+1	4.329300E+2	2.678031E+1	-3.308839E+1	1.309732E-4	3.769863E-2	1.309732E-3	4.733207E-1	1.204104E+1
8.208100E+1	4.293000E+2	2.700676E+1	-3.277697E+1	1.162052E-4	3.631717E-2	1.162052E-3	4.790325E-1	1.223379E+1
8.901900E+1	4.252600E+2	2.726332E+1	-3.211041E+1	1.030544E-4	3.850208E-2	1.030544E-3	4.839314E-1	1.240636E+1
9.630200E+1	4.217300E+2	2.749152E+1	-3.224367E+1	9.143680E-5	3.745926E-2	9.143680E-4	4.865102E-1	1.252365E+1
1.034640E+2	4.184000E+2	2.771033E+1	-3.196943E+1	8.127420E-5	3.657121E-2	8.127420E-4	4.890255E-1	1.263851E+1
1.104880E+2	4.151300E+2	2.792860E+1	-3.116960E+1	7.240180E-5	3.619027E-2	7.240180E-4	4.916398E-1	1.275477E+1
1.180960E+2	4.119500E+2	2.814419E+1	-3.012675E+1	6.400700E-5	3.545328E-2	6.400700E-4	4.940668E-1	1.286573E+1
1.250770E+2	4.087700E+2	2.836314E+1	-2.871040E+1	5.731740E-5	3.419743E-2	5.731740E-4	4.969218E-1	1.298727E+1
1.320940E+2	4.057700E+2	2.857284E+1	-2.731667E+1	5.121160E-5	3.527025E-2	5.121160E-4	4.990747E-1	1.309105E+1
1.392340E+2	4.028600E+2	2.877923E+1	-2.669669E+1	4.590080E-5	3.281435E-2	4.590080E-4	5.010951E-1	1.319099E+1
1.459770E+2	3.999600E+2	2.898790E+1	-2.608242E+1	4.117540E-5	3.567919E-2	4.117540E-4	5.029078E-1	1.328517E+1
1.531940E+2	3.972200E+2	2.918786E+1	-2.568732E+1	3.696520E-5	3.323537E-2	3.696520E-4	5.044551E-1	1.337243E+1
1.602740E+2	3.945400E+2	2.938612E+1	-2.518625E+1	3.322240E-5	3.273022E-2	3.322240E-4	5.059390E-1	1.345752E+1
1.672820E+2	3.919400E+2	2.958106E+1	-2.431127E+1	2.990340E-5	3.297769E-2	2.990340E-4	5.073452E-1	1.354019E+1
1.743980E+2	3.893400E+2	2.977860E+1	-2.359223E+1	2.695240E-5	3.247667E-2	2.695240E-4	5.086818E-1	1.362064E+1
1.815680E+2	3.868700E+2	2.996872E+1	-2.293016E+1	2.430900E-5	3.177559E-2	2.430900E-4	5.098634E-1	1.369694E+1
1.885950E+2	3.844900E+2	3.015423E+1	-2.213153E+1	2.199400E-5	3.140315E-2	2.199400E-4	5.120182E-1	1.381589E+1
1.956220E+2	3.821100E+2	3.034205E+1	-2.159420E+1	1.993098E-5	3.021215E-2	1.993098E-4	5.142436E-1	1.394116E+1
2.025440E+2	3.798500E+2	3.052257E+1	-2.105416E+1	1.807768E-5	3.090522E-2	1.807768E-4	5.165060E-1	1.407346E+1
2.096710E+2	3.776500E+2	3.070038E+1	-2.053227E+1	1.641816E-5	3.004256E-2	1.641816E-4	5.188787E-1	1.421574E+1
2.167480E+2	3.755100E+2	3.087534E+1	-1.994769E+1	1.494206E-5	2.868523E-2	1.494206E-4	5.214989E-1	1.437439E+1
2.236420E+2	3.733600E+2	3.105314E+1	-1.940450E+1	1.363572E-5	2.894283E-2	1.363572E-4	5.242254E-1	1.454783E+1
2.306700E+2	3.713400E+2	3.122206E+1	-1.895849E+1	1.245174E-5	2.758745E-2	1.245174E-4	5.259493E-1	1.469906E+1
2.381250E+2	3.693700E+2	3.138858E+1	-1.843394E+1	1.129250E-5	2.849276E-2	1.129250E-4	5.272690E-1	1.484170E+1
2.454340E+2	3.674200E+2	3.155517E+1	-1.778772E+1	1.031610E-5	2.757055E-2	1.031610E-4	5.285322E-1	1.498340E+1
2.525010E+2	3.655600E+2	3.171572E+1	-1.717520E+1	9.446160E-6	2.688177E-2	9.446160E-5	5.297143E-1	1.512379E+1
2.595750E+2	3.637300E+2	3.187529E+1	-1.657833E+1	8.668500E-6	2.698627E-2	8.668500E-5	5.308949E-1	1.526471E+1
2.666320E+2	3.619100E+2	3.203559E+1	-1.602768E+1	7.958500E-6	2.599311E-2	7.958500E-5	5.319083E-1	1.540045E+1
2.736380E+2	3.601900E+2	3.218857E+1	-1.574693E+1	7.326340E-6	2.656738E-2	7.326340E-5	5.328600E-1	1.553465E+1
2.809000E+2	3.585300E+2	3.233760E+1	-1.553330E+1	6.744080E-6	2.454848E-2	6.744080E-5	5.339611E-1	1.567324E+1
2.878420E+2	3.569200E+2	3.248347E+1	-1.510297E+1	6.230000E-6	2.478038E-2	6.230000E-5	5.351631E-1	1.581463E+1
2.949460E+2	3.550700E+2	3.265272E+1	-1.465990E+1	5.742500E-6	2.548835E-2	5.742500E-5	5.362393E-1	1.595121E+1
3.022880E+2	3.535300E+2	3.279495E+1	-1.451353E+1	5.308400E-6	2.397894E-2	5.308400E-5	5.370300E-1	1.608067E+1
3.092920E+2	3.520200E+2	3.293563E+1	-1.417572E+1	4.920660E-6	2.359359E-2	4.920660E-5	5.372625E-1	1.618897E+1
3.163540E+2	3.505100E+2	3.307752E+1	-1.387257E+1	4.561620E-6	2.321299E-2	4.561620E-5	5.374054E-1	1.629264E+1
3.235300E+2	3.490800E+2	3.321302E+1	-1.357730E+1	4.235800E-6	2.277993E-2	4.235800E-5	5.375574E-1	1.639557E+1
3.307100E+2	3.476900E+2	3.334580E+1	-1.307154E+1	3.929020E-6	2.327150E-2	3.929020E-5	5.376987E-1	1.649663E+1
3.380390E+2	3.462900E+2	3.348061E+1	-1.244140E+1	3.652760E-6	2.251784E-2	3.652760E-5	5.383043E-1	1.661082E+1
3.451670E+2	3.449600E+2	3.360969E+1	-1.213739E+1	3.404240E-6	2.179017E-2	3.404240E-5	5.386454E-1	1.671498E+1
3.522510E+2	3.436700E+2	3.373585E+1	-1.176718E+1	3.179760E-6	2.059884E-2	3.179760E-5	5.390313E-1	1.681920E+1
3.592910E+2	3.424000E+2	3.386098E+1	-1.143196E+1	2.971120E-6	2.066317E-2	2.971120E-5	5.393745E-1	1.692076E+1
3.664240E+2	3.411500E+2	3.398505E+1	-1.120567E+1	2.777600E-6	2.108763E-2	2.777600E-5	5.395773E-1	1.701606E+1
3.735440E+2	3.399500E+2	3.410502E+1	-1.098514E+1	2.602060E-6	2.057362E-2	2.602060E-5	5.398056E-1	1.711102E+1
3.805700E+2	3.387700E+2	3.422381E+1	-1.072727E+1	2.435800E-6	2.093526E-2	2.435800E-5	5.400558E-1	1.720533E+1
3.877840E+2	3.375900E+2	3.434343E+1	-1.048913E+1	2.288380E-6	1.926098E-2	2.288380E-5	5.403947E-1	1.730128E+1
3.948740E+2	3.364700E+2	3.445775E+1	-1.025382E+1	2.149000E-6	1.915908E-2	2.149000E-5	5.405256E-1	1.738902E+1
4.019430E+2	3.352200E+2	3.458624E+1	-1.000147E+1	2.019824E-6	1.985821E-2	2.019824E-5	5.407320E-1	1.747784E+1
4.093020E+2	3.341600E+2	3.469595E+1	-9.952427E+0	1.900346E-6	1.829779E-2	1.900346E-5	5.406358E-1	1.755682E+1
4.162930E+2	3.330700E+2	3.480950E+1	-9.771751E+0	1.789308E-6	1.906820E-2	1.789308E-5	5.404708E-1	1.763155E+1
4.236710E+2	3.320500E+2	3.491643E+1	-9.599867E+0	1.685612E-6	1.802839E-2	1.685612E-5	5.402590E-1	1.770366E+1
4.308090E+2	3.310400E+2	3.502296E+1	-9.309455E+0	1.590374E-6	1.782863E-2	1.590374E-5	5.401423E-1	1.777745E+1
4.380320E+2	3.300400E+2	3.512908E+1	-8.992211E+0	1.501544E-6	1.755837E-2	1.501544E-5	5.400336E-1	1.785025E+1
4.453130E+2	3.289500E+2	3.524548E+1	-8.625850E+0	1.417326E-6	1.742921E-2	1.417326E-5	5.396726E-1	1.791285E+1
4.525150E+2	3.280200E+2	3.534541E+1	-8.592629E+0	1.341554E-6	1.714757E-2	1.341554E-5	5.390213E-1	1.796537E+1
4.597070E+2	3.270600E+2	3.544915E+1	-8.422253E+0	1.269106E-6	1.713090E-2	1.269106E-5	5.388325E-1	1.803211E+1
4.669070E+2	3.261600E+2	3.554697E+1	-8.338122E+0	1.203070E-6	1.705175E-2	1.203070E-5	5.386617E-1	1.809827E+1
4.742010E+2	3.252700E+2	3.564423E+1	-8.136826E+0	1.140582E-6	1.651413E-2	1.140582E-5	5.386219E-1	1.816772E+1
4.813240E+2	3.243900E+2	3.574093E+1	-7.874485E+0	1.082846E-6	1.623407E-2	1.082846E-5	5.386342E-1	1.823776E+1
4.884920E+2	3.235600E+2	3.583261E+1	-7.597628E+0	1.029628E-6	1.581940E-2	1.029628E-5	5.385929E-1	1.830461E+1
4.955190E+2	3.227300E+2	3.592477E+1	-7.427834E+0	9.809760E-7	1.476320E-2	9.809760E-6	5.386272E-1	1.837289E+1
5.023730E+2	3.219300E+2	3.601404E+1	-7.252406E+0	9.356360E-7	1.467735E-2	9.356360E-6	5.387651E-1	1.844407E+1
5.096310E+2	3.211100E+2	3.610601E+1	-7.148894E+0	8.908180E-7	1.476979E-2	8.908180E-6	5.389351E-1	1.851576E+1
5.167560E+2	3.203400E+2	3.619280E+1	-7.037784E+0	8.497000E-7	1.486665E-2	8.497000E-6	5.384752E-1	1.856260E+1
5.241160E+2	3.194600E+2	3.629249E+1	-6.886299E+0	8.089280E-7	1.513035E-2	8.089280E-6	5.381386E-1	1.861254E+1
5.314140E+2	3.187100E+2	3.637790E+1	-6.862267E+0	7.725640E-7	1.446842E-2	7.725640E-6	5.375375E-1	1.865308E+1
5.386100E+2	3.179600E+2	3.646371E+1	-6.737408E+0	7.381840E-7	1.393109E-2	7.381840E-6	5.368752E-1	1.868989E+1
5.456910E+2	3.172600E+2	3.654416E+1	-6.600501E+0	7.057300E-7	1.419469E-2	7.057300E-6	5.362298E-1	1.872624E+1
5.529800E+2	3.165300E+2	3.662844E+1	-6.433106E+0	6.746940E-7	1.367062E-2	6.746940E-6	5.359212E-1	1.877324E+1
5.600400E+2	3.158400E+2	3.670846E+1	-6.260833E+0	6.462420E-7	1.364033E-2	6.462420E-6	5.356222E-1	1.881945E+1
5.672430E+2	3.151700E+2	3.678650E+1	-6.047976E+0	6.188540E-7	1.323045E-2	6.188540E-6	5.354054E-1	1.886758E+1
5.744450E+2	3.144800E+2	3.686721E+1	-5.932465E+0	5.930040E-7	1.295003E-2	5.930040E-6	5.353066E-1	1.891896E+1
5.814150E+2	3.137900E+2	3.694828E+1	-5.825608E+0	5.687440E-7	1.302124E-2	5.687440E-6	5.352206E-1	1.897018E+1
5.887120E+2	3.130400E+2	3.703680E+1	-5.795728E+0	5.443600E-7	1.366147E-2	5.443600E-6	5.350924E-1	1.901935E+1
5.962030E+2	3.124100E+2	3.711149E+1	-5.829933E+0	5.217740E-7	1.279391E-2	5.217740E-6	5.348186E-1	1.906355E+1
6.034380E+2	3.117700E+2	3.718767E+1	-5.763739E+0	5.007540E-7	1.293708E-2	5.007540E-6	5.349014E-1	1.911974E+1
6.107380E+2	3.111500E+2	3.726177E+1	-5.668492E+0	4.814080E-7	1.205853E-2	4.814080E-6	5.349053E-1	1.917231E+1
6.178060E+2	3.104500E+2	3.734579E+1	-5.489969E+0	4.629880E-7	1.228791E-2	4.629880E-6	5.350419E-1	1.922925E+1
6.250920E+2	3.098600E+2	3.741690E+1	-5.408019E+0	4.452940E-7	1.198571E-2	4.452940E-6	5.342489E-1	1.925141E+1
6.322630E+2	3.092900E+2	3.748585E+1	-5.290431E+0	4.289780E-7	1.172737E-2	4.289780E-6	5.336918E-1	1.928129E+1
6.394330E+2	3.087400E+2	3.755263E+1	-5.238126E+0	4.137780E-7	1.094670E-2	4.137780E-6	5.331208E-1	1.930933E+1
6.463150E+2	3.081900E+2	3.761965E+1	-5.079315E+0	3.999660E-7	1.073415E-2	3.999660E-6	5.327822E-1	1.934498E+1
6.534060E+2	3.076600E+2	3.768446E+1	-4.921483E+0	3.864140E-7	1.062726E-2	3.864140E-6	5.324271E-1	1.937934E+1
6.606240E+2	3.071500E+2	3.774703E+1	-4.704518E+0	3.734480E-7	1.043251E-2	3.734480E-6	5.321522E-1	1.941572E+1
6.676190E+2	3.066400E+2	3.780981E+1	-4.594658E+0	3.616380E-7	1.029135E-2	3.616380E-6	5.315632E-1	1.943843E+1
6.747210E+2	3.061400E+2	3.787156E+1	-4.497619E+0	3.503800E-7	9.772070E-3	3.503800E-6	5.310006E-1	1.946138E+1
6.817740E+2	3.056800E+2	3.792855E+1	-4.400751E+0	3.397880E-7	9.236894E-3	3.397880E-6	5.303539E-1	1.948007E+1
6.889100E+2	3.052300E+2	3.798447E+1	-4.258985E+0	3.296440E-7	9.349508E-3	3.296440E-6	5.298453E-1	1.950284E+1
6.961830E+2	3.047700E+2	3.804180E+1	-4.126186E+0	3.201440E-7	8.961575E-3	3.201440E-6	5.295211E-1	1.953142E+1
7.033140E+2	3.043500E+2	3.809430E+1	-4.001449E+0	3.111400E-7	8.640397E-3	3.111400E-6	5.291554E-1	1.955764E+1
7.104200E+2	3.039500E+2	3.814443E+1	-3.842111E+0	3.029500E-7	8.106286E-3	3.029500E-6	5.290080E-1	1.959126E+1
7.174420E+2	3.035500E+2	3.819470E+1	-3.690265E+0	2.949720E-7	8.123515E-3	2.949720E-6	5.288282E-1	1.962282E+1
7.245150E+2	3.031700E+2	3.824257E+1	-3.578818E+0	2.877500E-7	7.666939E-3	2.877500E-6	5.286501E-1	1.965391E+1
7.313700E+2	3.028100E+2	3.828804E+1	-3.462006E+0	2.808040E-7	7.974574E-3	2.808040E-6	5.284589E-1	1.968365E+1
7.387800E+2	3.024000E+2	3.833995E+1	-3.343971E+0	2.738820E-7	7.802289E-3	2.738820E-6	5.284340E-1	1.971910E+1
7.462300E+2	3.020600E+2	3.838310E+1	-3.288204E+0	2.673940E-7	7.168114E-3	2.673940E-6	5.278117E-1	1.973087E+1
7.536450E+2	3.017300E+2	3.842508E+1	-3.182425E+0	2.613600E-7	6.794335E-3	2.613600E-6	5.273386E-1	1.974741E+1
7.607690E+2	3.014200E+2	3.846460E+1	-3.036631E+0	2.557900E-7	6.525222E-3	2.557900E-6	5.268987E-1	1.976432E+1
7.680490E+2	3.011100E+2	3.850420E+1	-2.894346E+0	2.504940E-7	6.390222E-3	2.504940E-6	5.267623E-1	1.979221E+1
7.752330E+2	3.008000E+2	3.854388E+1	-2.750948E+0	2.455520E-7	6.053965E-3	2.455520E-6	5.266681E-1	1.982099E+1
7.822680E+2	3.005200E+2	3.857980E+1	-2.627702E+0	2.409340E-7	5.868070E-3	2.409340E-6	5.265741E-1	1.984951E+1
7.893360E+2	3.002000E+2	3.862092E+1	-2.569300E+0	2.364440E-7	5.939659E-3	2.364440E-6	5.267647E-1	1.988855E+1
7.967330E+2	2.999400E+2	3.865440E+1	-2.557039E+0	2.322280E-7	5.645887E-3	2.322280E-6	5.267261E-1	1.991884E+1
8.040510E+2	2.997000E+2	3.868535E+1	-2.490983E+0	2.281640E-7	5.384941E-3	2.281640E-6	5.266233E-1	1.994596E+1
8.114360E+2	2.994600E+2	3.871636E+1	-2.371961E+0	2.243560E-7	5.067370E-3	2.243560E-6	5.262640E-1	1.996160E+1
8.185620E+2	2.992200E+2	3.874741E+1	-2.225869E+0	2.209240E-7	4.673715E-3	2.209240E-6	5.263730E-1	1.999462E+1
8.254490E+2	2.990100E+2	3.877462E+1	-2.106998E+0	2.176860E-7	4.678166E-3	2.176860E-6	5.265596E-1	2.003006E+1
8.327200E+2	2.987900E+2	3.880317E+1	-1.977186E+0	2.145080E-7	4.240524E-3	2.145080E-6	5.269051E-1	2.007093E+1
8.396300E+2	2.985900E+2	3.882916E+1	-1.924971E+0	2.116480E-7	4.013099E-3	2.116480E-6	5.263969E-1	2.007744E+1
8.464430E+2	2.983900E+2	3.885519E+1	-1.875356E+0	2.088840E-7	4.270356E-3	2.088840E-6	5.260517E-1	2.008938E+1
8.538120E+2	2.981900E+2	3.888125E+1	-1.823359E+0	2.061720E-7	3.942119E-3	2.061720E-6	5.257855E-1	2.010367E+1
8.608720E+2	2.980200E+2	3.890343E+1	-1.757399E+0	2.036860E-7	3.749695E-3	2.036860E-6	5.255957E-1	2.012037E+1
8.681170E+2	2.978600E+2	3.892433E+1	-1.686625E+0	2.012680E-7	3.590992E-3	2.012680E-6	5.252201E-1	2.012902E+1
8.754120E+2	2.976700E+2	3.894917E+1	-1.585783E+0	1.987322E-7	3.616325E-3	1.987322E-6	5.250121E-1	2.014326E+1
8.827170E+2	2.975100E+2	3.897012E+1	-1.519962E+0	1.965778E-7	3.353106E-3	1.965778E-6	5.249823E-1	2.016393E+1
8.898750E+2	2.973700E+2	3.898847E+1	-1.449039E+0	1.945170E-7	3.208448E-3	1.945170E-6	5.247604E-1	2.017640E+1
8.972130E+2	2.972400E+2	3.900552E+1	-1.379466E+0	1.925526E-7	3.119556E-3	1.925526E-6	5.244627E-1	2.018494E+1
9.046340E+2	2.970900E+2	3.902521E+1	-1.304891E+0	1.906754E-7	2.974950E-3	1.906754E-6	5.244634E-1	2.020429E+1
9.119680E+2	2.969400E+2	3.904492E+1	-1.241561E+0	1.889466E-7	2.733741E-3	1.889466E-6	5.245784E-1	2.022759E+1
9.191210E+2	2.968200E+2	3.906071E+1	-1.181841E+0	1.873262E-7	2.565125E-3	1.873262E-6	5.242753E-1	2.023403E+1
9.261900E+2	2.967100E+2	3.907519E+1	-1.147446E+0	1.857474E-7	2.603017E-3	1.857474E-6	5.242370E-1	2.025008E+1
9.337000E+2	2.965900E+2	3.909100E+1	-1.110271E+0	1.842142E-7	2.456514E-3	1.842142E-6	5.244423E-1	2.027500E+1
9.409500E+2	2.964600E+2	3.910814E+1	-1.064538E+0	1.828254E-7	2.325223E-3	1.828254E-6	5.247508E-1	2.030342E+1
9.481380E+2	2.963700E+2	3.912002E+1	-1.018751E+0	1.815090E-7	2.191396E-3	1.815090E-6	5.247218E-1	2.031847E+1
9.552630E+2	2.962600E+2	3.913454E+1	-9.573102E-1	1.802642E-7	2.121631E-3	1.802642E-6	5.250798E-1	2.034806E+1
9.624120E+2	2.961700E+2	3.914644E+1	-9.339516E-1	1.790418E-7	2.072700E-3	1.790418E-6	5.245860E-1	2.034352E+1
9.694540E+2	2.960800E+2	3.915834E+1	-8.968264E-1	1.779292E-7	1.984351E-3	1.779292E-6	5.245771E-1	2.035728E+1
9.768390E+2	2.960000E+2	3.916892E+1	-8.464232E-1	1.768440E-7	1.794359E-3	1.768440E-6	5.248393E-1	2.038110E+1
9.838150E+2	2.960000E+2	3.916892E+1	-7.805683E-1	1.757830E-7	1.724566E-3	1.757830E-6	5.255752E-1	2.042298E+1
