5/30/2024									
3:01 PM									
slow cooling at 470K at 1k per minute sitting for 2 hours_2024.05.30_COND_FILE END.txt									
									
Data taken by: Akshat Sharma									
ammeter is Keithley 6517A at GPIB0::27::INSTR									
voltage source is Keithley 6517A at GPIB0::27::INSTR									
temperature controller is Lake Shore 330 at GPIB0::12::INSTR with the settings: control sensor=A;sample sensor=;loop=1									
Readings: 5									
Voltage (V): 100									
Geo Factor: 1000									
Ea Window (pts): 5									
Shut off V when done?: TRUE									
Mconnect?: TRUE									
Use Abs(Cond)?: TRUE									
Rate (K/min): 1									
Heater: High									
DESCRIPTION									
********************
Time (s)	Temperature (K)	1/kT (1/eV)	Rate (K/min)	Current (A)	Current Std Dev/Mean	Conductivity (Ohm-cm)^-1	Ea (eV)	Reduced Ea
1.759700E+1	4.699400E+2	2.467123E+1	-1.001208E+0	3.621360E-4	3.687262E-4	3.621360E-3	NaN	NaN
3.497600E+1	4.696500E+2	2.468647E+1	-1.318933E+0	3.598620E-4	1.148002E-3	3.598620E-3	NaN	NaN
4.543900E+1	4.694200E+2	2.469856E+1	-1.144524E+0	3.579400E-4	1.224007E-3	3.579400E-3	4.674786E-1	1.154367E+1
5.435100E+1	4.692500E+2	2.470751E+1	-1.030633E+0	3.562220E-4	1.229814E-3	3.562220E-3	5.013400E-1	1.238626E+1
6.483000E+1	4.690700E+2	2.471699E+1	-9.317574E-1	3.544660E-4	9.923455E-4	3.544660E-3	5.016252E-1	1.239944E+1
7.642100E+1	4.688900E+2	2.472648E+1	-9.748172E-1	3.527900E-4	8.743557E-4	3.527900E-3	4.772988E-1	1.180295E+1
8.996200E+1	4.686700E+2	2.473809E+1	-1.021318E+0	3.509280E-4	8.926079E-4	3.509280E-3	4.646290E-1	1.149405E+1
1.022990E+2	4.684600E+2	2.474918E+1	-9.503960E-1	3.491880E-4	1.150052E-3	3.491880E-3	4.336658E-1	1.073264E+1
1.142940E+2	4.682700E+2	2.475922E+1	-1.037977E+0	3.475260E-4	9.369730E-4	3.475260E-3	4.227195E-1	1.046640E+1
1.264330E+2	4.680600E+2	2.477033E+1	-1.016518E+0	3.462460E-4	8.549518E-4	3.462460E-3	4.280859E-1	1.060352E+1
1.382380E+2	4.678600E+2	2.478092E+1	-1.005961E+0	3.445460E-4	1.088408E-3	3.445460E-3	4.463491E-1	1.106050E+1
1.489740E+2	4.676800E+2	2.479046E+1	-1.086488E+0	3.429460E-4	9.506049E-4	3.429460E-3	4.669587E-1	1.157659E+1
1.605710E+2	4.674700E+2	2.480159E+1	-9.870856E-1	3.411080E-4	1.059326E-3	3.411080E-3	4.575900E-1	1.134914E+1
1.727280E+2	4.672700E+2	2.481221E+1	-1.012658E+0	3.396020E-4	9.183732E-4	3.396020E-3	4.513805E-1	1.119963E+1
1.845780E+2	4.670700E+2	2.482283E+1	-9.812740E-1	3.379720E-4	9.270618E-4	3.379720E-3	4.612083E-1	1.144804E+1
1.968070E+2	4.668700E+2	2.483347E+1	-8.591644E-1	3.362940E-4	9.333943E-4	3.362940E-3	4.648909E-1	1.154500E+1
2.086790E+2	4.667000E+2	2.484251E+1	-1.074066E+0	3.347200E-4	8.720435E-4	3.347200E-3	4.664130E-1	1.158762E+1
2.220860E+2	4.664600E+2	2.485529E+1	-1.029061E+0	3.329420E-4	8.976474E-4	3.329420E-3	4.545111E-1	1.129698E+1
2.325810E+2	4.662800E+2	2.486489E+1	-1.140025E+0	3.313680E-4	1.064259E-3	3.313680E-3	4.516552E-1	1.123014E+1
2.446860E+2	4.660500E+2	2.487716E+1	-9.562201E-1	3.296500E-4	1.146534E-3	3.296500E-3	4.590823E-1	1.142023E+1
2.553530E+2	4.658800E+2	2.488624E+1	-9.387573E-1	3.281720E-4	9.701820E-4	3.281720E-3	4.618083E-1	1.149278E+1
2.687750E+2	4.656700E+2	2.489746E+1	-9.715812E-1	3.265340E-4	9.158265E-4	3.265340E-3	4.615820E-1	1.149250E+1
2.811260E+2	4.654700E+2	2.490816E+1	-1.004604E+0	3.248260E-4	7.988284E-4	3.248260E-3	4.506911E-1	1.122593E+1
2.930710E+2	4.652700E+2	2.491886E+1	-1.040806E+0	3.233820E-4	8.124032E-4	3.233820E-3	4.525274E-1	1.127660E+1
3.051770E+2	4.650600E+2	2.493012E+1	-9.904259E-1	3.217540E-4	9.765638E-4	3.217540E-3	4.462209E-1	1.112419E+1
3.172930E+2	4.648600E+2	2.494084E+1	-1.002004E+0	3.201160E-4	8.670069E-4	3.201160E-3	4.517631E-1	1.126690E+1
3.292690E+2	4.646600E+2	2.495158E+1	-9.773860E-1	3.186480E-4	9.292109E-4	3.186480E-3	4.452198E-1	1.110871E+1
3.397050E+2	4.644900E+2	2.496071E+1	-1.053952E+0	3.173280E-4	9.736998E-4	3.173280E-3	4.417729E-1	1.102747E+1
3.516600E+2	4.642800E+2	2.497200E+1	-1.008658E+0	3.157940E-4	9.985156E-4	3.157940E-3	4.510223E-1	1.126336E+1
3.635570E+2	4.640800E+2	2.498276E+1	-9.979587E-1	3.142380E-4	9.108278E-4	3.142380E-3	4.543617E-1	1.135098E+1
3.767840E+2	4.638600E+2	2.499461E+1	-9.887553E-1	3.125000E-4	8.905549E-4	3.125000E-3	4.491681E-1	1.122644E+1
3.871000E+2	4.636900E+2	2.500377E+1	-1.074744E+0	3.112120E-4	9.349932E-4	3.112120E-3	4.409875E-1	1.102706E+1
3.993820E+2	4.634700E+2	2.501564E+1	-9.839732E-1	3.097000E-4	8.484781E-4	3.097000E-3	4.508391E-1	1.127794E+1
4.127970E+2	4.632500E+2	2.502752E+1	-8.640407E-1	3.080520E-4	9.548480E-4	3.080520E-3	4.537279E-1	1.135460E+1
4.246020E+2	4.630800E+2	2.503671E+1	-1.084784E+0	3.065380E-4	9.251192E-4	3.065380E-3	4.620971E-1	1.156972E+1
4.351110E+2	4.628900E+2	2.504699E+1	-9.959258E-1	3.052660E-4	9.023712E-4	3.052660E-3	4.600448E-1	1.152366E+1
4.483650E+2	4.626700E+2	2.505890E+1	-1.040291E+0	3.035800E-4	1.003462E-3	3.035800E-3	4.560207E-1	1.142694E+1
4.604770E+2	4.624600E+2	2.507028E+1	-9.694896E-1	3.019700E-4	8.947416E-4	3.019700E-3	4.666007E-1	1.169713E+1
4.709980E+2	4.622900E+2	2.507950E+1	-1.030001E+0	3.006500E-4	9.175529E-4	3.006500E-3	4.619579E-1	1.158601E+1
4.832310E+2	4.620800E+2	2.509089E+1	-9.728623E-1	2.990880E-4	8.783922E-4	2.990880E-3	4.554429E-1	1.142785E+1
4.949490E+2	4.618900E+2	2.510121E+1	-1.007172E+0	2.977120E-4	9.563872E-4	2.977120E-3	4.486548E-1	1.126208E+1
5.080550E+2	4.616700E+2	2.511318E+1	-1.034572E+0	2.961140E-4	9.166760E-4	2.961140E-3	4.431994E-1	1.113002E+1
5.196540E+2	4.614700E+2	2.512406E+1	-1.013514E+0	2.946980E-4	9.077961E-4	2.946980E-3	4.421585E-1	1.110858E+1
5.314940E+2	4.612700E+2	2.513495E+1	-9.859502E-1	2.933120E-4	9.178026E-4	2.933120E-3	4.480159E-1	1.126070E+1
5.436650E+2	4.610700E+2	2.514586E+1	-9.370376E-1	2.918760E-4	8.621967E-4	2.918760E-3	4.500903E-1	1.131777E+1
5.558310E+2	4.608800E+2	2.515622E+1	-1.033592E+0	2.904360E-4	8.651023E-4	2.904360E-3	4.548056E-1	1.144134E+1
5.674410E+2	4.606800E+2	2.516714E+1	-9.951899E-1	2.890780E-4	9.736489E-4	2.890780E-3	4.467515E-1	1.124388E+1
5.794990E+2	4.604800E+2	2.517808E+1	-1.095890E+0	2.876080E-4	9.184032E-4	2.876080E-3	4.470533E-1	1.125595E+1
5.915440E+2	4.602600E+2	2.519011E+1	-9.211087E-1	2.861620E-4	9.342217E-4	2.861620E-3	4.531101E-1	1.141321E+1
6.032690E+2	4.600800E+2	2.519997E+1	-9.568575E-1	2.847900E-4	8.851830E-4	2.847900E-3	4.477185E-1	1.128251E+1
6.151830E+2	4.598900E+2	2.521038E+1	-1.058468E+0	2.834560E-4	8.603989E-4	2.834560E-3	4.476151E-1	1.128499E+1
6.270870E+2	4.596800E+2	2.522189E+1	-9.428501E-1	2.820760E-4	1.011019E-3	2.820760E-3	4.352614E-1	1.097812E+1
6.391780E+2	4.594900E+2	2.523232E+1	-1.061947E+0	2.807680E-4	8.452471E-4	2.807680E-3	4.357756E-1	1.099600E+1
6.510430E+2	4.592800E+2	2.524386E+1	-1.019069E+0	2.793960E-4	9.407105E-4	2.793960E-3	4.474570E-1	1.129551E+1
6.639960E+2	4.590600E+2	2.525596E+1	-9.345794E-1	2.778780E-4	8.936816E-4	2.778780E-3	4.527270E-1	1.143373E+1
6.755520E+2	4.588800E+2	2.526586E+1	-1.054401E+0	2.765460E-4	9.725050E-4	2.765460E-3	4.633824E-1	1.170782E+1
6.886400E+2	4.586500E+2	2.527853E+1	-1.016037E+0	2.749920E-4	9.950247E-4	2.749920E-3	4.625950E-1	1.169316E+1
6.986790E+2	4.584800E+2	2.528791E+1	-1.008827E+0	2.737440E-4	1.005617E-3	2.737440E-3	4.591992E-1	1.161234E+1
7.105740E+2	4.582800E+2	2.529894E+1	-9.543286E-1	2.724020E-4	9.453921E-4	2.724020E-3	4.594037E-1	1.162284E+1
7.237770E+2	4.580700E+2	2.531054E+1	-9.843710E-1	2.709400E-4	8.987817E-4	2.709400E-3	4.511679E-1	1.141905E+1
7.353580E+2	4.578800E+2	2.532104E+1	-1.013000E+0	2.696580E-4	9.805899E-4	2.696580E-3	4.436500E-1	1.123376E+1
7.472040E+2	4.576800E+2	2.533211E+1	-1.021103E+0	2.683600E-4	9.605715E-4	2.683600E-3	4.414402E-1	1.118272E+1
7.589560E+2	4.574800E+2	2.534318E+1	-8.892841E-1	2.671080E-4	9.846276E-4	2.671080E-3	4.404692E-1	1.116325E+1
7.724500E+2	4.572800E+2	2.535427E+1	-1.044980E+0	2.657240E-4	8.341470E-4	2.657240E-3	4.450497E-1	1.128395E+1
7.856560E+2	4.570500E+2	2.536703E+1	-1.038591E+0	2.642660E-4	9.829835E-4	2.642660E-3	4.516496E-1	1.145618E+1
7.954770E+2	4.568800E+2	2.537647E+1	-1.002171E+0	2.631240E-4	1.010387E-3	2.631240E-3	4.506897E-1	1.143654E+1
8.074510E+2	4.566800E+2	2.538758E+1	-1.013312E+0	2.617780E-4	8.700115E-4	2.617780E-3	4.506875E-1	1.144213E+1
8.175170E+2	4.565100E+2	2.539703E+1	-1.003955E+0	2.606740E-4	9.710991E-4	2.606740E-3	4.425361E-1	1.124008E+1
8.306650E+2	4.562900E+2	2.540928E+1	-9.807564E-1	2.592900E-4	9.284124E-4	2.592900E-3	4.340164E-1	1.102854E+1
8.441240E+2	4.560700E+2	2.542154E+1	-1.060071E+0	2.579180E-4	1.049498E-3	2.579180E-3	4.320740E-1	1.098350E+1
8.560100E+2	4.558600E+2	2.543325E+1	-9.683996E-1	2.566380E-4	9.621375E-4	2.566380E-3	4.427388E-1	1.125946E+1
8.677820E+2	4.556700E+2	2.544385E+1	-9.003001E-1	2.554440E-4	9.241635E-4	2.554440E-3	4.546936E-1	1.156936E+1
8.797780E+2	4.554900E+2	2.545391E+1	-1.079460E+0	2.541800E-4	1.015684E-3	2.541800E-3	4.601707E-1	1.171401E+1
8.931180E+2	4.552500E+2	2.546733E+1	-1.110462E+0	2.526320E-4	1.008946E-3	2.526320E-3	4.605022E-1	1.172734E+1
9.033840E+2	4.550600E+2	2.547796E+1	-1.010697E+0	2.514440E-4	1.051321E-3	2.514440E-3	4.600924E-1	1.172154E+1
9.152570E+2	4.548600E+2	2.548916E+1	-9.110080E-1	2.501360E-4	9.992964E-4	2.501360E-3	4.557451E-1	1.161644E+1
9.271120E+2	4.546800E+2	2.549925E+1	-1.013257E+0	2.489140E-4	8.401182E-4	2.489140E-3	4.452189E-1	1.135350E+1
9.389550E+2	4.544800E+2	2.551047E+1	-1.001815E+0	2.477620E-4	9.582731E-4	2.477620E-3	4.401120E-1	1.122800E+1
9.527300E+2	4.542500E+2	2.552339E+1	-9.700477E-1	2.464080E-4	9.180216E-4	2.464080E-3	4.395680E-1	1.121854E+1
9.644820E+2	4.540600E+2	2.553407E+1	-9.683173E-1	2.451740E-4	1.032089E-3	2.451740E-3	4.511924E-1	1.152023E+1
9.762550E+2	4.538700E+2	2.554476E+1	-9.953724E-1	2.439960E-4	9.212806E-4	2.439960E-3	4.523737E-1	1.155595E+1
9.877080E+2	4.536800E+2	2.555546E+1	-1.027925E+0	2.428040E-4	9.779276E-4	2.428040E-3	4.495755E-1	1.148963E+1
9.993820E+2	4.534800E+2	2.556673E+1	-9.942005E-1	2.416280E-4	9.035981E-4	2.416280E-3	4.477258E-1	1.144705E+1
1.012659E+3	4.532600E+2	2.557914E+1	-1.067616E+0	2.402420E-4	9.678972E-4	2.402420E-3	4.521345E-1	1.156475E+1
1.022775E+3	4.530800E+2	2.558930E+1	-9.605855E-1	2.391800E-4	1.057706E-3	2.391800E-3	4.531163E-1	1.159511E+1
1.035892E+3	4.528700E+2	2.560117E+1	-1.056431E+0	2.378360E-4	9.314825E-4	2.378360E-3	4.487180E-1	1.148771E+1
1.047251E+3	4.526700E+2	2.561248E+1	-9.573396E-1	2.366820E-4	9.691928E-4	2.366820E-3	4.443937E-1	1.138181E+1
1.059159E+3	4.524800E+2	2.562323E+1	-1.032081E+0	2.355480E-4	8.733602E-4	2.355480E-3	4.409245E-1	1.129816E+1
1.070786E+3	4.522800E+2	2.563456E+1	-9.306448E-1	2.344020E-4	9.046907E-4	2.344020E-3	4.391406E-1	1.125771E+1
1.084325E+3	4.520700E+2	2.564647E+1	-1.026758E+0	2.331260E-4	8.287781E-4	2.331260E-3	4.387040E-1	1.125099E+1
1.097181E+3	4.518500E+2	2.565896E+1	-9.901951E-1	2.319140E-4	9.430250E-4	2.319140E-3	4.390866E-1	1.126583E+1
1.107482E+3	4.516800E+2	2.566861E+1	-1.070791E+0	2.309000E-4	1.001267E-3	2.309000E-3	4.347429E-1	1.115966E+1
1.119249E+3	4.514700E+2	2.568055E+1	-1.057668E+0	2.297000E-4	9.710365E-4	2.297000E-3	4.419308E-1	1.134939E+1
1.131162E+3	4.512600E+2	2.569251E+1	-9.840905E-1	2.285280E-4	1.107180E-3	2.285280E-3	4.386724E-1	1.127033E+1
1.143356E+3	4.510600E+2	2.570390E+1	-1.004773E+0	2.273260E-4	1.008698E-3	2.273260E-3	4.424635E-1	1.137278E+1
1.155299E+3	4.508600E+2	2.571530E+1	-9.288682E-1	2.262360E-4	9.369286E-4	2.262360E-3	4.394273E-1	1.130004E+1
1.167572E+3	4.506700E+2	2.572614E+1	-1.063291E+0	2.251120E-4	9.346653E-4	2.251120E-3	4.387596E-1	1.128785E+1
1.179422E+3	4.504600E+2	2.573813E+1	-9.803121E-1	2.239920E-4	1.096928E-3	2.239920E-3	4.467101E-1	1.149732E+1
1.191663E+3	4.502600E+2	2.574957E+1	-9.298532E-1	2.228100E-4	1.001064E-3	2.228100E-3	4.432916E-1	1.141443E+1
1.203923E+3	4.500700E+2	2.576044E+1	-1.043565E+0	2.216980E-4	9.775714E-4	2.216980E-3	4.462534E-1	1.149563E+1
1.215997E+3	4.498600E+2	2.577246E+1	-9.996080E-1	2.205800E-4	1.018274E-3	2.205800E-3	4.404513E-1	1.135122E+1
1.226201E+3	4.496900E+2	2.578221E+1	-1.036952E+0	2.196120E-4	9.580732E-4	2.196120E-3	4.440425E-1	1.144904E+1
1.238352E+3	4.494800E+2	2.579425E+1	-9.804650E-1	2.184520E-4	9.265673E-4	2.184520E-3	4.494657E-1	1.159402E+1
1.251815E+3	4.492600E+2	2.580688E+1	-9.514271E-1	2.171760E-4	1.057346E-3	2.171760E-3	4.538666E-1	1.171205E+1
1.263797E+3	4.490700E+2	2.581780E+1	-9.211873E-1	2.161380E-4	8.750409E-4	2.161380E-3	4.528557E-1	1.169176E+1
1.275521E+3	4.488900E+2	2.582815E+1	-1.040802E+0	2.150740E-4	8.831721E-4	2.150740E-3	4.514993E-1	1.166199E+1
1.288780E+3	4.486600E+2	2.584139E+1	-1.005306E+0	2.138460E-4	1.089479E-3	2.138460E-3	4.442371E-1	1.147944E+1
1.299523E+3	4.484800E+2	2.585177E+1	-1.062215E+0	2.128180E-4	9.586116E-4	2.128180E-3	4.346107E-1	1.123552E+1
1.311385E+3	4.482700E+2	2.586388E+1	-1.014713E+0	2.117620E-4	9.564225E-4	2.117620E-3	4.356017E-1	1.126634E+1
1.323211E+3	4.480700E+2	2.587542E+1	-9.694702E-1	2.107020E-4	9.235895E-4	2.107020E-3	4.360995E-1	1.128395E+1
1.334970E+3	4.478800E+2	2.588640E+1	-1.018503E+0	2.096600E-4	8.986666E-4	2.096600E-3	4.422756E-1	1.144907E+1
1.346752E+3	4.476800E+2	2.589796E+1	-1.012317E+0	2.085880E-4	1.024534E-3	2.085880E-3	4.413621E-1	1.143040E+1
1.358606E+3	4.474800E+2	2.590954E+1	-9.377313E-1	2.075400E-4	9.466552E-4	2.075400E-3	4.336757E-1	1.123662E+1
1.370763E+3	4.472900E+2	2.592054E+1	-1.031776E+0	2.065420E-4	8.547912E-4	2.065420E-3	4.243318E-1	1.099950E+1
1.384138E+3	4.470600E+2	2.593388E+1	-1.029601E+0	2.053920E-4	9.316990E-4	2.053920E-3	4.256623E-1	1.103866E+1
1.395793E+3	4.468600E+2	2.594549E+1	-9.558145E-1	2.044300E-4	9.604341E-4	2.044300E-3	4.337733E-1	1.125373E+1
1.407720E+3	4.466700E+2	2.595652E+1	-9.422266E-1	2.033940E-4	9.873610E-4	2.033940E-3	4.450113E-1	1.155091E+1
1.419819E+3	4.464800E+2	2.596757E+1	-1.010526E+0	2.023620E-4	1.039743E-3	2.023620E-3	4.520756E-1	1.173961E+1
1.431694E+3	4.462800E+2	2.597921E+1	-9.958506E-1	2.013240E-4	9.428369E-4	2.013240E-3	4.408723E-1	1.145396E+1
1.443744E+3	4.460800E+2	2.599085E+1	-1.083744E+0	2.002768E-4	1.085939E-3	2.002768E-3	4.373152E-1	1.136661E+1
1.455924E+3	4.458600E+2	2.600368E+1	-1.021649E+0	1.992158E-4	1.079088E-3	1.992158E-3	4.410553E-1	1.146864E+1
1.468257E+3	4.456500E+2	2.601593E+1	-9.919177E-1	1.981088E-4	1.059479E-3	1.981088E-3	4.464769E-1	1.161477E+1
1.479145E+3	4.454700E+2	2.602644E+1	-9.903441E-1	1.971530E-4	9.905676E-4	1.971530E-3	4.460493E-1	1.160943E+1
1.491262E+3	4.452700E+2	2.603813E+1	-1.028404E+0	1.961142E-4	9.768772E-4	1.961142E-3	4.402303E-1	1.146308E+1
1.503514E+3	4.450600E+2	2.605042E+1	-9.267539E-1	1.951246E-4	1.019781E-3	1.951246E-3	4.349867E-1	1.133131E+1
1.515815E+3	4.448700E+2	2.606155E+1	-9.883051E-1	1.941476E-4	9.583081E-4	1.941476E-3	4.324789E-1	1.127120E+1
1.527957E+3	4.446700E+2	2.607327E+1	-1.032279E+0	1.931672E-4	9.798530E-4	1.931672E-3	4.445324E-1	1.159066E+1
1.540163E+3	4.444600E+2	2.608559E+1	-9.759271E-1	1.921490E-4	9.912986E-4	1.921490E-3	4.474087E-1	1.167087E+1
1.552459E+3	4.442600E+2	2.609733E+1	-1.040119E+0	1.910652E-4	1.074765E-3	1.910652E-3	4.532589E-1	1.182847E+1
1.564573E+3	4.440500E+2	2.610967E+1	-9.821858E-1	1.900284E-4	1.091778E-3	1.900284E-3	4.519827E-1	1.180059E+1
1.574958E+3	4.438800E+2	2.611967E+1	-1.032436E+0	1.891632E-4	9.592333E-4	1.891632E-3	4.379939E-1	1.144086E+1
1.586581E+3	4.436800E+2	2.613145E+1	-1.012581E+0	1.881990E-4	9.455909E-4	1.881990E-3	4.371660E-1	1.142432E+1
1.599617E+3	4.434600E+2	2.614441E+1	-9.714529E-1	1.871760E-4	1.022184E-3	1.871760E-3	4.359945E-1	1.139825E+1
1.611352E+3	4.432700E+2	2.615562E+1	-9.709565E-1	1.862238E-4	9.582450E-4	1.862238E-3	4.418696E-1	1.155708E+1
1.623093E+3	4.430800E+2	2.616683E+1	-9.036825E-1	1.853132E-4	1.009271E-3	1.853132E-3	4.485427E-1	1.173709E+1
1.636372E+3	4.428800E+2	2.617865E+1	-1.005646E+0	1.843216E-4	9.207727E-4	1.843216E-3	4.433834E-1	1.160732E+1
1.647708E+3	4.426900E+2	2.618988E+1	-1.049126E+0	1.833910E-4	9.524442E-4	1.833910E-3	4.368418E-1	1.144145E+1
1.659718E+3	4.424800E+2	2.620231E+1	-1.116940E+0	1.824258E-4	1.050607E-3	1.824258E-3	4.282529E-1	1.122164E+1
1.671536E+3	4.422600E+2	2.621535E+1	-1.069337E+0	1.814248E-4	1.081823E-3	1.814248E-3	4.302260E-1	1.127774E+1
1.683319E+3	4.420500E+2	2.622780E+1	-9.217475E-1	1.804694E-4	9.670031E-4	1.804694E-3	4.403115E-1	1.154749E+1
1.693734E+3	4.418900E+2	2.623730E+1	-9.214568E-1	1.796670E-4	9.681384E-4	1.796670E-3	4.429118E-1	1.162142E+1
1.707408E+3	4.416800E+2	2.624977E+1	-1.018157E+0	1.786554E-4	9.319794E-4	1.786554E-3	4.393556E-1	1.153341E+1
1.719194E+3	4.414800E+2	2.626167E+1	-9.974233E-1	1.777716E-4	1.057504E-3	1.777716E-3	4.338023E-1	1.139225E+1
1.731225E+3	4.412800E+2	2.627357E+1	-9.972575E-1	1.768650E-4	1.016971E-3	1.768650E-3	4.337140E-1	1.139518E+1
1.743258E+3	4.410800E+2	2.628548E+1	-1.008997E+0	1.759290E-4	1.008629E-3	1.759290E-3	4.341140E-1	1.141105E+1
1.755151E+3	4.408800E+2	2.629741E+1	-1.043046E+0	1.750104E-4	9.922593E-4	1.750104E-3	4.340810E-1	1.141537E+1
1.767231E+3	4.406700E+2	2.630994E+1	-9.909984E-1	1.741014E-4	9.086670E-4	1.741014E-3	4.361946E-1	1.147608E+1
1.779340E+3	4.404700E+2	2.632188E+1	-9.998334E-1	1.731788E-4	1.038099E-3	1.731788E-3	4.381336E-1	1.153248E+1
1.791342E+3	4.402700E+2	2.633384E+1	-1.072980E+0	1.722428E-4	1.046748E-3	1.722428E-3	4.443691E-1	1.170210E+1
1.803085E+3	4.400600E+2	2.634641E+1	-9.725261E-1	1.713148E-4	1.097483E-3	1.713148E-3	4.463746E-1	1.175995E+1
1.815424E+3	4.398600E+2	2.635839E+1	-9.194619E-1	1.703864E-4	9.998239E-4	1.703864E-3	4.477454E-1	1.180126E+1
1.827170E+3	4.396800E+2	2.636918E+1	-9.617007E-1	1.695500E-4	8.350152E-4	1.695500E-3	4.479933E-1	1.181396E+1
1.839024E+3	4.394900E+2	2.638058E+1	-1.003135E+0	1.686882E-4	1.008965E-3	1.686882E-3	4.401782E-1	1.161293E+1
1.853379E+3	4.392500E+2	2.639499E+1	-1.095002E+0	1.676306E-4	1.050610E-3	1.676306E-3	4.468979E-1	1.179493E+1
1.863242E+3	4.390700E+2	2.640581E+1	-8.747698E-1	1.668670E-4	9.971120E-4	1.668670E-3	4.478578E-1	1.182575E+1
1.876274E+3	4.388800E+2	2.641724E+1	-1.120598E+0	1.659090E-4	9.430330E-4	1.659090E-3	4.545696E-1	1.200892E+1
1.887518E+3	4.386700E+2	2.642989E+1	-9.672493E-1	1.650304E-4	9.775856E-4	1.650304E-3	4.584224E-1	1.211564E+1
1.899304E+3	4.384800E+2	2.644134E+1	-9.624811E-1	1.641450E-4	9.874210E-4	1.641450E-3	4.461083E-1	1.179570E+1
1.910525E+3	4.383000E+2	2.645220E+1	-1.029400E+0	1.633252E-4	9.891649E-4	1.633252E-3	4.495658E-1	1.189251E+1
1.923348E+3	4.380800E+2	2.646549E+1	-9.393755E-1	1.624092E-4	9.395200E-4	1.624092E-3	4.356158E-1	1.152892E+1
1.934845E+3	4.379000E+2	2.647636E+1	-1.075520E+0	1.615980E-4	9.804629E-4	1.615980E-3	4.312432E-1	1.141809E+1
1.947676E+3	4.376700E+2	2.649028E+1	-1.008671E+0	1.606878E-4	9.260038E-4	1.606878E-3	4.295007E-1	1.137756E+1
1.958978E+3	4.374800E+2	2.650178E+1	-1.003344E+0	1.598650E-4	9.981726E-4	1.598650E-3	4.302789E-1	1.140290E+1
1.972134E+3	4.372600E+2	2.651512E+1	-9.357130E-1	1.589706E-4	9.086912E-4	1.589706E-3	4.391869E-1	1.164463E+1
1.983676E+3	4.370800E+2	2.652604E+1	-1.032436E+0	1.581824E-4	9.646581E-4	1.581824E-3	4.391367E-1	1.164857E+1
1.995299E+3	4.368800E+2	2.653818E+1	-1.049501E+0	1.573358E-4	1.035312E-3	1.573358E-3	4.419551E-1	1.172924E+1
2.006733E+3	4.366800E+2	2.655033E+1	-1.010565E+0	1.565078E-4	9.489948E-4	1.565078E-3	4.355436E-1	1.156376E+1
2.019795E+3	4.364600E+2	2.656372E+1	-1.024714E+0	1.555842E-4	9.066195E-4	1.555842E-3	4.335251E-1	1.151546E+1
2.029749E+3	4.362900E+2	2.657407E+1	-9.494386E-1	1.549144E-4	9.915750E-4	1.549144E-3	4.343926E-1	1.154416E+1
2.043020E+3	4.360800E+2	2.658686E+1	-9.934522E-1	1.540466E-4	9.222857E-4	1.540466E-3	4.350757E-1	1.156768E+1
2.056307E+3	4.358600E+2	2.660028E+1	-9.545340E-1	1.531404E-4	1.037899E-3	1.531404E-3	4.354553E-1	1.158269E+1
2.068250E+3	4.356700E+2	2.661189E+1	-1.016518E+0	1.523674E-4	1.019853E-3	1.523674E-3	4.396775E-1	1.170037E+1
2.080055E+3	4.354700E+2	2.662411E+1	-9.706258E-1	1.515808E-4	1.067243E-3	1.515808E-3	4.376828E-1	1.165304E+1
2.091800E+3	4.352800E+2	2.663573E+1	-1.080432E+0	1.507538E-4	1.029240E-3	1.507538E-3	4.415902E-1	1.176223E+1
2.103462E+3	4.350700E+2	2.664859E+1	-9.827586E-1	1.499520E-4	1.042105E-3	1.499520E-3	4.412417E-1	1.175833E+1
2.115062E+3	4.348800E+2	2.666023E+1	-1.045387E+0	1.491478E-4	1.029147E-3	1.491478E-3	4.357248E-1	1.161681E+1
2.126541E+3	4.346800E+2	2.667249E+1	-9.964520E-1	1.483704E-4	9.979770E-4	1.483704E-3	4.401553E-1	1.174035E+1
2.139788E+3	4.344600E+2	2.668600E+1	-9.617007E-1	1.475004E-4	1.036649E-3	1.475004E-3	4.406117E-1	1.175782E+1
2.151642E+3	4.342700E+2	2.669768E+1	-9.489381E-1	1.467284E-4	9.710398E-4	1.467284E-3	4.448851E-1	1.187702E+1
2.164920E+3	4.340600E+2	2.671059E+1	-1.010902E+0	1.458766E-4	9.835063E-4	1.458766E-3	4.499738E-1	1.201873E+1
2.175010E+3	4.338900E+2	2.672106E+1	-9.709486E-1	1.452084E-4	1.031351E-3	1.452084E-3	4.472145E-1	1.195053E+1
2.187987E+3	4.336800E+2	2.673400E+1	-1.036986E+0	1.443418E-4	9.804454E-4	1.443418E-3	4.413330E-1	1.179889E+1
2.199559E+3	4.334800E+2	2.674633E+1	-1.039231E+0	1.435784E-4	1.063884E-3	1.435784E-3	4.353857E-1	1.164489E+1
2.211106E+3	4.332800E+2	2.675868E+1	-1.053556E+0	1.428230E-4	9.988372E-4	1.428230E-3	4.358147E-1	1.166178E+1
2.222496E+3	4.330800E+2	2.677104E+1	-9.329083E-1	1.420716E-4	1.052076E-3	1.420716E-3	4.432522E-1	1.186642E+1
2.235359E+3	4.328800E+2	2.678340E+1	-9.707242E-1	1.412518E-4	1.006336E-3	1.412518E-3	4.431859E-1	1.187021E+1
2.248339E+3	4.326700E+2	2.679640E+1	-1.027221E+0	1.404344E-4	9.968635E-4	1.404344E-3	4.443174E-1	1.190586E+1
2.260021E+3	4.324700E+2	2.680880E+1	-9.885536E-1	1.397100E-4	9.962174E-4	1.397100E-3	4.427787E-1	1.186991E+1
2.271553E+3	4.322800E+2	2.682058E+1	-9.746922E-1	1.389570E-4	1.055369E-3	1.389570E-3	4.444328E-1	1.192021E+1
2.283249E+3	4.320900E+2	2.683237E+1	-9.972048E-1	1.382124E-4	9.749282E-4	1.382124E-3	4.426970E-1	1.187926E+1
2.296486E+3	4.318700E+2	2.684604E+1	-1.029248E+0	1.373902E-4	1.039627E-3	1.373902E-3	4.347554E-1	1.167134E+1
2.308145E+3	4.316700E+2	2.685848E+1	-1.023891E+0	1.366738E-4	1.003313E-3	1.366738E-3	4.328484E-1	1.162537E+1
2.319865E+3	4.314700E+2	2.687093E+1	-1.033503E+0	1.359374E-4	1.044839E-3	1.359374E-3	4.319428E-1	1.160684E+1
2.331476E+3	4.312700E+2	2.688339E+1	-1.075361E+0	1.351840E-4	1.041316E-3	1.351840E-3	4.422568E-1	1.188921E+1
2.343193E+3	4.310600E+2	2.689649E+1	-8.914569E-1	1.344422E-4	1.103272E-3	1.344422E-3	4.440728E-1	1.194354E+1
2.355308E+3	4.308800E+2	2.690772E+1	-1.002255E+0	1.337116E-4	9.830632E-4	1.337116E-3	4.465123E-1	1.201465E+1
2.367281E+3	4.306800E+2	2.692022E+1	-9.732776E-1	1.330026E-4	1.014413E-3	1.330026E-3	4.471336E-1	1.203739E+1
2.378994E+3	4.304900E+2	2.693210E+1	-9.899505E-1	1.322854E-4	1.013604E-3	1.322854E-3	4.465437E-1	1.202651E+1
2.392328E+3	4.302700E+2	2.694587E+1	-9.252913E-1	1.314928E-4	9.865009E-4	1.314928E-3	4.466786E-1	1.203627E+1
2.404000E+3	4.300900E+2	2.695715E+1	-1.077038E+0	1.307894E-4	1.026922E-3	1.307894E-3	4.410816E-1	1.189085E+1
2.417370E+3	4.298500E+2	2.697220E+1	-1.076386E+0	1.299596E-4	1.120518E-3	1.299596E-3	4.414507E-1	1.190628E+1
2.427961E+3	4.296600E+2	2.698413E+1	-1.030555E+0	1.292900E-4	1.142831E-3	1.292900E-3	4.393505E-1	1.185488E+1
2.439023E+3	4.294700E+2	2.699606E+1	-1.000083E+0	1.285846E-4	1.095928E-3	1.285846E-3	4.479535E-1	1.209299E+1
2.451022E+3	4.292700E+2	2.700864E+1	-9.517934E-1	1.278712E-4	1.021096E-3	1.278712E-3	4.526897E-1	1.222636E+1
2.462369E+3	4.290900E+2	2.701997E+1	-9.211637E-1	1.272112E-4	9.458547E-4	1.272112E-3	4.461227E-1	1.205486E+1
2.475396E+3	4.288900E+2	2.703257E+1	-1.013202E+0	1.264800E-4	9.643525E-4	1.264800E-3	4.435557E-1	1.199093E+1
2.488424E+3	4.286700E+2	2.704645E+1	-9.792132E-1	1.257418E-4	9.873240E-4	1.257418E-3	4.358326E-1	1.178772E+1
2.500066E+3	4.284800E+2	2.705844E+1	-1.047995E+0	1.250686E-4	1.057215E-3	1.250686E-3	4.344030E-1	1.175418E+1
2.513234E+3	4.282500E+2	2.707297E+1	-1.013715E+0	1.243022E-4	1.074431E-3	1.243022E-3	4.421674E-1	1.197026E+1
2.523296E+3	4.280800E+2	2.708372E+1	-1.013747E+0	1.236986E-4	1.079389E-3	1.236986E-3	4.459365E-1	1.207751E+1
2.536317E+3	4.278600E+2	2.709765E+1	-1.017051E+0	1.229160E-4	1.053667E-3	1.229160E-3	4.548171E-1	1.232470E+1
2.546346E+3	4.276900E+2	2.710842E+1	-9.871804E-1	1.223232E-4	1.123371E-3	1.223232E-3	4.471025E-1	1.212096E+1
2.560933E+3	4.274500E+2	2.712364E+1	-1.114805E+0	1.214680E-4	1.097813E-3	1.214680E-3	4.487468E-1	1.217100E+1
2.571159E+3	4.272600E+2	2.713570E+1	-9.064205E-1	1.208718E-4	1.139656E-3	1.208718E-3	4.522316E-1	1.227098E+1
2.583074E+3	4.270800E+2	2.714714E+1	-9.735744E-1	1.201976E-4	1.048614E-3	1.201976E-3	4.623805E-1	1.255272E+1
2.596016E+3	4.268700E+2	2.716049E+1	-8.820116E-1	1.194690E-4	9.770953E-4	1.194690E-3	4.598182E-1	1.248910E+1
2.608941E+3	4.266800E+2	2.717259E+1	-1.101495E+0	1.187626E-4	1.035142E-3	1.187626E-3	4.455996E-1	1.210820E+1
2.620380E+3	4.264700E+2	2.718597E+1	-1.004937E+0	1.181260E-4	1.057887E-3	1.181260E-3	4.397494E-1	1.195487E+1
2.631724E+3	4.262800E+2	2.719809E+1	-1.030574E+0	1.174964E-4	1.054538E-3	1.174964E-3	4.344566E-1	1.181650E+1
2.643368E+3	4.260800E+2	2.721085E+1	-1.065810E+0	1.168226E-4	1.093513E-3	1.168226E-3	4.495444E-1	1.223248E+1
2.655190E+3	4.258700E+2	2.722427E+1	-9.224462E-1	1.161418E-4	1.094751E-3	1.161418E-3	4.442879E-1	1.209543E+1
2.666898E+3	4.256900E+2	2.723578E+1	-1.070597E+0	1.154992E-4	1.081642E-3	1.154992E-3	4.381845E-1	1.193498E+1
2.679788E+3	4.254600E+2	2.725051E+1	-1.023192E+0	1.148074E-4	1.059800E-3	1.148074E-3	4.438071E-1	1.209334E+1
2.691516E+3	4.252600E+2	2.726332E+1	-8.698618E-1	1.141684E-4	1.072209E-3	1.141684E-3	4.435436E-1	1.209178E+1
2.703242E+3	4.250900E+2	2.727422E+1	-1.003726E+0	1.135546E-4	1.056716E-3	1.135546E-3	4.517168E-1	1.232106E+1
2.716393E+3	4.248700E+2	2.728835E+1	-1.018589E+0	1.128586E-4	1.090194E-3	1.128586E-3	4.578373E-1	1.249330E+1
2.728174E+3	4.246700E+2	2.730120E+1	-8.786287E-1	1.122194E-4	1.039943E-3	1.122194E-3	4.457216E-1	1.216859E+1
2.739783E+3	4.245000E+2	2.731213E+1	-1.113431E+0	1.116130E-4	1.000182E-3	1.116130E-3	4.401159E-1	1.202182E+1
2.752716E+3	4.242600E+2	2.732758E+1	-1.073986E+0	1.109094E-4	1.132579E-3	1.109094E-3	4.347355E-1	1.187998E+1
2.764448E+3	4.240500E+2	2.734112E+1	-1.073345E+0	1.102700E-4	1.125810E-3	1.102700E-3	4.327139E-1	1.182992E+1
2.774510E+3	4.238700E+2	2.735273E+1	-9.769714E-1	1.097026E-4	1.158117E-3	1.097026E-3	4.427230E-1	1.210957E+1
2.787407E+3	4.236600E+2	2.736628E+1	-9.845560E-1	1.090286E-4	1.117272E-3	1.090286E-3	4.544985E-1	1.243740E+1
2.797767E+3	4.234900E+2	2.737727E+1	-8.801729E-1	1.085058E-4	1.060900E-3	1.085058E-3	4.503169E-1	1.232927E+1
2.810719E+3	4.233000E+2	2.738956E+1	-1.007627E+0	1.078588E-4	9.572987E-4	1.078588E-3	4.464526E-1	1.222925E+1
2.825010E+3	4.230600E+2	2.740510E+1	-9.746089E-1	1.071598E-4	1.063860E-3	1.071598E-3	4.428719E-1	1.213634E+1
2.836707E+3	4.228700E+2	2.741741E+1	-1.063170E+0	1.065690E-4	1.036940E-3	1.065690E-3	4.358894E-1	1.195052E+1
2.847994E+3	4.226700E+2	2.743038E+1	-1.047760E+0	1.059656E-4	1.078231E-3	1.059656E-3	4.458062E-1	1.222862E+1
2.859447E+3	4.224700E+2	2.744337E+1	-9.806452E-1	1.053668E-4	1.154966E-3	1.053668E-3	4.509907E-1	1.237635E+1
2.871072E+3	4.222800E+2	2.745572E+1	-9.697176E-1	1.047564E-4	1.135419E-3	1.047564E-3	4.516421E-1	1.240048E+1
2.882828E+3	4.220900E+2	2.746808E+1	-1.047037E+0	1.041636E-4	1.103022E-3	1.041636E-3	4.509082E-1	1.238611E+1
2.895435E+3	4.218700E+2	2.748240E+1	-9.670852E-1	1.035210E-4	1.115141E-3	1.035210E-3	4.435828E-1	1.219041E+1
2.907223E+3	4.216800E+2	2.749478E+1	-1.018762E+0	1.029424E-4	1.030815E-3	1.029424E-3	4.438521E-1	1.220332E+1
2.919002E+3	4.214800E+2	2.750783E+1	-9.665112E-1	1.023594E-4	1.053943E-3	1.023594E-3	4.379012E-1	1.204605E+1
2.930797E+3	4.212900E+2	2.752024E+1	-1.086599E+0	1.017790E-4	1.120074E-3	1.017790E-3	4.422867E-1	1.217228E+1
2.942945E+3	4.210700E+2	2.753461E+1	-9.019844E-1	1.011904E-4	1.156587E-3	1.011904E-3	4.528213E-1	1.246772E+1
2.956249E+3	4.208700E+2	2.754770E+1	-9.305532E-1	1.005422E-4	1.067024E-3	1.005422E-3	4.441119E-1	1.223399E+1
2.967855E+3	4.206900E+2	2.755949E+1	-1.143748E+0	9.998000E-5	9.547589E-4	9.998000E-4	4.529385E-1	1.248317E+1
2.979396E+3	4.204700E+2	2.757391E+1	-9.110849E-1	9.942760E-5	1.187594E-3	9.942760E-4	4.453200E-1	1.227882E+1
2.991250E+3	4.202900E+2	2.758571E+1	-1.030574E+0	9.883660E-5	1.144836E-3	9.883660E-4	4.454088E-1	1.228720E+1
3.002894E+3	4.200900E+2	2.759885E+1	-1.013436E+0	9.826640E-5	1.085176E-3	9.826640E-4	4.554022E-1	1.256911E+1
3.015919E+3	4.198700E+2	2.761331E+1	-9.777015E-1	9.764020E-5	1.127199E-3	9.764020E-4	4.471805E-1	1.234749E+1
3.027579E+3	4.196800E+2	2.762581E+1	-9.840311E-1	9.708420E-5	1.080269E-3	9.708420E-4	4.453088E-1	1.230190E+1
3.039164E+3	4.194900E+2	2.763832E+1	-1.069156E+0	9.654040E-5	1.115980E-3	9.654040E-4	4.521551E-1	1.249741E+1
3.050949E+3	4.192800E+2	2.765217E+1	-9.586852E-1	9.596940E-5	1.186772E-3	9.596940E-4	4.564833E-1	1.262271E+1
3.064092E+3	4.190700E+2	2.766602E+1	-9.991236E-1	9.532340E-5	1.137967E-3	9.532340E-4	4.557699E-1	1.260934E+1
3.075502E+3	4.188800E+2	2.767857E+1	-1.065555E+0	9.477600E-5	1.098009E-3	9.477600E-4	4.619073E-1	1.278490E+1
3.088453E+3	4.186500E+2	2.769378E+1	-9.547489E-1	9.415260E-5	1.135475E-3	9.415260E-4	4.498120E-1	1.245649E+1
3.098508E+3	4.184900E+2	2.770437E+1	-1.055127E+0	9.365980E-5	1.116759E-3	9.365980E-4	4.479415E-1	1.241049E+1
3.111587E+3	4.182600E+2	2.771960E+1	-9.824199E-1	9.306220E-5	1.099733E-3	9.306220E-4	4.493464E-1	1.245549E+1
3.123191E+3	4.180700E+2	2.773220E+1	-9.868421E-1	9.252760E-5	1.080369E-3	9.252760E-4	4.461767E-1	1.237311E+1
3.134743E+3	4.178800E+2	2.774481E+1	-9.629347E-1	9.199980E-5	1.094903E-3	9.199980E-4	4.515317E-1	1.252802E+1
3.147828E+3	4.176700E+2	2.775876E+1	-9.872694E-1	9.142360E-5	1.095684E-3	9.142360E-4	4.504075E-1	1.250273E+1
3.159375E+3	4.174800E+2	2.777139E+1	-9.804684E-1	9.091160E-5	1.104925E-3	9.091160E-4	4.498936E-1	1.249420E+1
3.172226E+3	4.172700E+2	2.778537E+1	-9.849663E-1	9.033480E-5	1.056277E-3	9.033480E-4	4.462124E-1	1.239803E+1
3.183800E+3	4.170800E+2	2.779802E+1	-1.052262E+0	8.982380E-5	1.116387E-3	8.982380E-4	4.422006E-1	1.229281E+1
3.195204E+3	4.168800E+2	2.781136E+1	-1.048314E+0	8.930960E-5	1.115595E-3	8.930960E-4	4.432898E-1	1.232868E+1
3.208368E+3	4.166500E+2	2.782671E+1	-9.912536E-1	8.871060E-5	1.206896E-3	8.871060E-4	4.479005E-1	1.246287E+1
3.218658E+3	4.164800E+2	2.783807E+1	-1.015385E+0	8.823680E-5	1.100932E-3	8.823680E-4	4.636681E-1	1.290747E+1
3.231658E+3	4.162600E+2	2.785278E+1	-8.756868E-1	8.765180E-5	1.097065E-3	8.765180E-4	4.618181E-1	1.286274E+1
3.243306E+3	4.160900E+2	2.786416E+1	-1.077476E+0	8.714320E-5	1.136652E-3	8.714320E-4	4.521071E-1	1.259803E+1
3.255000E+3	4.158800E+2	2.787823E+1	-1.010782E+0	8.664100E-5	1.133604E-3	8.664100E-4	4.426417E-1	1.234070E+1
3.266872E+3	4.156800E+2	2.789165E+1	-1.009329E+0	8.612740E-5	1.036141E-3	8.612740E-4	4.398164E-1	1.226703E+1
3.279950E+3	4.154600E+2	2.790642E+1	-9.171196E-1	8.557380E-5	1.136394E-3	8.557380E-4	4.510964E-1	1.258764E+1
3.291726E+3	4.152800E+2	2.791851E+1	-9.836914E-1	8.508360E-5	1.131865E-3	8.508360E-4	4.529303E-1	1.264548E+1
3.303315E+3	4.150900E+2	2.793129E+1	-1.031159E+0	8.459400E-5	1.144610E-3	8.459400E-4	4.538579E-1	1.267784E+1
3.316698E+3	4.148600E+2	2.794678E+1	-1.012402E+0	8.401280E-5	1.213237E-3	8.401280E-4	4.470597E-1	1.249326E+1
3.328551E+3	4.146600E+2	2.796026E+1	-1.073665E+0	8.350020E-5	1.100797E-3	8.350020E-4	4.514391E-1	1.262152E+1
3.338610E+3	4.144800E+2	2.797240E+1	-9.504198E-1	8.306140E-5	1.325514E-3	8.306140E-4	4.537018E-1	1.269146E+1
3.351236E+3	4.142800E+2	2.798590E+1	-1.024940E+0	8.252640E-5	1.119021E-3	8.252640E-4	4.500284E-1	1.259510E+1
3.362944E+3	4.140800E+2	2.799942E+1	-1.007787E+0	8.203420E-5	1.112417E-3	8.203420E-4	4.497367E-1	1.259260E+1
3.376042E+3	4.138600E+2	2.801430E+1	-9.542943E-1	8.150480E-5	1.069232E-3	8.150480E-4	4.476397E-1	1.253994E+1
3.387988E+3	4.136700E+2	2.802717E+1	-9.602195E-1	8.102700E-5	1.114608E-3	8.102700E-4	4.549189E-1	1.274948E+1
3.401110E+3	4.134600E+2	2.804141E+1	-9.452540E-1	8.049820E-5	1.082318E-3	8.049820E-4	4.631074E-1	1.298579E+1
3.411266E+3	4.133000E+2	2.805226E+1	-1.022463E+0	8.008820E-5	1.125508E-3	8.008820E-4	4.579965E-1	1.284891E+1
3.424176E+3	4.130800E+2	2.806720E+1	-1.079322E+0	7.953360E-5	1.241056E-3	7.953360E-4	4.592961E-1	1.289129E+1
3.435850E+3	4.128700E+2	2.808148E+1	-9.591474E-1	7.904500E-5	1.185320E-3	7.904500E-4	4.508441E-1	1.265975E+1
3.447110E+3	4.126900E+2	2.809373E+1	-1.076739E+0	7.857360E-5	1.143038E-3	7.857360E-4	4.503033E-1	1.265120E+1
3.458812E+3	4.124800E+2	2.810803E+1	-9.544008E-1	7.810640E-5	1.103315E-3	7.810640E-4	4.549461E-1	1.278809E+1
3.472014E+3	4.122700E+2	2.812235E+1	-9.642611E-1	7.758180E-5	1.086764E-3	7.758180E-4	4.473449E-1	1.258039E+1
3.485081E+3	4.120600E+2	2.813668E+1	-1.076555E+0	7.707180E-5	1.120224E-3	7.707180E-4	4.550534E-1	1.280296E+1
3.496785E+3	4.118500E+2	2.815103E+1	-9.211284E-1	7.660500E-5	1.263879E-3	7.660500E-4	4.546868E-1	1.279918E+1
3.507207E+3	4.116900E+2	2.816197E+1	-9.978078E-1	7.619740E-5	1.149723E-3	7.619740E-4	4.557268E-1	1.283518E+1
3.520436E+3	4.114700E+2	2.817702E+1	-1.046164E+0	7.567240E-5	1.256232E-3	7.567240E-4	4.580482E-1	1.290707E+1
3.532480E+3	4.112600E+2	2.819141E+1	-1.062036E+0	7.518720E-5	1.298430E-3	7.518720E-4	4.605670E-1	1.298307E+1
3.544344E+3	4.110500E+2	2.820581E+1	-9.529482E-1	7.469960E-5	1.238405E-3	7.469960E-4	4.595140E-1	1.296043E+1
3.554418E+3	4.108900E+2	2.821680E+1	-1.052873E+0	7.428280E-5	1.229235E-3	7.428280E-4	4.677937E-1	1.320039E+1
3.567525E+3	4.106600E+2	2.823260E+1	-9.195402E-1	7.377800E-5	1.196497E-3	7.377800E-4	4.664417E-1	1.316863E+1
3.579270E+3	4.104800E+2	2.824498E+1	-1.002171E+0	7.331980E-5	1.160403E-3	7.331980E-4	4.553936E-1	1.286247E+1
3.591244E+3	4.102800E+2	2.825875E+1	-1.029071E+0	7.287180E-5	1.119702E-3	7.287180E-4	4.500169E-1	1.271763E+1
3.602905E+3	4.100800E+2	2.827253E+1	-1.005791E+0	7.243620E-5	1.172366E-3	7.243620E-4	4.495797E-1	1.271059E+1
3.616029E+3	4.098600E+2	2.828771E+1	-8.735868E-1	7.195900E-5	1.118455E-3	7.195900E-4	4.499725E-1	1.272799E+1
3.627705E+3	4.096900E+2	2.829945E+1	-1.075452E+0	7.152960E-5	1.178517E-3	7.152960E-4	4.542951E-1	1.285701E+1
3.639421E+3	4.094800E+2	2.831396E+1	-9.965273E-1	7.109920E-5	1.200771E-3	7.109920E-4	4.597330E-1	1.301734E+1
3.652667E+3	4.092600E+2	2.832918E+1	-9.920808E-1	7.059760E-5	1.211839E-3	7.059760E-4	4.544604E-1	1.287377E+1
3.664158E+3	4.090700E+2	2.834234E+1	-1.038062E+0	7.015320E-5	1.216379E-3	7.015320E-4	4.637011E-1	1.314209E+1
3.675718E+3	4.088700E+2	2.835620E+1	-9.857328E-1	6.972500E-5	1.121802E-3	6.972500E-4	4.555614E-1	1.291803E+1
3.687283E+3	4.086800E+2	2.836938E+1	-1.033147E+0	6.929200E-5	1.159799E-3	6.929200E-4	4.455287E-1	1.263991E+1
3.698898E+3	4.084800E+2	2.838327E+1	-1.017498E+0	6.887980E-5	1.170770E-3	6.887980E-4	4.532920E-1	1.286592E+1
3.711871E+3	4.082600E+2	2.839857E+1	-8.845720E-1	6.842140E-5	1.134858E-3	6.842140E-4	4.486705E-1	1.274089E+1
3.723402E+3	4.080900E+2	2.841040E+1	-1.086207E+0	6.801120E-5	1.141930E-3	6.801120E-4	4.597560E-1	1.306221E+1
3.735002E+3	4.078800E+2	2.842503E+1	-9.125475E-1	6.759940E-5	1.162858E-3	6.759940E-4	4.586366E-1	1.303725E+1
3.748152E+3	4.076800E+2	2.843897E+1	-1.091476E+0	6.713440E-5	1.168874E-3	6.713440E-4	4.552250E-1	1.294612E+1
3.759696E+3	4.074700E+2	2.845363E+1	-1.023541E+0	6.670940E-5	1.190184E-3	6.670940E-4	4.698311E-1	1.336803E+1
3.771420E+3	4.072700E+2	2.846760E+1	-9.612142E-1	6.627040E-5	1.437114E-3	6.627040E-4	4.661133E-1	1.326876E+1
3.783280E+3	4.070800E+2	2.848089E+1	-1.045752E+0	6.583120E-5	1.051619E-3	6.583120E-4	4.707157E-1	1.340680E+1
3.794755E+3	4.068800E+2	2.849489E+1	-9.652214E-1	6.542440E-5	1.222145E-3	6.542440E-4	4.668936E-1	1.330413E+1
3.807809E+3	4.066700E+2	2.850960E+1	-9.438909E-1	6.497440E-5	1.168151E-3	6.497440E-4	4.586873E-1	1.307680E+1
3.819251E+3	4.064900E+2	2.852223E+1	-1.020014E+0	6.459140E-5	1.131114E-3	6.459140E-4	4.605077E-1	1.313529E+1
3.832192E+3	4.062700E+2	2.853767E+1	-1.021711E+0	6.414720E-5	1.237664E-3	6.414720E-4	4.591951E-1	1.310416E+1
3.843937E+3	4.060700E+2	2.855173E+1	-9.547739E-1	6.373020E-5	1.226693E-3	6.373020E-4	4.546044E-1	1.297926E+1
3.855877E+3	4.058800E+2	2.856509E+1	-1.046025E+0	6.333540E-5	1.167134E-3	6.333540E-4	4.557889E-1	1.302035E+1
3.867349E+3	4.056800E+2	2.857918E+1	-1.036581E+0	6.294900E-5	1.251813E-3	6.294900E-4	4.580987E-1	1.309259E+1
3.880662E+3	4.054500E+2	2.859539E+1	-9.646302E-1	6.247620E-5	1.160492E-3	6.247620E-4	4.666657E-1	1.334321E+1
3.892480E+3	4.052600E+2	2.860879E+1	-9.876065E-1	6.207900E-5	1.288781E-3	6.207900E-4	4.740216E-1	1.356030E+1
3.902808E+3	4.050900E+2	2.862080E+1	-1.010697E+0	6.171140E-5	1.317334E-3	6.171140E-4	4.734894E-1	1.355275E+1
3.914681E+3	4.048900E+2	2.863494E+1	-1.000152E+0	6.131440E-5	1.186870E-3	6.131440E-4	4.677126E-1	1.339381E+1
3.927879E+3	4.046700E+2	2.865051E+1	-1.018849E+0	6.086640E-5	1.257608E-3	6.086640E-4	4.579196E-1	1.311932E+1
3.939657E+3	4.044700E+2	2.866467E+1	-1.031814E+0	6.047360E-5	1.244755E-3	6.047360E-4	4.551484E-1	1.304656E+1
3.951287E+3	4.042700E+2	2.867885E+1	-9.696037E-1	6.009860E-5	1.186572E-3	6.009860E-4	4.586587E-1	1.315393E+1
3.964282E+3	4.040600E+2	2.869376E+1	-9.344339E-1	5.968880E-5	1.152433E-3	5.968880E-4	4.667187E-1	1.339151E+1
3.977124E+3	4.038600E+2	2.870797E+1	-9.962422E-1	5.927500E-5	1.219355E-3	5.927500E-4	4.707261E-1	1.351327E+1
3.988567E+3	4.036700E+2	2.872148E+1	-1.066477E+0	5.889720E-5	1.294143E-3	5.889720E-4	4.708219E-1	1.352327E+1
3.999819E+3	4.034700E+2	2.873572E+1	-1.008480E+0	5.852000E-5	1.338725E-3	5.852000E-4	4.704157E-1	1.351760E+1
4.012908E+3	4.032500E+2	2.875139E+1	-9.554140E-1	5.808360E-5	1.302192E-3	5.808360E-4	4.703495E-1	1.352244E+1
4.022956E+3	4.030900E+2	2.876281E+1	-1.019384E+0	5.776020E-5	1.240471E-3	5.776020E-4	4.696992E-1	1.351052E+1
4.035905E+3	4.028700E+2	2.877851E+1	-1.010459E+0	5.734700E-5	1.180688E-3	5.734700E-4	4.650206E-1	1.338289E+1
4.047187E+3	4.026800E+2	2.879209E+1	-9.655172E-1	5.699100E-5	1.240796E-3	5.699100E-4	4.591055E-1	1.321865E+1
4.060237E+3	4.024700E+2	2.880712E+1	-1.013257E+0	5.659120E-5	1.257372E-3	5.659120E-4	4.641001E-1	1.336903E+1
4.072080E+3	4.022700E+2	2.882144E+1	-9.313556E-1	5.623000E-5	1.174020E-3	5.623000E-4	4.661198E-1	1.343404E+1
4.083676E+3	4.020900E+2	2.883434E+1	-1.021198E+0	5.587500E-5	1.188979E-3	5.587500E-4	4.671132E-1	1.346964E+1
4.096602E+3	4.018700E+2	2.885013E+1	-1.047212E+0	5.547100E-5	1.283181E-3	5.547100E-4	4.644526E-1	1.339970E+1
4.108061E+3	4.016700E+2	2.886449E+1	-1.068793E+0	5.509960E-5	1.366882E-3	5.509960E-4	4.637937E-1	1.338667E+1
4.119850E+3	4.014600E+2	2.887959E+1	-9.460406E-1	5.473020E-5	1.199211E-3	5.473020E-4	4.687663E-1	1.353702E+1
4.131266E+3	4.012800E+2	2.889254E+1	-9.567772E-1	5.438020E-5	1.250617E-3	5.438020E-4	4.704122E-1	1.359194E+1
4.143181E+3	4.010900E+2	2.890623E+1	-1.011063E+0	5.403020E-5	1.290631E-3	5.403020E-4	4.685592E-1	1.354526E+1
4.156830E+3	4.008600E+2	2.892282E+1	-1.023615E+0	5.361680E-5	1.398156E-3	5.361680E-4	4.574039E-1	1.322923E+1
4.167967E+3	4.006700E+2	2.893653E+1	-1.061947E+0	5.328720E-5	1.297275E-3	5.328720E-4	4.560408E-1	1.319612E+1
4.180397E+3	4.004500E+2	2.895243E+1	-9.749423E-1	5.291040E-5	1.488994E-3	5.291040E-4	4.621629E-1	1.337996E+1
4.192090E+3	4.002600E+2	2.896617E+1	-9.558368E-1	5.256680E-5	1.437835E-3	5.256680E-4	4.676593E-1	1.354592E+1
4.203389E+3	4.000800E+2	2.897920E+1	-1.042097E+0	5.223440E-5	1.401710E-3	5.223440E-4	4.794222E-1	1.389417E+1
4.215480E+3	3.998700E+2	2.899442E+1	-9.433256E-1	5.187180E-5	1.317034E-3	5.187180E-4	4.769452E-1	1.382911E+1
4.228837E+3	3.996600E+2	2.900966E+1	-1.083130E+0	5.147260E-5	1.333433E-3	5.147260E-4	4.798298E-1	1.391914E+1
4.239916E+3	3.994600E+2	2.902418E+1	-9.095987E-1	5.113660E-5	1.419328E-3	5.113660E-4	4.719112E-1	1.369641E+1
4.252449E+3	3.992700E+2	2.903799E+1	-1.111761E+0	5.078120E-5	1.283360E-3	5.078120E-4	4.609871E-1	1.338652E+1
4.262703E+3	3.990800E+2	2.905182E+1	-9.937514E-1	5.049020E-5	1.246619E-3	5.049020E-4	4.719506E-1	1.371121E+1
4.275986E+3	3.988600E+2	2.906784E+1	-8.757620E-1	5.010980E-5	1.253067E-3	5.010980E-4	4.698020E-1	1.365530E+1
4.287633E+3	3.986900E+2	2.908024E+1	-1.017294E+0	4.978120E-5	1.277076E-3	4.978120E-4	4.761238E-1	1.384645E+1
4.299429E+3	3.984900E+2	2.909483E+1	-9.939759E-1	4.946180E-5	1.285482E-3	4.946180E-4	4.696152E-1	1.366431E+1
4.312709E+3	3.982700E+2	2.911090E+1	-9.988347E-1	4.909240E-5	1.320551E-3	4.909240E-4	4.657496E-1	1.355779E+1
4.324723E+3	3.980700E+2	2.912553E+1	-1.002198E+0	4.875760E-5	1.284646E-3	4.875760E-4	4.738587E-1	1.380083E+1
4.336098E+3	3.978800E+2	2.913944E+1	-1.040492E+0	4.842800E-5	1.335830E-3	4.842800E-4	4.718315E-1	1.374949E+1
4.347631E+3	3.976800E+2	2.915409E+1	-1.056845E+0	4.809440E-5	1.417062E-3	4.809440E-4	4.677382E-1	1.363725E+1
4.360121E+3	3.974600E+2	2.917023E+1	-1.024224E+0	4.774200E-5	1.418071E-3	4.774200E-4	4.638578E-1	1.353016E+1
4.372423E+3	3.972500E+2	2.918565E+1	-9.803922E-1	4.740180E-5	1.354389E-3	4.740180E-4	4.636031E-1	1.352980E+1
4.382827E+3	3.970800E+2	2.919815E+1	-9.984116E-1	4.712360E-5	1.298861E-3	4.712360E-4	4.723014E-1	1.379073E+1
4.396048E+3	3.968600E+2	2.921433E+1	-9.305532E-1	4.677180E-5	1.284640E-3	4.677180E-4	4.761020E-1	1.390909E+1
4.407654E+3	3.966800E+2	2.922759E+1	-9.682388E-1	4.646180E-5	1.371527E-3	4.646180E-4	4.799983E-1	1.402943E+1
4.421287E+3	3.964600E+2	2.924381E+1	-9.936372E-1	4.611000E-5	1.217678E-3	4.611000E-4	4.792346E-1	1.401428E+1
4.432760E+3	3.962700E+2	2.925783E+1	-1.070021E+0	4.579460E-5	1.374546E-3	4.579460E-4	4.707807E-1	1.377388E+1
4.443414E+3	3.960800E+2	2.927186E+1	-1.038233E+0	4.549900E-5	1.454738E-3	4.549900E-4	4.686093E-1	1.371801E+1
4.455550E+3	3.958700E+2	2.928739E+1	-1.019305E+0	4.517480E-5	1.312625E-3	4.517480E-4	4.785016E-1	1.401333E+1
4.468500E+3	3.956500E+2	2.930368E+1	-8.256340E-1	4.482900E-5	1.294478E-3	4.482900E-4	4.820728E-1	1.412569E+1
4.478674E+3	3.955100E+2	2.931405E+1	-1.040150E+0	4.456740E-5	1.256684E-3	4.456740E-4	4.795222E-1	1.405862E+1
4.493095E+3	3.952600E+2	2.933259E+1	-1.011890E+0	4.419820E-5	1.349143E-3	4.419820E-4	4.746841E-1	1.392361E+1
4.504954E+3	3.950600E+2	2.934744E+1	-9.882108E-1	4.389580E-5	1.318401E-3	4.389580E-4	4.629567E-1	1.358550E+1
4.516490E+3	3.948700E+2	2.936156E+1	-1.039411E+0	4.359620E-5	1.320706E-3	4.359620E-4	4.709585E-1	1.382792E+1
4.528035E+3	3.946700E+2	2.937644E+1	-9.417510E-1	4.330420E-5	1.274632E-3	4.330420E-4	4.746074E-1	1.394242E+1
4.539503E+3	3.944900E+2	2.938985E+1	-9.943503E-1	4.302020E-5	1.290395E-3	4.302020E-4	4.702521E-1	1.382160E+1
4.552778E+3	3.942700E+2	2.940624E+1	-1.080062E+0	4.268500E-5	1.311309E-3	4.268500E-4	4.757632E-1	1.398990E+1
4.564444E+3	3.940600E+2	2.942192E+1	-9.582751E-1	4.238420E-5	1.331989E-3	4.238420E-4	4.783432E-1	1.407256E+1
4.574462E+3	3.939000E+2	2.943387E+1	-9.711731E-1	4.212860E-5	1.287776E-3	4.212860E-4	4.788327E-1	1.409470E+1
4.587436E+3	3.936900E+2	2.944957E+1	-1.040583E+0	4.180580E-5	1.301220E-3	4.180580E-4	4.816372E-1	1.418474E+1
4.598968E+3	3.934900E+2	2.946454E+1	-9.553416E-1	4.151980E-5	1.317908E-3	4.151980E-4	4.809699E-1	1.417155E+1
4.612157E+3	3.932800E+2	2.948027E+1	-9.247130E-1	4.120440E-5	1.266846E-3	4.120440E-4	4.765199E-1	1.404775E+1
4.625134E+3	3.930800E+2	2.949527E+1	-1.069042E+0	4.089700E-5	1.253133E-3	4.089700E-4	4.779084E-1	1.409627E+1
4.636359E+3	3.928800E+2	2.951028E+1	-1.001821E+0	4.062320E-5	1.315589E-3	4.062320E-4	4.700305E-1	1.387083E+1
4.649535E+3	3.926600E+2	2.952682E+1	-1.072919E+0	4.029940E-5	1.354209E-3	4.029940E-4	4.660657E-1	1.376101E+1
4.659601E+3	3.924800E+2	2.954036E+1	-1.032864E+0	4.005500E-5	1.310876E-3	4.005500E-4	4.711534E-1	1.391829E+1
4.672381E+3	3.922600E+2	2.955693E+1	-9.813205E-1	3.974020E-5	1.336910E-3	3.974020E-4	4.752428E-1	1.404660E+1
4.683998E+3	3.920700E+2	2.957125E+1	-9.829927E-1	3.946900E-5	1.237986E-3	3.946900E-4	4.825208E-1	1.426877E+1
4.696816E+3	3.918600E+2	2.958710E+1	-1.007388E+0	3.916280E-5	1.324521E-3	3.916280E-4	4.810909E-1	1.423410E+1
4.708728E+3	3.916600E+2	2.960221E+1	-9.835259E-1	3.887880E-5	1.435704E-3	3.887880E-4	4.849812E-1	1.435596E+1
4.720929E+3	3.914600E+2	2.961733E+1	-9.115463E-1	3.860540E-5	1.347535E-3	3.860540E-4	4.829789E-1	1.430414E+1
4.732777E+3	3.912800E+2	2.963095E+1	-1.034215E+0	3.833600E-5	1.319815E-3	3.833600E-4	4.759944E-1	1.410482E+1
4.744380E+3	3.910800E+2	2.964611E+1	-1.058023E+0	3.806540E-5	1.421357E-3	3.806540E-4	4.719356E-1	1.399167E+1
4.756289E+3	3.908700E+2	2.966204E+1	-1.005446E+0	3.779380E-5	1.427016E-3	3.779380E-4	4.716381E-1	1.398931E+1
4.768224E+3	3.906700E+2	2.967722E+1	-9.713701E-1	3.752080E-5	1.361257E-3	3.752080E-4	4.740948E-1	1.406960E+1
4.779960E+3	3.904800E+2	2.969166E+1	-1.078859E+0	3.724860E-5	1.400999E-3	3.724860E-4	4.863545E-1	1.444070E+1
4.791639E+3	3.902700E+2	2.970764E+1	-9.229980E-1	3.697960E-5	1.424086E-3	3.697960E-4	4.882305E-1	1.450412E+1
4.803340E+3	3.900900E+2	2.972135E+1	-1.000455E+0	3.671380E-5	1.378723E-3	3.671380E-4	4.857248E-1	1.443684E+1
4.816534E+3	3.898700E+2	2.973812E+1	-1.000527E+0	3.642060E-5	1.319879E-3	3.642060E-4	4.864764E-1	1.446653E+1
4.827928E+3	3.896800E+2	2.975262E+1	-9.849663E-1	3.616920E-5	1.337909E-3	3.616920E-4	4.769120E-1	1.418959E+1
4.839502E+3	3.894900E+2	2.976713E+1	-1.000580E+0	3.591960E-5	1.364669E-3	3.591960E-4	4.775865E-1	1.421701E+1
4.853294E+3	3.892600E+2	2.978472E+1	-9.952083E-1	3.562100E-5	1.438193E-3	3.562100E-4	4.777765E-1	1.422980E+1
4.864146E+3	3.890800E+2	2.979850E+1	-1.041925E+0	3.538420E-5	1.443453E-3	3.538420E-4	4.772127E-1	1.422047E+1
4.876239E+3	3.888700E+2	2.981459E+1	-1.030253E+0	3.511440E-5	1.553650E-3	3.511440E-4	4.838476E-1	1.442569E+1
4.888469E+3	3.886600E+2	2.983070E+1	-9.364433E-1	3.484740E-5	1.470204E-3	3.484740E-4	4.829606E-1	1.440626E+1
4.900002E+3	3.884800E+2	2.984452E+1	-1.057176E+0	3.459960E-5	1.375902E-3	3.459960E-4	4.825464E-1	1.440144E+1
4.911353E+3	3.882800E+2	2.985989E+1	-9.897552E-1	3.435540E-5	1.395279E-3	3.435540E-4	4.825488E-1	1.440923E+1
4.922871E+3	3.880900E+2	2.987451E+1	-9.546901E-1	3.411560E-5	1.326126E-3	3.411560E-4	4.819991E-1	1.439985E+1
4.936069E+3	3.878800E+2	2.989069E+1	-9.523810E-1	3.384640E-5	1.294372E-3	3.384640E-4	4.832260E-1	1.444397E+1
4.948669E+3	3.876800E+2	2.990611E+1	-1.039771E+0	3.358920E-5	1.328155E-3	3.358920E-4	4.803516E-1	1.436569E+1
4.960210E+3	3.874800E+2	2.992154E+1	-9.969036E-1	3.335180E-5	1.413105E-3	3.335180E-4	4.811771E-1	1.439777E+1
4.973451E+3	3.872600E+2	2.993854E+1	-9.837763E-1	3.308060E-5	1.386529E-3	3.308060E-4	4.733763E-1	1.417200E+1
4.985039E+3	3.870700E+2	2.995324E+1	-1.149626E+0	3.283700E-5	1.445336E-3	3.283700E-4	4.807991E-1	1.440137E+1
4.996521E+3	3.868500E+2	2.997027E+1	-9.434786E-1	3.259300E-5	1.412013E-3	3.259300E-4	4.788503E-1	1.435065E+1
5.007968E+3	3.866700E+2	2.998422E+1	-1.052170E+0	3.235440E-5	1.422191E-3	3.235440E-4	4.860750E-1	1.457452E+1
5.019373E+3	3.864700E+2	2.999974E+1	-9.090220E-1	3.212400E-5	1.427376E-3	3.212400E-4	4.942553E-1	1.482795E+1
5.032574E+3	3.862700E+2	3.001527E+1	-9.949424E-1	3.186360E-5	1.419504E-3	3.186360E-4	4.910175E-1	1.473782E+1
5.044635E+3	3.860700E+2	3.003082E+1	-9.685641E-1	3.163080E-5	1.434801E-3	3.163080E-4	4.863806E-1	1.460650E+1
5.056405E+3	3.858800E+2	3.004561E+1	-1.071155E+0	3.139700E-5	1.506079E-3	3.139700E-4	4.737046E-1	1.423320E+1
5.068168E+3	3.856700E+2	3.006197E+1	-1.019801E+0	3.116600E-5	1.446197E-3	3.116600E-4	4.722009E-1	1.419530E+1
5.079935E+3	3.854700E+2	3.007757E+1	-1.006880E+0	3.093760E-5	1.441662E-3	3.093760E-4	4.794312E-1	1.441946E+1
5.091853E+3	3.852700E+2	3.009318E+1	-9.135510E-1	3.070740E-5	1.431695E-3	3.070740E-4	4.872669E-1	1.466318E+1
5.103675E+3	3.850900E+2	3.010725E+1	-1.070700E+0	3.047980E-5	1.421866E-3	3.047980E-4	4.896082E-1	1.474181E+1
5.115443E+3	3.848800E+2	3.012367E+1	-9.996971E-1	3.024920E-5	1.442778E-3	3.024920E-4	4.947591E-1	1.490417E+1
5.128647E+3	3.846600E+2	3.014090E+1	-9.314360E-1	2.999400E-5	1.444627E-3	2.999400E-4	4.923476E-1	1.483871E+1
5.140242E+3	3.844800E+2	3.015501E+1	-1.011208E+0	2.977280E-5	1.450779E-3	2.977280E-4	5.037201E-1	1.518932E+1
5.152109E+3	3.842800E+2	3.017071E+1	-9.229980E-1	2.954820E-5	1.402628E-3	2.954820E-4	5.030037E-1	1.517638E+1
5.163810E+3	3.841000E+2	3.018485E+1	-1.006098E+0	2.933040E-5	1.418217E-3	2.933040E-4	4.874061E-1	1.471341E+1
5.176930E+3	3.838800E+2	3.020215E+1	-1.099668E+0	2.908320E-5	1.424640E-3	2.908320E-4	4.817930E-1	1.455143E+1
5.188388E+3	3.836700E+2	3.021868E+1	-1.006543E+0	2.887020E-5	1.429706E-3	2.887020E-4	4.759765E-1	1.438315E+1
5.200310E+3	3.834700E+2	3.023444E+1	-1.001062E+0	2.864720E-5	1.435328E-3	2.864720E-4	4.831757E-1	1.460796E+1
5.213496E+3	3.832500E+2	3.025179E+1	-9.596162E-1	2.840680E-5	1.397823E-3	2.840680E-4	4.962924E-1	1.501282E+1
5.223500E+3	3.830900E+2	3.026443E+1	-9.981851E-1	2.822280E-5	1.496026E-3	2.822280E-4	4.997965E-1	1.512675E+1
5.236724E+3	3.828700E+2	3.028182E+1	-9.951986E-1	2.797980E-5	1.430809E-3	2.797980E-4	5.000884E-1	1.514413E+1
5.248179E+3	3.826800E+2	3.029685E+1	-1.024288E+0	2.776900E-5	1.486315E-3	2.776900E-4	4.948211E-1	1.499181E+1
5.261066E+3	3.824600E+2	3.031428E+1	-1.022408E+0	2.753240E-5	1.482629E-3	2.753240E-4	5.002913E-1	1.516531E+1
5.272803E+3	3.822600E+2	3.033014E+1	-9.037657E-1	2.732060E-5	1.499940E-3	2.732060E-4	4.966007E-1	1.506135E+1
5.284753E+3	3.820800E+2	3.034443E+1	-1.047382E+0	2.711140E-5	1.405647E-3	2.711140E-4	4.931937E-1	1.496620E+1
5.296783E+3	3.818700E+2	3.036112E+1	-1.005912E+0	2.690220E-5	1.387206E-3	2.690220E-4	4.870594E-1	1.478809E+1
5.308116E+3	3.816800E+2	3.037623E+1	-1.003573E+0	2.670560E-5	1.421098E-3	2.670560E-4	4.837750E-1	1.469546E+1
5.321269E+3	3.814600E+2	3.039375E+1	-9.864152E-1	2.648120E-5	1.475017E-3	2.648120E-4	4.941668E-1	1.501889E+1
5.332826E+3	3.812700E+2	3.040890E+1	-9.927719E-1	2.627860E-5	1.492271E-3	2.627860E-4	4.905021E-1	1.491548E+1
5.344309E+3	3.810800E+2	3.042406E+1	-1.092422E+0	2.607780E-5	1.485511E-3	2.607780E-4	4.804895E-1	1.461937E+1
5.355843E+3	3.808700E+2	3.044083E+1	-1.078213E+0	2.587860E-5	1.478680E-3	2.587860E-4	4.792435E-1	1.458837E+1
5.367529E+3	3.806600E+2	3.045763E+1	-9.175091E-1	2.568000E-5	1.477700E-3	2.568000E-4	4.824202E-1	1.469226E+1
5.379300E+3	3.804800E+2	3.047204E+1	-9.724473E-1	2.548560E-5	1.482910E-3	2.548560E-4	4.943994E-1	1.506555E+1
5.391023E+3	3.802900E+2	3.048726E+1	-9.554865E-1	2.529700E-5	1.451093E-3	2.529700E-4	4.965093E-1	1.513851E+1
5.404210E+3	3.800800E+2	3.050410E+1	-1.001593E+0	2.508600E-5	1.405696E-3	2.508600E-4	4.904026E-1	1.495952E+1
5.417389E+3	3.798600E+2	3.052177E+1	-9.709565E-1	2.487300E-5	1.532515E-3	2.487300E-4	4.874429E-1	1.487682E+1
5.429130E+3	3.796700E+2	3.053705E+1	-1.049134E+0	2.468560E-5	1.460757E-3	2.468560E-4	4.810345E-1	1.468944E+1
5.440568E+3	3.794700E+2	3.055314E+1	-1.068249E+0	2.449800E-5	1.543339E-3	2.449800E-4	4.849441E-1	1.481676E+1
5.452363E+3	3.792600E+2	3.057006E+1	-9.702128E-1	2.430380E-5	1.516100E-3	2.430380E-4	4.930394E-1	1.507152E+1
5.464113E+3	3.790700E+2	3.058538E+1	-9.668391E-1	2.411220E-5	1.515148E-3	2.411220E-4	4.985355E-1	1.524789E+1
5.475904E+3	3.788800E+2	3.060072E+1	-1.045730E+0	2.392200E-5	1.480600E-3	2.392200E-4	5.008802E-1	1.532781E+1
5.487953E+3	3.786700E+2	3.061769E+1	-9.538153E-1	2.372840E-5	1.566302E-3	2.372840E-4	4.954426E-1	1.516929E+1
5.499905E+3	3.784800E+2	3.063306E+1	-9.900212E-1	2.354700E-5	1.437034E-3	2.354700E-4	5.016865E-1	1.536776E+1
5.512632E+3	3.782700E+2	3.065006E+1	-8.784017E-1	2.334900E-5	1.551015E-3	2.334900E-4	4.991715E-1	1.529965E+1
5.524244E+3	3.781000E+2	3.066385E+1	-1.079981E+0	2.317420E-5	1.378281E-3	2.317420E-4	4.975906E-1	1.525882E+1
5.537022E+3	3.778700E+2	3.068251E+1	-9.634255E-1	2.297880E-5	1.486775E-3	2.297880E-4	4.862265E-1	1.491843E+1
5.548232E+3	3.776900E+2	3.069713E+1	-1.104779E+0	2.280540E-5	1.463081E-3	2.280540E-4	4.793978E-1	1.471656E+1
5.559637E+3	3.774800E+2	3.071421E+1	-1.012192E+0	2.262940E-5	1.467491E-3	2.262940E-4	4.935162E-1	1.515813E+1
5.572678E+3	3.772600E+2	3.073212E+1	-9.169638E-1	2.242900E-5	1.544153E-3	2.242900E-4	4.928555E-1	1.514536E+1
5.584456E+3	3.770800E+2	3.074679E+1	-1.038691E+0	2.225380E-5	1.485070E-3	2.225380E-4	4.968174E-1	1.527607E+1
5.596009E+3	3.768800E+2	3.076311E+1	-1.018047E+0	2.208280E-5	1.482458E-3	2.208280E-4	4.908890E-1	1.510197E+1
5.608975E+3	3.766600E+2	3.078108E+1	-9.959811E-1	2.189140E-5	1.466251E-3	2.189140E-4	4.893321E-1	1.506165E+1
5.620421E+3	3.764700E+2	3.079661E+1	-9.679650E-1	2.172520E-5	1.477755E-3	2.172520E-4	4.917521E-1	1.514435E+1
5.633438E+3	3.762600E+2	3.081380E+1	-1.019801E+0	2.153520E-5	1.556597E-3	2.153520E-4	4.929596E-1	1.518997E+1
5.645205E+3	3.760600E+2	3.083019E+1	-1.017380E+0	2.136960E-5	1.539492E-3	2.136960E-4	4.941923E-1	1.523584E+1
5.657000E+3	3.758600E+2	3.084659E+1	-1.009846E+0	2.119520E-5	1.626325E-3	2.119520E-4	4.958962E-1	1.529666E+1
5.668883E+3	3.756600E+2	3.086301E+1	-9.939534E-1	2.102080E-5	1.617236E-3	2.102080E-4	4.997807E-1	1.542477E+1
5.680956E+3	3.754600E+2	3.087945E+1	-1.016863E+0	2.084720E-5	1.600797E-3	2.084720E-4	5.015697E-1	1.548800E+1
5.692757E+3	3.752600E+2	3.089591E+1	-9.500792E-1	2.068040E-5	1.575289E-3	2.068040E-4	5.024570E-1	1.552343E+1
5.704756E+3	3.750700E+2	3.091156E+1	-9.589502E-1	2.051380E-5	1.533965E-3	2.051380E-4	4.996425E-1	1.544476E+1
5.716644E+3	3.748800E+2	3.092723E+1	-1.014713E+0	2.035320E-5	1.476996E-3	2.035320E-4	4.946421E-1	1.529842E+1
5.728470E+3	3.746800E+2	3.094374E+1	-1.021450E+0	2.019120E-5	1.511736E-3	2.019120E-4	4.849979E-1	1.500830E+1
5.740218E+3	3.744800E+2	3.096026E+1	-9.924066E-1	2.003166E-5	1.423341E-3	2.003166E-4	4.885332E-1	1.512512E+1
5.753519E+3	3.742600E+2	3.097846E+1	-9.408485E-1	1.985774E-5	1.531993E-3	1.985774E-4	4.871969E-1	1.509194E+1
5.764998E+3	3.740800E+2	3.099337E+1	-1.107108E+0	1.970272E-5	1.477509E-3	1.970272E-4	4.941923E-1	1.531672E+1
5.776379E+3	3.738700E+2	3.101078E+1	-9.716185E-1	1.954628E-5	1.585754E-3	1.954628E-4	4.965674E-1	1.539891E+1
5.788112E+3	3.736800E+2	3.102655E+1	-1.020321E+0	1.938422E-5	1.581919E-3	1.938422E-4	4.952847E-1	1.536717E+1
5.799873E+3	3.734800E+2	3.104316E+1	-9.781849E-1	1.922794E-5	1.526562E-3	1.922794E-4	5.001265E-1	1.552579E+1
5.812754E+3	3.732700E+2	3.106063E+1	-9.972881E-1	1.906070E-5	1.497591E-3	1.906070E-4	4.952953E-1	1.538352E+1
5.824185E+3	3.730800E+2	3.107644E+1	-9.677419E-1	1.891268E-5	1.501798E-3	1.891268E-4	4.943501E-1	1.536289E+1
5.835965E+3	3.728900E+2	3.109228E+1	-9.960761E-1	1.876372E-5	1.532953E-3	1.876372E-4	4.980640E-1	1.548640E+1
5.849217E+3	3.726700E+2	3.111063E+1	-9.397024E-1	1.859762E-5	1.532470E-3	1.859762E-4	5.010921E-1	1.558899E+1
5.860710E+3	3.724900E+2	3.112567E+1	-1.020566E+0	1.845084E-5	1.490677E-3	1.845084E-4	4.993505E-1	1.554336E+1
5.873644E+3	3.722700E+2	3.114406E+1	-1.061768E+0	1.828320E-5	1.600977E-3	1.828320E-4	5.019229E-1	1.563192E+1
5.885511E+3	3.720600E+2	3.116164E+1	-9.866713E-1	1.812794E-5	1.605094E-3	1.812794E-4	4.986743E-1	1.553861E+1
5.897065E+3	3.718700E+2	3.117756E+1	-1.027573E+0	1.797938E-5	1.571692E-3	1.797938E-4	5.046591E-1	1.573382E+1
5.908743E+3	3.716700E+2	3.119434E+1	-9.845410E-1	1.783000E-5	1.561312E-3	1.783000E-4	5.099067E-1	1.590597E+1
5.920322E+3	3.714800E+2	3.121029E+1	-9.805608E-1	1.768268E-5	1.598554E-3	1.768268E-4	5.045040E-1	1.574576E+1
5.931948E+3	3.712900E+2	3.122627E+1	-1.013171E+0	1.753984E-5	1.594046E-3	1.753984E-4	5.025347E-1	1.569321E+1
5.943792E+3	3.710900E+2	3.124309E+1	-9.868421E-1	1.739722E-5	1.558046E-3	1.739722E-4	5.000215E-1	1.562268E+1
5.957168E+3	3.708700E+2	3.126163E+1	-9.707084E-1	1.723522E-5	1.615601E-3	1.723522E-4	4.971637E-1	1.554147E+1
5.968912E+3	3.706800E+2	3.127765E+1	-1.034572E+0	1.709564E-5	1.551259E-3	1.709564E-4	4.984898E-1	1.559143E+1
5.980511E+3	3.704800E+2	3.129454E+1	-1.007218E+0	1.695712E-5	1.594763E-3	1.695712E-4	4.945519E-1	1.547764E+1
5.992425E+3	3.702800E+2	3.131144E+1	-1.036737E+0	1.681338E-5	1.649554E-3	1.681338E-4	4.937010E-1	1.545857E+1
6.005736E+3	3.700500E+2	3.133090E+1	-1.008403E+0	1.665416E-5	1.629356E-3	1.665416E-4	5.020145E-1	1.572734E+1
6.015851E+3	3.698800E+2	3.134530E+1	-9.627139E-1	1.653466E-5	1.591487E-3	1.653466E-4	4.998951E-1	1.566987E+1
6.028939E+3	3.696700E+2	3.136311E+1	-1.055100E+0	1.638090E-5	1.600437E-3	1.638090E-4	5.034614E-1	1.579055E+1
6.040881E+3	3.694600E+2	3.138093E+1	-9.615385E-1	1.624278E-5	1.611187E-3	1.624278E-4	5.099584E-1	1.600181E+1
6.052737E+3	3.692700E+2	3.139708E+1	-9.158752E-1	1.610728E-5	1.632013E-3	1.610728E-4	5.123975E-1	1.608704E+1
6.064529E+3	3.690900E+2	3.141239E+1	-9.914768E-1	1.597432E-5	1.596032E-3	1.597432E-4	5.040962E-1	1.583639E+1
6.076027E+3	3.689000E+2	3.142857E+1	-1.107352E+0	1.584450E-5	1.594091E-3	1.584450E-4	5.012140E-1	1.575366E+1
6.089031E+3	3.686600E+2	3.144903E+1	-9.239456E-1	1.569788E-5	1.603563E-3	1.569788E-4	4.943824E-1	1.554684E+1
6.100720E+3	3.684800E+2	3.146439E+1	-1.068612E+0	1.556486E-5	1.610254E-3	1.556486E-4	5.046156E-1	1.587672E+1
6.112511E+3	3.682700E+2	3.148234E+1	-9.298321E-1	1.543150E-5	1.619998E-3	1.543150E-4	5.085699E-1	1.601100E+1
6.124126E+3	3.680900E+2	3.149773E+1	-1.077660E+0	1.530242E-5	1.618222E-3	1.530242E-4	5.032067E-1	1.585035E+1
6.135818E+3	3.678800E+2	3.151571E+1	-9.242144E-1	1.517438E-5	1.570421E-3	1.517438E-4	5.077366E-1	1.600210E+1
6.148802E+3	3.676800E+2	3.153285E+1	-9.810028E-1	1.503760E-5	1.563591E-3	1.503760E-4	5.074658E-1	1.600159E+1
6.161646E+3	3.674700E+2	3.155087E+1	-9.894116E-1	1.490072E-5	1.599277E-3	1.490072E-4	5.077185E-1	1.601881E+1
6.173168E+3	3.672800E+2	3.156720E+1	-1.057047E+0	1.477488E-5	1.711439E-3	1.477488E-4	5.010532E-1	1.581758E+1
6.185088E+3	3.670700E+2	3.158526E+1	-1.002582E+0	1.464924E-5	1.609331E-3	1.464924E-4	5.003788E-1	1.580441E+1
6.198254E+3	3.668500E+2	3.160420E+1	-1.005322E+0	1.450798E-5	1.653511E-3	1.450798E-4	5.034536E-1	1.590956E+1
6.208400E+3	3.666800E+2	3.161885E+1	-1.011984E+0	1.440022E-5	1.619814E-3	1.440022E-4	5.058810E-1	1.599615E+1
6.219665E+3	3.664900E+2	3.163524E+1	-1.065226E+0	1.427866E-5	1.643334E-3	1.427866E-4	4.963982E-1	1.570554E+1
6.232620E+3	3.662600E+2	3.165511E+1	-1.049213E+0	1.414198E-5	1.655701E-3	1.414198E-4	4.965613E-1	1.571823E+1
6.244629E+3	3.660500E+2	3.167327E+1	-9.528586E-1	1.401918E-5	1.633332E-3	1.401918E-4	4.999916E-1	1.583494E+1
6.256593E+3	3.658600E+2	3.168972E+1	-9.574200E-1	1.389824E-5	1.654867E-3	1.389824E-4	5.166933E-1	1.637309E+1
6.268500E+3	3.656700E+2	3.170618E+1	-8.967865E-1	1.378116E-5	1.661599E-3	1.378116E-4	5.162890E-1	1.636985E+1
6.280543E+3	3.654900E+2	3.172180E+1	-1.071429E+0	1.366342E-5	1.662961E-3	1.366342E-4	5.057815E-1	1.604579E+1
6.292303E+3	3.652800E+2	3.174004E+1	-9.994700E-1	1.354708E-5	1.598002E-3	1.354708E-4	4.929124E-1	1.564603E+1
6.305510E+3	3.650600E+2	3.175916E+1	-1.086488E+0	1.341810E-5	1.629825E-3	1.341810E-4	4.888020E-1	1.552325E+1
6.317107E+3	3.648500E+2	3.177744E+1	-9.761946E-1	1.330308E-5	1.652961E-3	1.330308E-4	5.009719E-1	1.591840E+1
6.328785E+3	3.646600E+2	3.179400E+1	-9.625127E-1	1.318874E-5	1.685137E-3	1.318874E-4	5.087781E-1	1.617626E+1
6.340629E+3	3.644700E+2	3.181057E+1	-9.841199E-1	1.307502E-5	1.667656E-3	1.307502E-4	5.143394E-1	1.636179E+1
6.354042E+3	3.642500E+2	3.182979E+1	-9.872242E-1	1.294724E-5	1.713395E-3	1.294724E-4	5.116882E-1	1.628572E+1
6.364374E+3	3.640800E+2	3.184465E+1	-9.774501E-1	1.285160E-5	1.610817E-3	1.285160E-4	5.019942E-1	1.598615E+1
6.376037E+3	3.638900E+2	3.186128E+1	-1.053336E+0	1.274122E-5	1.684033E-3	1.274122E-4	4.991433E-1	1.590493E+1
6.387999E+3	3.636800E+2	3.187967E+1	-1.004184E+0	1.263064E-5	1.615291E-3	1.263064E-4	5.083221E-1	1.620553E+1
6.401144E+3	3.634600E+2	3.189897E+1	-9.239298E-1	1.250678E-5	1.785598E-3	1.250678E-4	5.083722E-1	1.621558E+1
6.414132E+3	3.632600E+2	3.191653E+1	-1.034014E+0	1.238678E-5	1.800274E-3	1.238678E-4	5.104914E-1	1.629251E+1
6.425157E+3	3.630700E+2	3.193324E+1	-1.028983E+0	1.228816E-5	1.727248E-3	1.228816E-4	5.059775E-1	1.615758E+1
6.436819E+3	3.628700E+2	3.195084E+1	-1.003963E+0	1.218106E-5	1.699921E-3	1.218106E-4	4.971923E-1	1.588567E+1
6.448174E+3	3.626800E+2	3.196757E+1	-1.025290E+0	1.207646E-5	1.702233E-3	1.207646E-4	5.058537E-1	1.617137E+1
6.459878E+3	3.624800E+2	3.198521E+1	-9.544731E-1	1.197278E-5	1.617988E-3	1.197278E-4	5.191148E-1	1.660371E+1
6.473079E+3	3.622700E+2	3.200375E+1	-8.707529E-1	1.185674E-5	1.668611E-3	1.185674E-4	5.211078E-1	1.667685E+1
6.484793E+3	3.621000E+2	3.201878E+1	-1.017890E+0	1.175618E-5	1.621149E-3	1.175618E-4	5.173494E-1	1.656606E+1
6.497761E+3	3.618800E+2	3.203824E+1	-1.035375E+0	1.164394E-5	1.638050E-3	1.164394E-4	5.007327E-1	1.604357E+1
6.509351E+3	3.616800E+2	3.205596E+1	-1.041195E+0	1.154362E-5	1.715314E-3	1.154362E-4	4.898722E-1	1.570299E+1
6.522605E+3	3.614500E+2	3.207636E+1	-1.034588E+0	1.143062E-5	1.646082E-3	1.143062E-4	4.943404E-1	1.585515E+1
6.532464E+3	3.612800E+2	3.209145E+1	-1.000751E+0	1.134388E-5	1.796742E-3	1.134388E-4	5.026550E-1	1.613137E+1
6.544455E+3	3.610800E+2	3.210923E+1	-1.000531E+0	1.124174E-5	1.707870E-3	1.124174E-4	5.082985E-1	1.632224E+1
6.557648E+3	3.608600E+2	3.212880E+1	-1.008912E+0	1.112932E-5	1.730528E-3	1.112932E-4	5.081361E-1	1.632533E+1
6.569542E+3	3.606600E+2	3.214662E+1	-1.011634E+0	1.103024E-5	1.662374E-3	1.103024E-4	5.150903E-1	1.655744E+1
6.581404E+3	3.604600E+2	3.216446E+1	-8.969355E-1	1.093076E-5	1.810045E-3	1.093076E-4	5.121014E-1	1.647122E+1
6.593445E+3	3.602800E+2	3.218053E+1	-1.067797E+0	1.083420E-5	1.627380E-3	1.083420E-4	5.019932E-1	1.615552E+1
6.605245E+3	3.600700E+2	3.219929E+1	-1.053159E+0	1.073760E-5	1.705309E-3	1.073760E-4	4.973840E-1	1.601547E+1
6.617209E+3	3.598600E+2	3.221808E+1	-9.312753E-1	1.064296E-5	1.687805E-3	1.064296E-4	4.922303E-1	1.585815E+1
6.628806E+3	3.596800E+2	3.223421E+1	-9.908422E-1	1.055308E-5	1.636199E-3	1.055308E-4	5.024808E-1	1.619757E+1
6.642128E+3	3.594600E+2	3.225394E+1	-9.712874E-1	1.045032E-5	1.648320E-3	1.045032E-4	5.128800E-1	1.654186E+1
6.653865E+3	3.592700E+2	3.227099E+1	-9.655289E-1	1.035882E-5	1.688339E-3	1.035882E-4	5.056462E-1	1.631799E+1
6.665672E+3	3.590800E+2	3.228807E+1	-1.080235E+0	1.026612E-5	1.641854E-3	1.026612E-4	5.090662E-1	1.643715E+1
6.678447E+3	3.588500E+2	3.230876E+1	-9.282537E-1	1.016506E-5	1.744294E-3	1.016506E-4	5.121382E-1	1.654520E+1
6.688789E+3	3.586900E+2	3.232318E+1	-9.738001E-1	1.008632E-5	1.705660E-3	1.008632E-4	5.085444E-1	1.643832E+1
6.701728E+3	3.584800E+2	3.234211E+1	-1.055688E+0	9.986460E-6	1.699292E-3	9.986460E-5	5.074325E-1	1.641265E+1
6.713095E+3	3.582800E+2	3.236017E+1	-1.011339E+0	9.900020E-6	1.646700E-3	9.900020E-5	5.090527E-1	1.647260E+1
6.726147E+3	3.580600E+2	3.238005E+1	-8.766652E-1	9.802920E-6	1.745323E-3	9.802920E-5	5.093022E-1	1.648991E+1
6.737782E+3	3.578900E+2	3.239543E+1	-1.013942E+0	9.718060E-6	1.640711E-3	9.718060E-5	5.180503E-1	1.678253E+1
6.749617E+3	3.576900E+2	3.241354E+1	-9.769475E-1	9.632200E-6	1.653339E-3	9.632200E-5	5.109048E-1	1.656150E+1
6.761286E+3	3.575000E+2	3.243077E+1	-1.067533E+0	9.545260E-6	1.701514E-3	9.545260E-5	5.003553E-1	1.622793E+1
6.774213E+3	3.572700E+2	3.245165E+1	-1.019628E+0	9.449740E-6	1.737136E-3	9.449740E-5	4.997415E-1	1.621695E+1
6.785982E+3	3.570700E+2	3.246982E+1	-1.024765E+0	9.363120E-6	1.717577E-3	9.363120E-5	4.967407E-1	1.612884E+1
6.797692E+3	3.568700E+2	3.248802E+1	-1.000455E+0	9.279000E-6	1.702377E-3	9.279000E-5	5.064220E-1	1.645224E+1
6.810886E+3	3.566500E+2	3.250806E+1	-9.255688E-1	9.186420E-6	1.711044E-3	9.186420E-5	5.152582E-1	1.674865E+1
6.821258E+3	3.564900E+2	3.252265E+1	-9.430432E-1	9.114340E-6	1.731684E-3	9.114340E-5	5.196667E-1	1.690176E+1
6.834619E+3	3.562800E+2	3.254182E+1	-9.990842E-1	9.022200E-6	1.733344E-3	9.022200E-5	5.108759E-1	1.662586E+1
6.846630E+3	3.560800E+2	3.256010E+1	-1.084898E+0	8.939920E-6	1.729902E-3	8.939920E-5	5.025679E-1	1.636375E+1
6.858244E+3	3.558700E+2	3.257931E+1	-1.015486E+0	8.858540E-6	1.842534E-3	8.858540E-5	5.063914E-1	1.649730E+1
6.870061E+3	3.556700E+2	3.259763E+1	-9.524605E-1	8.774920E-6	1.940879E-3	8.774920E-5	5.036255E-1	1.641654E+1
6.882030E+3	3.554800E+2	3.261506E+1	-1.146351E+0	8.691940E-6	1.908977E-3	8.691940E-5	5.106765E-1	1.665629E+1
6.892498E+3	3.552800E+2	3.263342E+1	-9.268795E-1	8.619980E-6	1.836131E-3	8.619980E-5	5.095670E-1	1.662916E+1
6.906092E+3	3.550700E+2	3.265272E+1	-9.650385E-1	8.530640E-6	1.682010E-3	8.530640E-5	5.052370E-1	1.649729E+1
6.917905E+3	3.548800E+2	3.267020E+1	-1.007634E+0	8.454420E-6	1.685445E-3	8.454420E-5	5.156247E-1	1.684593E+1
6.931005E+3	3.546600E+2	3.269046E+1	-9.405941E-1	8.370400E-6	1.700215E-3	8.370400E-5	5.094294E-1	1.665294E+1
6.943125E+3	3.544700E+2	3.270799E+1	-1.018589E+0	8.292700E-6	1.687736E-3	8.292700E-5	5.195892E-1	1.699393E+1
6.954906E+3	3.542700E+2	3.272645E+1	-8.957452E-1	8.216340E-6	1.780249E-3	8.216340E-5	5.227489E-1	1.710771E+1
6.966963E+3	3.540900E+2	3.274309E+1	-1.066983E+0	8.139460E-6	1.770728E-3	8.139460E-5	5.137094E-1	1.682155E+1
6.978772E+3	3.538800E+2	3.276252E+1	-1.049825E+0	8.062060E-6	1.920115E-3	8.062060E-5	5.086137E-1	1.666402E+1
6.990774E+3	3.536700E+2	3.278197E+1	-1.019108E+0	7.984900E-6	1.863478E-3	7.984900E-5	5.054933E-1	1.657027E+1
7.002549E+3	3.534700E+2	3.280052E+1	-9.685641E-1	7.909940E-6	1.783544E-3	7.909940E-5	5.116722E-1	1.678259E+1
7.014319E+3	3.532800E+2	3.281816E+1	-1.013514E+0	7.835600E-6	1.792065E-3	7.835600E-5	5.078240E-1	1.666645E+1
7.026159E+3	3.530800E+2	3.283675E+1	-1.069882E+0	7.762900E-6	1.760497E-3	7.762900E-5	5.069033E-1	1.664582E+1
7.037936E+3	3.528700E+2	3.285629E+1	-9.434669E-1	7.690440E-6	1.826043E-3	7.690440E-5	5.124848E-1	1.683754E+1
7.051291E+3	3.526600E+2	3.287586E+1	-8.800690E-1	7.611100E-6	1.763844E-3	7.611100E-5	5.089472E-1	1.673109E+1
7.062881E+3	3.524900E+2	3.289171E+1	-1.106525E+0	7.544360E-6	1.677380E-3	7.544360E-5	5.137746E-1	1.690007E+1
7.074268E+3	3.522800E+2	3.291132E+1	-9.578835E-1	7.477880E-6	1.700904E-3	7.477880E-5	5.060049E-1	1.665399E+1
7.087422E+3	3.520700E+2	3.293095E+1	-1.025028E+0	7.398800E-6	1.842305E-3	7.398800E-5	5.093279E-1	1.677157E+1
7.099129E+3	3.518700E+2	3.294967E+1	-9.439734E-1	7.330560E-6	1.766738E-3	7.330560E-5	5.189344E-1	1.709849E+1
7.110570E+3	3.516900E+2	3.296653E+1	-1.026119E+0	7.263400E-6	1.739417E-3	7.263400E-5	5.175501E-1	1.706264E+1
7.123434E+3	3.514700E+2	3.298717E+1	-9.523014E-1	7.189220E-6	1.755255E-3	7.189220E-5	5.124371E-1	1.690387E+1
7.135405E+3	3.512800E+2	3.300501E+1	-1.073162E+0	7.120700E-6	1.816376E-3	7.120700E-5	5.075942E-1	1.675297E+1
7.147146E+3	3.510700E+2	3.302475E+1	-9.689758E-1	7.054140E-6	1.864965E-3	7.054140E-5	5.048370E-1	1.667261E+1
7.158911E+3	3.508800E+2	3.304264E+1	-1.040802E+0	6.987700E-6	1.833327E-3	6.987700E-5	5.037402E-1	1.664498E+1
7.172170E+3	3.506500E+2	3.306431E+1	-9.688450E-1	6.914000E-6	1.818223E-3	6.914000E-5	5.105875E-1	1.688089E+1
7.182698E+3	3.504800E+2	3.308035E+1	-1.017380E+0	6.855860E-6	1.842746E-3	6.855860E-5	5.058104E-1	1.673319E+1
7.194493E+3	3.502800E+2	3.309923E+1	-1.038218E+0	6.790080E-6	1.853672E-3	6.790080E-5	5.110296E-1	1.691597E+1
7.207785E+3	3.500500E+2	3.312098E+1	-9.586276E-1	6.717440E-6	1.838802E-3	6.717440E-5	5.117318E-1	1.694772E+1
7.219677E+3	3.498600E+2	3.313897E+1	-9.836914E-1	6.653800E-6	1.808577E-3	6.653800E-5	5.165696E-1	1.711755E+1
7.231266E+3	3.496700E+2	3.315698E+1	-9.576613E-1	6.591900E-6	1.859254E-3	6.591900E-5	5.233360E-1	1.735276E+1
7.243170E+3	3.494800E+2	3.317500E+1	-9.775019E-1	6.530200E-6	1.743887E-3	6.530200E-5	5.234292E-1	1.736531E+1
7.256060E+3	3.492700E+2	3.319495E+1	-9.595960E-1	6.462040E-6	1.884635E-3	6.462040E-5	5.137246E-1	1.705313E+1
7.267940E+3	3.490800E+2	3.321302E+1	-1.089494E+0	6.400920E-6	1.845847E-3	6.400920E-5	5.094777E-1	1.692141E+1
7.279505E+3	3.488700E+2	3.323301E+1	-9.733607E-1	6.340800E-6	1.825407E-3	6.340800E-5	5.094717E-1	1.693143E+1
7.291217E+3	3.486800E+2	3.325112E+1	-9.972801E-1	6.280360E-6	1.870746E-3	6.280360E-5	5.143954E-1	1.710446E+1
7.304453E+3	3.484600E+2	3.327211E+1	-9.780371E-1	6.211700E-6	1.873506E-3	6.211700E-5	5.162339E-1	1.717597E+1
7.316109E+3	3.482700E+2	3.329026E+1	-1.096224E+0	6.152940E-6	1.796408E-3	6.152940E-5	5.165074E-1	1.719423E+1
7.327603E+3	3.480600E+2	3.331035E+1	-9.251328E-1	6.093480E-6	1.951507E-3	6.093480E-5	5.131979E-1	1.709424E+1
7.339277E+3	3.478800E+2	3.332758E+1	-1.028983E+0	6.035460E-6	1.832386E-3	6.035460E-5	5.159832E-1	1.719649E+1
7.350939E+3	3.476800E+2	3.334676E+1	-9.613763E-1	5.978520E-6	1.811625E-3	5.978520E-5	5.243873E-1	1.748711E+1
7.362797E+3	3.474900E+2	3.336499E+1	-9.602195E-1	5.920880E-6	1.829339E-3	5.920880E-5	5.212010E-1	1.739014E+1
7.375919E+3	3.472800E+2	3.338516E+1	-9.633260E-1	5.857700E-6	1.805916E-3	5.857700E-5	5.162964E-1	1.723672E+1
7.387753E+3	3.470900E+2	3.340344E+1	-1.072432E+0	5.802660E-6	1.754965E-3	5.802660E-5	5.134924E-1	1.715299E+1
7.399502E+3	3.468800E+2	3.342366E+1	-9.599269E-1	5.746640E-6	1.862795E-3	5.746640E-5	5.046262E-1	1.686722E+1
7.412628E+3	3.466700E+2	3.344391E+1	-1.112141E+0	5.683960E-6	1.831046E-3	5.683960E-5	5.067129E-1	1.694577E+1
7.424497E+3	3.464500E+2	3.346515E+1	-9.676501E-1	5.626640E-6	1.968133E-3	5.626640E-5	5.116955E-1	1.712238E+1
7.435038E+3	3.462800E+2	3.348158E+1	-1.009082E+0	5.577540E-6	1.950669E-3	5.577540E-5	5.124561E-1	1.715781E+1
7.446930E+3	3.460800E+2	3.350092E+1	-9.565363E-1	5.522780E-6	1.878289E-3	5.522780E-5	5.195246E-1	1.740506E+1
7.458848E+3	3.458900E+2	3.351933E+1	-1.000834E+0	5.469140E-6	1.879234E-3	5.469140E-5	5.177047E-1	1.735391E+1
7.470838E+3	3.456900E+2	3.353872E+1	-9.696614E-1	5.415620E-6	1.933042E-3	5.415620E-5	5.153991E-1	1.728668E+1
7.484451E+3	3.454700E+2	3.356008E+1	-1.026255E+0	5.355480E-6	1.877971E-3	5.355480E-5	5.115414E-1	1.716685E+1
7.496144E+3	3.452700E+2	3.357952E+1	-9.928843E-1	5.303520E-6	1.908331E-3	5.303520E-5	5.206621E-1	1.748251E+1
7.508230E+3	3.450700E+2	3.359898E+1	-9.192272E-1	5.250920E-6	1.912192E-3	5.250920E-5	5.184167E-1	1.741798E+1
7.519979E+3	3.448900E+2	3.361652E+1	-1.073162E+0	5.199120E-6	1.931148E-3	5.199120E-5	5.193054E-1	1.745815E+1
7.531720E+3	3.446800E+2	3.363700E+1	-9.969261E-1	5.147820E-6	1.919727E-3	5.147820E-5	5.156530E-1	1.734530E+1
7.543757E+3	3.444800E+2	3.365653E+1	-9.939534E-1	5.095720E-6	1.948715E-3	5.095720E-5	5.095801E-1	1.715091E+1
7.555830E+3	3.442800E+2	3.367608E+1	-1.001062E+0	5.044780E-6	1.893248E-3	5.044780E-5	5.198172E-1	1.750545E+1
7.569016E+3	3.440600E+2	3.369761E+1	-9.507042E-1	4.989400E-6	1.876677E-3	4.989400E-5	5.200081E-1	1.752191E+1
7.580376E+3	3.438800E+2	3.371525E+1	-1.011975E+0	4.941900E-6	1.900864E-3	4.941900E-5	5.185956E-1	1.748467E+1
7.592234E+3	3.436800E+2	3.373487E+1	-1.006627E+0	4.892820E-6	1.884212E-3	4.892820E-5	5.149070E-1	1.737140E+1
7.604155E+3	3.434800E+2	3.375451E+1	-1.012658E+0	4.844200E-6	1.925916E-3	4.844200E-5	5.053102E-1	1.705735E+1
7.617190E+3	3.432600E+2	3.377615E+1	-1.055188E+0	4.790980E-6	1.950741E-3	4.790980E-5	5.138510E-1	1.735507E+1
7.629131E+3	3.430500E+2	3.379682E+1	-9.000000E-1	4.742740E-6	1.927311E-3	4.742740E-5	5.191933E-1	1.754566E+1
7.641131E+3	3.428700E+2	3.381457E+1	-1.036090E+0	4.695000E-6	1.859207E-3	4.695000E-5	5.226386E-1	1.767312E+1
7.652713E+3	3.426700E+2	3.383430E+1	-1.008234E+0	4.648140E-6	1.939220E-3	4.648140E-5	5.270656E-1	1.783322E+1
7.664615E+3	3.424700E+2	3.385406E+1	-9.651202E-1	4.601000E-6	1.958932E-3	4.601000E-5	5.195020E-1	1.758695E+1
7.676427E+3	3.422800E+2	3.387285E+1	-9.951074E-1	4.555020E-6	1.971715E-3	4.555020E-5	5.175261E-1	1.753043E+1
7.688486E+3	3.420800E+2	3.389266E+1	-1.020408E+0	4.508800E-6	1.873030E-3	4.508800E-5	5.104513E-1	1.730090E+1
7.700246E+3	3.418800E+2	3.391248E+1	-1.022321E+0	4.464400E-6	1.898475E-3	4.464400E-5	5.075637E-1	1.721299E+1
7.711984E+3	3.416800E+2	3.393233E+1	-9.667025E-1	4.420460E-6	1.888950E-3	4.420460E-5	5.118702E-1	1.736968E+1
7.725018E+3	3.414700E+2	3.395320E+1	-9.872111E-1	4.372240E-6	1.862496E-3	4.372240E-5	5.216780E-1	1.771212E+1
7.738389E+3	3.412500E+2	3.397509E+1	-9.575667E-1	4.322600E-6	2.026722E-3	4.322600E-5	5.284012E-1	1.795076E+1
7.749041E+3	3.410800E+2	3.399203E+1	-1.004520E+0	4.283060E-6	1.975381E-3	4.283060E-5	5.229180E-1	1.777571E+1
7.760987E+3	3.408800E+2	3.401197E+1	-1.043651E+0	4.238460E-6	2.063222E-3	4.238460E-5	5.155994E-1	1.753769E+1
7.773060E+3	3.406700E+2	3.403294E+1	-1.011293E+0	4.194400E-6	1.945588E-3	4.194400E-5	5.027613E-1	1.711051E+1
7.784926E+3	3.404700E+2	3.405293E+1	-1.069519E+0	4.152080E-6	1.946171E-3	4.152080E-5	5.025110E-1	1.711172E+1
7.796707E+3	3.402600E+2	3.407394E+1	-9.518243E-1	4.110220E-6	1.958752E-3	4.110220E-5	5.148105E-1	1.754043E+1
7.808684E+3	3.400700E+2	3.409298E+1	-9.139375E-1	4.068660E-6	1.958754E-3	4.068660E-5	5.233648E-1	1.784298E+1
7.820501E+3	3.398900E+2	3.411104E+1	-1.000303E+0	4.028300E-6	1.880354E-3	4.028300E-5	5.193453E-1	1.771673E+1
7.833697E+3	3.396700E+2	3.413313E+1	-1.080057E+0	3.982740E-6	1.963161E-3	3.982740E-5	5.146163E-1	1.756543E+1
7.844252E+3	3.394800E+2	3.415223E+1	-9.482240E-1	3.947340E-6	1.958938E-3	3.947340E-5	5.137392E-1	1.754504E+1
7.857540E+3	3.392700E+2	3.417337E+1	-9.817430E-1	3.902000E-6	1.957725E-3	3.902000E-5	5.175738E-1	1.768690E+1
7.869152E+3	3.390800E+2	3.419252E+1	-1.029160E+0	3.862780E-6	1.964973E-3	3.862780E-5	5.228823E-1	1.787879E+1
7.880812E+3	3.388800E+2	3.421270E+1	-1.004520E+0	3.823620E-6	1.964402E-3	3.823620E-5	5.166506E-1	1.767681E+1
7.892758E+3	3.386800E+2	3.423290E+1	-9.846337E-1	3.783800E-6	1.960432E-3	3.783800E-5	5.220183E-1	1.787020E+1
7.906164E+3	3.384600E+2	3.425516E+1	-9.371746E-1	3.740180E-6	1.885590E-3	3.740180E-5	5.244204E-1	1.796296E+1
7.917688E+3	3.382800E+2	3.427338E+1	-1.046572E+0	3.702900E-6	1.904631E-3	3.702900E-5	5.216747E-1	1.787967E+1
7.929154E+3	3.380800E+2	3.429366E+1	-9.816754E-1	3.665360E-6	2.071365E-3	3.665360E-5	5.146664E-1	1.765119E+1
7.941378E+3	3.378800E+2	3.431396E+1	-1.009436E+0	3.627340E-6	1.992340E-3	3.627340E-5	5.081310E-1	1.743635E+1
7.955049E+3	3.376500E+2	3.433733E+1	-1.026616E+0	3.584720E-6	2.037892E-3	3.584720E-5	5.140605E-1	1.765000E+1
7.965569E+3	3.374700E+2	3.435565E+1	-9.836066E-1	3.551400E-6	2.012749E-3	3.551400E-5	5.122884E-1	1.760005E+1
7.977769E+3	3.372700E+2	3.437602E+1	-1.052807E+0	3.512900E-6	2.043550E-3	3.512900E-5	5.108376E-1	1.756143E+1
7.989737E+3	3.370600E+2	3.439744E+1	-1.021885E+0	3.476180E-6	1.978820E-3	3.476180E-5	5.182970E-1	1.782723E+1
8.001480E+3	3.368600E+2	3.441786E+1	-9.058123E-1	3.440320E-6	2.017954E-3	3.440320E-5	5.206476E-1	1.791864E+1
8.013403E+3	3.366800E+2	3.443626E+1	-1.002841E+0	3.404600E-6	2.015572E-3	3.404600E-5	5.253902E-1	1.809313E+1
8.025369E+3	3.364800E+2	3.445673E+1	-9.898540E-1	3.369240E-6	1.999689E-3	3.369240E-5	5.248560E-1	1.808516E+1
8.037492E+3	3.362800E+2	3.447722E+1	-9.544541E-1	3.334180E-6	2.015903E-3	3.334180E-5	5.150668E-1	1.775779E+1
8.049436E+3	3.360900E+2	3.449671E+1	-1.011122E+0	3.299800E-6	1.979235E-3	3.299800E-5	5.188568E-1	1.789969E+1
8.061304E+3	3.358900E+2	3.451725E+1	-9.801738E-1	3.265860E-6	1.999523E-3	3.265860E-5	5.214314E-1	1.799924E+1
8.074771E+3	3.356700E+2	3.453988E+1	-9.995002E-1	3.226880E-6	2.048533E-3	3.226880E-5	5.166369E-1	1.784430E+1
8.086777E+3	3.354700E+2	3.456047E+1	-1.062663E+0	3.192300E-6	2.045765E-3	3.192300E-5	5.179746E-1	1.790126E+1
8.098634E+3	3.352600E+2	3.458212E+1	-9.978380E-1	3.158100E-6	2.092861E-3	3.158100E-5	5.107545E-1	1.766299E+1
8.110660E+3	3.350600E+2	3.460276E+1	-1.047469E+0	3.123860E-6	2.060045E-3	3.123860E-5	5.152636E-1	1.782899E+1
8.122689E+3	3.348500E+2	3.462446E+1	-9.323204E-1	3.090540E-6	2.021019E-3	3.090540E-5	5.183060E-1	1.794519E+1
8.134273E+3	3.346700E+2	3.464308E+1	-1.024503E+0	3.058900E-6	1.990829E-3	3.058900E-5	5.158327E-1	1.787037E+1
8.145986E+3	3.344700E+2	3.466380E+1	-9.985853E-1	3.027320E-6	2.049800E-3	3.027320E-5	5.229345E-1	1.812771E+1
8.158003E+3	3.342700E+2	3.468454E+1	-9.411413E-1	2.995340E-6	1.963861E-3	2.995340E-5	5.147173E-1	1.785331E+1
8.171391E+3	3.340600E+2	3.470634E+1	-1.057935E+0	2.959980E-6	2.041125E-3	2.959980E-5	5.231299E-1	1.815538E+1
8.183301E+3	3.338500E+2	3.472817E+1	-9.315163E-1	2.928700E-6	2.025368E-3	2.928700E-5	5.189909E-1	1.802279E+1
8.194895E+3	3.336700E+2	3.474691E+1	-1.072888E+0	2.898000E-6	2.102070E-3	2.898000E-5	5.196723E-1	1.805704E+1
8.206639E+3	3.334600E+2	3.476879E+1	-9.373373E-1	2.867300E-6	1.980423E-3	2.867300E-5	5.241796E-1	1.822478E+1
8.218161E+3	3.332800E+2	3.478757E+1	-1.021885E+0	2.837660E-6	2.033979E-3	2.837660E-5	5.157859E-1	1.794327E+1
8.229904E+3	3.330800E+2	3.480845E+1	-1.007641E+0	2.807560E-6	2.111947E-3	2.807560E-5	5.159889E-1	1.796196E+1
8.241813E+3	3.328800E+2	3.482937E+1	-9.898763E-1	2.778100E-6	2.043377E-3	2.778100E-5	5.062562E-1	1.763320E+1
8.255148E+3	3.326600E+2	3.485240E+1	-1.030839E+0	2.745660E-6	1.970716E-3	2.745660E-5	5.137251E-1	1.790337E+1
8.266789E+3	3.324600E+2	3.487337E+1	-9.141696E-1	2.717100E-6	1.979046E-3	2.717100E-5	5.220077E-1	1.820266E+1
8.278603E+3	3.322800E+2	3.489226E+1	-9.736932E-1	2.688640E-6	2.011651E-3	2.688640E-5	5.197959E-1	1.813808E+1
8.290311E+3	3.320900E+2	3.491222E+1	-1.044505E+0	2.660660E-6	2.056812E-3	2.660660E-5	5.211699E-1	1.819675E+1
8.303523E+3	3.318600E+2	3.493642E+1	-9.679063E-1	2.629260E-6	2.020722E-3	2.629260E-5	5.124781E-1	1.790324E+1
8.315301E+3	3.316700E+2	3.495643E+1	-1.033147E+0	2.600980E-6	2.024484E-3	2.600980E-5	5.178903E-1	1.810272E+1
8.326916E+3	3.314700E+2	3.497752E+1	-9.546140E-1	2.573680E-6	2.064507E-3	2.573680E-5	5.226659E-1	1.828157E+1
8.338858E+3	3.312800E+2	3.499759E+1	-1.006543E+0	2.545620E-6	2.094644E-3	2.545620E-5	5.200093E-1	1.819911E+1
8.350780E+3	3.310800E+2	3.501873E+1	-9.748589E-1	2.518540E-6	2.067473E-3	2.518540E-5	5.231661E-1	1.832118E+1
8.362474E+3	3.308900E+2	3.503883E+1	-9.792285E-1	2.492160E-6	2.062210E-3	2.492160E-5	5.130028E-1	1.797625E+1
8.375954E+3	3.306700E+2	3.506215E+1	-1.059803E+0	2.461780E-6	2.048927E-3	2.461780E-5	5.078875E-1	1.780797E+1
8.387843E+3	3.304600E+2	3.508443E+1	-1.042787E+0	2.435320E-6	2.110701E-3	2.435320E-5	5.155750E-1	1.808748E+1
8.399926E+3	3.302500E+2	3.510674E+1	-8.888889E-1	2.408320E-6	2.147050E-3	2.408320E-5	5.170392E-1	1.815058E+1
8.412076E+3	3.300700E+2	3.512588E+1	-1.066983E+0	2.381440E-6	2.131369E-3	2.381440E-5	5.272917E-1	1.852254E+1
8.423885E+3	3.298600E+2	3.514824E+1	-9.753077E-1	2.355600E-6	2.033935E-3	2.355600E-5	5.324133E-1	1.871289E+1
8.436804E+3	3.296500E+2	3.517064E+1	-9.329446E-1	2.327320E-6	2.168367E-3	2.327320E-5	5.174054E-1	1.819599E+1
8.447094E+3	3.294900E+2	3.518771E+1	-1.072158E+0	2.305640E-6	2.043687E-3	2.305640E-5	5.165815E-1	1.817927E+1
8.458846E+3	3.292800E+2	3.521016E+1	-9.944252E-1	2.280920E-6	2.045452E-3	2.280920E-5	5.163396E-1	1.818117E+1
8.472120E+3	3.290600E+2	3.523370E+1	-9.107775E-1	2.253480E-6	2.090944E-3	2.253480E-5	5.184332E-1	1.826528E+1
8.483978E+3	3.288800E+2	3.525298E+1	-9.960761E-1	2.229400E-6	2.042755E-3	2.229400E-5	5.204122E-1	1.834714E+1
8.497230E+3	3.286600E+2	3.527658E+1	-1.055100E+0	2.202480E-6	2.118299E-3	2.202480E-5	5.233024E-1	1.846004E+1
8.509172E+3	3.284500E+2	3.529913E+1	-9.183673E-1	2.178280E-6	2.083475E-3	2.178280E-5	5.154819E-1	1.819486E+1
8.520932E+3	3.282700E+2	3.531849E+1	-1.069156E+0	2.154560E-6	2.180086E-3	2.154560E-5	5.200369E-1	1.836726E+1
8.532717E+3	3.280600E+2	3.534110E+1	-9.733607E-1	2.130760E-6	2.129992E-3	2.130760E-5	5.209026E-1	1.840929E+1
8.544429E+3	3.278700E+2	3.536158E+1	-1.028807E+0	2.107440E-6	2.116386E-3	2.107440E-5	5.101485E-1	1.803971E+1
8.556093E+3	3.276700E+2	3.538316E+1	-1.031371E+0	2.084600E-6	2.093750E-3	2.084600E-5	5.231611E-1	1.851049E+1
8.567728E+3	3.274700E+2	3.540477E+1	-8.731382E-1	2.062220E-6	2.108792E-3	2.062220E-5	5.195699E-1	1.839519E+1
8.579410E+3	3.273000E+2	3.542316E+1	-1.033011E+0	2.040220E-6	2.038784E-3	2.040220E-5	5.160111E-1	1.828071E+1
8.592769E+3	3.270700E+2	3.544807E+1	-1.029248E+0	2.015480E-6	2.071251E-3	2.015480E-5	5.142202E-1	1.822782E+1
8.604428E+3	3.268700E+2	3.546976E+1	-9.551739E-1	1.993962E-6	2.119060E-3	1.993962E-5	5.181946E-1	1.837886E+1
8.616363E+3	3.266800E+2	3.549039E+1	-9.093665E-1	1.972274E-6	2.084520E-3	1.972274E-5	5.242278E-1	1.860596E+1
8.629559E+3	3.264800E+2	3.551213E+1	-1.092806E+0	1.947950E-6	2.210473E-3	1.947950E-5	5.319010E-1	1.888963E+1
8.641638E+3	3.262600E+2	3.553608E+1	-9.275079E-1	1.925662E-6	2.276176E-3	1.925662E-5	5.176287E-1	1.839372E+1
8.653929E+3	3.260700E+2	3.555678E+1	-1.104362E+0	1.903352E-6	2.242495E-3	1.903352E-5	5.108498E-1	1.816361E+1
8.664795E+3	3.258700E+2	3.557860E+1	-9.550138E-1	1.884264E-6	2.131288E-3	1.884264E-5	5.219068E-1	1.856924E+1
8.676732E+3	3.256800E+2	3.559936E+1	-9.761870E-1	1.863012E-6	2.146455E-3	1.863012E-5	5.152827E-1	1.834435E+1
8.690254E+3	3.254600E+2	3.562343E+1	-1.049530E+0	1.839118E-6	2.264888E-3	1.839118E-5	5.197993E-1	1.851651E+1
8.701116E+3	3.252700E+2	3.564423E+1	-9.985853E-1	1.820562E-6	2.179110E-3	1.820562E-5	5.139285E-1	1.831806E+1
8.713133E+3	3.250700E+2	3.566616E+1	-9.687288E-1	1.800196E-6	2.128281E-3	1.800196E-5	5.162514E-1	1.841317E+1
8.724901E+3	3.248800E+2	3.568702E+1	-9.756098E-1	1.780450E-6	2.144749E-3	1.780450E-5	5.248234E-1	1.872948E+1
8.738431E+3	3.246600E+2	3.571121E+1	-9.880849E-1	1.757832E-6	2.150336E-3	1.757832E-5	5.312071E-1	1.896901E+1
8.748754E+3	3.244900E+2	3.572991E+1	-9.467278E-1	1.740664E-6	2.249399E-3	1.740664E-5	5.257050E-1	1.878445E+1
8.762063E+3	3.242800E+2	3.575305E+1	-1.047294E+0	1.718842E-6	2.148069E-3	1.718842E-5	5.201706E-1	1.859861E+1
8.774094E+3	3.240700E+2	3.577622E+1	-1.012658E+0	1.699242E-6	2.150681E-3	1.699242E-5	5.161192E-1	1.846426E+1
8.785944E+3	3.238700E+2	3.579831E+1	-1.004689E+0	1.679936E-6	2.194417E-3	1.679936E-5	5.208018E-1	1.864284E+1
8.797888E+3	3.236700E+2	3.582043E+1	-9.139375E-1	1.660830E-6	2.198327E-3	1.660830E-5	5.205423E-1	1.864670E+1
8.809705E+3	3.234900E+2	3.584037E+1	-1.071748E+0	1.642244E-6	2.177087E-3	1.642244E-5	5.251388E-1	1.882254E+1
8.823141E+3	3.232500E+2	3.586698E+1	-9.077919E-1	1.621396E-6	2.128996E-3	1.621396E-5	5.220759E-1	1.872342E+1
8.835038E+3	3.230700E+2	3.588696E+1	-1.048238E+0	1.603100E-6	2.144232E-3	1.603100E-5	5.229146E-1	1.876510E+1
8.845341E+3	3.228900E+2	3.590697E+1	-9.556907E-1	1.587232E-6	2.223535E-3	1.587232E-5	5.256047E-1	1.887515E+1
8.859153E+3	3.226700E+2	3.593145E+1	-1.062305E+0	1.566098E-6	2.198779E-3	1.566098E-5	5.191497E-1	1.865377E+1
8.871014E+3	3.224600E+2	3.595485E+1	-9.619441E-1	1.548154E-6	2.293143E-3	1.548154E-5	5.194721E-1	1.867638E+1
8.882865E+3	3.222700E+2	3.597604E+1	-1.010697E+0	1.530716E-6	2.226147E-3	1.530716E-5	5.209937E-1	1.874265E+1
8.894738E+3	3.220700E+2	3.599839E+1	-9.237085E-1	1.513388E-6	2.180295E-3	1.513388E-5	5.342164E-1	1.923082E+1
8.906430E+3	3.218900E+2	3.601852E+1	-9.454491E-1	1.496628E-6	2.135441E-3	1.496628E-5	5.246510E-1	1.889853E+1
8.919757E+3	3.216800E+2	3.604203E+1	-1.088741E+0	1.477580E-6	2.135262E-3	1.477580E-5	5.237152E-1	1.887615E+1
8.931330E+3	3.214700E+2	3.606557E+1	-9.517449E-1	1.461202E-6	2.249789E-3	1.461202E-5	5.138135E-1	1.853098E+1
8.943308E+3	3.212800E+2	3.608690E+1	-1.047995E+0	1.444294E-6	2.185298E-3	1.444294E-5	5.141377E-1	1.855371E+1
8.956476E+3	3.210500E+2	3.611276E+1	-9.660921E-1	1.425676E-6	2.283667E-3	1.425676E-5	5.167337E-1	1.866034E+1
8.967034E+3	3.208800E+2	3.613189E+1	-1.054018E+0	1.411080E-6	2.206553E-3	1.411080E-5	5.133457E-1	1.854865E+1
8.980696E+3	3.206400E+2	3.615893E+1	-9.651779E-1	1.392342E-6	2.247434E-3	1.392342E-5	5.216828E-1	1.886175E+1
8.991264E+3	3.204700E+2	3.617811E+1	-9.402837E-1	1.378142E-6	2.226977E-3	1.378142E-5	5.190360E-1	1.877715E+1
9.003388E+3	3.202800E+2	3.619958E+1	-1.031460E+0	1.362142E-6	2.215998E-3	1.362142E-5	5.241260E-1	1.897471E+1
9.015022E+3	3.200800E+2	3.622219E+1	-9.598537E-1	1.346966E-6	2.155511E-3	1.346966E-5	5.253801E-1	1.903072E+1
9.028149E+3	3.198700E+2	3.624597E+1	-9.410599E-1	1.330074E-6	2.188795E-3	1.330074E-5	5.248486E-1	1.902295E+1
9.040263E+3	3.196800E+2	3.626752E+1	-9.942005E-1	1.314534E-6	2.222040E-3	1.314534E-5	5.270281E-1	1.911412E+1
9.052333E+3	3.194800E+2	3.629022E+1	-9.972575E-1	1.299228E-6	2.217545E-3	1.299228E-5	5.182408E-1	1.880838E+1
9.064366E+3	3.192800E+2	3.631295E+1	-1.035259E+0	1.284144E-6	2.166082E-3	1.284144E-5	5.096851E-1	1.850862E+1
9.077696E+3	3.190500E+2	3.633913E+1	-1.052529E+0	1.267254E-6	2.236495E-3	1.267254E-5	5.134988E-1	1.865904E+1
9.087957E+3	3.188700E+2	3.635964E+1	-9.562446E-1	1.254228E-6	2.421922E-3	1.254228E-5	5.191838E-1	1.887680E+1
9.101761E+3	3.186500E+2	3.638475E+1	-9.672831E-1	1.237426E-6	2.304519E-3	1.237426E-5	5.196304E-1	1.890564E+1
9.112306E+3	3.184800E+2	3.640417E+1	-1.038242E+0	1.224814E-6	2.239841E-3	1.224814E-5	5.165159E-1	1.880443E+1
9.123864E+3	3.182800E+2	3.642705E+1	-9.914376E-1	1.211036E-6	2.174076E-3	1.211036E-5	5.206095E-1	1.896483E+1
9.137178E+3	3.180600E+2	3.645224E+1	-8.860320E-1	1.195476E-6	2.179667E-3	1.195476E-5	5.253322E-1	1.914841E+1
9.148690E+3	3.178900E+2	3.647174E+1	-9.908422E-1	1.182138E-6	2.182449E-3	1.182138E-5	5.314169E-1	1.938250E+1
9.162012E+3	3.176700E+2	3.649699E+1	-9.746922E-1	1.166872E-6	2.210154E-3	1.166872E-5	5.273662E-1	1.924790E+1
9.173708E+3	3.174800E+2	3.651884E+1	-1.012736E+0	1.153596E-6	2.177950E-3	1.153596E-5	5.190151E-1	1.895422E+1
9.186742E+3	3.172600E+2	3.654416E+1	-9.878169E-1	1.138632E-6	2.351631E-3	1.138632E-5	5.182195E-1	1.893758E+1
9.198890E+3	3.170600E+2	3.656721E+1	-1.006627E+0	1.124994E-6	2.271263E-3	1.124994E-5	5.205776E-1	1.903515E+1
9.210811E+3	3.168600E+2	3.659029E+1	-9.550938E-1	1.111816E-6	2.266193E-3	1.111816E-5	5.224647E-1	1.911681E+1
9.222747E+3	3.166700E+2	3.661225E+1	-1.015400E+0	1.098732E-6	2.289897E-3	1.098732E-5	5.221869E-1	1.911880E+1
9.234565E+3	3.164700E+2	3.663538E+1	-9.912440E-1	1.085682E-6	2.330354E-3	1.085682E-5	5.292571E-1	1.939013E+1
9.246671E+3	3.162700E+2	3.665855E+1	-9.334025E-1	1.072720E-6	2.345439E-3	1.072720E-5	5.224114E-1	1.915153E+1
9.260170E+3	3.160600E+2	3.668291E+1	-1.054570E+0	1.058348E-6	2.333677E-3	1.058348E-5	5.277227E-1	1.935781E+1
9.272118E+3	3.158500E+2	3.670730E+1	-9.175091E-1	1.045856E-6	2.317660E-3	1.045856E-5	5.336087E-1	1.958564E+1
9.283889E+3	3.156700E+2	3.672823E+1	-9.651202E-1	1.033566E-6	2.279660E-3	1.033566E-5	5.278021E-1	1.938558E+1
9.295701E+3	3.154800E+2	3.675035E+1	-1.039690E+0	1.021162E-6	2.330795E-3	1.021162E-5	5.232511E-1	1.923146E+1
9.307820E+3	3.152700E+2	3.677483E+1	-1.045036E+0	1.008780E-6	2.340551E-3	1.008780E-5	5.146107E-1	1.892475E+1
9.319877E+3	3.150600E+2	3.679934E+1	-9.546140E-1	9.965620E-7	2.385568E-3	9.965620E-6	5.136391E-1	1.890054E+1
9.331819E+3	3.148700E+2	3.682155E+1	-9.889566E-1	9.846780E-7	2.335098E-3	9.846780E-6	5.183725E-1	1.908731E+1
9.343953E+3	3.146700E+2	3.684495E+1	-1.002255E+0	9.728020E-7	2.243252E-3	9.728020E-6	5.233311E-1	1.928276E+1
9.355926E+3	3.144700E+2	3.686838E+1	-9.523810E-1	9.612520E-7	2.252306E-3	9.612520E-6	5.194392E-1	1.915033E+1
9.369156E+3	3.142600E+2	3.689302E+1	-9.979454E-1	9.486760E-7	2.236776E-3	9.486760E-6	5.204301E-1	1.919954E+1
9.379377E+3	3.140900E+2	3.691299E+1	-9.828742E-1	9.390740E-7	2.288506E-3	9.390740E-6	5.169485E-1	1.908357E+1
9.392807E+3	3.138700E+2	3.693886E+1	-1.024590E+0	9.264660E-7	2.282181E-3	9.264660E-6	5.189972E-1	1.917074E+1
9.404519E+3	3.136700E+2	3.696241E+1	-9.251328E-1	9.156420E-7	2.297051E-3	9.156420E-6	5.275264E-1	1.949756E+1
9.416193E+3	3.134900E+2	3.698364E+1	-9.533898E-1	9.049100E-7	2.233401E-3	9.049100E-6	5.321024E-1	1.967978E+1
9.429409E+3	3.132800E+2	3.700843E+1	-9.761110E-1	8.929140E-7	2.251399E-3	8.929140E-6	5.224341E-1	1.933590E+1
9.441088E+3	3.130900E+2	3.703089E+1	-1.063987E+0	8.824760E-7	2.300619E-3	8.824760E-6	5.108915E-1	1.891938E+1
9.454622E+3	3.128500E+2	3.705929E+1	-9.683851E-1	8.705600E-7	2.310672E-3	8.705600E-6	5.094840E-1	1.887933E+1
9.465155E+3	3.126800E+2	3.707944E+1	-9.642611E-1	8.613840E-7	2.246911E-3	8.613840E-6	5.166478E-1	1.915664E+1
9.478222E+3	3.124700E+2	3.710436E+1	-9.521423E-1	8.500540E-7	2.312383E-3	8.500540E-6	5.250748E-1	1.948350E+1
9.490195E+3	3.122800E+2	3.712694E+1	-9.960761E-1	8.399400E-7	2.231072E-3	8.399400E-6	5.237503E-1	1.944570E+1
9.503447E+3	3.120600E+2	3.715311E+1	-9.603235E-1	8.288160E-7	2.324315E-3	8.288160E-6	5.279878E-1	1.961592E+1
9.515318E+3	3.118700E+2	3.717575E+1	-9.492956E-1	8.189140E-7	2.288316E-3	8.189140E-6	5.305175E-1	1.972240E+1
9.528591E+3	3.116600E+2	3.720080E+1	-9.789525E-1	8.076840E-7	2.419948E-3	8.076840E-6	5.320039E-1	1.979102E+1
9.540849E+3	3.114600E+2	3.722468E+1	-9.883865E-1	7.977000E-7	2.404536E-3	7.977000E-6	5.261233E-1	1.958456E+1
9.552990E+3	3.112600E+2	3.724860E+1	-9.906712E-1	7.878480E-7	2.448665E-3	7.878480E-6	5.222768E-1	1.945376E+1
9.565103E+3	3.110600E+2	3.727255E+1	-9.451953E-1	7.781440E-7	2.361239E-3	7.781440E-6	5.228628E-1	1.948810E+1
9.577164E+3	3.108700E+2	3.729533E+1	-9.965950E-1	7.687020E-7	2.374326E-3	7.687020E-6	5.213336E-1	1.944371E+1
9.589205E+3	3.106700E+2	3.731934E+1	-9.974233E-1	7.592420E-7	2.378573E-3	7.592420E-6	5.245925E-1	1.957745E+1
9.601236E+3	3.104700E+2	3.734338E+1	-9.361912E-1	7.499360E-7	2.348014E-3	7.499360E-6	5.236267E-1	1.955363E+1
9.613413E+3	3.102800E+2	3.736625E+1	-9.883865E-1	7.406340E-7	2.429724E-3	7.406340E-6	5.235742E-1	1.956440E+1
9.625554E+3	3.100800E+2	3.739035E+1	-9.953550E-1	7.314800E-7	2.373882E-3	7.314800E-6	5.194572E-1	1.942406E+1
9.637610E+3	3.098800E+2	3.741448E+1	-9.957428E-1	7.224620E-7	2.432009E-3	7.224620E-6	5.187221E-1	1.940752E+1
9.651469E+3	3.096500E+2	3.744227E+1	-9.281640E-1	7.122920E-7	2.351059E-3	7.122920E-6	5.237407E-1	1.960820E+1
9.661812E+3	3.094900E+2	3.746163E+1	-9.667497E-1	7.047360E-7	2.380672E-3	7.047360E-6	5.280610E-1	1.978282E+1
9.675466E+3	3.092700E+2	3.748828E+1	-9.549338E-1	6.949400E-7	2.361714E-3	6.949400E-6	5.319476E-1	1.994235E+1
9.687404E+3	3.090800E+2	3.751132E+1	-9.420561E-1	6.865540E-7	2.319383E-3	6.865540E-6	5.314803E-1	1.993593E+1
9.700779E+3	3.088700E+2	3.753683E+1	-9.244201E-1	6.772400E-7	2.318397E-3	6.772400E-6	5.352470E-1	2.009105E+1
9.712462E+3	3.086900E+2	3.755872E+1	-9.365245E-1	6.692880E-7	2.346000E-3	6.692880E-6	5.256613E-1	1.974438E+1
9.725916E+3	3.084800E+2	3.758428E+1	-1.058646E+0	6.601660E-7	2.290376E-3	6.601660E-6	5.167177E-1	1.942090E+1
9.737818E+3	3.082700E+2	3.760989E+1	-9.663474E-1	6.520660E-7	2.405523E-3	6.520660E-6	5.129887E-1	1.929214E+1
9.749615E+3	3.080800E+2	3.763308E+1	-9.557344E-1	6.442480E-7	2.297341E-3	6.442480E-6	5.154590E-1	1.939821E+1
9.761543E+3	3.078900E+2	3.765631E+1	-9.559939E-1	6.364020E-7	2.234097E-3	6.364020E-6	5.261604E-1	1.981461E+1
9.774723E+3	3.076800E+2	3.768201E+1	-9.616118E-1	6.278520E-7	2.243927E-3	6.278520E-6	5.238104E-1	1.973861E+1
9.787826E+3	3.074700E+2	3.770774E+1	-9.744214E-1	6.193560E-7	2.415689E-3	6.193560E-6	5.263050E-1	1.984446E+1
9.800141E+3	3.072700E+2	3.773229E+1	-9.049774E-1	6.116880E-7	2.357443E-3	6.116880E-6	5.273984E-1	1.989923E+1
9.812075E+3	3.070900E+2	3.775440E+1	-9.393872E-1	6.042560E-7	2.368299E-3	6.042560E-6	5.269647E-1	1.989666E+1
9.825488E+3	3.068800E+2	3.778024E+1	-9.562116E-1	5.961680E-7	2.249203E-3	5.961680E-6	5.223539E-1	1.973543E+1
9.838665E+3	3.066700E+2	3.780611E+1	-9.940358E-1	5.881880E-7	2.341669E-3	5.881880E-6	5.147248E-1	1.945882E+1
9.850737E+3	3.064700E+2	3.783078E+1	-9.500000E-1	5.809840E-7	2.338311E-3	5.809840E-6	5.139301E-1	1.944140E+1
9.862737E+3	3.062800E+2	3.785425E+1	-9.592730E-1	5.739260E-7	2.295244E-3	5.739260E-6	5.197764E-1	1.967600E+1
9.874621E+3	3.060900E+2	3.787775E+1	-9.048474E-1	5.669720E-7	2.370543E-3	5.669720E-6	5.327710E-1	2.018113E+1
9.888546E+3	3.058800E+2	3.790375E+1	-8.835874E-1	5.590860E-7	2.338997E-3	5.590860E-6	5.362014E-1	2.032368E+1
9.902127E+3	3.056800E+2	3.792855E+1	-9.473947E-1	5.514560E-7	2.345495E-3	5.514560E-6	5.332893E-1	2.022599E+1
9.914160E+3	3.054900E+2	3.795214E+1	-9.404389E-1	5.447200E-7	2.421489E-3	5.447200E-6	5.307834E-1	2.014543E+1
9.926282E+3	3.053000E+2	3.797576E+1	-8.879737E-1	5.381680E-7	2.291845E-3	5.381680E-6	5.251701E-1	1.994517E+1
9.941823E+3	3.050700E+2	3.800439E+1	-9.418374E-1	5.298360E-7	2.396322E-3	5.298360E-6	5.260687E-1	1.999184E+1
9.953927E+3	3.048800E+2	3.802808E+1	-9.064129E-1	5.234540E-7	2.295750E-3	5.234540E-6	5.252344E-1	1.997244E+1
9.967166E+3	3.046800E+2	3.805304E+1	-9.176651E-1	5.166220E-7	2.231395E-3	5.166220E-6	5.194473E-1	1.976618E+1
9.978935E+3	3.045000E+2	3.807553E+1	-9.195402E-1	5.106300E-7	2.223413E-3	5.106300E-6	5.176611E-1	1.971200E+1
9.991985E+3	3.043000E+2	3.810056E+1	-9.283552E-1	5.040580E-7	2.227204E-3	5.040580E-6	5.200341E-1	1.981495E+1
1.000685E+4	3.040700E+2	3.812938E+1	-8.490355E-1	4.967100E-7	2.209350E-3	4.967100E-6	5.273159E-1	2.010502E+1
1.002028E+4	3.038800E+2	3.815322E+1	-8.579015E-1	4.903040E-7	2.134992E-3	4.903040E-6	5.341159E-1	2.037757E+1
1.003496E+4	3.036700E+2	3.817960E+1	-8.460111E-1	4.833300E-7	2.208484E-3	4.833300E-6	5.386783E-1	2.056584E+1
1.004844E+4	3.034800E+2	3.820351E+1	-8.424475E-1	4.771940E-7	2.196798E-3	4.771940E-6	5.345976E-1	2.042357E+1
1.006197E+4	3.032900E+2	3.822744E+1	-8.451838E-1	4.711580E-7	2.117618E-3	4.711580E-6	5.279972E-1	2.018479E+1
1.007688E+4	3.030800E+2	3.825393E+1	-8.515724E-1	4.645900E-7	2.164830E-3	4.645900E-6	5.187837E-1	1.984558E+1
1.009027E+4	3.028900E+2	3.827792E+1	-8.499157E-1	4.589120E-7	2.126651E-3	4.589120E-6	5.233726E-1	2.003330E+1
1.010509E+4	3.026800E+2	3.830448E+1	-7.245891E-1	4.528700E-7	2.067059E-3	4.528700E-6	5.243217E-1	2.008306E+1
1.012000E+4	3.025000E+2	3.832727E+1	-7.960727E-1	4.469580E-7	2.024113E-3	4.469580E-6	5.224638E-1	2.002544E+1
1.013507E+4	3.023000E+2	3.835263E+1	-7.819288E-1	4.412620E-7	1.917234E-3	4.412620E-6	5.265091E-1	2.019313E+1
1.015118E+4	3.020900E+2	3.837929E+1	-6.703911E-1	4.354000E-7	1.881364E-3	4.354000E-6	5.232201E-1	2.007993E+1
1.016640E+4	3.019200E+2	3.840090E+1	-6.842214E-1	4.301780E-7	1.808383E-3	4.301780E-6	5.266412E-1	2.022470E+1
1.018569E+4	3.017000E+2	3.842890E+1	-6.941907E-1	4.238420E-7	1.694432E-3	4.238420E-6	5.322340E-1	2.045310E+1
1.020211E+4	3.015100E+2	3.845312E+1	-6.033789E-1	4.186720E-7	1.737413E-3	4.186720E-6	5.326181E-1	2.048010E+1
1.022200E+4	3.013100E+2	3.847864E+1	-5.880532E-1	4.128280E-7	1.559189E-3	4.128280E-6	5.406371E-1	2.080219E+1
1.024139E+4	3.011200E+2	3.850292E+1	-5.579377E-1	4.073900E-7	1.494316E-3	4.073900E-6	5.446453E-1	2.097085E+1
1.026074E+4	3.009400E+2	3.852595E+1	-5.545287E-1	4.022540E-7	1.427076E-3	4.022540E-6	5.357589E-1	2.064225E+1
1.028455E+4	3.007200E+2	3.855414E+1	-5.456895E-1	3.962900E-7	1.380858E-3	3.962900E-6	5.346938E-1	2.061388E+1
1.030544E+4	3.005300E+2	3.857851E+1	-4.804248E-1	3.913500E-7	1.337794E-3	3.913500E-6	5.282199E-1	2.037728E+1
1.032917E+4	3.003400E+2	3.860292E+1	-5.020500E-1	3.860560E-7	1.282210E-3	3.860560E-6	5.291873E-1	2.042857E+1
1.035307E+4	3.001400E+2	3.862864E+1	-4.476030E-1	3.810900E-7	1.199195E-3	3.810900E-6	5.297631E-1	2.046474E+1
1.037854E+4	2.999500E+2	3.865311E+1	-4.330425E-1	3.760740E-7	1.143639E-3	3.760740E-6	5.283970E-1	2.042460E+1
1.040902E+4	2.997300E+2	3.868148E+1	-4.026545E-1	3.704980E-7	1.058572E-3	3.704980E-6	5.374121E-1	2.078670E+1
1.043584E+4	2.995500E+2	3.870472E+1	-3.696061E-1	3.658840E-7	1.046034E-3	3.658840E-6	5.338979E-1	2.066447E+1
1.046831E+4	2.993500E+2	3.873058E+1	-3.738551E-1	3.607220E-7	1.003834E-3	3.607220E-6	5.239448E-1	2.029389E+1
1.050041E+4	2.991500E+2	3.875648E+1	-3.641408E-1	3.559720E-7	9.462910E-4	3.559720E-6	5.285379E-1	2.048393E+1
1.053501E+4	2.989400E+2	3.878370E+1	-2.809793E-1	3.512260E-7	8.779260E-4	3.512260E-6	5.312228E-1	2.060117E+1
1.057345E+4	2.987600E+2	3.880707E+1	-2.994012E-1	3.463620E-7	7.989123E-4	3.463620E-6	5.382290E-1	2.088712E+1
1.061152E+4	2.985700E+2	3.883176E+1	-2.752357E-1	3.419120E-7	7.353818E-4	3.419120E-6	5.392722E-1	2.094215E+1
1.065512E+4	2.983700E+2	3.885779E+1	-2.554061E-1	3.372380E-7	7.033993E-4	3.372380E-6	5.351077E-1	2.079302E+1
1.070211E+4	2.981700E+2	3.888386E+1	-2.174991E-1	3.326380E-7	6.371593E-4	3.326380E-6	5.351669E-1	2.080936E+1
1.075452E+4	2.979800E+2	3.890865E+1	-2.230523E-1	3.279740E-7	6.027509E-4	3.279740E-6	5.317095E-1	2.068863E+1
1.081101E+4	2.977700E+2	3.893609E+1	-1.969967E-1	3.234440E-7	5.576259E-4	3.234440E-6	5.326743E-1	2.073987E+1
1.086888E+4	2.975800E+2	3.896095E+1	-1.687882E-1	3.192760E-7	4.905491E-4	3.192760E-6	5.298338E-1	2.064243E+1
1.093997E+4	2.973800E+2	3.898715E+1	-1.579210E-1	3.146720E-7	4.524481E-4	3.146720E-6	5.372409E-1	2.094583E+1
1.101216E+4	2.971900E+2	3.901208E+1	-1.378812E-1	3.105500E-7	4.073132E-4	3.105500E-6	5.350018E-1	2.087241E+1
1.110354E+4	2.969800E+2	3.903967E+1	-1.254731E-1	3.059760E-7	3.569709E-4	3.059760E-6	5.269930E-1	2.057333E+1
1.119918E+4	2.967800E+2	3.906597E+1	-1.097262E-1	3.018200E-7	3.354393E-4	3.018200E-6	5.184950E-1	2.025459E+1
1.130308E+4	2.965900E+2	3.909100E+1	-1.010012E-1	2.979320E-7	2.549592E-4	2.979320E-6	5.126425E-1	2.004010E+1
1.141595E+4	2.964000E+2	3.911606E+1	-8.068699E-2	2.942600E-7	2.366681E-4	2.942600E-6	5.106236E-1	1.997434E+1
1.157211E+4	2.961900E+2	3.914379E+1	-6.972989E-2	2.900280E-7	1.910422E-4	2.900280E-6	NaN	NaN
1.173559E+4	2.960000E+2	3.916892E+1	NaN	2.863560E-7	1.890286E-4	2.863560E-6	NaN	NaN
--------------------
5/30/2024 6:17 PM
