6/24/2024
4:45 PM
fast cooling down 470_2024.06.24_COND_FILE END.txt

Data taken by: Akshat Sharma
ammeter is Keithley 6517A at GPIB0::27::INSTR
voltage source is Keithley 6517A at GPIB0::27::INSTR
temperature controller is Lake Shore 330 at GPIB0::12::INSTR with the settings: control sensor=A;sample sensor=;loop=1
Readings: 1
Voltage (V): 100
Geo Factor: 1000
Ea Window (pts): 5
Shut off V when done?: TRUE
Mconnect?: TRUE
Use Abs(Cond)?: TRUE
Rate (K/min): 20
Heater: Off
DESCRIPTION
********************
Time (s)	Temperature (K)	1/kT (1/eV)	Rate (K/min)	Current (A)	Current Std Dev/Mean	Conductivity (Ohm-cm)^-1	Ea (eV)	Reduced Ea	
1.722000E+0	4.699700E+2	2.466966E+1	NaN	3.118300E-4	NaN	3.118300E-3	NaN	NaN
8.504000E+0	4.691200E+2	2.471436E+1	-6.078861E+0	3.082200E-4	NaN	3.082200E-3	NaN	NaN
1.155200E+1	4.680100E+2	2.477297E+1	-7.480167E+0	3.032700E-4	NaN	3.032700E-3	NaN	NaN
1.435700E+1	4.665100E+2	2.485263E+1	-1.541392E+1	2.945600E-4	NaN	2.945600E-3	NaN	NaN
1.728300E+1	4.646600E+2	2.495158E+1	-2.668485E+1	2.839100E-4	NaN	2.839100E-3	NaN	NaN
2.003500E+1	4.627500E+2	2.505457E+1	-3.509299E+1	2.726000E-4	NaN	2.726000E-3	NaN	NaN
2.300300E+1	4.607500E+2	2.516332E+1	-3.971339E+1	2.595500E-4	NaN	2.595500E-3	NaN	NaN
2.587600E+1	4.586900E+2	2.527633E+1	-4.100638E+1	2.470700E-4	NaN	2.470700E-3	3.696912E-1	9.205037E+0
2.873800E+1	4.573000E+2	2.535316E+1	-4.169817E+1	2.338400E-4	NaN	2.338400E-3	3.833957E-1	9.565446E+0
3.163100E+1	4.552100E+2	2.546956E+1	-3.609860E+1	2.212200E-4	NaN	2.212200E-3	4.069580E-1	1.016816E+1
3.457800E+1	4.531200E+2	2.558704E+1	-3.629425E+1	2.090800E-4	NaN	2.090800E-3	4.234935E-1	1.060078E+1
3.752500E+1	4.510300E+2	2.570561E+1	-4.294398E+1	1.974610E-4	NaN	1.974610E-3	4.353174E-1	1.091896E+1
4.033500E+1	4.488000E+2	2.583333E+1	-4.255175E+1	1.863380E-4	NaN	1.863380E-3	4.439945E-1	1.116043E+1
4.340900E+1	4.467400E+2	2.595246E+1	-4.500338E+1	1.754320E-4	NaN	1.754320E-3	4.494234E-1	1.132280E+1
4.641500E+1	4.447000E+2	2.607151E+1	-4.369051E+1	1.649770E-4	NaN	1.649770E-3	4.545579E-1	1.147793E+1
4.922200E+1	4.426900E+2	2.618988E+1	-4.045958E+1	1.560010E-4	NaN	1.560010E-3	4.642611E-1	1.175988E+1
5.221400E+1	4.406900E+2	2.630874E+1	-4.179006E+1	1.467090E-4	NaN	1.467090E-3	4.724115E-1	1.200806E+1
5.515400E+1	4.387200E+2	2.642688E+1	-4.147474E+1	1.383440E-4	NaN	1.383440E-3	4.809790E-1	1.227382E+1
5.815000E+1	4.374100E+2	2.650602E+1	-4.015495E+1	1.301320E-4	NaN	1.301320E-3	4.875600E-1	1.249380E+1
6.094700E+1	4.354800E+2	2.662350E+1	-3.313168E+1	1.229000E-4	NaN	1.229000E-3	4.972045E-1	1.279095E+1
6.384700E+1	4.335700E+2	2.674078E+1	-3.347105E+1	1.159590E-4	NaN	1.159590E-3	5.036925E-1	1.301020E+1
6.664000E+1	4.315600E+2	2.686533E+1	-4.043666E+1	1.095960E-4	NaN	1.095960E-3	5.073721E-1	1.315905E+1
6.954100E+1	4.296900E+2	2.698224E+1	-4.130243E+1	1.034700E-4	NaN	1.034700E-3	5.081100E-1	1.323371E+1
7.255800E+1	4.278700E+2	2.709702E+1	-4.087091E+1	9.745700E-5	NaN	9.745700E-4	5.065615E-1	1.324796E+1
7.537400E+1	4.260600E+2	2.721213E+1	-3.740319E+1	9.218000E-5	NaN	9.218000E-4	5.091815E-1	1.337732E+1
7.842300E+1	4.248500E+2	2.728963E+1	-3.732568E+1	8.667400E-5	NaN	8.667400E-4	5.106376E-1	1.347729E+1
8.115600E+1	4.230800E+2	2.740380E+1	-3.079766E+1	8.224600E-5	NaN	8.224600E-4	5.163933E-1	1.368658E+1
8.397500E+1	4.213400E+2	2.751697E+1	-3.078704E+1	7.772900E-5	NaN	7.772900E-4	5.198750E-1	1.383853E+1
8.694700E+1	4.196200E+2	2.762976E+1	-3.792757E+1	7.341600E-5	NaN	7.341600E-4	5.209417E-1	1.392590E+1
8.990400E+1	4.179200E+2	2.774215E+1	-3.583857E+1	6.925400E-5	NaN	6.925400E-4	5.212858E-1	1.399432E+1
9.283200E+1	4.161300E+2	2.786149E+1	-3.460964E+1	6.543700E-5	NaN	6.543700E-4	5.215239E-1	1.405972E+1
9.589000E+1	4.144900E+2	2.797172E+1	-3.558019E+1	6.175300E-5	NaN	6.175300E-4	5.191029E-1	1.405336E+1
9.887400E+1	4.128600E+2	2.808216E+1	-3.436393E+1	5.830200E-5	NaN	5.830200E-4	5.167635E-1	1.404692E+1
1.017950E+2	4.112700E+2	2.819073E+1	-3.247147E+1	5.513900E-5	NaN	5.513900E-4	5.137903E-1	1.402064E+1
1.047280E+2	4.097000E+2	2.829876E+1	-3.271824E+1	5.214400E-5	NaN	5.214400E-4	5.156509E-1	1.413171E+1
1.076680E+2	4.081500E+2	2.840622E+1	-3.238793E+1	4.939200E-5	NaN	4.939200E-4	5.169957E-1	1.422846E+1
1.106310E+2	4.066200E+2	2.851311E+1	-3.187458E+1	4.668900E-5	NaN	4.668900E-4	5.176734E-1	1.430645E+1
1.136740E+2	4.051100E+2	2.861939E+1	-3.130569E+1	4.409100E-5	NaN	4.409100E-4	5.167425E-1	1.433723E+1
1.165650E+2	4.040200E+2	2.869660E+1	-3.036695E+1	4.181500E-5	NaN	4.181500E-4	5.155368E-1	1.435831E+1
1.193280E+2	4.025500E+2	2.880139E+1	-2.631968E+1	3.976000E-5	NaN	3.976000E-4	5.171024E-1	1.445148E+1
1.223600E+2	4.011000E+2	2.890551E+1	-2.713154E+1	3.758600E-5	NaN	3.758600E-4	5.162691E-1	1.447696E+1
1.254500E+2	3.996800E+2	2.900821E+1	-3.020806E+1	3.555400E-5	NaN	3.555400E-4	5.210773E-1	1.466740E+1
1.283920E+2	3.982700E+2	2.911090E+1	-2.812629E+1	3.368700E-5	NaN	3.368700E-4	5.248159E-1	1.482886E+1
1.314190E+2	3.968800E+2	2.921286E+1	-2.814503E+1	3.192800E-5	NaN	3.192800E-4	5.280098E-1	1.497631E+1
1.342920E+2	3.955200E+2	2.931331E+1	-2.814256E+1	3.033700E-5	NaN	3.033700E-4	5.307601E-1	1.511233E+1
1.372590E+2	3.941600E+2	2.941445E+1	-2.796241E+1	2.876600E-5	NaN	2.876600E-4	5.329685E-1	1.523393E+1
1.402120E+2	3.927400E+2	2.952080E+1	-2.794279E+1	2.731600E-5	NaN	2.731600E-4	5.334623E-1	1.530529E+1
1.432830E+2	3.914300E+2	2.961960E+1	-2.817514E+1	2.588800E-5	NaN	2.588800E-4	5.327053E-1	1.534140E+1
1.462070E+2	3.901400E+2	2.971754E+1	-2.718060E+1	2.461100E-5	NaN	2.461100E-4	5.321584E-1	1.538219E+1
1.491280E+2	3.888800E+2	2.981382E+1	-2.601811E+1	2.339500E-5	NaN	2.339500E-4	5.308799E-1	1.540053E+1
1.521860E+2	3.876300E+2	2.990997E+1	-2.617627E+1	2.221800E-5	NaN	2.221800E-4	5.291956E-1	1.540534E+1
1.553000E+2	3.863900E+2	3.000595E+1	-2.518298E+1	2.106800E-5	NaN	2.106800E-4	5.269486E-1	1.539170E+1
1.581300E+2	3.851700E+2	3.010099E+1	-2.420513E+1	1.997730E-5	NaN	1.997730E-4	5.250975E-1	1.538755E+1
1.610130E+2	3.839700E+2	3.019507E+1	-2.481609E+1	1.915080E-5	NaN	1.915080E-4	5.240457E-1	1.540484E+1
1.639590E+2	3.827100E+2	3.029448E+1	-2.541434E+1	1.823850E-5	NaN	1.823850E-4	5.242719E-1	1.546384E+1
1.670130E+2	3.819400E+2	3.035555E+1	-2.532291E+1	1.733680E-5	NaN	1.733680E-4	5.225105E-1	1.546420E+1
1.697890E+2	3.807900E+2	3.044723E+1	-2.026841E+1	1.655780E-5	NaN	1.655780E-4	5.258751E-1	1.561139E+1
1.728320E+2	3.796500E+2	3.053865E+1	-1.968278E+1	1.576810E-5	NaN	1.576810E-4	5.289269E-1	1.575091E+1
1.757570E+2	3.785200E+2	3.062982E+1	-2.359417E+1	1.503710E-5	NaN	1.503710E-4	5.320296E-1	1.589322E+1
1.787690E+2	3.774100E+2	3.071991E+1	-2.281940E+1	1.432820E-5	NaN	1.432820E-4	5.348355E-1	1.602800E+1
1.817930E+2	3.763200E+2	3.080889E+1	-2.263509E+1	1.365840E-5	NaN	1.365840E-4	5.371471E-1	1.614902E+1
1.847490E+2	3.752400E+2	3.089756E+1	-2.186863E+1	1.302730E-5	NaN	1.302730E-4	5.394115E-1	1.626936E+1
1.876960E+2	3.741800E+2	3.098509E+1	-2.177202E+1	1.243830E-5	NaN	1.243830E-4	5.400361E-1	1.633927E+1
1.905200E+2	3.730500E+2	3.107894E+1	-2.175174E+1	1.190590E-5	NaN	1.190590E-4	5.406335E-1	1.640828E+1
1.935130E+2	3.720100E+2	3.116583E+1	-2.276040E+1	1.136580E-5	NaN	1.136580E-4	5.387103E-1	1.640130E+1
1.962980E+2	3.709900E+2	3.125152E+1	-2.236739E+1	1.089890E-5	NaN	1.089890E-4	5.365530E-1	1.638592E+1
1.993120E+2	3.699900E+2	3.133598E+1	-2.138474E+1	1.040170E-5	NaN	1.040170E-4	5.333943E-1	1.633858E+1
2.023070E+2	3.693300E+2	3.139198E+1	-2.088657E+1	1.016540E-5	NaN	1.016540E-4	5.314508E-1	1.632664E+1
2.051490E+2	3.683500E+2	3.147550E+1	-1.657866E+1	9.747800E-6	NaN	9.747800E-5	5.285818E-1	1.628188E+1
2.079670E+2	3.673800E+2	3.155860E+1	-1.682538E+1	9.348900E-6	NaN	9.348900E-5	5.228164E-1	1.614618E+1
2.108620E+2	3.664100E+2	3.164215E+1	-2.067140E+1	8.954600E-6	NaN	8.954600E-5	5.152612E-1	1.595212E+1
2.138230E+2	3.654000E+2	3.172961E+1	-2.037335E+1	8.578100E-6	NaN	8.578100E-5	5.131682E-1	1.593133E+1
2.168020E+2	3.644700E+2	3.181057E+1	-2.028757E+1	8.209200E-6	NaN	8.209200E-5	5.100296E-1	1.587835E+1
2.196500E+2	3.635500E+2	3.189107E+1	-1.959508E+1	7.883600E-6	NaN	7.883600E-5	5.082154E-1	1.586582E+1
2.225570E+2	3.629500E+2	3.194379E+1	-1.904682E+1	7.559500E-6	NaN	7.559500E-5	5.063495E-1	1.585105E+1
2.254010E+2	3.617600E+2	3.204887E+1	-1.583513E+1	7.260100E-6	NaN	7.260100E-5	5.095462E-1	1.599089E+1
2.285730E+2	3.608800E+2	3.212702E+1	-1.865179E+1	6.941500E-6	NaN	6.941500E-5	5.092212E-1	1.602495E+1
2.315790E+2	3.600100E+2	3.220466E+1	-2.056838E+1	6.656300E-6	NaN	6.656300E-5	5.112372E-1	1.613213E+1
2.345530E+2	3.594400E+2	3.225573E+1	-1.699257E+1	6.384700E-6	NaN	6.384700E-5	5.145059E-1	1.627886E+1
2.374030E+2	3.585900E+2	3.233219E+1	-1.445339E+1	6.143400E-6	NaN	6.143400E-5	5.208811E-1	1.651904E+1
2.403550E+2	3.577000E+2	3.241264E+1	-1.460644E+1	5.904700E-6	NaN	5.904700E-5	5.270285E-1	1.675309E+1
2.432230E+2	3.568600E+2	3.248893E+1	-1.799437E+1	5.682300E-6	NaN	5.682300E-5	5.312432E-1	1.692671E+1
2.462710E+2	3.560600E+2	3.256193E+1	-1.783629E+1	5.455400E-6	NaN	5.455400E-5	5.356436E-1	1.710666E+1
2.491450E+2	3.552600E+2	3.263525E+1	-1.662362E+1	5.253000E-6	NaN	5.253000E-5	5.387682E-1	1.724954E+1
2.521500E+2	3.544700E+2	3.270799E+1	-1.620608E+1	5.048000E-6	NaN	5.048000E-5	5.406474E-1	1.735299E+1
2.548940E+2	3.536800E+2	3.278105E+1	-1.622381E+1	4.871400E-6	NaN	4.871400E-5	5.419291E-1	1.743724E+1
2.578840E+2	3.531700E+2	3.282838E+1	-1.647850E+1	4.687400E-6	NaN	4.687400E-5	5.413824E-1	1.746256E+1
2.607070E+2	3.524000E+2	3.290011E+1	-1.355285E+1	4.524000E-6	NaN	4.524000E-5	5.436575E-1	1.757371E+1
2.637780E+2	3.515900E+2	3.297591E+1	-1.318244E+1	4.353400E-6	NaN	4.353400E-5	5.445240E-1	1.763992E+1
2.666660E+2	3.508400E+2	3.304640E+1	-1.608037E+1	4.196800E-6	NaN	4.196800E-5	5.429970E-1	1.762885E+1
2.696200E+2	3.501100E+2	3.311531E+1	-1.570858E+1	4.046800E-6	NaN	4.046800E-5	5.462514E-1	1.777868E+1
2.726350E+2	3.493800E+2	3.318450E+1	-1.519885E+1	3.900700E-6	NaN	3.900700E-5	5.427000E-1	1.770159E+1
2.755990E+2	3.486700E+2	3.325207E+1	-1.467531E+1	3.761400E-6	NaN	3.761400E-5	5.395691E-1	1.763691E+1
2.788910E+2	3.479800E+2	3.331801E+1	-1.445080E+1	3.613500E-6	NaN	3.613500E-5	5.361497E-1	1.756097E+1
2.819010E+2	3.472900E+2	3.338420E+1	-1.341147E+1	3.487100E-6	NaN	3.487100E-5	5.398117E-1	1.772058E+1
2.848910E+2	3.466000E+2	3.345066E+1	-1.312992E+1	3.366100E-6	NaN	3.366100E-5	5.425827E-1	1.785118E+1
2.879610E+2	3.458700E+2	3.352127E+1	-1.379995E+1	3.247800E-6	NaN	3.247800E-5	5.436482E-1	1.792474E+1
2.909880E+2	3.452100E+2	3.358535E+1	-1.406033E+1	3.135200E-6	NaN	3.135200E-5	5.425816E-1	1.792771E+1
2.939910E+2	3.445400E+2	3.365066E+1	-1.368025E+1	3.029800E-6	NaN	3.029800E-5	5.422203E-1	1.795299E+1
2.969260E+2	3.438900E+2	3.371427E+1	-1.323363E+1	2.930000E-6	NaN	2.930000E-5	5.406403E-1	1.793686E+1
3.000570E+2	3.432500E+2	3.377713E+1	-1.333801E+1	2.828900E-6	NaN	2.828900E-5	5.388700E-1	1.791311E+1
3.030930E+2	3.426200E+2	3.383924E+1	-1.275414E+1	2.733800E-6	NaN	2.733800E-5	5.359055E-1	1.784762E+1
3.060500E+2	3.420000E+2	3.390058E+1	-1.235561E+1	2.646700E-6	NaN	2.646700E-5	5.383316E-1	1.796519E+1
3.088530E+2	3.413900E+2	3.396116E+1	-1.251432E+1	2.565400E-6	NaN	2.565400E-5	5.394774E-1	1.803995E+1
3.118510E+2	3.407400E+2	3.402594E+1	-1.281038E+1	2.483500E-6	NaN	2.483500E-5	5.392018E-1	1.806610E+1
3.146520E+2	3.401300E+2	3.408697E+1	-1.303196E+1	2.410700E-6	NaN	2.410700E-5	5.374876E-1	1.804403E+1
3.177490E+2	3.395400E+2	3.414620E+1	-1.303640E+1	2.332600E-6	NaN	2.332600E-5	5.343818E-1	1.797465E+1
3.205220E+2	3.389500E+2	3.420564E+1	-1.219389E+1	2.265800E-6	NaN	2.265800E-5	5.316704E-1	1.791733E+1
3.235170E+2	3.383600E+2	3.426528E+1	-1.204909E+1	2.195300E-6	NaN	2.195300E-5	5.279425E-1	1.782506E+1
3.264780E+2	3.377900E+2	3.432310E+1	-1.226856E+1	2.129600E-6	NaN	2.129600E-5	5.264323E-1	1.780756E+1
3.295750E+2	3.372300E+2	3.438010E+1	-1.168595E+1	2.062700E-6	NaN	2.062700E-5	5.252324E-1	1.780017E+1
3.327220E+2	3.366700E+2	3.443728E+1	-1.118919E+1	1.995740E-6	NaN	1.995740E-5	5.249793E-1	1.782436E+1
3.356940E+2	3.360800E+2	3.449774E+1	-1.076210E+1	1.938630E-6	NaN	1.938630E-5	5.251965E-1	1.786327E+1
3.386830E+2	3.355500E+2	3.455223E+1	-1.127048E+1	1.882100E-6	NaN	1.882100E-5	5.247576E-1	1.788040E+1
3.416940E+2	3.350100E+2	3.460792E+1	-1.127267E+1	1.827290E-6	NaN	1.827290E-5	5.245650E-1	1.790505E+1
3.446180E+2	3.344800E+2	3.466276E+1	-1.070007E+1	1.775650E-6	NaN	1.775650E-5	5.243783E-1	1.792953E+1
3.476060E+2	3.339600E+2	3.471673E+1	-1.081691E+1	1.724650E-6	NaN	1.724650E-5	5.250002E-1	1.798156E+1
3.507150E+2	3.334500E+2	3.476983E+1	-1.065551E+1	1.673310E-6	NaN	1.673310E-5	5.267288E-1	1.807148E+1
3.537310E+2	3.329300E+2	3.482414E+1	-1.013415E+1	1.626560E-6	NaN	1.626560E-5	5.295961E-1	1.820055E+1
3.566990E+2	3.325900E+2	3.485974E+1	-1.008852E+1	1.582310E-6	NaN	1.582310E-5	5.320501E-1	1.831597E+1
3.596010E+2	3.320600E+2	3.491538E+1	-8.627635E+0	1.540150E-6	NaN	1.540150E-5	5.373814E-1	1.852773E+1
3.623990E+2	3.315700E+2	3.496698E+1	-8.885022E+0	1.500460E-6	NaN	1.500460E-5	5.399776E-1	1.864630E+1
3.654700E+2	3.310700E+2	3.501978E+1	-1.073821E+1	1.458260E-6	NaN	1.458260E-5	5.423998E-1	1.875963E+1
3.684040E+2	3.305900E+2	3.507063E+1	-1.011526E+1	1.420260E-6	NaN	1.420260E-5	5.433852E-1	1.882360E+1
3.714790E+2	3.301100E+2	3.512163E+1	-9.791661E+0	1.381280E-6	NaN	1.381280E-5	5.435117E-1	1.885778E+1
3.745650E+2	3.296400E+2	3.517170E+1	-9.583863E+0	1.343520E-6	NaN	1.343520E-5	5.432577E-1	1.887873E+1
3.774810E+2	3.291800E+2	3.522085E+1	-9.251677E+0	1.309130E-6	NaN	1.309130E-5	5.438479E-1	1.892906E+1
3.805320E+2	3.287200E+2	3.527014E+1	-9.295359E+0	1.274530E-6	NaN	1.274530E-5	5.452997E-1	1.900952E+1
3.834750E+2	3.282300E+2	3.532279E+1	-9.249302E+0	1.242430E-6	NaN	1.242430E-5	5.448496E-1	1.902259E+1
3.863390E+2	3.277800E+2	3.537129E+1	-9.506677E+0	1.212040E-6	NaN	1.212040E-5	5.428657E-1	1.898237E+1
3.893550E+2	3.273200E+2	3.542099E+1	-9.713691E+0	1.181260E-6	NaN	1.181260E-5	5.399104E-1	1.890720E+1
3.922360E+2	3.268800E+2	3.546867E+1	-9.284525E+0	1.152590E-6	NaN	1.152590E-5	5.359570E-1	1.879608E+1
3.953270E+2	3.264300E+2	3.551757E+1	-9.157152E+0	1.123300E-6	NaN	1.123300E-5	5.315541E-1	1.866791E+1
3.981720E+2	3.260000E+2	3.556442E+1	-8.939221E+0	1.096690E-6	NaN	1.096690E-5	5.279274E-1	1.856610E+1
4.010700E+2	3.257200E+2	3.559499E+1	-8.892580E+0	1.070410E-6	NaN	1.070410E-5	5.235149E-1	1.843511E+1
4.040070E+2	3.251500E+2	3.565739E+1	-7.412695E+0	1.044990E-6	NaN	1.044990E-5	5.276489E-1	1.860525E+1
4.071470E+2	3.248700E+2	3.568812E+1	-8.746873E+0	1.018850E-6	NaN	1.018850E-5	5.259624E-1	1.857240E+1
4.100340E+2	3.244300E+2	3.573652E+1	-8.357308E+0	9.949700E-7	NaN	9.949700E-6	5.283531E-1	1.868093E+1
4.130490E+2	3.240200E+2	3.578174E+1	-7.141263E+0	9.712200E-7	NaN	9.712200E-6	5.298776E-1	1.875959E+1
4.161000E+2	3.236100E+2	3.582708E+1	-8.637580E+0	9.478400E-7	NaN	9.478400E-6	5.310419E-1	1.882574E+1
4.192570E+2	3.230800E+2	3.588585E+1	-8.110686E+0	9.242300E-7	NaN	9.242300E-6	5.326975E-1	1.890961E+1
4.222330E+2	3.228100E+2	3.591586E+1	-9.090769E+0	9.032000E-7	NaN	9.032000E-6	5.317056E-1	1.890185E+1
4.251090E+2	3.224200E+2	3.595931E+1	-7.849256E+0	8.832200E-7	NaN	8.832200E-6	5.348460E-1	1.903850E+1
4.280320E+2	3.220200E+2	3.600397E+1	-6.759251E+0	8.636600E-7	NaN	8.636600E-6	5.379615E-1	1.917482E+1
4.308910E+2	3.216100E+2	3.604987E+1	-8.173924E+0	8.447200E-7	NaN	8.447200E-6	5.387337E-1	1.922735E+1
4.338730E+2	3.212200E+2	3.609364E+1	-8.404670E+0	8.259400E-7	NaN	8.259400E-6	5.374757E-1	1.920759E+1
4.367710E+2	3.208400E+2	3.613639E+1	-8.215115E+0	8.077500E-7	NaN	8.077500E-6	5.352615E-1	1.915292E+1
4.396380E+2	3.204600E+2	3.617924E+1	-7.857094E+0	7.908300E-7	NaN	7.908300E-6	5.322508E-1	1.906892E+1
4.424550E+2	3.200800E+2	3.622219E+1	-7.909724E+0	7.745100E-7	NaN	7.745100E-6	5.281354E-1	1.894428E+1
4.454290E+2	3.198300E+2	3.625051E+1	-8.022312E+0	7.575700E-7	NaN	7.575700E-6	5.224069E-1	1.876074E+1
4.482380E+2	3.194700E+2	3.629136E+1	-6.513602E+0	7.419300E-7	NaN	7.419300E-6	5.257044E-1	1.890174E+1
4.512470E+2	3.191000E+2	3.633344E+1	-6.316327E+0	7.258600E-7	NaN	7.258600E-6	5.228998E-1	1.882057E+1
4.542610E+2	3.187500E+2	3.637333E+1	-7.526577E+0	7.102700E-7	NaN	7.102700E-6	5.252736E-1	1.892867E+1
4.572600E+2	3.183600E+2	3.641789E+1	-7.172449E+0	6.948400E-7	NaN	6.948400E-6	5.269767E-1	1.901245E+1
4.603080E+2	3.180000E+2	3.645912E+1	-7.383654E+0	6.802300E-7	NaN	6.802300E-6	5.279746E-1	1.907180E+1
4.631360E+2	3.176500E+2	3.649929E+1	-7.440740E+0	6.663300E-7	NaN	6.663300E-6	5.290942E-1	1.913589E+1
4.660760E+2	3.173000E+2	3.653955E+1	-7.247718E+0	6.527200E-7	NaN	6.527200E-6	5.259954E-1	1.904456E+1
4.690170E+2	3.169500E+2	3.657990E+1	-7.280638E+0	6.395800E-7	NaN	6.395800E-6	5.272211E-1	1.911188E+1
4.719120E+2	3.166100E+2	3.661918E+1	-7.141643E+0	6.267300E-7	NaN	6.267300E-6	5.278682E-1	1.915841E+1
4.748790E+2	3.162700E+2	3.665855E+1	-7.094023E+0	6.140700E-7	NaN	6.140700E-6	5.278205E-1	1.917935E+1
4.777570E+2	3.159400E+2	3.669684E+1	-6.959732E+0	6.020500E-7	NaN	6.020500E-6	5.264141E-1	1.915005E+1
4.807790E+2	3.157000E+2	3.672474E+1	-6.877663E+0	5.898900E-7	NaN	5.898900E-6	5.245004E-1	1.910148E+1
4.837350E+2	3.153600E+2	3.676433E+1	-5.788015E+0	5.780200E-7	NaN	5.780200E-6	5.259779E-1	1.917436E+1
4.866230E+2	3.150400E+2	3.680168E+1	-5.817415E+0	5.670500E-7	NaN	5.670500E-6	5.257964E-1	1.918667E+1
4.895320E+2	3.147100E+2	3.684027E+1	-6.776671E+0	5.562000E-7	NaN	5.562000E-6	5.235939E-1	1.912453E+1
4.924090E+2	3.143900E+2	3.687776E+1	-6.727713E+0	5.457400E-7	NaN	5.457400E-6	5.253509E-1	1.920934E+1
4.952490E+2	3.140700E+2	3.691534E+1	-6.740530E+0	5.355800E-7	NaN	5.355800E-6	5.263456E-1	1.926669E+1
4.981730E+2	3.137500E+2	3.695299E+1	-6.716716E+0	5.258100E-7	NaN	5.258100E-6	5.266906E-1	1.930042E+1
5.012730E+2	3.134400E+2	3.698954E+1	-6.661569E+0	5.153200E-7	NaN	5.153200E-6	5.269075E-1	1.933001E+1
5.041500E+2	3.131200E+2	3.702734E+1	-6.272146E+0	5.060800E-7	NaN	5.060800E-6	5.269638E-1	1.935294E+1
5.071460E+2	3.128100E+2	3.706403E+1	-6.320062E+0	4.965900E-7	NaN	4.965900E-6	5.256461E-1	1.932533E+1
5.101530E+2	3.125100E+2	3.709961E+1	-6.434663E+0	4.875400E-7	NaN	4.875400E-6	5.239825E-1	1.928461E+1
5.131360E+2	3.122100E+2	3.713526E+1	-6.096884E+0	4.785300E-7	NaN	4.785300E-6	5.219599E-1	1.923003E+1
5.161980E+2	3.120400E+2	3.715549E+1	-6.009985E+0	4.697900E-7	NaN	4.697900E-6	5.194495E-1	1.915670E+1
5.189860E+2	3.117500E+2	3.719006E+1	-4.659126E+0	4.618800E-7	NaN	4.618800E-6	5.218069E-1	1.926030E+1
5.218480E+2	3.114600E+2	3.722468E+1	-4.695300E+0	4.540400E-7	NaN	4.540400E-6	5.226682E-1	1.930876E+1
5.248060E+2	3.111800E+2	3.725818E+1	-6.158940E+0	4.461200E-7	NaN	4.461200E-6	5.220465E-1	1.930245E+1
5.279220E+2	3.109000E+2	3.729173E+1	-5.875189E+0	4.380100E-7	NaN	4.380100E-6	5.256354E-1	1.945377E+1
5.307780E+2	3.106000E+2	3.732775E+1	-5.530527E+0	4.307700E-7	NaN	4.307700E-6	5.295882E-1	1.961885E+1
5.338870E+2	3.103300E+2	3.736023E+1	-5.820600E+0	4.231200E-7	NaN	4.231200E-6	5.316786E-1	1.971595E+1
5.368060E+2	3.100600E+2	3.739276E+1	-5.725745E+0	4.163200E-7	NaN	4.163200E-6	5.337742E-1	1.981313E+1
5.396580E+2	3.098000E+2	3.742414E+1	-5.373138E+0	4.096600E-7	NaN	4.096600E-6	5.346067E-1	1.986352E+1
5.426380E+2	3.095400E+2	3.745558E+1	-5.510465E+0	4.029700E-7	NaN	4.029700E-6	5.343260E-1	1.987221E+1
5.456240E+2	3.092800E+2	3.748707E+1	-5.348935E+0	3.963300E-7	NaN	3.963300E-6	5.326744E-1	1.982933E+1
5.486550E+2	3.090200E+2	3.751861E+1	-5.229633E+0	3.899800E-7	NaN	3.899800E-6	5.316565E-1	1.980968E+1
5.515310E+2	3.087600E+2	3.755020E+1	-5.185212E+0	3.840000E-7	NaN	3.840000E-6	5.285804E-1	1.971247E+1
5.545040E+2	3.084900E+2	3.758307E+1	-5.280657E+0	3.779900E-7	NaN	3.779900E-6	5.240379E-1	1.955971E+1
5.575350E+2	3.082600E+2	3.761111E+1	-5.436895E+0	3.721900E-7	NaN	3.721900E-6	5.179450E-1	1.934832E+1
5.604550E+2	3.081000E+2	3.763064E+1	-4.995226E+0	3.665900E-7	NaN	3.665900E-6	5.123880E-1	1.915537E+1
5.634280E+2	3.078500E+2	3.766120E+1	-3.936044E+0	3.612000E-7	NaN	3.612000E-6	5.167385E-1	1.933335E+1
5.663970E+2	3.076100E+2	3.769058E+1	-4.177079E+0	3.557100E-7	NaN	3.557100E-6	5.195254E-1	1.945341E+1
5.692920E+2	3.073800E+2	3.771878E+1	-4.947851E+0	3.506600E-7	NaN	3.506600E-6	5.215501E-1	1.954517E+1
5.722960E+2	3.071400E+2	3.774826E+1	-4.809179E+0	3.455900E-7	NaN	3.455900E-6	5.233632E-1	1.962928E+1
5.752760E+2	3.069200E+2	3.777532E+1	-4.780554E+0	3.405300E-7	NaN	3.405300E-6	5.254045E-1	1.972246E+1
5.782490E+2	3.066800E+2	3.780488E+1	-4.612543E+0	3.357100E-7	NaN	3.357100E-6	5.260262E-1	1.976170E+1
5.811330E+2	3.064600E+2	3.783202E+1	-4.636237E+0	3.312100E-7	NaN	3.312100E-6	5.264759E-1	1.979485E+1
5.839390E+2	3.062400E+2	3.785920E+1	-4.712985E+0	3.268600E-7	NaN	3.268600E-6	5.256447E-1	1.977956E+1
5.870470E+2	3.060300E+2	3.788517E+1	-4.639428E+0	3.221500E-7	NaN	3.221500E-6	5.237592E-1	1.972443E+1
5.898030E+2	3.058100E+2	3.791243E+1	-4.357015E+0	3.181500E-7	NaN	3.181500E-6	5.228739E-1	1.970651E+1
5.927250E+2	3.056800E+2	3.792855E+1	-4.392404E+0	3.140600E-7	NaN	3.140600E-6	5.206692E-1	1.963872E+1
5.956840E+2	3.054700E+2	3.795463E+1	-3.688167E+0	3.100000E-7	NaN	3.100000E-6	5.223053E-1	1.971397E+1
5.985740E+2	3.052600E+2	3.798074E+1	-3.470464E+0	3.061400E-7	NaN	3.061400E-6	5.220617E-1	1.971813E+1
6.013920E+2	3.050600E+2	3.800564E+1	-4.308229E+0	3.024000E-7	NaN	3.024000E-6	5.190086E-1	1.961552E+1
6.043740E+2	3.048600E+2	3.803057E+1	-4.309954E+0	2.986500E-7	NaN	2.986500E-6	5.157008E-1	1.950305E+1
6.074320E+2	3.046600E+2	3.805554E+1	-4.136829E+0	2.948600E-7	NaN	2.948600E-6	5.170040E-1	1.956654E+1
6.103940E+2	3.044600E+2	3.808054E+1	-3.973300E+0	2.911900E-7	NaN	2.911900E-6	5.173398E-1	1.959330E+1
6.133820E+2	3.042700E+2	3.810432E+1	-3.986373E+0	2.877200E-7	NaN	2.877200E-6	5.175802E-1	1.961650E+1
6.163820E+2	3.040900E+2	3.812687E+1	-3.932601E+0	2.843000E-7	NaN	2.843000E-6	5.174063E-1	1.962392E+1
6.191750E+2	3.039100E+2	3.814945E+1	-3.707343E+0	2.811900E-7	NaN	2.811900E-6	5.169250E-1	1.961913E+1
6.221960E+2	3.037300E+2	3.817206E+1	-3.727052E+0	2.778200E-7	NaN	2.778200E-6	5.167535E-1	1.962605E+1
6.251880E+2	3.035700E+2	3.819218E+1	-3.713267E+0	2.746000E-7	NaN	2.746000E-6	5.159807E-1	1.960945E+1
6.281860E+2	3.033800E+2	3.821610E+1	-3.392944E+0	2.715200E-7	NaN	2.715200E-6	5.158852E-1	1.961789E+1
6.312810E+2	3.032100E+2	3.823753E+1	-3.505942E+0	2.683700E-7	NaN	2.683700E-6	5.135016E-1	1.953912E+1
6.343190E+2	3.030400E+2	3.825898E+1	-3.543707E+0	2.654000E-7	NaN	2.654000E-6	5.128579E-1	1.952614E+1
6.372910E+2	3.028800E+2	3.827919E+1	-3.326172E+0	2.625800E-7	NaN	2.625800E-6	5.102758E-1	1.943859E+1
6.401900E+2	3.027100E+2	3.830068E+1	-3.294742E+0	2.599300E-7	NaN	2.599300E-6	5.131856E-1	1.956151E+1
6.435420E+2	3.025600E+2	3.831967E+1	-3.371912E+0	2.568200E-7	NaN	2.568200E-6	5.149640E-1	1.964146E+1
6.468260E+2	3.024000E+2	3.833995E+1	-3.061512E+0	2.539700E-7	NaN	2.539700E-6	5.183612E-1	1.978273E+1
6.500660E+2	3.021900E+2	3.836659E+1	-2.802486E+0	2.511300E-7	NaN	2.511300E-6	5.218228E-1	1.992655E+1
6.533730E+2	3.020300E+2	3.838692E+1	-3.401735E+0	2.484200E-7	NaN	2.484200E-6	5.216958E-1	1.993427E+1
6.567310E+2	3.018800E+2	3.840599E+1	-3.389185E+0	2.456900E-7	NaN	2.456900E-6	5.218347E-1	1.995175E+1
6.600020E+2	3.017300E+2	3.842508E+1	-2.790414E+0	2.431500E-7	NaN	2.431500E-6	5.227840E-1	1.999957E+1
6.632120E+2	3.015400E+2	3.844929E+1	-2.715186E+0	2.407300E-7	NaN	2.407300E-6	5.236552E-1	2.004401E+1
6.665810E+2	3.014100E+2	3.846588E+1	-3.146408E+0	2.382000E-7	NaN	2.382000E-6	5.215479E-1	1.997499E+1
6.698150E+2	3.012700E+2	3.848375E+1	-2.913401E+0	2.358700E-7	NaN	2.358700E-6	5.209185E-1	1.996164E+1
6.731250E+2	3.011300E+2	3.850164E+1	-2.452469E+0	2.335500E-7	NaN	2.335500E-6	5.210733E-1	1.997793E+1
6.764340E+2	3.009500E+2	3.852467E+1	-2.567122E+0	2.313000E-7	NaN	2.313000E-6	5.233214E-1	2.007467E+1
6.796930E+2	3.008100E+2	3.854260E+1	-2.900722E+0	2.291800E-7	NaN	2.291800E-6	5.210654E-1	1.999885E+1
6.830570E+2	3.006900E+2	3.855798E+1	-2.924135E+0	2.269800E-7	NaN	2.269800E-6	5.194136E-1	1.994590E+1
6.863710E+2	3.005200E+2	3.857980E+1	-2.354273E+0	2.249400E-7	NaN	2.249400E-6	5.197908E-1	1.997022E+1
6.897550E+2	3.004000E+2	3.859521E+1	-2.604401E+0	2.228600E-7	NaN	2.228600E-6	5.174466E-1	1.989065E+1
6.930810E+2	3.002800E+2	3.861063E+1	-2.596136E+0	2.208700E-7	NaN	2.208700E-6	5.153336E-1	1.981923E+1
6.963430E+2	3.001100E+2	3.863250E+1	-2.145997E+0	2.190000E-7	NaN	2.190000E-6	5.174620E-1	1.991110E+1
6.997000E+2	2.999900E+2	3.864795E+1	-2.639608E+0	2.170900E-7	NaN	2.170900E-6	5.171322E-1	1.990946E+1
7.030880E+2	2.998800E+2	3.866213E+1	-2.626447E+0	2.152000E-7	NaN	2.152000E-6	5.143538E-1	1.981206E+1
7.063710E+2	2.997600E+2	3.867761E+1	-2.045809E+0	2.134400E-7	NaN	2.134400E-6	5.138132E-1	1.980026E+1
7.097210E+2	2.996200E+2	3.869568E+1	-2.068013E+0	2.117400E-7	NaN	2.117400E-6	5.152027E-1	1.986291E+1
7.130880E+2	2.995200E+2	3.870860E+1	-2.352406E+0	2.100400E-7	NaN	2.100400E-6	5.156848E-1	1.989110E+1
7.164640E+2	2.994100E+2	3.872282E+1	-2.143508E+0	2.084100E-7	NaN	2.084100E-6	5.141653E-1	1.984068E+1
7.198130E+2	2.992700E+2	3.874094E+1	-1.868643E+0	2.068200E-7	NaN	2.068200E-6	5.160628E-1	1.992238E+1
7.231350E+2	2.991700E+2	3.875389E+1	-2.230113E+0	2.053400E-7	NaN	2.053400E-6	5.165679E-1	1.995106E+1
7.264920E+2	2.990700E+2	3.876684E+1	-2.159070E+0	2.038400E-7	NaN	2.038400E-6	5.193770E-1	2.006876E+1
7.298040E+2	2.989400E+2	3.878370E+1	-1.796660E+0	2.023000E-7	NaN	2.023000E-6	5.194431E-1	2.007946E+1
7.330500E+2	2.988400E+2	3.879668E+1	-2.068637E+0	2.008800E-7	NaN	2.008800E-6	5.173984E-1	2.000885E+1
7.364190E+2	2.987500E+2	3.880837E+1	-2.105150E+0	1.993550E-7	NaN	1.993550E-6	5.190629E-1	2.008195E+1
7.397840E+2	2.986300E+2	3.882396E+1	-1.722595E+0	1.980120E-7	NaN	1.980120E-6	5.191203E-1	2.009172E+1
7.431300E+2	2.985400E+2	3.883567E+1	-1.871049E+0	1.966830E-7	NaN	1.966830E-6	5.191245E-1	2.010004E+1
7.464710E+2	2.984500E+2	3.884738E+1	-1.877763E+0	1.953990E-7	NaN	1.953990E-6	5.223878E-1	2.023468E+1
7.497440E+2	2.983300E+2	3.886300E+1	-1.615074E+0	1.941860E-7	NaN	1.941860E-6	5.208312E-1	2.018143E+1
7.531860E+2	2.982500E+2	3.887343E+1	-1.904050E+0	1.929420E-7	NaN	1.929420E-6	5.169001E-1	2.003653E+1
7.565110E+2	2.981700E+2	3.888386E+1	-1.783669E+0	1.917510E-7	NaN	1.917510E-6	5.175218E-1	2.006792E+1
7.598200E+2	2.980900E+2	3.889429E+1	-1.418508E+0	1.906210E-7	NaN	1.906210E-6	5.200562E-1	2.017330E+1
7.632070E+2	2.979900E+2	3.890735E+1	-1.447088E+0	1.894740E-7	NaN	1.894740E-6	5.204752E-1	2.019594E+1
7.665470E+2	2.979100E+2	3.891779E+1	-1.613526E+0	1.883750E-7	NaN	1.883750E-6	5.221885E-1	2.026944E+1
7.698930E+2	2.978300E+2	3.892825E+1	-1.605860E+0	1.873200E-7	NaN	1.873200E-6	5.258292E-1	2.041787E+1
7.732270E+2	2.977300E+2	3.894132E+1	-1.435836E+0	1.862540E-7	NaN	1.862540E-6	5.257818E-1	2.042239E+1
7.765300E+2	2.976600E+2	3.895048E+1	-1.616657E+0	1.852680E-7	NaN	1.852680E-6	5.241868E-1	2.036726E+1
7.799580E+2	2.975900E+2	3.895964E+1	-1.537250E+0	1.842740E-7	NaN	1.842740E-6	5.251368E-1	2.041094E+1
7.832400E+2	2.974900E+2	3.897274E+1	-1.247814E+0	1.833180E-7	NaN	1.833180E-6	5.242812E-1	2.038365E+1
7.866840E+2	2.974200E+2	3.898191E+1	-1.517934E+0	1.823440E-7	NaN	1.823440E-6	5.201490E-1	2.022933E+1
7.900580E+2	2.973600E+2	3.898978E+1	-1.514062E+0	1.814050E-7	NaN	1.814050E-6	5.211958E-1	2.027646E+1
7.933920E+2	2.972600E+2	3.900289E+1	-1.144291E+0	1.805310E-7	NaN	1.805310E-6	5.212599E-1	2.028449E+1
7.968130E+2	2.972100E+2	3.900945E+1	-1.430399E+0	1.796590E-7	NaN	1.796590E-6	5.181998E-1	2.017153E+1
8.001920E+2	2.971500E+2	3.901733E+1	-1.330366E+0	1.788040E-7	NaN	1.788040E-6	5.199869E-1	2.024681E+1
8.035900E+2	2.970700E+2	3.902784E+1	-9.703942E-1	1.779610E-7	NaN	1.779610E-6	5.181392E-1	2.017963E+1
8.068920E+2	2.970100E+2	3.903572E+1	-1.239649E+0	1.771510E-7	NaN	1.771510E-6	5.165790E-1	2.012396E+1
8.103270E+2	2.969300E+2	3.904624E+1	-1.254501E+0	1.763310E-7	NaN	1.763310E-6	5.180514E-1	2.018641E+1
8.136980E+2	2.968700E+2	3.905413E+1	-1.247856E+0	1.755890E-7	NaN	1.755890E-6	5.190571E-1	2.023115E+1
8.170730E+2	2.968200E+2	3.906071E+1	-1.234721E+0	1.748630E-7	NaN	1.748630E-6	5.184501E-1	2.021257E+1
8.204510E+2	2.967400E+2	3.907124E+1	-9.783399E-1	1.740920E-7	NaN	1.740920E-6	5.209147E-1	2.031356E+1
8.238370E+2	2.966900E+2	3.907783E+1	-1.155082E+0	1.733890E-7	NaN	1.733890E-6	5.213863E-1	2.033731E+1
8.271270E+2	2.966400E+2	3.908441E+1	-1.153058E+0	1.726770E-7	NaN	1.726770E-6	5.203398E-1	2.030108E+1
8.305650E+2	2.965700E+2	3.909364E+1	-8.986798E-1	1.719650E-7	NaN	1.719650E-6	5.226534E-1	2.039593E+1
8.338730E+2	2.965100E+2	3.910155E+1	-1.071290E+0	1.713410E-7	NaN	1.713410E-6	5.252511E-1	2.050238E+1
8.372350E+2	2.964700E+2	3.910682E+1	-1.156669E+0	1.706770E-7	NaN	1.706770E-6	5.210697E-1	2.034361E+1
8.406250E+2	2.964000E+2	3.911606E+1	-8.990451E-1	1.700530E-7	NaN	1.700530E-6	5.216448E-1	2.037019E+1
8.440520E+2	2.963500E+2	3.912266E+1	-9.778511E-1	1.694100E-7	NaN	1.694100E-6	5.224202E-1	2.040522E+1
8.474300E+2	2.963100E+2	3.912794E+1	-1.055854E+0	1.688170E-7	NaN	1.688170E-6	5.174655E-1	2.021552E+1
8.508350E+2	2.962700E+2	3.913322E+1	-7.937321E-1	1.682360E-7	NaN	1.682360E-6	5.191216E-1	2.028413E+1
8.540070E+2	2.962200E+2	3.913983E+1	-7.076477E-1	1.677000E-7	NaN	1.677000E-6	5.254340E-1	2.053481E+1
8.570010E+2	2.961800E+2	3.914511E+1	-8.196229E-1	1.671940E-7	NaN	1.671940E-6	5.281660E-1	2.064541E+1
8.600930E+2	2.961300E+2	3.915172E+1	-8.764632E-1	1.666840E-7	NaN	1.666840E-6	5.335250E-1	2.085881E+1
8.632040E+2	2.960900E+2	3.915701E+1	-8.877347E-1	1.662060E-7	NaN	1.662060E-6	5.337743E-1	2.087221E+1
8.662910E+2	2.960400E+2	3.916363E+1	-8.704450E-1	1.657170E-7	NaN	1.657170E-6	5.342542E-1	2.089456E+1
8.693840E+2	2.960100E+2	3.916760E+1	-8.711195E-1	1.652810E-7	NaN	1.652810E-6	5.357308E-1	2.095636E+1
8.723000E+2	2.959900E+2	3.917024E+1	-7.766359E-1	1.648050E-7	NaN	1.648050E-6	5.340727E-1	2.089476E+1
8.750760E+2	2.959900E+2	3.917024E+1	-5.000869E-1	1.643830E-7	NaN	1.643830E-6	5.398705E-1	2.112470E+1
