5/31/2024
11:30 AM
fast cooling at 480K at 20k per minute_2024.05.31_COND_FILE END.txt

Data taken by: Akshat Sharma
ammeter is Keithley 6517A at GPIB0::27::INSTR
voltage source is Keithley 6517A at GPIB0::27::INSTR
temperature controller is Lake Shore 330 at GPIB0::12::INSTR with the settings: control sensor=A;sample sensor=;loop=1
Readings: 5
Voltage (V): 100
Geo Factor: 1000
Ea Window (pts): 5
Shut off V when done?: TRUE
Mconnect?: TRUE
Use Abs(Cond)?: TRUE
Rate (K/min): 15
Heater: Off
DESCRIPTION
********************
Time (s)	Temperature (K)	1/kT (1/eV)	Rate (K/min)	Current (A)	Current Std Dev/Mean	Conductivity (Ohm-cm)^-1	Ea (eV)	Reduced Ea	
3.390000E+0	4.777000E+2	2.427046E+1	NaN	4.276020E-4	1.675070E-2	4.276020E-3	NaN	NaN
1.134900E+1	4.729700E+2	2.451318E+1	-8.833876E+1	3.933780E-4	3.353120E-2	3.933780E-3	NaN	NaN
1.904100E+1	4.675300E+2	2.479841E+1	-4.138077E+1	3.475520E-4	4.372653E-2	3.475520E-3	NaN	NaN
2.702100E+1	4.626300E+2	2.506106E+1	-4.147519E+1	3.005760E-4	4.598875E-2	3.005760E-3	NaN	NaN
3.469700E+1	4.569200E+2	2.537424E+1	-3.866299E+1	2.588580E-4	5.021499E-2	2.588580E-3	NaN	NaN
4.284700E+1	4.514500E+2	2.568169E+1	-4.078469E+1	2.215220E-4	4.744590E-2	2.215220E-3	NaN	NaN
5.044700E+1	4.461200E+2	2.598852E+1	-4.091789E+1	1.905404E-4	4.708418E-2	1.905404E-3	NaN	NaN
5.812400E+1	4.414500E+2	2.626345E+1	-4.206985E+1	1.635116E-4	4.802441E-2	1.635116E-3	NaN	NaN
6.607700E+1	4.364300E+2	2.656554E+1	-3.986637E+1	1.399046E-4	4.823923E-2	1.399046E-3	NaN	NaN
7.400300E+1	4.315600E+2	2.686533E+1	-3.855909E+1	1.203360E-4	4.656623E-2	1.203360E-3	4.824311E-1	1.219974E+1
8.187100E+1	4.267800E+2	2.716622E+1	-3.716711E+1	1.032956E-4	4.630728E-2	1.032956E-3	4.874079E-1	1.239356E+1
8.973900E+1	4.228200E+2	2.742065E+1	-3.704648E+1	8.933320E-5	4.296591E-2	8.933320E-4	4.910296E-1	1.255472E+1
9.721300E+1	4.184600E+2	2.770635E+1	-3.470667E+1	7.738240E-5	4.573899E-2	7.738240E-4	4.954927E-1	1.273246E+1
1.050980E+2	4.141600E+2	2.799401E+1	-3.349075E+1	6.679080E-5	4.580334E-2	6.679080E-4	4.984901E-1	1.287473E+1
1.131200E+2	4.101000E+2	2.827115E+1	-3.282559E+1	5.777040E-5	4.419886E-2	5.777040E-4	5.007664E-1	1.299989E+1
1.211960E+2	4.062200E+2	2.854118E+1	-3.263375E+1	5.002080E-5	4.422677E-2	5.002080E-4	5.027681E-1	1.311783E+1
1.290940E+2	4.023700E+2	2.881428E+1	-3.059138E+1	4.341800E-5	4.446525E-2	4.341800E-4	5.047022E-1	1.323336E+1
1.373060E+2	3.987500E+2	2.907586E+1	-2.941426E+1	3.775880E-5	4.126927E-2	3.775880E-4	5.062894E-1	1.333997E+1
1.450800E+2	3.957000E+2	2.929997E+1	-2.825988E+1	3.304780E-5	4.211061E-2	3.304780E-4	5.078212E-1	1.344425E+1
1.529270E+2	3.922300E+2	2.955919E+1	-2.643434E+1	2.898020E-5	3.907693E-2	2.898020E-4	5.098853E-1	1.355885E+1
1.605620E+2	3.889800E+2	2.980616E+1	-2.533642E+1	2.559000E-5	3.921100E-2	2.559000E-4	5.155534E-1	1.383176E+1
1.683740E+2	3.858600E+2	3.004717E+1	-2.534015E+1	2.248660E-5	3.942539E-2	2.248660E-4	5.196005E-1	1.407804E+1
1.762750E+2	3.831200E+2	3.026206E+1	-2.536506E+1	1.981768E-5	3.887438E-2	1.981768E-4	5.218680E-1	1.428026E+1
1.840590E+2	3.801800E+2	3.049608E+1	-2.345850E+1	1.757870E-5	3.747935E-2	1.757870E-4	5.235828E-1	1.446513E+1
1.917470E+2	3.773500E+2	3.072479E+1	-2.230221E+1	1.561492E-5	3.737037E-2	1.561492E-4	5.257085E-1	1.466720E+1
1.995330E+2	3.749600E+2	3.092063E+1	-2.192544E+1	1.388928E-5	3.643687E-2	1.388928E-4	5.270024E-1	1.484445E+1
2.071500E+2	3.722300E+2	3.114741E+1	-2.115277E+1	1.241704E-5	3.481119E-2	1.241704E-4	5.287398E-1	1.503005E+1
2.146850E+2	3.699900E+2	3.133598E+1	-2.042902E+1	1.112630E-5	3.445145E-2	1.112630E-4	5.294179E-1	1.518444E+1
2.223990E+2	3.675200E+2	3.154658E+1	-1.947651E+1	9.964980E-6	3.417426E-2	9.964980E-5	5.311620E-1	1.536961E+1
2.301430E+2	3.650400E+2	3.176090E+1	-1.935586E+1	8.929840E-6	3.442793E-2	8.929840E-5	5.326626E-1	1.554698E+1
2.380250E+2	3.627200E+2	3.196405E+1	-1.880958E+1	8.016460E-6	3.422807E-2	8.016460E-5	5.334510E-1	1.570249E+1
2.461310E+2	3.604900E+2	3.216178E+1	-1.873941E+1	7.197080E-6	3.290318E-2	7.197080E-5	5.337703E-1	1.584081E+1
2.540040E+2	3.585400E+2	3.233670E+1	-1.775604E+1	6.502560E-6	3.116849E-2	6.502560E-5	5.349689E-1	1.600833E+1
2.617530E+2	3.564400E+2	3.252721E+1	-1.636154E+1	5.889080E-6	2.988772E-2	5.889080E-5	5.361375E-1	1.617138E+1
2.694110E+2	3.544300E+2	3.271168E+1	-1.577953E+1	5.348060E-6	3.062576E-2	5.348060E-5	5.367014E-1	1.631372E+1
2.773230E+2	3.524300E+2	3.289731E+1	-1.568131E+1	4.858700E-6	2.910365E-2	4.858700E-5	5.368852E-1	1.644208E+1
2.851810E+2	3.507600E+2	3.305394E+1	-1.572257E+1	4.422780E-6	2.890992E-2	4.422780E-5	5.368027E-1	1.656034E+1
2.929010E+2	3.489300E+2	3.322729E+1	-1.460637E+1	4.037360E-6	2.855489E-2	4.037360E-5	5.369921E-1	1.668068E+1
3.008660E+2	3.471100E+2	3.340152E+1	-1.391915E+1	3.689300E-6	2.751185E-2	3.689300E-5	5.369483E-1	1.679071E+1
3.086950E+2	3.454000E+2	3.356688E+1	-1.362335E+1	3.378180E-6	2.747618E-2	3.378180E-5	5.377178E-1	1.692895E+1
3.165770E+2	3.439500E+2	3.370839E+1	-1.367959E+1	3.104860E-6	2.618838E-2	3.104860E-5	5.378844E-1	1.704440E+1
3.242630E+2	3.422900E+2	3.387186E+1	-1.266957E+1	2.861720E-6	2.575990E-2	2.861720E-5	5.379429E-1	1.715086E+1
3.320610E+2	3.407300E+2	3.402694E+1	-1.222589E+1	2.635260E-6	2.558015E-2	2.635260E-5	5.374453E-1	1.723731E+1
3.401320E+2	3.392100E+2	3.417942E+1	-1.208565E+1	2.428420E-6	2.530148E-2	2.428420E-5	5.377910E-1	1.735132E+1
3.481230E+2	3.377000E+2	3.433225E+1	-1.206280E+1	2.244400E-6	2.453434E-2	2.244400E-5	5.376424E-1	1.744631E+1
3.559520E+2	3.362800E+2	3.447722E+1	-1.151663E+1	2.079180E-6	2.412749E-2	2.079180E-5	5.368151E-1	1.751625E+1
3.640580E+2	3.350400E+2	3.460482E+1	-1.119268E+1	1.928764E-6	2.200800E-2	1.928764E-5	5.369646E-1	1.761927E+1
3.716390E+2	3.336900E+2	3.474482E+1	-1.049680E+1	1.795896E-6	2.217345E-2	1.795896E-5	5.367660E-1	1.770526E+1
3.794700E+2	3.323800E+2	3.488176E+1	-1.011985E+1	1.671186E-6	2.248651E-2	1.671186E-5	5.370667E-1	1.780960E+1
3.872930E+2	3.312500E+2	3.500075E+1	-1.001742E+1	1.559406E-6	2.143045E-2	1.559406E-5	5.370232E-1	1.790074E+1
3.949830E+2	3.300100E+2	3.513227E+1	-9.809334E+0	1.456548E-6	2.151590E-2	1.456548E-5	5.368935E-1	1.798414E+1
4.028380E+2	3.288000E+2	3.526156E+1	-9.378925E+0	1.362090E-6	2.142156E-2	1.362090E-5	5.363733E-1	1.805214E+1
4.108470E+2	3.276000E+2	3.539072E+1	-9.239357E+0	1.274958E-6	2.013121E-2	1.274958E-5	5.357558E-1	1.811462E+1
4.186370E+2	3.264400E+2	3.551648E+1	-9.290865E+0	1.194240E-6	2.024548E-2	1.194240E-5	5.356623E-1	1.819573E+1
4.265090E+2	3.254600E+2	3.562343E+1	-9.048923E+0	1.123118E-6	1.871074E-2	1.123118E-5	5.351066E-1	1.825903E+1
4.340660E+2	3.243400E+2	3.574644E+1	-8.513162E+0	1.056316E-6	1.956994E-2	1.056316E-5	5.346703E-1	1.832269E+1
4.420030E+2	3.232900E+2	3.586254E+1	-8.325809E+0	9.939660E-7	1.851358E-2	9.939660E-6	5.333501E-1	1.835349E+1
4.497670E+2	3.223900E+2	3.596265E+1	-8.164984E+0	9.383600E-7	1.714287E-2	9.383600E-6	5.330548E-1	1.842040E+1
4.572150E+2	3.214900E+2	3.606333E+1	-7.919154E+0	8.871440E-7	1.766759E-2	8.871440E-6	5.330500E-1	1.849416E+1
4.648320E+2	3.204800E+2	3.617698E+1	-7.345490E+0	8.382780E-7	1.749065E-2	8.382780E-6	5.329293E-1	1.856050E+1
4.725750E+2	3.195200E+2	3.628568E+1	-7.371370E+0	7.927660E-7	1.755947E-2	7.927660E-6	5.323189E-1	1.860858E+1
4.802980E+2	3.185500E+2	3.639617E+1	-7.591058E+0	7.506160E-7	1.730493E-2	7.506160E-6	5.326209E-1	1.869032E+1
4.881510E+2	3.177400E+2	3.648895E+1	-7.621168E+0	7.109420E-7	1.640487E-2	7.109420E-6	5.318077E-1	1.873132E+1
4.956380E+2	3.168100E+2	3.659607E+1	-7.097181E+0	6.749220E-7	1.679454E-2	6.749220E-6	5.315429E-1	1.878884E+1
5.034530E+2	3.159100E+2	3.670033E+1	-6.960894E+0	6.402920E-7	1.646700E-2	6.402920E-6	5.307799E-1	1.882788E+1
5.112460E+2	3.151400E+2	3.679000E+1	-6.898608E+0	6.080540E-7	1.590921E-2	6.080540E-6	5.293561E-1	1.884134E+1
5.187970E+2	3.142800E+2	3.689067E+1	-6.767638E+0	5.785540E-7	1.543092E-2	5.785540E-6	5.283040E-1	1.886489E+1
5.265470E+2	3.134600E+2	3.698718E+1	-6.491136E+0	5.503120E-7	1.550056E-2	5.503120E-6	5.278224E-1	1.890969E+1
5.344680E+2	3.127200E+2	3.707470E+1	-6.410394E+0	5.238040E-7	1.525660E-2	5.238040E-6	5.268514E-1	1.893522E+1
5.423330E+2	3.119300E+2	3.716860E+1	-6.259344E+0	4.994100E-7	1.446186E-2	4.994100E-6	5.261910E-1	1.896935E+1
5.499680E+2	3.111600E+2	3.726057E+1	-5.951373E+0	4.771380E-7	1.411646E-2	4.771380E-6	5.262325E-1	1.902973E+1
5.576790E+2	3.104900E+2	3.734098E+1	-5.904966E+0	4.566700E-7	1.361047E-2	4.566700E-6	5.257879E-1	1.907145E+1
5.652870E+2	3.097800E+2	3.742656E+1	-5.793302E+0	4.374300E-7	1.351815E-2	4.374300E-6	5.254201E-1	1.911360E+1
5.730660E+2	3.091000E+2	3.750890E+1	-5.578782E+0	4.191460E-7	1.302649E-2	4.191460E-6	5.244807E-1	1.913294E+1
5.809780E+2	3.085000E+2	3.758185E+1	-5.375424E+0	4.019240E-7	1.263001E-2	4.019240E-6	5.233088E-1	1.914150E+1
5.888870E+2	3.078500E+2	3.766120E+1	-5.134683E+0	3.859420E-7	1.269040E-2	3.859420E-6	5.234540E-1	1.919761E+1
5.968530E+2	3.072300E+2	3.773720E+1	-4.870481E+0	3.707840E-7	1.243770E-2	3.707840E-6	5.228989E-1	1.922604E+1
6.050060E+2	3.066100E+2	3.781351E+1	-4.738228E+0	3.569520E-7	1.127468E-2	3.569520E-6	5.222940E-1	1.925092E+1
6.284660E+2	3.050000E+2	3.801311E+1	-4.714016E+0	3.214340E-7	1.002030E-2	3.214340E-6	5.222306E-1	1.929639E+1
6.362510E+2	3.044900E+2	3.807678E+1	-4.296332E+0	3.110200E-7	1.036653E-2	3.110200E-6	5.229071E-1	1.938179E+1
6.443970E+2	3.039800E+2	3.814067E+1	-4.158807E+0	3.010260E-7	9.948089E-3	3.010260E-6	5.230939E-1	1.944410E+1
6.524290E+2	3.035000E+2	3.820099E+1	-4.023947E+0	2.921620E-7	8.973779E-3	2.921620E-6	5.230155E-1	1.949278E+1
6.602040E+2	3.030400E+2	3.825898E+1	-3.755332E+0	2.839120E-7	8.677512E-3	2.839120E-6	5.221383E-1	1.950750E+1
6.677990E+2	3.026700E+2	3.830575E+1	-3.627898E+0	2.763380E-7	8.475867E-3	2.763380E-6	5.220552E-1	1.955053E+1
6.877350E+2	3.016400E+2	3.843655E+1	-3.379530E+0	2.585600E-7	7.718306E-3	2.585600E-6	5.217411E-1	1.958077E+1
6.957250E+2	3.012800E+2	3.848247E+1	-3.132268E+0	2.524900E-7	7.252301E-3	2.524900E-6	5.207860E-1	1.959049E+1
7.038540E+2	3.009100E+2	3.852979E+1	-3.003106E+0	2.463900E-7	7.265415E-3	2.463900E-6	5.206897E-1	1.962985E+1
7.117950E+2	3.005600E+2	3.857466E+1	-2.939486E+0	2.410560E-7	6.574522E-3	2.410560E-6	5.200835E-1	1.964648E+1
7.194640E+2	3.002300E+2	3.861706E+1	-2.697147E+0	2.360680E-7	6.767600E-3	2.360680E-6	5.191730E-1	1.964882E+1
7.276280E+2	2.999100E+2	3.865826E+1	-2.653352E+0	2.312160E-7	6.223180E-3	2.312160E-6	5.188203E-1	1.967085E+1
7.354070E+2	2.996100E+2	3.869697E+1	-2.528815E+0	2.268140E-7	5.967881E-3	2.268140E-6	5.181918E-1	1.968028E+1
7.434510E+2	2.993600E+2	3.872929E+1	-2.407199E+0	2.226120E-7	5.682702E-3	2.226120E-6	5.169553E-1	1.966454E+1
7.514210E+2	2.990900E+2	3.876425E+1	-2.189658E+0	2.186920E-7	5.487588E-3	2.186920E-6	5.164144E-1	1.967436E+1
7.594330E+2	2.988400E+2	3.879668E+1	-2.046671E+0	2.150200E-7	4.934707E-3	2.150200E-6	5.154144E-1	1.966571E+1
7.671610E+2	2.985900E+2	3.882916E+1	-1.933791E+0	2.116420E-7	4.900925E-3	2.116420E-6	5.142574E-1	1.965054E+1
7.749910E+2	2.983600E+2	3.885910E+1	-1.940861E+0	2.084320E-7	4.718682E-3	2.084320E-6	5.139149E-1	1.966799E+1
7.829220E+2	2.981300E+2	3.888908E+1	-1.866449E+0	2.053880E-7	4.465864E-3	2.053880E-6	5.133880E-1	1.967962E+1
7.908320E+2	2.979500E+2	3.891257E+1	-1.808239E+0	2.026000E-7	4.176107E-3	2.026000E-6	5.129360E-1	1.969713E+1
7.986950E+2	2.977500E+2	3.893871E+1	-1.633924E+0	1.981234E-7	1.965863E-2	1.981234E-6	5.121947E-1	1.970789E+1
8.064790E+2	2.975500E+2	3.896488E+1	-1.526232E+0	1.972020E-7	3.894941E-3	1.972020E-6	5.146513E-1	1.982482E+1
8.145060E+2	2.973600E+2	3.898978E+1	-1.482025E+0	1.948124E-7	3.684050E-3	1.948124E-6	5.150086E-1	1.986140E+1
8.224420E+2	2.971900E+2	3.901208E+1	-1.499718E+0	1.925706E-7	3.477330E-3	1.925706E-6	5.152169E-1	1.989230E+1
8.302940E+2	2.970200E+2	3.903441E+1	-1.415214E+0	1.904512E-7	3.389167E-3	1.904512E-6	5.149753E-1	1.990620E+1
8.384440E+2	2.968900E+2	3.905150E+1	-1.330429E+0	1.884324E-7	3.178267E-3	1.884324E-6	5.138435E-1	1.988667E+1
8.463000E+2	2.967400E+2	3.907124E+1	-1.189349E+0	1.865776E-7	3.060273E-3	1.865776E-6	5.150786E-1	1.996266E+1
8.541600E+2	2.965900E+2	3.909100E+1	-1.113442E+0	1.848446E-7	2.859215E-3	1.848446E-6	5.158293E-1	2.000882E+1
8.619640E+2	2.964600E+2	3.910814E+1	-1.087002E+0	1.831924E-7	2.746343E-3	1.831924E-6	5.164436E-1	2.004946E+1
8.699270E+2	2.963400E+2	3.912398E+1	-1.101819E+0	1.816390E-7	2.517759E-3	1.816390E-6	5.173558E-1	2.010083E+1
8.775840E+2	2.962200E+2	3.913983E+1	-1.014025E+0	1.801900E-7	2.541395E-3	1.801900E-6	5.177877E-1	2.013263E+1
8.854560E+2	2.961000E+2	3.915569E+1	-9.432883E-1	1.788108E-7	2.369992E-3	1.788108E-6	5.175051E-1	2.013583E+1
8.934980E+2	2.960000E+2	3.916892E+1	-9.214584E-1	1.774536E-7	2.313442E-3	1.774536E-6	5.165107E-1	2.011045E+1
9.015240E+2	2.960000E+2	3.916892E+1	-8.699251E-1	1.761756E-7	2.018153E-3	1.761756E-6	5.151626E-1	2.007021E+1
