6/18/2024
9:07 AM
fast cooling at 480K at 20k per minute_2024.06.18_COND_FILE END.txt

Data taken by: Akshat Sharma
ammeter is Keithley 6517A at GPIB0::27::INSTR
voltage source is Keithley 6517A at GPIB0::27::INSTR
temperature controller is Lake Shore 330 at GPIB0::12::INSTR with the settings: control sensor=A;sample sensor=;loop=1
Readings: 1
Voltage (V): 100
Geo Factor: 1000
Ea Window (pts): 5
Shut off V when done?: TRUE
Mconnect?: TRUE
Use Abs(Cond)?: TRUE
Rate (K/min): 20
Heater: Off
DESCRIPTION
********************
Time (s)	Temperature (K)	1/kT (1/eV)	Rate (K/min)	Current (A)	Current Std Dev/Mean	Conductivity (Ohm-cm)^-1	Ea (eV)	Reduced Ea	
1.756000E+0	4.799800E+2	2.415517E+1	NaN	3.366000E-4	NaN	3.366000E-3	NaN	NaN
1.071700E+1	4.787700E+2	2.421622E+1	-4.954320E+0	3.350200E-4	NaN	3.350200E-3	NaN	NaN
1.369000E+1	4.778800E+2	2.426132E+1	-1.153003E+1	3.304300E-4	NaN	3.304300E-3	NaN	NaN
1.678500E+1	4.768200E+2	2.431526E+1	-1.650135E+1	3.235600E-4	NaN	3.235600E-3	NaN	NaN
1.969200E+1	4.756500E+2	2.437507E+1	-1.929014E+1	3.159700E-4	NaN	3.159700E-3	NaN	NaN
2.269900E+1	4.743800E+2	2.444032E+1	-2.227380E+1	3.069300E-4	NaN	3.069300E-3	NaN	NaN
2.580600E+1	4.730600E+2	2.450852E+1	-2.475818E+1	2.970600E-4	NaN	2.970600E-3	3.337883E-1	8.105564E+0
2.877500E+1	4.721500E+2	2.455576E+1	-2.541748E+1	2.874000E-4	NaN	2.874000E-3	3.616339E-1	8.792716E+0
3.171200E+1	4.707500E+2	2.462878E+1	-2.204793E+1	2.771800E-4	NaN	2.771800E-3	3.920864E-1	9.542116E+0
3.470400E+1	4.693200E+2	2.470383E+1	-2.345844E+1	2.672500E-4	NaN	2.672500E-3	4.147593E-1	1.010600E+1
3.760000E+1	4.677700E+2	2.478569E+1	-2.863901E+1	2.572200E-4	NaN	2.572200E-3	4.307503E-1	1.050983E+1
4.030200E+1	4.663000E+2	2.486382E+1	-3.035751E+1	2.481900E-4	NaN	2.481900E-3	4.413816E-1	1.078544E+1
4.333600E+1	4.648200E+2	2.494299E+1	-3.236565E+1	2.381100E-4	NaN	2.381100E-3	4.479574E-1	1.096288E+1
4.616400E+1	4.633400E+2	2.502266E+1	-3.082534E+1	2.291000E-4	NaN	2.291000E-3	4.546261E-1	1.114299E+1
4.920000E+1	4.618600E+2	2.510285E+1	-3.028436E+1	2.194900E-4	NaN	2.194900E-3	4.671850E-1	1.147514E+1
5.202600E+1	4.608800E+2	2.515622E+1	-3.027380E+1	2.110200E-4	NaN	2.110200E-3	4.788427E-1	1.178912E+1
5.492900E+1	4.594100E+2	2.523672E+1	-2.522944E+1	2.024400E-4	NaN	2.024400E-3	4.925800E-1	1.215493E+1
5.778000E+1	4.579400E+2	2.531773E+1	-2.568037E+1	1.943380E-4	NaN	1.943380E-3	5.032120E-1	1.244849E+1
6.087800E+1	4.563800E+2	2.540427E+1	-3.065610E+1	1.859360E-4	NaN	1.859360E-3	5.105895E-1	1.266500E+1
6.390400E+1	4.549300E+2	2.548524E+1	-3.055476E+1	1.781780E-4	NaN	1.781780E-3	5.156877E-1	1.282806E+1
6.688800E+1	4.534800E+2	2.556673E+1	-2.949339E+1	1.705700E-4	NaN	1.705700E-3	5.186490E-1	1.293917E+1
6.982900E+1	4.520400E+2	2.564817E+1	-2.895128E+1	1.635660E-4	NaN	1.635660E-3	5.203620E-1	1.301961E+1
7.279800E+1	4.505800E+2	2.573128E+1	-2.926555E+1	1.566030E-4	NaN	1.566030E-3	5.208117E-1	1.306860E+1
7.565000E+1	4.491600E+2	2.581263E+1	-2.944172E+1	1.502250E-4	NaN	1.502250E-3	5.242106E-1	1.319617E+1
7.870400E+1	4.477400E+2	2.589449E+1	-2.968439E+1	1.437770E-4	NaN	1.437770E-3	5.268805E-1	1.330647E+1
8.160000E+1	4.463200E+2	2.597688E+1	-2.884077E+1	1.377220E-4	NaN	1.377220E-3	5.291634E-1	1.340765E+1
8.468700E+1	4.449000E+2	2.605979E+1	-2.863193E+1	1.317840E-4	NaN	1.317840E-3	5.298640E-1	1.346808E+1
8.753900E+1	4.434100E+2	2.614736E+1	-2.847102E+1	1.263940E-4	NaN	1.263940E-3	5.289022E-1	1.348560E+1
9.049100E+1	4.420100E+2	2.623018E+1	-2.937423E+1	1.210730E-4	NaN	1.210730E-3	5.263733E-1	1.346313E+1
9.346500E+1	4.411000E+2	2.628429E+1	-2.986765E+1	1.159740E-4	NaN	1.159740E-3	5.226504E-1	1.340844E+1
9.635600E+1	4.392800E+2	2.639319E+1	-2.338221E+1	1.112150E-4	NaN	1.112150E-3	5.234387E-1	1.346419E+1
9.947900E+1	4.379300E+2	2.647455E+1	-2.788261E+1	1.062770E-4	NaN	1.062770E-3	5.227307E-1	1.349029E+1
1.024970E+2	4.370400E+2	2.652846E+1	-3.155026E+1	1.017440E-4	NaN	1.017440E-3	5.229861E-1	1.354089E+1
1.054010E+2	4.357100E+2	2.660944E+1	-2.190917E+1	9.754900E-5	NaN	9.754900E-4	5.274263E-1	1.369618E+1
1.083850E+2	4.343800E+2	2.669092E+1	-2.246102E+1	9.344300E-5	NaN	9.344300E-4	5.309160E-1	1.382762E+1
1.112500E+2	4.329800E+2	2.677722E+1	-2.710431E+1	8.966700E-5	NaN	8.966700E-4	5.340510E-1	1.395132E+1
1.141280E+2	4.316900E+2	2.685724E+1	-2.799605E+1	8.604600E-5	NaN	8.604600E-4	5.357295E-1	1.403910E+1
1.170490E+2	4.304000E+2	2.693773E+1	-2.810286E+1	8.257500E-5	NaN	8.257500E-4	5.365428E-1	1.410473E+1
1.200440E+2	4.291400E+2	2.701682E+1	-2.669377E+1	7.910600E-5	NaN	7.910600E-4	5.366209E-1	1.415122E+1
1.229520E+2	4.278800E+2	2.709638E+1	-2.585945E+1	7.588400E-5	NaN	7.588400E-4	5.364302E-1	1.419045E+1
1.258590E+2	4.266300E+2	2.717577E+1	-2.561224E+1	7.285100E-5	NaN	7.285100E-4	5.360852E-1	1.422558E+1
1.288860E+2	4.253800E+2	2.725563E+1	-2.589854E+1	6.977400E-5	NaN	6.977400E-4	5.350001E-1	1.424076E+1
1.317810E+2	4.241500E+2	2.733467E+1	-2.527461E+1	6.695800E-5	NaN	6.695800E-4	5.341501E-1	1.426161E+1
1.347260E+2	4.232600E+2	2.739215E+1	-2.512399E+1	6.429600E-5	NaN	6.429600E-4	5.313215E-1	1.422758E+1
1.376590E+2	4.220700E+2	2.746938E+1	-2.177032E+1	6.164800E-5	NaN	6.164800E-4	5.310408E-1	1.425738E+1
1.405650E+2	4.208700E+2	2.754770E+1	-2.122960E+1	5.924100E-5	NaN	5.924100E-4	5.356401E-1	1.442393E+1
1.435380E+2	4.196900E+2	2.762515E+1	-2.455867E+1	5.682800E-5	NaN	5.682800E-4	5.337448E-1	1.441121E+1
1.463470E+2	4.185200E+2	2.770238E+1	-2.428802E+1	5.466300E-5	NaN	5.466300E-4	5.320509E-1	1.440316E+1
1.491560E+2	4.173600E+2	2.777938E+1	-2.438047E+1	5.258700E-5	NaN	5.258700E-4	5.344786E-1	1.451162E+1
1.520930E+2	4.162100E+2	2.785613E+1	-2.488430E+1	5.050900E-5	NaN	5.050900E-4	5.360246E-1	1.459712E+1
1.550790E+2	4.150700E+2	2.793264E+1	-2.411636E+1	4.847500E-5	NaN	4.847500E-4	5.375116E-1	1.468162E+1
1.580090E+2	4.143300E+2	2.798253E+1	-2.319690E+1	4.660900E-5	NaN	4.660900E-4	5.375459E-1	1.472547E+1
1.607790E+2	4.131400E+2	2.806313E+1	-1.907917E+1	4.490600E-5	NaN	4.490600E-4	5.411923E-1	1.486456E+1
1.635180E+2	4.120400E+2	2.813804E+1	-2.026615E+1	4.323400E-5	NaN	4.323400E-4	5.417658E-1	1.492096E+1
1.665090E+2	4.109500E+2	2.821268E+1	-2.494258E+1	4.155800E-5	NaN	4.155800E-4	5.415271E-1	1.495542E+1
1.693680E+2	4.098600E+2	2.828771E+1	-2.291563E+1	3.999200E-5	NaN	3.999200E-4	5.405425E-1	1.496901E+1
1.722830E+2	4.087800E+2	2.836244E+1	-2.235518E+1	3.845400E-5	NaN	3.845400E-4	5.380539E-1	1.494031E+1
1.750480E+2	4.080800E+2	2.841110E+1	-2.254832E+1	3.707200E-5	NaN	3.707200E-4	5.352345E-1	1.490129E+1
1.779110E+2	4.070200E+2	2.848509E+1	-1.883377E+1	3.568900E-5	NaN	3.568900E-4	5.353052E-1	1.493790E+1
1.808320E+2	4.059800E+2	2.855806E+1	-1.878370E+1	3.435600E-5	NaN	3.435600E-4	5.380162E-1	1.505250E+1
1.835530E+2	4.048800E+2	2.863565E+1	-2.178281E+1	3.315100E-5	NaN	3.315100E-4	5.405998E-1	1.516482E+1
1.863050E+2	4.042000E+2	2.868382E+1	-2.274082E+1	3.198500E-5	NaN	3.198500E-4	5.402285E-1	1.519551E+1
1.890470E+2	4.031900E+2	2.875567E+1	-1.950508E+1	3.086300E-5	NaN	3.086300E-4	5.435049E-1	1.532541E+1
1.919170E+2	4.021800E+2	2.882789E+1	-1.845429E+1	2.974300E-5	NaN	2.974300E-4	5.444562E-1	1.539053E+1
1.947980E+2	4.011800E+2	2.889975E+1	-2.159283E+1	2.866100E-5	NaN	2.866100E-4	5.433438E-1	1.539735E+1
1.977010E+2	4.002000E+2	2.897051E+1	-2.097017E+1	2.762300E-5	NaN	2.762300E-4	5.409208E-1	1.536642E+1
2.005750E+2	3.992300E+2	2.904090E+1	-2.053906E+1	2.662900E-5	NaN	2.662900E-4	5.377880E-1	1.531409E+1
2.036150E+2	3.982000E+2	2.911602E+1	-2.025273E+1	2.563200E-5	NaN	2.563200E-4	5.392038E-1	1.539545E+1
2.064930E+2	3.975600E+2	2.916289E+1	-2.029120E+1	2.470200E-5	NaN	2.470200E-4	5.376453E-1	1.539119E+1
2.093010E+2	3.966200E+2	2.923201E+1	-1.696324E+1	2.384600E-5	NaN	2.384600E-4	5.396311E-1	1.548399E+1
2.122790E+2	3.956900E+2	2.930072E+1	-1.665870E+1	2.298700E-5	NaN	2.298700E-4	5.402757E-1	1.553841E+1
2.150790E+2	3.947600E+2	2.936974E+1	-1.938504E+1	2.220200E-5	NaN	2.220200E-4	5.396455E-1	1.555541E+1
2.179080E+2	3.938400E+2	2.943835E+1	-1.930853E+1	2.142800E-5	NaN	2.142800E-4	5.373131E-1	1.552228E+1
2.206700E+2	3.932300E+2	2.948402E+1	-1.971895E+1	2.072000E-5	NaN	2.072000E-4	5.384238E-1	1.559228E+1
2.234060E+2	3.923300E+2	2.955165E+1	-1.643175E+1	1.998450E-5	NaN	1.998450E-4	5.422708E-1	1.573824E+1
2.263800E+2	3.914300E+2	2.961960E+1	-1.647361E+1	1.933400E-5	NaN	1.933400E-4	5.452921E-1	1.586095E+1
2.293610E+2	3.904900E+2	2.969090E+1	-1.890324E+1	1.864310E-5	NaN	1.864310E-4	5.440650E-1	1.585920E+1
2.323920E+2	3.896200E+2	2.975720E+1	-1.853919E+1	1.798260E-5	NaN	1.798260E-4	5.459526E-1	1.595310E+1
2.354130E+2	3.887600E+2	2.982303E+1	-1.806152E+1	1.733710E-5	NaN	1.733710E-4	5.467894E-1	1.601636E+1
2.382940E+2	3.879100E+2	2.988838E+1	-1.715139E+1	1.675570E-5	NaN	1.675570E-4	5.471216E-1	1.606439E+1
2.413180E+2	3.870600E+2	2.995401E+1	-1.738148E+1	1.617270E-5	NaN	1.617270E-4	5.460628E-1	1.607085E+1
2.441340E+2	3.862200E+2	3.001916E+1	-1.727012E+1	1.565160E-5	NaN	1.565160E-4	5.442241E-1	1.605333E+1
2.469330E+2	3.853900E+2	3.008381E+1	-1.735689E+1	1.514830E-5	NaN	1.514830E-4	5.406285E-1	1.598265E+1
2.499910E+2	3.845800E+2	3.014717E+1	-1.784511E+1	1.461900E-5	NaN	1.461900E-4	5.350962E-1	1.585198E+1
2.529140E+2	3.840300E+2	3.019035E+1	-1.678645E+1	1.413460E-5	NaN	1.413460E-4	5.348649E-1	1.588063E+1
2.557780E+2	3.831800E+2	3.025732E+1	-1.366051E+1	1.367620E-5	NaN	1.367620E-4	5.379265E-1	1.600362E+1
2.587930E+2	3.823900E+2	3.031983E+1	-1.450422E+1	1.321690E-5	NaN	1.321690E-4	5.394166E-1	1.608083E+1
2.617310E+2	3.816000E+2	3.038260E+1	-1.672862E+1	1.279370E-5	NaN	1.279370E-4	5.398158E-1	1.612505E+1
2.645820E+2	3.808100E+2	3.044563E+1	-1.592386E+1	1.238070E-5	NaN	1.238070E-4	5.387142E-1	1.612385E+1
2.676370E+2	3.800500E+2	3.050651E+1	-1.637465E+1	1.197420E-5	NaN	1.197420E-4	5.408619E-1	1.622379E+1
2.707000E+2	3.792800E+2	3.056845E+1	-1.573693E+1	1.157330E-5	NaN	1.157330E-4	5.433482E-1	1.633437E+1
2.736650E+2	3.785200E+2	3.062982E+1	-1.500494E+1	1.119810E-5	NaN	1.119810E-4	5.446270E-1	1.640883E+1
2.766420E+2	3.777200E+2	3.069469E+1	-1.522813E+1	1.084260E-5	NaN	1.084260E-4	5.447814E-1	1.644868E+1
2.797490E+2	3.769800E+2	3.075495E+1	-1.575252E+1	1.047910E-5	NaN	1.047910E-4	5.437590E-1	1.645337E+1
2.828600E+2	3.762500E+2	3.081462E+1	-1.518085E+1	1.013710E-5	NaN	1.013710E-4	5.438598E-1	1.649139E+1
2.858390E+2	3.755200E+2	3.087452E+1	-1.418460E+1	9.814200E-6	NaN	9.814200E-5	5.437803E-1	1.652319E+1
2.888400E+2	3.748100E+2	3.093301E+1	-1.438198E+1	9.505000E-6	NaN	9.505000E-5	5.435535E-1	1.654977E+1
2.916460E+2	3.741000E+2	3.099171E+1	-1.444785E+1	9.228900E-6	NaN	9.228900E-5	5.422338E-1	1.654184E+1
2.945400E+2	3.733900E+2	3.105064E+1	-1.466643E+1	8.953800E-6	NaN	8.953800E-5	5.387028E-1	1.646516E+1
2.975110E+2	3.726900E+2	3.110896E+1	-1.494618E+1	8.676700E-6	NaN	8.676700E-5	5.348947E-1	1.637888E+1
3.003480E+2	3.722200E+2	3.114825E+1	-1.442328E+1	8.423800E-6	NaN	8.423800E-5	5.356743E-1	1.643595E+1
3.031580E+2	3.712600E+2	3.122879E+1	-1.210290E+1	8.184700E-6	NaN	8.184700E-5	5.386990E-1	1.655874E+1
3.064630E+2	3.705800E+2	3.128609E+1	-1.518549E+1	7.911600E-6	NaN	7.911600E-5	5.358029E-1	1.650377E+1
3.094150E+2	3.701300E+2	3.132413E+1	-1.598254E+1	7.677000E-6	NaN	7.677000E-5	5.341743E-1	1.648674E+1
3.122940E+2	3.694700E+2	3.138008E+1	-1.086581E+1	7.452500E-6	NaN	7.452500E-5	5.362439E-1	1.658052E+1
3.152850E+2	3.688100E+2	3.143624E+1	-1.141210E+1	7.231800E-6	NaN	7.231800E-5	5.382217E-1	1.667227E+1
3.181980E+2	3.681600E+2	3.149174E+1	-1.349070E+1	7.023300E-6	NaN	7.023300E-5	5.403352E-1	1.676888E+1
3.210530E+2	3.675100E+2	3.154744E+1	-1.331268E+1	6.825800E-6	NaN	6.825800E-5	5.420250E-1	1.685292E+1
3.241610E+2	3.668300E+2	3.160592E+1	-1.352243E+1	6.621800E-6	NaN	6.621800E-5	5.415677E-1	1.686973E+1
3.271150E+2	3.661900E+2	3.166116E+1	-1.337877E+1	6.430400E-6	NaN	6.430400E-5	5.412167E-1	1.689036E+1
3.301510E+2	3.655600E+2	3.171572E+1	-1.306554E+1	6.241900E-6	NaN	6.241900E-5	5.411693E-1	1.692039E+1
3.330800E+2	3.649400E+2	3.176961E+1	-1.271995E+1	6.068400E-6	NaN	6.068400E-5	5.413860E-1	1.695831E+1
3.361040E+2	3.643200E+2	3.182367E+1	-1.257260E+1	5.892700E-6	NaN	5.892700E-5	5.415318E-1	1.699383E+1
3.390380E+2	3.637100E+2	3.187704E+1	-1.249684E+1	5.729600E-6	NaN	5.729600E-5	5.407915E-1	1.700096E+1
3.420740E+2	3.631000E+2	3.193060E+1	-1.238627E+1	5.568800E-6	NaN	5.568800E-5	5.389347E-1	1.697214E+1
3.449030E+2	3.625100E+2	3.198257E+1	-1.226011E+1	5.420000E-6	NaN	5.420000E-5	5.368339E-1	1.693482E+1
3.478850E+2	3.619200E+2	3.203470E+1	-1.227353E+1	5.270300E-6	NaN	5.270300E-5	5.387533E-1	1.702749E+1
3.508810E+2	3.612900E+2	3.209056E+1	-1.218097E+1	5.124400E-6	NaN	5.124400E-5	5.335121E-1	1.688882E+1
3.537550E+2	3.609000E+2	3.212524E+1	-1.224519E+1	4.991100E-6	NaN	4.991100E-5	5.286335E-1	1.676083E+1
3.566800E+2	3.603200E+2	3.217695E+1	-1.044139E+1	4.857800E-6	NaN	4.857800E-5	5.318420E-1	1.688926E+1
3.597320E+2	3.597500E+2	3.222794E+1	-1.004172E+1	4.723900E-6	NaN	4.723900E-5	5.346651E-1	1.700635E+1
3.627830E+2	3.591800E+2	3.227908E+1	-1.154180E+1	4.594200E-6	NaN	4.594200E-5	5.378250E-1	1.713487E+1
3.656950E+2	3.586200E+2	3.232949E+1	-1.120760E+1	4.474600E-6	NaN	4.474600E-5	5.409370E-1	1.726268E+1
3.685920E+2	3.580600E+2	3.238005E+1	-1.136884E+1	4.361500E-6	NaN	4.361500E-5	5.429244E-1	1.735518E+1
3.714610E+2	3.575100E+2	3.242986E+1	-1.156823E+1	4.249300E-6	NaN	4.249300E-5	5.434153E-1	1.739975E+1
3.743770E+2	3.569300E+2	3.248256E+1	-1.155055E+1	4.142800E-6	NaN	4.142800E-5	5.432439E-1	1.742305E+1
3.774290E+2	3.563800E+2	3.253269E+1	-1.172055E+1	4.032600E-6	NaN	4.032600E-5	5.417461E-1	1.740417E+1
3.802660E+2	3.558500E+2	3.258114E+1	-1.135633E+1	3.933300E-6	NaN	3.933300E-5	5.399378E-1	1.737482E+1
3.835090E+2	3.553100E+2	3.263066E+1	-1.100116E+1	3.823700E-6	NaN	3.823700E-5	5.378491E-1	1.733572E+1
3.863590E+2	3.547900E+2	3.267849E+1	-1.054573E+1	3.730300E-6	NaN	3.730300E-5	5.364187E-1	1.731707E+1
3.894300E+2	3.542600E+2	3.272738E+1	-1.042798E+1	3.633600E-6	NaN	3.633600E-5	5.343644E-1	1.727738E+1
3.922980E+2	3.537400E+2	3.277548E+1	-1.063642E+1	3.546300E-6	NaN	3.546300E-5	5.319128E-1	1.722410E+1
3.954210E+2	3.532300E+2	3.282281E+1	-1.060487E+1	3.454300E-6	NaN	3.454300E-5	5.287351E-1	1.714645E+1
3.984060E+2	3.526800E+2	3.287399E+1	-1.030783E+1	3.368700E-6	NaN	3.368700E-5	5.251213E-1	1.705278E+1
4.015250E+2	3.521700E+2	3.292160E+1	-1.040784E+1	3.281900E-6	NaN	3.281900E-5	5.244653E-1	1.705780E+1
4.044030E+2	3.516800E+2	3.296747E+1	-1.041485E+1	3.204900E-6	NaN	3.204900E-5	5.243094E-1	1.707872E+1
4.075250E+2	3.511900E+2	3.301347E+1	-1.000230E+1	3.123300E-6	NaN	3.123300E-5	5.245868E-1	1.711355E+1
4.104280E+2	3.506900E+2	3.306054E+1	-9.794601E+0	3.049500E-6	NaN	3.049500E-5	5.263039E-1	1.719519E+1
4.135120E+2	3.502100E+2	3.310585E+1	-9.853375E+0	2.974600E-6	NaN	2.974600E-5	5.275754E-1	1.726256E+1
4.164490E+2	3.497200E+2	3.315224E+1	-9.816269E+0	2.905100E-6	NaN	2.905100E-5	5.288829E-1	1.733095E+1
4.195420E+2	3.492500E+2	3.319685E+1	-9.663437E+0	2.832900E-6	NaN	2.832900E-5	5.296782E-1	1.738282E+1
4.224610E+2	3.487500E+2	3.324444E+1	-9.548392E+0	2.768700E-6	NaN	2.768700E-5	5.299092E-1	1.741536E+1
4.254830E+2	3.482800E+2	3.328931E+1	-9.675049E+0	2.702800E-6	NaN	2.702800E-5	5.290729E-1	1.741303E+1
4.284390E+2	3.478200E+2	3.333333E+1	-9.793598E+0	2.641500E-6	NaN	2.641500E-5	5.280151E-1	1.740311E+1
4.314740E+2	3.475200E+2	3.336211E+1	-9.334216E+0	2.579400E-6	NaN	2.579400E-5	5.279944E-1	1.742714E+1
4.343420E+2	3.470600E+2	3.340633E+1	-7.603933E+0	2.523300E-6	NaN	2.523300E-5	5.321672E-1	1.758754E+1
4.371370E+2	3.466100E+2	3.344970E+1	-7.707493E+0	2.469700E-6	NaN	2.469700E-5	5.355158E-1	1.772162E+1
4.399330E+2	3.461500E+2	3.349415E+1	-9.641454E+0	2.417300E-6	NaN	2.417300E-5	5.370468E-1	1.779618E+1
4.427070E+2	3.457100E+2	3.353678E+1	-9.765701E+0	2.366300E-6	NaN	2.366300E-5	5.379210E-1	1.784990E+1
4.456580E+2	3.452700E+2	3.357952E+1	-9.695027E+0	2.314600E-6	NaN	2.314600E-5	5.366023E-1	1.783033E+1
4.487670E+2	3.447900E+2	3.362627E+1	-9.219770E+0	2.260100E-6	NaN	2.260100E-5	5.353421E-1	1.781259E+1
4.518780E+2	3.443700E+2	3.366728E+1	-9.110288E+0	2.209300E-6	NaN	2.209300E-5	5.330326E-1	1.776037E+1
4.549530E+2	3.439300E+2	3.371035E+1	-8.681610E+0	2.159000E-6	NaN	2.159000E-5	5.322280E-1	1.775782E+1
4.578440E+2	3.435100E+2	3.375156E+1	-8.340946E+0	2.114200E-6	NaN	2.114200E-5	5.308389E-1	1.773531E+1
4.607530E+2	3.432200E+2	3.378008E+1	-8.648337E+0	2.069500E-6	NaN	2.069500E-5	5.294257E-1	1.771162E+1
4.636690E+2	3.428000E+2	3.382147E+1	-7.343413E+0	2.026100E-6	NaN	2.026100E-5	5.310154E-1	1.778597E+1
4.666480E+2	3.423900E+2	3.386197E+1	-7.313838E+0	1.983750E-6	NaN	1.983750E-5	5.327516E-1	1.786570E+1
4.696400E+2	3.419800E+2	3.390257E+1	-8.447153E+0	1.941830E-6	NaN	1.941830E-5	5.323780E-1	1.787405E+1
4.726580E+2	3.415400E+2	3.394624E+1	-8.239813E+0	1.900190E-6	NaN	1.900190E-5	5.316129E-1	1.786888E+1
4.757730E+2	3.411400E+2	3.398605E+1	-8.486236E+0	1.859650E-6	NaN	1.859650E-5	5.292447E-1	1.780976E+1
4.787430E+2	3.407400E+2	3.402594E+1	-8.215090E+0	1.820940E-6	NaN	1.820940E-5	5.327275E-1	1.794994E+1
4.816910E+2	3.403400E+2	3.406593E+1	-7.886757E+0	1.784280E-6	NaN	1.784280E-5	5.354914E-1	1.806614E+1
4.845580E+2	3.399400E+2	3.410602E+1	-8.110811E+0	1.749220E-6	NaN	1.749220E-5	5.368784E-1	1.813613E+1
4.875340E+2	3.395500E+2	3.414519E+1	-8.253980E+0	1.713800E-6	NaN	1.713800E-5	5.359909E-1	1.812906E+1
4.904030E+2	3.391600E+2	3.418446E+1	-8.110692E+0	1.680670E-6	NaN	1.680670E-5	5.340398E-1	1.808561E+1
4.933030E+2	3.387800E+2	3.422280E+1	-8.005949E+0	1.647660E-6	NaN	1.647660E-5	5.308235E-1	1.799887E+1
4.961170E+2	3.383700E+2	3.426427E+1	-8.008057E+0	1.617080E-6	NaN	1.617080E-5	5.266749E-1	1.787898E+1
4.990390E+2	3.379900E+2	3.430279E+1	-8.293208E+0	1.585850E-6	NaN	1.585850E-5	5.212207E-1	1.771456E+1
5.021000E+2	3.377400E+2	3.432818E+1	-8.260653E+0	1.554100E-6	NaN	1.554100E-5	5.158164E-1	1.755055E+1
5.049740E+2	3.373700E+2	3.436583E+1	-6.306670E+0	1.525220E-6	NaN	1.525220E-5	5.143027E-1	1.751611E+1
5.078770E+2	3.370000E+2	3.440356E+1	-6.253092E+0	1.496270E-6	NaN	1.496270E-5	5.161780E-1	1.759926E+1
5.108140E+2	3.366400E+2	3.444035E+1	-7.685585E+0	1.468000E-6	NaN	1.468000E-5	5.175576E-1	1.766591E+1
5.137830E+2	3.362800E+2	3.447722E+1	-7.499716E+0	1.440510E-6	NaN	1.440510E-5	5.189676E-1	1.773398E+1
5.167510E+2	3.359200E+2	3.451417E+1	-7.314524E+0	1.413140E-6	NaN	1.413140E-5	5.204295E-1	1.780425E+1
5.196420E+2	3.355600E+2	3.455120E+1	-7.276402E+0	1.387660E-6	NaN	1.387660E-5	5.211189E-1	1.784782E+1
5.226590E+2	3.351900E+2	3.458934E+1	-7.372847E+0	1.361050E-6	NaN	1.361050E-5	5.217314E-1	1.788911E+1
5.255890E+2	3.348300E+2	3.462653E+1	-7.413274E+0	1.336330E-6	NaN	1.336330E-5	5.223707E-1	1.793163E+1
5.285470E+2	3.344800E+2	3.466276E+1	-7.365025E+0	1.312250E-6	NaN	1.312250E-5	5.221389E-1	1.794425E+1
5.312440E+2	3.342500E+2	3.468661E+1	-7.234838E+0	1.290300E-6	NaN	1.290300E-5	5.208878E-1	1.792143E+1
5.340830E+2	3.339100E+2	3.472193E+1	-6.169054E+0	1.267800E-6	NaN	1.267800E-5	5.229262E-1	1.800988E+1
5.368770E+2	3.335600E+2	3.475836E+1	-6.186582E+0	1.246770E-6	NaN	1.246770E-5	5.235504E-1	1.804972E+1
5.397510E+2	3.332200E+2	3.479383E+1	-7.349107E+0	1.224850E-6	NaN	1.224850E-5	5.223348E-1	1.802637E+1
5.427080E+2	3.328900E+2	3.482832E+1	-7.303181E+0	1.203380E-6	NaN	1.203380E-5	5.183165E-1	1.790529E+1
5.456640E+2	3.325400E+2	3.486498E+1	-6.893232E+0	1.182070E-6	NaN	1.182070E-5	5.134933E-1	1.775548E+1
5.484660E+2	3.323200E+2	3.488806E+1	-6.900039E+0	1.162470E-6	NaN	1.162470E-5	5.130859E-1	1.776033E+1
5.513340E+2	3.319900E+2	3.492274E+1	-5.950220E+0	1.142980E-6	NaN	1.142980E-5	5.157647E-1	1.787041E+1
5.542390E+2	3.316700E+2	3.495643E+1	-5.824359E+0	1.123390E-6	NaN	1.123390E-5	5.174050E-1	1.794502E+1
5.572320E+2	3.313400E+2	3.499125E+1	-6.755272E+0	1.103840E-6	NaN	1.103840E-5	5.189698E-1	1.801739E+1
5.601670E+2	3.310200E+2	3.502507E+1	-6.612426E+0	1.085170E-6	NaN	1.085170E-5	5.200441E-1	1.807315E+1
5.630910E+2	3.307000E+2	3.505897E+1	-6.579068E+0	1.067020E-6	NaN	1.067020E-5	5.208395E-1	1.811936E+1
5.660490E+2	3.303800E+2	3.509292E+1	-6.554012E+0	1.048930E-6	NaN	1.048930E-5	5.203104E-1	1.811937E+1
5.689930E+2	3.300500E+2	3.512801E+1	-6.528319E+0	1.031220E-6	NaN	1.031220E-5	5.190776E-1	1.809434E+1
5.717690E+2	3.297400E+2	3.516104E+1	-6.607837E+0	1.015410E-6	NaN	1.015410E-5	5.162224E-1	1.801222E+1
5.746930E+2	3.295400E+2	3.518238E+1	-6.713410E+0	9.984500E-7	NaN	9.984500E-6	5.117756E-1	1.787363E+1
5.776080E+2	3.291300E+2	3.522620E+1	-5.357196E+0	9.821700E-7	NaN	9.821700E-6	5.154948E-1	1.802002E+1
5.808380E+2	3.289300E+2	3.524762E+1	-6.267083E+0	9.648700E-7	NaN	9.648700E-6	5.140758E-1	1.798870E+1
5.837700E+2	3.286300E+2	3.527980E+1	-5.915844E+0	9.492300E-7	NaN	9.492300E-6	5.163774E-1	1.808528E+1
5.867140E+2	3.283300E+2	3.531203E+1	-4.849072E+0	9.339500E-7	NaN	9.339500E-6	5.176377E-1	1.814541E+1
5.897330E+2	3.280300E+2	3.534433E+1	-6.126608E+0	9.185200E-7	NaN	9.185200E-6	5.180695E-1	1.817654E+1
5.926470E+2	3.277200E+2	3.537776E+1	-6.036911E+0	9.037900E-7	NaN	9.037900E-6	5.171861E-1	1.816099E+1
5.954820E+2	3.274100E+2	3.541126E+1	-6.167645E+0	8.901200E-7	NaN	8.901200E-6	5.192223E-1	1.825002E+1
5.983690E+2	3.271200E+2	3.544265E+1	-6.470283E+0	8.764000E-7	NaN	8.764000E-6	5.188972E-1	1.825639E+1
6.013630E+2	3.268200E+2	3.547519E+1	-6.290698E+0	8.624200E-7	NaN	8.624200E-6	5.181852E-1	1.824908E+1
6.043110E+2	3.265300E+2	3.550669E+1	-6.019339E+0	8.490400E-7	NaN	8.490400E-6	5.168058E-1	1.821806E+1
6.072430E+2	3.262500E+2	3.553716E+1	-5.957732E+0	8.359400E-7	NaN	8.359400E-6	5.148896E-1	1.816776E+1
6.102560E+2	3.259600E+2	3.556878E+1	-5.816405E+0	8.224500E-7	NaN	8.224500E-6	5.126229E-1	1.810448E+1
6.131130E+2	3.256800E+2	3.559936E+1	-5.752836E+0	8.104200E-7	NaN	8.104200E-6	5.102468E-1	1.803680E+1
6.160850E+2	3.254900E+2	3.562014E+1	-5.825769E+0	7.977100E-7	NaN	7.977100E-6	5.064020E-1	1.791625E+1
6.189140E+2	3.252000E+2	3.565191E+1	-4.831160E+0	7.861500E-7	NaN	7.861500E-6	5.052217E-1	1.788786E+1
6.219490E+2	3.249200E+2	3.568263E+1	-4.955159E+0	7.737900E-7	NaN	7.737900E-6	5.073475E-1	1.797879E+1
6.250430E+2	3.246400E+2	3.571341E+1	-5.828601E+0	7.616500E-7	NaN	7.616500E-6	5.043998E-1	1.788808E+1
6.280270E+2	3.243600E+2	3.574423E+1	-5.481965E+0	7.500500E-7	NaN	7.500500E-6	5.070762E-1	1.799869E+1
6.309600E+2	3.240800E+2	3.577512E+1	-5.527531E+0	7.389200E-7	NaN	7.389200E-6	5.096022E-1	1.810447E+1
6.339580E+2	3.238200E+2	3.580384E+1	-5.678413E+0	7.277700E-7	NaN	7.277700E-6	5.115032E-1	1.818852E+1
6.369790E+2	3.235500E+2	3.583372E+1	-5.461865E+0	7.169100E-7	NaN	7.169100E-6	5.143319E-1	1.830566E+1
6.399110E+2	3.232800E+2	3.586365E+1	-5.283371E+0	7.063800E-7	NaN	7.063800E-6	5.163490E-1	1.839396E+1
6.428200E+2	3.229900E+2	3.589585E+1	-5.442228E+0	6.960900E-7	NaN	6.960900E-6	5.162706E-1	1.840732E+1
6.455400E+2	3.227200E+2	3.592588E+1	-5.752140E+0	6.868900E-7	NaN	6.868900E-6	5.141527E-1	1.834818E+1
6.483950E+2	3.225500E+2	3.594481E+1	-5.969231E+0	6.772000E-7	NaN	6.772000E-6	5.099294E-1	1.821333E+1
6.512720E+2	3.222800E+2	3.597493E+1	-4.725815E+0	6.675400E-7	NaN	6.675400E-6	5.093851E-1	1.820782E+1
6.540140E+2	3.220200E+2	3.600397E+1	-4.607039E+0	6.587000E-7	NaN	6.587000E-6	5.077102E-1	1.816202E+1
6.569730E+2	3.217600E+2	3.603307E+1	-5.659136E+0	6.493600E-7	NaN	6.493600E-6	5.047449E-1	1.806978E+1
6.599910E+2	3.215100E+2	3.606109E+1	-5.470082E+0	6.398500E-7	NaN	6.398500E-6	5.004925E-1	1.793103E+1
6.629310E+2	3.212600E+2	3.608915E+1	-5.119129E+0	6.308700E-7	NaN	6.308700E-6	5.015126E-1	1.798252E+1
6.657350E+2	3.209900E+2	3.611951E+1	-5.034959E+0	6.225900E-7	NaN	6.225900E-6	5.013344E-1	1.799088E+1
6.685250E+2	3.207300E+2	3.614879E+1	-5.429092E+0	6.142100E-7	NaN	6.142100E-6	4.997611E-1	1.794953E+1
6.714580E+2	3.205700E+2	3.616683E+1	-5.684740E+0	6.057400E-7	NaN	6.057400E-6	4.977678E-1	1.789307E+1
6.744630E+2	3.203200E+2	3.619505E+1	-4.393639E+0	5.971800E-7	NaN	5.971800E-6	5.001818E-1	1.799343E+1
6.775560E+2	3.200700E+2	3.622333E+1	-4.146281E+0	5.886000E-7	NaN	5.886000E-6	5.019860E-1	1.807203E+1
6.803470E+2	3.198200E+2	3.625164E+1	-4.919304E+0	5.809500E-7	NaN	5.809500E-6	5.046559E-1	1.818233E+1
6.836120E+2	3.195800E+2	3.627887E+1	-5.094099E+0	5.721600E-7	NaN	5.721600E-6	5.061954E-1	1.825225E+1
6.865790E+2	3.193400E+2	3.630613E+1	-4.842217E+0	5.644400E-7	NaN	5.644400E-6	5.088740E-1	1.836316E+1
6.896480E+2	3.190700E+2	3.633685E+1	-4.617790E+0	5.565100E-7	NaN	5.565100E-6	5.095752E-1	1.840219E+1
6.925210E+2	3.188300E+2	3.636421E+1	-5.070780E+0	5.491900E-7	NaN	5.491900E-6	5.068030E-1	1.831569E+1
6.953700E+2	3.185900E+2	3.639160E+1	-5.151244E+0	5.420500E-7	NaN	5.420500E-6	5.079835E-1	1.837342E+1
6.983550E+2	3.183500E+2	3.641904E+1	-5.033176E+0	5.347000E-7	NaN	5.347000E-6	5.078742E-1	1.838427E+1
7.013900E+2	3.181100E+2	3.644651E+1	-4.935685E+0	5.274900E-7	NaN	5.274900E-6	5.064478E-1	1.834712E+1
7.043630E+2	3.178800E+2	3.647288E+1	-4.783943E+0	5.204000E-7	NaN	5.204000E-6	5.044531E-1	1.828901E+1
7.074230E+2	3.176400E+2	3.650044E+1	-4.693919E+0	5.133000E-7	NaN	5.133000E-6	5.034148E-1	1.826523E+1
7.106000E+2	3.174100E+2	3.652689E+1	-4.674445E+0	5.060400E-7	NaN	5.060400E-6	5.023488E-1	1.824029E+1
7.136250E+2	3.171600E+2	3.655568E+1	-4.520273E+0	4.993500E-7	NaN	4.993500E-6	5.001422E-1	1.817302E+1
7.165740E+2	3.169300E+2	3.658221E+1	-4.641153E+0	4.927500E-7	NaN	4.927500E-6	4.955039E-1	1.801692E+1
7.196520E+2	3.167000E+2	3.660878E+1	-4.821482E+0	4.861400E-7	NaN	4.861400E-6	4.952698E-1	1.802207E+1
7.226520E+2	3.164700E+2	3.663538E+1	-4.578694E+0	4.797800E-7	NaN	4.797800E-6	4.955153E-1	1.804461E+1
7.257280E+2	3.162400E+2	3.666203E+1	-4.540718E+0	4.733800E-7	NaN	4.733800E-6	4.961441E-1	1.808110E+1
7.286710E+2	3.160100E+2	3.668871E+1	-4.542225E+0	4.673700E-7	NaN	4.673700E-6	4.959523E-1	1.808757E+1
7.316230E+2	3.157900E+2	3.671427E+1	-4.584733E+0	4.614300E-7	NaN	4.614300E-6	4.970362E-1	1.814085E+1
7.347950E+2	3.155700E+2	3.673987E+1	-4.580097E+0	4.551100E-7	NaN	4.551100E-6	4.984483E-1	1.820622E+1
7.379290E+2	3.153300E+2	3.676783E+1	-4.309054E+0	4.490100E-7	NaN	4.490100E-6	4.998192E-1	1.826958E+1
7.408180E+2	3.151100E+2	3.679350E+1	-4.376349E+0	4.433900E-7	NaN	4.433900E-6	5.003386E-1	1.830210E+1
7.439610E+2	3.148900E+2	3.681921E+1	-4.582608E+0	4.374800E-7	NaN	4.374800E-6	5.000379E-1	1.830450E+1
7.469200E+2	3.146600E+2	3.684612E+1	-4.374073E+0	4.320200E-7	NaN	4.320200E-6	5.001952E-1	1.832353E+1
7.498790E+2	3.144400E+2	3.687190E+1	-4.422450E+0	4.266400E-7	NaN	4.266400E-6	4.992606E-1	1.830262E+1
7.528490E+2	3.142200E+2	3.689771E+1	-4.562352E+0	4.212300E-7	NaN	4.212300E-6	4.983765E-1	1.828359E+1
7.557430E+2	3.140000E+2	3.692357E+1	-4.452685E+0	4.161400E-7	NaN	4.161400E-6	4.974163E-1	1.826161E+1
7.586500E+2	3.137600E+2	3.695181E+1	-4.501794E+0	4.110200E-7	NaN	4.110200E-6	4.969703E-1	1.825864E+1
7.617470E+2	3.135400E+2	3.697774E+1	-4.757947E+0	4.056400E-7	NaN	4.056400E-6	4.940421E-1	1.816439E+1
7.649470E+2	3.133300E+2	3.700252E+1	-4.593294E+0	4.002400E-7	NaN	4.002400E-6	4.918270E-1	1.809606E+1
7.680580E+2	3.131200E+2	3.702734E+1	-4.096304E+0	3.951000E-7	NaN	3.951000E-6	4.912433E-1	1.808738E+1
7.711950E+2	3.129000E+2	3.705337E+1	-3.992763E+0	3.899300E-7	NaN	3.899300E-6	4.913212E-1	1.810285E+1
7.740250E+2	3.126900E+2	3.707826E+1	-4.129431E+0	3.853700E-7	NaN	3.853700E-6	4.919136E-1	1.813730E+1
7.769530E+2	3.124700E+2	3.710436E+1	-4.321692E+0	3.806700E-7	NaN	3.806700E-6	4.914763E-1	1.813364E+1
7.799070E+2	3.122700E+2	3.712813E+1	-4.480881E+0	3.760600E-7	NaN	3.760600E-6	4.905507E-1	1.811214E+1
7.826480E+2	3.120400E+2	3.715549E+1	-4.283929E+0	3.718100E-7	NaN	3.718100E-6	4.913486E-1	1.815424E+1
7.855350E+2	3.119000E+2	3.717217E+1	-4.524240E+0	3.674500E-7	NaN	3.674500E-6	4.898737E-1	1.811251E+1
7.884040E+2	3.116900E+2	3.719722E+1	-3.935383E+0	3.631600E-7	NaN	3.631600E-6	4.920247E-1	1.820374E+1
7.913190E+2	3.114800E+2	3.722229E+1	-3.647594E+0	3.588500E-7	NaN	3.588500E-6	4.943838E-1	1.830320E+1
7.942590E+2	3.112700E+2	3.724741E+1	-4.356755E+0	3.546000E-7	NaN	3.546000E-6	4.956030E-1	1.836067E+1
7.972180E+2	3.110700E+2	3.727135E+1	-4.303988E+0	3.503000E-7	NaN	3.503000E-6	4.961692E-1	1.839427E+1
8.001860E+2	3.108700E+2	3.729533E+1	-4.170075E+0	3.461900E-7	NaN	3.461900E-6	4.972148E-1	1.844575E+1
8.029960E+2	3.106600E+2	3.732054E+1	-4.049263E+0	3.423200E-7	NaN	3.423200E-6	4.975323E-1	1.847029E+1
8.059290E+2	3.104400E+2	3.734699E+1	-4.255521E+0	3.383100E-7	NaN	3.383100E-6	4.946460E-1	1.837559E+1
8.089240E+2	3.103100E+2	3.736264E+1	-4.492485E+0	3.343000E-7	NaN	3.343000E-6	4.907288E-1	1.824260E+1
8.117180E+2	3.101000E+2	3.738794E+1	-3.539205E+0	3.306200E-7	NaN	3.306200E-6	4.925514E-1	1.832172E+1
8.144820E+2	3.099000E+2	3.741207E+1	-3.512917E+0	3.271000E-7	NaN	3.271000E-6	4.934802E-1	1.836815E+1
8.174850E+2	3.097100E+2	3.743502E+1	-4.426204E+0	3.232700E-7	NaN	3.232700E-6	4.935381E-1	1.838226E+1
8.203520E+2	3.095200E+2	3.745800E+1	-4.053811E+0	3.196800E-7	NaN	3.196800E-6	4.936346E-1	1.839766E+1
8.232030E+2	3.093200E+2	3.748222E+1	-3.883462E+0	3.161700E-7	NaN	3.161700E-6	4.928581E-1	1.838018E+1
8.259250E+2	3.091300E+2	3.750526E+1	-4.092231E+0	3.128700E-7	NaN	3.128700E-6	4.916545E-1	1.834693E+1
8.288860E+2	3.089200E+2	3.753075E+1	-4.198896E+0	3.093700E-7	NaN	3.093700E-6	4.872012E-1	1.819159E+1
8.319130E+2	3.087900E+2	3.754655E+1	-4.223592E+0	3.058800E-7	NaN	3.058800E-6	4.855524E-1	1.814224E+1
8.348490E+2	3.086000E+2	3.756967E+1	-3.403731E+0	3.025200E-7	NaN	3.025200E-6	4.875559E-1	1.822817E+1
8.377210E+2	3.084100E+2	3.759281E+1	-3.216535E+0	2.992400E-7	NaN	2.992400E-6	4.888269E-1	1.828688E+1
8.407350E+2	3.082300E+2	3.761477E+1	-3.925461E+0	2.959400E-7	NaN	2.959400E-6	4.890872E-1	1.830784E+1
8.438280E+2	3.080400E+2	3.763797E+1	-3.770110E+0	2.926100E-7	NaN	2.926100E-6	4.902302E-1	1.836186E+1
8.467700E+2	3.078500E+2	3.766120E+1	-3.635394E+0	2.895000E-7	NaN	2.895000E-6	4.913518E-1	1.841525E+1
8.497140E+2	3.076700E+2	3.768323E+1	-3.777174E+0	2.864300E-7	NaN	2.864300E-6	4.902540E-1	1.838528E+1
8.526200E+2	3.074700E+2	3.770774E+1	-3.771650E+0	2.834300E-7	NaN	2.834300E-6	4.874707E-1	1.829134E+1
8.555980E+2	3.073000E+2	3.772860E+1	-3.896937E+0	2.804100E-7	NaN	2.804100E-6	4.881408E-1	1.832849E+1
8.583840E+2	3.071200E+2	3.775072E+1	-3.771508E+0	2.777000E-7	NaN	2.777000E-6	4.882840E-1	1.834528E+1
8.613130E+2	3.069400E+2	3.777285E+1	-3.640801E+0	2.748600E-7	NaN	2.748600E-6	4.860923E-1	1.827411E+1
8.643250E+2	3.067600E+2	3.779502E+1	-3.778739E+0	2.719600E-7	NaN	2.719600E-6	4.842915E-1	1.821754E+1
8.672580E+2	3.066400E+2	3.780981E+1	-3.635515E+0	2.692100E-7	NaN	2.692100E-6	4.826082E-1	1.816525E+1
8.702360E+2	3.064700E+2	3.783078E+1	-3.030258E+0	2.665100E-7	NaN	2.665100E-6	4.835510E-1	1.821054E+1
8.731280E+2	3.063000E+2	3.785178E+1	-2.944895E+0	2.638700E-7	NaN	2.638700E-6	4.832301E-1	1.820820E+1
8.759950E+2	3.061400E+2	3.787156E+1	-3.475049E+0	2.613300E-7	NaN	2.613300E-6	4.808724E-1	1.812859E+1
8.788430E+2	3.059500E+2	3.789508E+1	-3.438226E+0	2.589000E-7	NaN	2.589000E-6	4.827724E-1	1.821044E+1
8.818980E+2	3.057800E+2	3.791615E+1	-3.674178E+0	2.562900E-7	NaN	2.562900E-6	4.822115E-1	1.820003E+1
8.849240E+2	3.056100E+2	3.793724E+1	-3.655282E+0	2.537200E-7	NaN	2.537200E-6	4.814451E-1	1.818181E+1
8.877580E+2	3.054600E+2	3.795587E+1	-3.354686E+0	2.514200E-7	NaN	2.514200E-6	4.814222E-1	1.819185E+1
8.906610E+2	3.053000E+2	3.797576E+1	-3.277514E+0	2.490900E-7	NaN	2.490900E-6	4.820031E-1	1.822441E+1
8.935460E+2	3.051900E+2	3.798945E+1	-3.242376E+0	2.467600E-7	NaN	2.467600E-6	4.817994E-1	1.822713E+1
8.963210E+2	3.050300E+2	3.800938E+1	-2.799423E+0	2.446400E-7	NaN	2.446400E-6	4.851903E-1	1.836510E+1
8.992120E+2	3.048800E+2	3.802808E+1	-2.858397E+0	2.423900E-7	NaN	2.423900E-6	4.854146E-1	1.838304E+1
9.020380E+2	3.047200E+2	3.804804E+1	-3.281558E+0	2.402900E-7	NaN	2.402900E-6	4.865682E-1	1.843629E+1
9.048890E+2	3.045600E+2	3.806803E+1	-3.252917E+0	2.381600E-7	NaN	2.381600E-6	4.849644E-1	1.838503E+1
9.076790E+2	3.044600E+2	3.808054E+1	-3.382046E+0	2.361800E-7	NaN	2.361800E-6	4.815860E-1	1.826629E+1
9.105680E+2	3.043000E+2	3.810056E+1	-2.767660E+0	2.341000E-7	NaN	2.341000E-6	4.807154E-1	1.824140E+1
9.133830E+2	3.041600E+2	3.811810E+1	-2.750367E+0	2.321400E-7	NaN	2.321400E-6	4.827782E-1	1.832912E+1
9.161440E+2	3.040200E+2	3.813565E+1	-3.156413E+0	2.302800E-7	NaN	2.302800E-6	4.849230E-1	1.842007E+1
9.190170E+2	3.038700E+2	3.815447E+1	-3.012818E+0	2.283400E-7	NaN	2.283400E-6	4.864441E-1	1.848746E+1
9.219830E+2	3.037200E+2	3.817332E+1	-3.088691E+0	2.263500E-7	NaN	2.263500E-6	4.875742E-1	1.854046E+1
9.248680E+2	3.036100E+2	3.818715E+1	-3.082459E+0	2.244800E-7	NaN	2.244800E-6	4.851931E-1	1.845945E+1
9.277620E+2	3.034700E+2	3.820476E+1	-2.667933E+0	2.226600E-7	NaN	2.226600E-6	4.849299E-1	1.845812E+1
9.305700E+2	3.033300E+2	3.822240E+1	-2.595764E+0	2.209000E-7	NaN	2.209000E-6	4.836641E-1	1.841836E+1
9.334420E+2	3.032000E+2	3.823879E+1	-2.946111E+0	2.191400E-7	NaN	2.191400E-6	4.814754E-1	1.834342E+1
9.363350E+2	3.030600E+2	3.825645E+1	-2.851595E+0	2.174100E-7	NaN	2.174100E-6	4.787879E-1	1.824899E+1
9.392200E+2	3.029200E+2	3.827413E+1	-2.810175E+0	2.157100E-7	NaN	2.157100E-6	4.795399E-1	1.828652E+1
9.421770E+2	3.027900E+2	3.829056E+1	-2.907579E+0	2.139700E-7	NaN	2.139700E-6	4.781278E-1	1.824139E+1
9.451310E+2	3.027000E+2	3.830195E+1	-2.772461E+0	2.123000E-7	NaN	2.123000E-6	4.776951E-1	1.823347E+1
9.479400E+2	3.025700E+2	3.831841E+1	-2.233193E+0	2.107300E-7	NaN	2.107300E-6	4.793466E-1	1.830407E+1
9.507980E+2	3.024300E+2	3.833614E+1	-2.286499E+0	2.091600E-7	NaN	2.091600E-6	4.788377E-1	1.829195E+1
9.535780E+2	3.023000E+2	3.835263E+1	-2.858889E+0	2.076900E-7	NaN	2.076900E-6	4.804214E-1	1.836091E+1
9.564150E+2	3.021700E+2	3.836913E+1	-2.873667E+0	2.061800E-7	NaN	2.061800E-6	4.796634E-1	1.834019E+1
9.591540E+2	3.020900E+2	3.837929E+1	-2.777188E+0	2.047600E-7	NaN	2.047600E-6	4.782099E-1	1.829294E+1
9.619320E+2	3.019700E+2	3.839454E+1	-2.262603E+0	2.033400E-7	NaN	2.033400E-6	4.794769E-1	1.834898E+1
9.648870E+2	3.018400E+2	3.841108E+1	-2.176084E+0	2.018500E-7	NaN	2.018500E-6	4.791001E-1	1.834198E+1
9.677390E+2	3.017200E+2	3.842636E+1	-2.616677E+0	2.004700E-7	NaN	2.004700E-6	4.771530E-1	1.827476E+1
9.704940E+2	3.016000E+2	3.844164E+1	-2.583429E+0	1.989600E-7	NaN	1.989600E-6	4.773871E-1	1.829161E+1
9.734440E+2	3.014800E+2	3.845695E+1	-2.567962E+0	1.975630E-7	NaN	1.975630E-6	4.777724E-1	1.831420E+1
9.762740E+2	3.014000E+2	3.846715E+1	-2.523119E+0	1.962610E-7	NaN	1.962610E-6	4.769486E-1	1.829034E+1
9.790530E+2	3.012800E+2	3.848247E+1	-2.078699E+0	1.950090E-7	NaN	1.950090E-6	4.792843E-1	1.838708E+1
9.820710E+2	3.011800E+2	3.849525E+1	-2.138063E+0	1.936580E-7	NaN	1.936580E-6	4.789537E-1	1.838156E+1
9.849430E+2	3.010600E+2	3.851060E+1	-2.272907E+0	1.923930E-7	NaN	1.923930E-6	4.786459E-1	1.837642E+1
9.878440E+2	3.009500E+2	3.852467E+1	-2.238945E+0	1.911620E-7	NaN	1.911620E-6	4.770337E-1	1.832124E+1
9.906380E+2	3.008400E+2	3.853876E+1	-2.390244E+0	1.899680E-7	NaN	1.899680E-6	4.794168E-1	1.842028E+1
9.934730E+2	3.007400E+2	3.855157E+1	-2.317550E+0	1.888060E-7	NaN	1.888060E-6	4.805546E-1	1.847152E+1
9.964850E+2	3.006700E+2	3.856055E+1	-2.238110E+0	1.875770E-7	NaN	1.875770E-6	4.800420E-1	1.845884E+1
9.993490E+2	3.005600E+2	3.857466E+1	-1.740846E+0	1.864330E-7	NaN	1.864330E-6	4.817680E-1	1.853137E+1
1.002366E+3	3.004600E+2	3.858750E+1	-1.834168E+0	1.852590E-7	NaN	1.852590E-6	4.806604E-1	1.849482E+1
1.005142E+3	3.003600E+2	3.860035E+1	-2.141125E+0	1.842010E-7	NaN	1.842010E-6	4.836184E-1	1.861548E+1
1.007945E+3	3.002500E+2	3.861449E+1	-2.070271E+0	1.831410E-7	NaN	1.831410E-6	4.851018E-1	1.867952E+1
1.010871E+3	3.001500E+2	3.862735E+1	-2.258625E+0	1.820810E-7	NaN	1.820810E-6	4.833714E-1	1.861979E+1
1.013760E+3	3.000600E+2	3.863894E+1	-2.198249E+0	1.810390E-7	NaN	1.810390E-6	4.799222E-1	1.849359E+1
1.016588E+3	2.999900E+2	3.864795E+1	-1.960640E+0	1.800340E-7	NaN	1.800340E-6	4.773268E-1	1.839986E+1
1.019559E+3	2.998900E+2	3.866084E+1	-1.679885E+0	1.790070E-7	NaN	1.790070E-6	4.764060E-1	1.836991E+1
1.022370E+3	2.998100E+2	3.867116E+1	-1.761118E+0	1.780360E-7	NaN	1.780360E-6	4.781493E-1	1.844343E+1
1.025416E+3	2.997100E+2	3.868406E+1	-1.869303E+0	1.770070E-7	NaN	1.770070E-6	4.789034E-1	1.847840E+1
1.028329E+3	2.996100E+2	3.869697E+1	-1.845697E+0	1.760540E-7	NaN	1.760540E-6	4.807830E-1	1.855725E+1
1.031318E+3	2.995300E+2	3.870731E+1	-2.013426E+0	1.750830E-7	NaN	1.750830E-6	4.793299E-1	1.850735E+1
1.034187E+3	2.994400E+2	3.871894E+1	-1.828914E+0	1.741720E-7	NaN	1.741720E-6	4.784001E-1	1.847723E+1
1.037096E+3	2.993500E+2	3.873058E+1	-1.740266E+0	1.732730E-7	NaN	1.732730E-6	4.754796E-1	1.836997E+1
1.039929E+3	2.992700E+2	3.874094E+1	-1.869129E+0	1.724150E-7	NaN	1.724150E-6	4.715526E-1	1.822366E+1
1.042863E+3	2.992100E+2	3.874870E+1	-1.776742E+0	1.715480E-7	NaN	1.715480E-6	4.729233E-1	1.828256E+1
1.045652E+3	2.991300E+2	3.875907E+1	-1.455200E+0	1.707200E-7	NaN	1.707200E-6	4.760430E-1	1.840853E+1
1.048797E+3	2.990400E+2	3.877073E+1	-1.465677E+0	1.698160E-7	NaN	1.698160E-6	4.795969E-1	1.855143E+1
1.051678E+3	2.989500E+2	3.878241E+1	-1.718868E+0	1.689970E-7	NaN	1.689970E-6	4.817658E-1	1.864096E+1
1.054479E+3	2.988700E+2	3.879279E+1	-1.791088E+0	1.682360E-7	NaN	1.682360E-6	4.797197E-1	1.856725E+1
1.057352E+3	2.988000E+2	3.880187E+1	-1.795519E+0	1.674500E-7	NaN	1.674500E-6	4.757019E-1	1.841692E+1
1.060112E+3	2.987200E+2	3.881227E+1	-1.585650E+0	1.667170E-7	NaN	1.667170E-6	4.728958E-1	1.831318E+1
1.063043E+3	2.986700E+2	3.881876E+1	-1.596801E+0	1.659490E-7	NaN	1.659490E-6	4.719990E-1	1.828381E+1
1.065834E+3	2.985800E+2	3.883046E+1	-1.367006E+0	1.652420E-7	NaN	1.652420E-6	4.737684E-1	1.835708E+1
1.068756E+3	2.985100E+2	3.883957E+1	-1.464305E+0	1.644920E-7	NaN	1.644920E-6	4.740162E-1	1.837201E+1
1.071735E+3	2.984400E+2	3.884868E+1	-1.678478E+0	1.637620E-7	NaN	1.637620E-6	4.742076E-1	1.838449E+1
1.074649E+3	2.983700E+2	3.885779E+1	-1.423443E+0	1.630640E-7	NaN	1.630640E-6	4.727339E-1	1.833206E+1
1.077661E+3	2.982900E+2	3.886822E+1	-1.425362E+0	1.623420E-7	NaN	1.623420E-6	4.727853E-1	1.833884E+1
1.080586E+3	2.982200E+2	3.887734E+1	-1.519151E+0	1.616540E-7	NaN	1.616540E-6	4.707770E-1	1.826570E+1
1.083466E+3	2.981500E+2	3.888647E+1	-1.516302E+0	1.609930E-7	NaN	1.609930E-6	4.676975E-1	1.815070E+1
1.086472E+3	2.980900E+2	3.889429E+1	-1.446999E+0	1.603250E-7	NaN	1.603250E-6	4.642149E-1	1.801991E+1
1.089236E+3	2.980400E+2	3.890082E+1	-1.324249E+0	1.597020E-7	NaN	1.597020E-6	4.659592E-1	1.809224E+1
1.091992E+3	2.979800E+2	3.890865E+1	-1.144630E+0	1.591170E-7	NaN	1.591170E-6	4.700699E-1	1.825630E+1
1.094855E+3	2.979200E+2	3.891649E+1	-1.195599E+0	1.585000E-7	NaN	1.585000E-6	4.738097E-1	1.840586E+1
1.097728E+3	2.978400E+2	3.892694E+1	-1.281212E+0	1.579020E-7	NaN	1.579020E-6	4.760035E-1	1.849514E+1
1.100755E+3	2.977800E+2	3.893478E+1	-1.464555E+0	1.572860E-7	NaN	1.572860E-6	4.735232E-1	1.840300E+1
1.103580E+3	2.977400E+2	3.894001E+1	-1.421636E+0	1.567170E-7	NaN	1.567170E-6	4.728301E-1	1.838028E+1
1.106301E+3	2.976800E+2	3.894786E+1	-1.027242E+0	1.561740E-7	NaN	1.561740E-6	4.735583E-1	1.841226E+1
1.109108E+3	2.976200E+2	3.895572E+1	-1.080382E+0	1.556380E-7	NaN	1.556380E-6	4.786653E-1	1.861513E+1
1.111897E+3	2.975600E+2	3.896357E+1	-1.302355E+0	1.551040E-7	NaN	1.551040E-6	4.787095E-1	1.862087E+1
1.114697E+3	2.975000E+2	3.897143E+1	-1.286629E+0	1.545780E-7	NaN	1.545780E-6	4.785370E-1	1.861829E+1
1.117626E+3	2.974600E+2	3.897667E+1	-1.288243E+0	1.540350E-7	NaN	1.540350E-6	4.778285E-1	1.859493E+1
1.120430E+3	2.974100E+2	3.898322E+1	-1.045554E+0	1.535340E-7	NaN	1.535340E-6	4.803622E-1	1.869745E+1
1.123406E+3	2.973500E+2	3.899109E+1	-9.410055E-1	1.530100E-7	NaN	1.530100E-6	4.812030E-1	1.873380E+1
1.126351E+3	2.972900E+2	3.899896E+1	-1.142561E+0	1.524950E-7	NaN	1.524950E-6	4.801583E-1	1.869675E+1
1.129218E+3	2.972400E+2	3.900552E+1	-1.216000E+0	1.520050E-7	NaN	1.520050E-6	4.764973E-1	1.855772E+1
1.132160E+3	2.971900E+2	3.901208E+1	-1.135975E+0	1.515080E-7	NaN	1.515080E-6	4.744387E-1	1.848098E+1
1.134959E+3	2.971400E+2	3.901864E+1	-1.032823E+0	1.510520E-7	NaN	1.510520E-6	4.757996E-1	1.853760E+1
1.137789E+3	2.971100E+2	3.902258E+1	-1.044898E+0	1.505980E-7	NaN	1.505980E-6	4.767613E-1	1.857872E+1
1.140602E+3	2.970500E+2	3.903047E+1	-8.523270E-1	1.501460E-7	NaN	1.501460E-6	4.824737E-1	1.880474E+1
1.143533E+3	2.970000E+2	3.903704E+1	-9.566146E-1	1.496950E-7	NaN	1.496950E-6	4.804031E-1	1.872722E+1
1.146501E+3	2.969500E+2	3.904361E+1	-1.148148E+0	1.492420E-7	NaN	1.492420E-6	4.780407E-1	1.863823E+1
1.149360E+3	2.969100E+2	3.904887E+1	-1.017108E+0	1.488100E-7	NaN	1.488100E-6	4.797769E-1	1.870940E+1
1.152147E+3	2.968600E+2	3.905545E+1	-9.272543E-1	1.484040E-7	NaN	1.484040E-6	4.820839E-1	1.880267E+1
1.155070E+3	2.968200E+2	3.906071E+1	-9.559258E-1	1.479760E-7	NaN	1.479760E-6	4.815001E-1	1.878320E+1
1.157965E+3	2.967700E+2	3.906729E+1	-9.446964E-1	1.475650E-7	NaN	1.475650E-6	4.808770E-1	1.876193E+1
1.160920E+3	2.967400E+2	3.907124E+1	-9.279814E-1	1.471510E-7	NaN	1.471510E-6	4.768978E-1	1.860961E+1
1.163808E+3	2.966900E+2	3.907783E+1	-8.197828E-1	1.467560E-7	NaN	1.467560E-6	4.805887E-1	1.875659E+1
1.166788E+3	2.966400E+2	3.908441E+1	-8.206748E-1	1.463560E-7	NaN	1.463560E-6	4.831265E-1	1.885886E+1
1.169728E+3	2.966000E+2	3.908968E+1	-1.022411E+0	1.459660E-7	NaN	1.459660E-6	4.823479E-1	1.883168E+1
1.172552E+3	2.965600E+2	3.909496E+1	-9.123765E-1	1.456000E-7	NaN	1.456000E-6	4.803100E-1	1.875503E+1
1.175394E+3	2.965200E+2	3.910023E+1	-8.326426E-1	1.452390E-7	NaN	1.452390E-6	4.783551E-1	1.868151E+1
1.178464E+3	2.964800E+2	3.910550E+1	-8.471556E-1	1.448550E-7	NaN	1.448550E-6	4.766946E-1	1.861938E+1
1.181268E+3	2.964300E+2	3.911210E+1	-8.115057E-1	1.445110E-7	NaN	1.445110E-6	4.748315E-1	1.854920E+1
1.184229E+3	2.964100E+2	3.911474E+1	-9.171366E-1	1.441510E-7	NaN	1.441510E-6	4.751594E-1	1.856520E+1
1.187143E+3	2.963700E+2	3.912002E+1	-7.255206E-1	1.438090E-7	NaN	1.438090E-6	4.776512E-1	1.866512E+1
1.190045E+3	2.963300E+2	3.912530E+1	-6.122082E-1	1.434650E-7	NaN	1.434650E-6	4.786702E-1	1.870749E+1
1.192812E+3	2.962900E+2	3.913058E+1	-8.253083E-1	1.431510E-7	NaN	1.431510E-6	4.782978E-1	1.869543E+1
1.195621E+3	2.962500E+2	3.913586E+1	-8.465502E-1	1.428320E-7	NaN	1.428320E-6	4.782402E-1	1.869583E+1
1.198347E+3	2.962100E+2	3.914115E+1	-8.608159E-1	1.425330E-7	NaN	1.425330E-6	4.747301E-1	1.856116E+1
1.201300E+3	2.961900E+2	3.914379E+1	-8.671437E-1	1.422120E-7	NaN	1.422120E-6	4.712678E-1	1.842845E+1
1.204090E+3	2.961500E+2	3.914908E+1	-6.307631E-1	1.419140E-7	NaN	1.419140E-6	4.708625E-1	1.841477E+1
1.206881E+3	2.961200E+2	3.915305E+1	-6.247055E-1	1.416220E-7	NaN	1.416220E-6	4.736197E-1	1.852522E+1
1.209693E+3	2.960900E+2	3.915701E+1	-7.525469E-1	1.413330E-7	NaN	1.413330E-6	4.752139E-1	1.859000E+1
1.212635E+3	2.960500E+2	3.916230E+1	-6.425099E-1	1.410330E-7	NaN	1.410330E-6	4.752879E-1	1.859510E+1
1.215616E+3	2.960100E+2	3.916760E+1	-7.305880E-1	1.407390E-7	NaN	1.407390E-6	4.741171E-1	1.855162E+1
1.218416E+3	2.960000E+2	3.916892E+1	-8.103884E-1	1.404640E-7	NaN	1.404640E-6	4.707705E-1	1.842310E+1
1.221001E+3	2.960000E+2	3.916892E+1	-5.220203E-1	1.402190E-7	NaN	1.402190E-6	4.742671E-1	1.856194E+1
