6/14/2024									
5:35 PM									
slow cooling at 465K at 1k per minute_2024.06.14_COND_FILE END.txt									
									
Data taken by: Akshat Sharma									
ammeter is Keithley 6517A at GPIB0::27::INSTR									
voltage source is Keithley 6517A at GPIB0::27::INSTR									
temperature controller is Lake Shore 330 at GPIB0::12::INSTR with the settings: control sensor=A;sample sensor=;loop=1									
Readings: 5									
Voltage (V): 100									
Geo Factor: 1000									
Ea Window (pts): 5									
Shut off V when done?: TRUE									
Mconnect?: TRUE									
Use Abs(Cond)?: TRUE									
Rate (K/min): 1									
Heater: High									
DESCRIPTION									
********************
Time (s)	Temperature (K)	1/kT (1/eV)	Rate (K/min)	Current (A)	Current Std Dev/Mean	Conductivity (Ohm-cm)^-1	Ea (eV)	Reduced Ea
1.474000E+0	4.649800E+2	2.493441E+1	-1.185641E+0	2.945560E-4	7.437941E-5	2.945560E-3	NaN	NaN
2.880100E+1	4.644400E+2	2.496340E+1	-1.076813E+0	2.920940E-4	2.861138E-3	2.920940E-3	NaN	NaN
4.273100E+1	4.641900E+2	2.497684E+1	-5.796240E-1	2.896140E-4	2.437346E-3	2.896140E-3	4.525428E-1	1.129651E+1
5.618800E+1	4.640600E+2	2.498384E+1	-9.333333E-1	2.879200E-4	1.218836E-3	2.879200E-3	5.115768E-1	1.278311E+1
6.968800E+1	4.638500E+2	2.499515E+1	-1.166966E+0	2.868760E-4	1.413717E-3	2.868760E-3	4.524412E-1	1.131083E+1
8.305600E+1	4.635900E+2	2.500917E+1	-1.068884E+0	2.852740E-4	2.091612E-3	2.852740E-3	4.465273E-1	1.116638E+1
9.652800E+1	4.633500E+2	2.502212E+1	-7.874016E-1	2.833520E-4	1.917387E-3	2.833520E-3	4.643318E-1	1.161753E+1
1.102440E+2	4.631700E+2	2.503185E+1	-1.108545E+0	2.818400E-4	1.515339E-3	2.818400E-3	4.609653E-1	1.153971E+1
1.232340E+2	4.629300E+2	2.504482E+1	-1.030235E+0	2.805400E-4	1.746086E-3	2.805400E-3	4.494794E-1	1.125766E+1
1.366290E+2	4.627000E+2	2.505727E+1	-1.063044E+0	2.789360E-4	1.839694E-3	2.789360E-3	4.911735E-1	1.230669E+1
1.501750E+2	4.624600E+2	2.507028E+1	-8.713964E-1	2.771280E-4	2.089533E-3	2.771280E-3	5.229265E-1	1.310927E+1
1.639460E+2	4.622600E+2	2.508112E+1	-9.971098E-1	2.750360E-4	1.658339E-3	2.750360E-3	4.942135E-1	1.239635E+1
1.777860E+2	4.620300E+2	2.509361E+1	-1.102212E+0	2.736800E-4	1.527882E-3	2.736800E-3	4.565785E-1	1.145797E+1
1.913950E+2	4.617800E+2	2.510719E+1	-9.613984E-1	2.722440E-4	1.708441E-3	2.722440E-3	4.277797E-1	1.073948E+1
2.051250E+2	4.615600E+2	2.511916E+1	-9.163803E-1	2.707520E-4	1.582878E-3	2.707520E-3	4.381200E-1	1.100479E+1
2.182200E+2	4.613600E+2	2.513005E+1	-1.059603E+0	2.693020E-4	1.373270E-3	2.693020E-3	4.497924E-1	1.130414E+1
2.318100E+2	4.611200E+2	2.514313E+1	-1.046816E+0	2.679100E-4	1.954897E-3	2.679100E-3	4.522019E-1	1.136998E+1
2.455660E+2	4.608800E+2	2.515622E+1	-9.602095E-1	2.662700E-4	1.835825E-3	2.662700E-3	4.486474E-1	1.128572E+1
2.593130E+2	4.606600E+2	2.516824E+1	-9.914376E-1	2.647380E-4	1.740726E-3	2.647380E-3	4.546777E-1	1.144301E+1
2.726270E+2	4.604400E+2	2.518026E+1	-9.005629E-1	2.633860E-4	1.563258E-3	2.633860E-3	4.437914E-1	1.117469E+1
2.859520E+2	4.602400E+2	2.519120E+1	-1.037516E+0	2.621160E-4	1.580992E-3	2.621160E-3	4.375917E-1	1.102409E+1
2.992530E+2	4.600100E+2	2.520380E+1	-1.071827E+0	2.606760E-4	1.856806E-3	2.606760E-3	4.336535E-1	1.093036E+1
3.126880E+2	4.597700E+2	2.521696E+1	-1.041667E+0	2.591600E-4	1.802021E-3	2.591600E-3	4.264187E-1	1.075292E+1
3.265120E+2	4.595300E+2	2.523013E+1	-9.249527E-1	2.577720E-4	1.439931E-3	2.577720E-3	4.236585E-1	1.068883E+1
3.407830E+2	4.593100E+2	2.524221E+1	-1.126295E+0	2.564740E-4	1.677852E-3	2.564740E-3	4.426244E-1	1.117271E+1
3.541010E+2	4.590600E+2	2.525596E+1	-9.375000E-1	2.549440E-4	2.323953E-3	2.549440E-3	4.651168E-1	1.174617E+1
3.675410E+2	4.588500E+2	2.526752E+1	-9.197080E-1	2.533680E-4	1.811117E-3	2.533680E-3	4.620958E-1	1.167586E+1
3.812410E+2	4.586400E+2	2.527909E+1	-1.051589E+0	2.520140E-4	1.537991E-3	2.520140E-3	4.483744E-1	1.133505E+1
3.943640E+2	4.584100E+2	2.529177E+1	-9.748172E-1	2.507720E-4	1.564220E-3	2.507720E-3	4.187244E-1	1.059044E+1
4.079050E+2	4.581900E+2	2.530391E+1	-1.028393E+0	2.494420E-4	1.768805E-3	2.494420E-3	4.165269E-1	1.053974E+1
4.213240E+2	4.579600E+2	2.531662E+1	-9.907678E-1	2.481920E-4	1.714019E-3	2.481920E-3	4.269432E-1	1.080861E+1
4.346470E+2	4.577400E+2	2.532879E+1	-9.943503E-1	2.468480E-4	1.691633E-3	2.468480E-3	4.385601E-1	1.110823E+1
4.479220E+2	4.575200E+2	2.534097E+1	-1.053710E+0	2.455380E-4	1.687686E-3	2.455380E-3	4.571742E-1	1.158572E+1
4.615880E+2	4.572800E+2	2.535427E+1	-1.067220E+0	2.440040E-4	2.058470E-3	2.440040E-3	4.654839E-1	1.180184E+1
4.750810E+2	4.570400E+2	2.536758E+1	-9.394572E-1	2.424720E-4	1.793761E-3	2.424720E-3	4.646909E-1	1.178733E+1
4.884930E+2	4.568300E+2	2.537924E+1	-9.209853E-1	2.411400E-4	1.633190E-3	2.411400E-3	4.439794E-1	1.126800E+1
5.021740E+2	4.566200E+2	2.539092E+1	-1.059447E+0	2.399320E-4	1.582246E-3	2.399320E-3	4.324097E-1	1.097996E+1
5.157660E+2	4.563800E+2	2.540427E+1	-1.025412E+0	2.386660E-4	1.729747E-3	2.386660E-3	4.322145E-1	1.098002E+1
5.292240E+2	4.561500E+2	2.541708E+1	-9.653357E-1	2.372740E-4	1.832863E-3	2.372740E-3	4.395021E-1	1.117043E+1
5.428980E+2	4.559300E+2	2.542934E+1	-9.668913E-1	2.359540E-4	1.662238E-3	2.359540E-3	4.402998E-1	1.119687E+1
5.565500E+2	4.557100E+2	2.544162E+1	-1.099143E+0	2.346900E-4	1.752433E-3	2.346900E-3	4.350685E-1	1.106939E+1
5.701970E+2	4.554600E+2	2.545558E+1	-1.030697E+0	2.333480E-4	1.856740E-3	2.333480E-3	4.414774E-1	1.123748E+1
5.835860E+2	4.552300E+2	2.546844E+1	-9.113693E-1	2.319920E-4	1.772394E-3	2.319920E-3	4.432246E-1	1.128756E+1
5.967530E+2	4.550300E+2	2.547964E+1	-1.017474E+0	2.307340E-4	1.564326E-3	2.307340E-3	4.463561E-1	1.137334E+1
6.103160E+2	4.548000E+2	2.549252E+1	-9.582577E-1	2.295180E-4	1.682203E-3	2.295180E-3	4.318630E-1	1.100971E+1
6.240910E+2	4.545800E+2	2.550486E+1	-1.061477E+0	2.282660E-4	1.766685E-3	2.282660E-3	4.224285E-1	1.077424E+1
6.376570E+2	4.543400E+2	2.551833E+1	-1.006858E+0	2.270260E-4	1.679776E-3	2.270260E-3	4.236942E-1	1.081209E+1
6.513630E+2	4.541100E+2	2.553126E+1	-9.964708E-1	2.257580E-4	1.786531E-3	2.257580E-3	4.204699E-1	1.073525E+1
6.658140E+2	4.538700E+2	2.554476E+1	-1.059993E+0	2.244780E-4	1.705488E-3	2.244780E-3	4.293563E-1	1.096778E+1
6.793990E+2	4.536300E+2	2.555827E+1	-1.042296E+0	2.232160E-4	1.863526E-3	2.232160E-3	4.417794E-1	1.129052E+1
6.926390E+2	4.534000E+2	2.557124E+1	-8.941878E-1	2.218960E-4	1.888643E-3	2.218960E-3	4.510547E-1	1.153333E+1
7.067300E+2	4.531900E+2	2.558309E+1	-9.497965E-1	2.206280E-4	1.620145E-3	2.206280E-3	4.476857E-1	1.145341E+1
7.199960E+2	4.529800E+2	2.559495E+1	-1.084092E+0	2.195020E-4	1.664695E-3	2.195020E-3	4.428649E-1	1.133567E+1
7.332790E+2	4.527400E+2	2.560852E+1	-9.663958E-1	2.182740E-4	1.818359E-3	2.182740E-3	4.355967E-1	1.115494E+1
7.469380E+2	4.525200E+2	2.562097E+1	-9.956710E-1	2.170020E-4	1.845431E-3	2.170020E-3	4.428240E-1	1.134531E+1
7.607980E+2	4.522900E+2	2.563400E+1	-9.183004E-1	2.158020E-4	1.729622E-3	2.158020E-3	4.453344E-1	1.141572E+1
7.745190E+2	4.520800E+2	2.564590E+1	-1.054945E+0	2.146140E-4	1.802702E-3	2.146140E-3	4.417557E-1	1.132964E+1
7.881690E+2	4.518400E+2	2.565953E+1	-1.058607E+0	2.133660E-4	1.823213E-3	2.133660E-3	4.454559E-1	1.143018E+1
8.012050E+2	4.516100E+2	2.567259E+1	-1.004872E+0	2.121160E-4	1.811398E-3	2.121160E-3	4.416201E-1	1.133702E+1
8.143410E+2	4.513900E+2	2.568511E+1	-9.359679E-1	2.109240E-4	1.635007E-3	2.109240E-3	4.373008E-1	1.123192E+1
8.278030E+2	4.511800E+2	2.569706E+1	-9.937514E-1	2.098420E-4	1.560434E-3	2.098420E-3	4.304972E-1	1.106268E+1
8.410860E+2	4.509600E+2	2.570960E+1	-1.008095E+0	2.087540E-4	1.681944E-3	2.087540E-3	4.280695E-1	1.100585E+1
8.541800E+2	4.507400E+2	2.572215E+1	-1.044084E+0	2.076180E-4	1.736427E-3	2.076180E-3	4.354754E-1	1.120147E+1
8.679720E+2	4.505000E+2	2.573585E+1	-9.233475E-1	2.063840E-4	1.747213E-3	2.063840E-3	4.306104E-1	1.108203E+1
8.816180E+2	4.502900E+2	2.574785E+1	-1.088189E+0	2.052500E-4	1.710450E-3	2.052500E-3	4.202840E-1	1.082190E+1
8.948510E+2	4.500500E+2	2.576158E+1	-1.061947E+0	2.041720E-4	1.605264E-3	2.041720E-3	4.191996E-1	1.079935E+1
9.084110E+2	4.498100E+2	2.577533E+1	-1.011494E+0	2.030220E-4	1.932433E-3	2.030220E-3	4.282110E-1	1.103639E+1
9.214610E+2	4.495900E+2	2.578794E+1	-9.065498E-1	2.018620E-4	1.731521E-3	2.018620E-3	4.415981E-1	1.138723E+1
9.346980E+2	4.493900E+2	2.579942E+1	-9.370120E-1	2.007680E-4	1.663716E-3	2.007680E-3	4.257212E-1	1.098405E+1
9.481450E+2	4.491800E+2	2.581148E+1	-1.100998E+0	1.997722E-4	1.528287E-3	1.997722E-3	4.106289E-1	1.059988E+1
9.617690E+2	4.489300E+2	2.582585E+1	-1.032470E+0	1.987300E-4	1.732257E-3	1.987300E-3	4.140432E-1	1.069264E+1
9.751350E+2	4.487000E+2	2.583909E+1	-8.982676E-1	1.975938E-4	1.738809E-3	1.975938E-3	4.231591E-1	1.093345E+1
9.891620E+2	4.484900E+2	2.585119E+1	-1.043084E+0	1.964588E-4	1.720810E-3	1.964588E-3	4.351800E-1	1.125025E+1
1.002392E+3	4.482600E+2	2.586445E+1	-1.036347E+0	1.954128E-4	1.746121E-3	1.954128E-3	4.305673E-1	1.113680E+1
1.015708E+3	4.480300E+2	2.587773E+1	-1.073265E+0	1.942978E-4	1.837982E-3	1.942978E-3	4.303782E-1	1.113692E+1
1.029125E+3	4.477900E+2	2.589160E+1	-8.764882E-1	1.931390E-4	1.593088E-3	1.931390E-3	4.323158E-1	1.119296E+1
1.042816E+3	4.475900E+2	2.590317E+1	-1.054868E+0	1.921122E-4	1.767323E-3	1.921122E-3	4.311741E-1	1.116911E+1
1.056467E+3	4.473500E+2	2.591707E+1	-9.863259E-1	1.910464E-4	1.746477E-3	1.910464E-3	4.330918E-1	1.122430E+1
1.069850E+3	4.471300E+2	2.592982E+1	-9.603659E-1	1.899726E-4	1.810587E-3	1.899726E-3	4.271723E-1	1.107636E+1
1.082970E+3	4.469200E+2	2.594200E+1	-1.043176E+0	1.889338E-4	1.837398E-3	1.889338E-3	4.296690E-1	1.114682E+1
1.096774E+3	4.466800E+2	2.595594E+1	-9.323664E-1	1.878714E-4	1.796351E-3	1.878714E-3	4.249610E-1	1.103012E+1
1.110288E+3	4.464700E+2	2.596815E+1	-1.028239E+0	1.868878E-4	1.543553E-3	1.868878E-3	4.200095E-1	1.090726E+1
1.123709E+3	4.462400E+2	2.598153E+1	-1.111358E+0	1.858212E-4	1.995870E-3	1.858212E-3	4.382901E-1	1.138765E+1
1.137206E+3	4.459900E+2	2.599610E+1	-9.338175E-1	1.847092E-4	1.939608E-3	1.847092E-3	4.407052E-1	1.145590E+1
1.150699E+3	4.457800E+2	2.600834E+1	-9.614684E-1	1.835548E-4	1.720830E-3	1.835548E-3	4.302375E-1	1.118976E+1
1.164428E+3	4.455600E+2	2.602119E+1	-1.032857E+0	1.826086E-4	1.592592E-3	1.826086E-3	4.245502E-1	1.104778E+1
1.177789E+3	4.453300E+2	2.603463E+1	-1.010249E+0	1.816808E-4	1.772849E-3	1.816808E-3	4.129790E-1	1.075169E+1
1.191449E+3	4.451000E+2	2.604808E+1	-9.654769E-1	1.805930E-4	1.835947E-3	1.805930E-3	4.170378E-1	1.086289E+1
1.205121E+3	4.448800E+2	2.606096E+1	-1.042296E+0	1.796088E-4	1.615188E-3	1.796088E-3	4.258558E-1	1.109825E+1
1.218361E+3	4.446500E+2	2.607444E+1	-9.438009E-1	1.786410E-4	1.800441E-3	1.786410E-3	4.217314E-1	1.099651E+1
1.232347E+3	4.444300E+2	2.608735E+1	-1.065089E+0	1.776152E-4	1.783164E-3	1.776152E-3	4.275707E-1	1.115443E+1
1.245867E+3	4.441900E+2	2.610144E+1	-1.026939E+0	1.765768E-4	1.852974E-3	1.765768E-3	4.347261E-1	1.134671E+1
1.259305E+3	4.439600E+2	2.611497E+1	-9.458039E-1	1.755156E-4	1.823839E-3	1.755156E-3	4.283650E-1	1.118636E+1
1.272627E+3	4.437500E+2	2.612732E+1	-1.005318E+0	1.745702E-4	1.673976E-3	1.745702E-3	4.255984E-1	1.112008E+1
1.286354E+3	4.435200E+2	2.614087E+1	-1.014855E+0	1.736184E-4	1.862539E-3	1.736184E-3	4.194211E-1	1.096429E+1
1.299952E+3	4.432900E+2	2.615444E+1	-1.012175E+0	1.726246E-4	1.843006E-3	1.726246E-3	4.224414E-1	1.104843E+1
1.313586E+3	4.430600E+2	2.616801E+1	-9.276301E-1	1.716390E-4	1.759140E-3	1.716390E-3	4.257309E-1	1.114027E+1
1.327169E+3	4.428500E+2	2.618042E+1	-1.019654E+0	1.706970E-4	1.695504E-3	1.706970E-3	4.231740E-1	1.107931E+1
1.340703E+3	4.426200E+2	2.619403E+1	-1.046360E+0	1.697472E-4	1.808137E-3	1.697472E-3	4.322705E-1	1.132325E+1
1.354465E+3	4.423800E+2	2.620824E+1	-1.023587E+0	1.687440E-4	1.964561E-3	1.687440E-3	4.382554E-1	1.148556E+1
1.367947E+3	4.421500E+2	2.622187E+1	-9.809750E-1	1.676460E-4	1.994529E-3	1.676460E-3	4.454317E-1	1.167939E+1
1.381403E+3	4.419300E+2	2.623492E+1	-8.931894E-1	1.666882E-4	1.628225E-3	1.666882E-3	4.385044E-1	1.150396E+1
1.394838E+3	4.417300E+2	2.624680E+1	-1.026480E+0	1.658344E-4	1.643942E-3	1.658344E-3	4.183518E-1	1.098126E+1
1.408282E+3	4.415000E+2	2.626048E+1	-1.113586E+0	1.649180E-4	1.845956E-3	1.649180E-3	4.241357E-1	1.113823E+1
1.421752E+3	4.412500E+2	2.627535E+1	-8.903398E-1	1.639322E-4	1.905807E-3	1.639322E-3	4.297921E-1	1.129204E+1
1.435230E+3	4.410500E+2	2.628727E+1	-9.532751E-1	1.629778E-4	1.783496E-3	1.629778E-3	4.303905E-1	1.131413E+1
1.449077E+3	4.408300E+2	2.630039E+1	-1.099384E+0	1.620796E-4	1.791453E-3	1.620796E-3	4.375149E-1	1.150752E+1
1.462721E+3	4.405800E+2	2.631531E+1	-9.944252E-1	1.611136E-4	1.948459E-3	1.611136E-3	4.335904E-1	1.140958E+1
1.475995E+3	4.403600E+2	2.632846E+1	-1.005561E+0	1.601014E-4	1.916317E-3	1.601014E-3	4.375004E-1	1.151831E+1
1.489122E+3	4.401400E+2	2.634162E+1	-9.676710E-1	1.591886E-4	1.751600E-3	1.591886E-3	4.367962E-1	1.150601E+1
1.502763E+3	4.399200E+2	2.635479E+1	-9.915865E-1	1.583060E-4	1.775071E-3	1.583060E-3	4.217313E-1	1.111481E+1
1.516075E+3	4.397000E+2	2.636798E+1	-1.047916E+0	1.574318E-4	1.668555E-3	1.574318E-3	4.250449E-1	1.120768E+1
1.529244E+3	4.394700E+2	2.638178E+1	-9.524497E-1	1.565396E-4	1.853984E-3	1.565396E-3	4.264005E-1	1.124931E+1
1.543103E+3	4.392500E+2	2.639499E+1	-1.039786E+0	1.555984E-4	1.914057E-3	1.555984E-3	4.335131E-1	1.144258E+1
1.556952E+3	4.390100E+2	2.640942E+1	-9.360374E-1	1.546758E-4	1.788019E-3	1.546758E-3	4.338270E-1	1.145712E+1
1.570413E+3	4.388000E+2	2.642206E+1	-1.087508E+0	1.537820E-4	1.830210E-3	1.537820E-3	4.369345E-1	1.154498E+1
1.584206E+3	4.385500E+2	2.643712E+1	-9.545159E-1	1.528240E-4	2.057348E-3	1.528240E-3	4.401126E-1	1.163502E+1
1.598035E+3	4.383300E+2	2.645039E+1	-9.897278E-1	1.518710E-4	1.830815E-3	1.518710E-3	4.345086E-1	1.149255E+1
1.611372E+3	4.381100E+2	2.646367E+1	-9.858103E-1	1.510278E-4	1.735117E-3	1.510278E-3	4.357951E-1	1.153278E+1
1.624762E+3	4.378900E+2	2.647697E+1	-9.742416E-1	1.501774E-4	1.848523E-3	1.501774E-3	4.243138E-1	1.123482E+1
1.638311E+3	4.376700E+2	2.649028E+1	-1.059915E+0	1.492970E-4	1.864245E-3	1.492970E-3	4.245281E-1	1.124618E+1
1.651897E+3	4.374300E+2	2.650481E+1	-9.776329E-1	1.484212E-4	1.893185E-3	1.484212E-3	4.194367E-1	1.111698E+1
1.665399E+3	4.372100E+2	2.651815E+1	-9.756098E-1	1.475702E-4	1.735895E-3	1.475702E-3	4.220778E-1	1.119269E+1
1.679544E+3	4.369800E+2	2.653211E+1	-1.045534E+0	1.467394E-4	1.811896E-3	1.467394E-3	4.321336E-1	1.146550E+1
1.692743E+3	4.367500E+2	2.654608E+1	-1.026633E+0	1.458124E-4	2.085427E-3	1.458124E-3	4.400703E-1	1.168182E+1
1.706185E+3	4.365200E+2	2.656007E+1	-9.333333E-1	1.449134E-4	1.874258E-3	1.449134E-3	4.443299E-1	1.180104E+1
1.719685E+3	4.363100E+2	2.657285E+1	-9.728774E-1	1.440752E-4	1.778018E-3	1.440752E-3	4.350228E-1	1.156000E+1
1.733253E+3	4.360900E+2	2.658626E+1	-1.022753E+0	1.432578E-4	1.780483E-3	1.432578E-3	4.323001E-1	1.149353E+1
1.746746E+3	4.358600E+2	2.660028E+1	-9.842666E-1	1.424206E-4	2.044230E-3	1.424206E-3	4.332896E-1	1.152544E+1
1.760157E+3	4.356400E+2	2.661372E+1	-9.797373E-1	1.415684E-4	1.885820E-3	1.415684E-3	4.310750E-1	1.147254E+1
1.773630E+3	4.354200E+2	2.662716E+1	-1.036036E+0	1.407212E-4	1.752663E-3	1.407212E-3	4.327945E-1	1.152427E+1
1.786950E+3	4.351900E+2	2.664124E+1	-9.787928E-1	1.399308E-4	1.790562E-3	1.399308E-3	4.241510E-1	1.130006E+1
1.800436E+3	4.349700E+2	2.665471E+1	-1.108460E+0	1.390852E-4	1.750385E-3	1.390852E-3	4.272016E-1	1.138680E+1
1.813427E+3	4.347300E+2	2.666943E+1	-9.337068E-1	1.382622E-4	1.914883E-3	1.382622E-3	4.364026E-1	1.163760E+1
1.826279E+3	4.345300E+2	2.668170E+1	-8.820799E-1	1.374752E-4	1.688842E-3	1.374752E-3	4.348241E-1	1.160127E+1
1.839203E+3	4.343400E+2	2.669337E+1	-9.778813E-1	1.367710E-4	1.510739E-3	1.367710E-3	4.353499E-1	1.162173E+1
1.852088E+3	4.341300E+2	2.670629E+1	-1.079305E+0	1.360276E-4	1.848335E-3	1.360276E-3	4.320367E-1	1.153863E+1
1.864874E+3	4.339000E+2	2.672044E+1	-9.813084E-1	1.352152E-4	1.900367E-3	1.352152E-3	4.283535E-1	1.144565E+1
1.877714E+3	4.336900E+2	2.673338E+1	-1.032702E+0	1.344224E-4	1.812867E-3	1.344224E-3	4.346111E-1	1.161836E+1
1.890496E+3	4.334700E+2	2.674695E+1	-9.346522E-1	1.336854E-4	1.690359E-3	1.336854E-3	4.304310E-1	1.151301E+1
1.903335E+3	4.332700E+2	2.675930E+1	-1.175364E+0	1.329190E-4	1.858709E-3	1.329190E-3	4.310896E-1	1.153623E+1
1.916097E+3	4.330200E+2	2.677474E+1	-9.802396E-1	1.320950E-4	2.009821E-3	1.320950E-3	4.432211E-1	1.186623E+1
1.928951E+3	4.328100E+2	2.678774E+1	-8.519366E-1	1.313064E-4	1.749828E-3	1.313064E-3	4.340172E-1	1.162549E+1
1.941628E+3	4.326300E+2	2.679888E+1	-1.017576E+0	1.306120E-4	1.598152E-3	1.306120E-3	4.307639E-1	1.154483E+1
1.954600E+3	4.324100E+2	2.681252E+1	-1.028758E+0	1.299324E-4	1.738656E-3	1.299324E-3	4.255381E-1	1.141012E+1
1.967431E+3	4.321900E+2	2.682616E+1	-9.781090E-1	1.291872E-4	1.905703E-3	1.291872E-3	4.284038E-1	1.149205E+1
1.980313E+3	4.319800E+2	2.683921E+1	-9.921260E-1	1.284182E-4	1.877807E-3	1.284182E-3	4.435209E-1	1.190346E+1
1.993013E+3	4.317700E+2	2.685226E+1	-9.262118E-1	1.276762E-4	1.783313E-3	1.276762E-3	4.339599E-1	1.165318E+1
2.005969E+3	4.315700E+2	2.686470E+1	-1.126320E+0	1.269712E-4	1.753435E-3	1.269712E-3	4.239946E-1	1.139152E+1
2.018754E+3	4.313300E+2	2.687965E+1	-1.113948E+0	1.262368E-4	1.964373E-3	1.262368E-3	4.303627E-1	1.156805E+1
2.031681E+3	4.310900E+2	2.689462E+1	-9.505847E-1	1.254164E-4	2.147341E-3	1.254164E-3	4.442738E-1	1.194716E+1
2.044936E+3	4.308800E+2	2.690772E+1	-8.520038E-1	1.246282E-4	1.815819E-3	1.246282E-3	4.507864E-1	1.212895E+1
2.057612E+3	4.307000E+2	2.691897E+1	-1.007480E+0	1.239600E-4	1.679424E-3	1.239600E-3	4.346649E-1	1.170177E+1
2.070714E+3	4.304800E+2	2.693273E+1	-1.089015E+0	1.232938E-4	1.758457E-3	1.232938E-3	4.283675E-1	1.153749E+1
2.083386E+3	4.302500E+2	2.694712E+1	-9.428773E-1	1.225742E-4	1.844931E-3	1.225742E-3	4.308405E-1	1.160923E+1
2.096113E+3	4.300500E+2	2.695966E+1	-9.768956E-1	1.218328E-4	1.885364E-3	1.218328E-3	4.361156E-1	1.175772E+1
2.109011E+3	4.298400E+2	2.697283E+1	-1.072011E+0	1.211330E-4	1.789592E-3	1.211330E-3	4.329935E-1	1.167972E+1
2.121884E+3	4.296100E+2	2.698727E+1	-1.008866E+0	1.204304E-4	1.811931E-3	1.204304E-3	4.262647E-1	1.150368E+1
2.134968E+3	4.293900E+2	2.700109E+1	-1.012270E+0	1.197174E-4	1.954903E-3	1.197174E-3	4.324132E-1	1.167543E+1
2.148008E+3	4.291700E+2	2.701494E+1	-1.022067E+0	1.189776E-4	1.966915E-3	1.189776E-3	4.463852E-1	1.205889E+1
2.160923E+3	4.289500E+2	2.702879E+1	-9.683369E-1	1.182464E-4	1.909622E-3	1.182464E-3	4.561635E-1	1.232907E+1
2.173935E+3	4.287400E+2	2.704203E+1	-9.277155E-1	1.175218E-4	2.064577E-3	1.175218E-3	4.498916E-1	1.216589E+1
2.186870E+3	4.285400E+2	2.705465E+1	-1.037817E+0	1.168244E-4	1.768378E-3	1.168244E-3	4.414593E-1	1.194393E+1
2.199589E+3	4.283200E+2	2.706855E+1	-9.555589E-1	1.161684E-4	1.761365E-3	1.161684E-3	4.283116E-1	1.159395E+1
2.212775E+3	4.281100E+2	2.708182E+1	-1.014604E+0	1.155018E-4	1.796831E-3	1.155018E-3	4.228969E-1	1.145281E+1
2.225785E+3	4.278900E+2	2.709575E+1	-9.907218E-1	1.148330E-4	1.943053E-3	1.148330E-3	4.260271E-1	1.154380E+1
2.238503E+3	4.276800E+2	2.710905E+1	-1.120623E+0	1.141704E-4	1.849563E-3	1.141704E-3	4.291864E-1	1.163526E+1
2.251353E+3	4.274400E+2	2.712427E+1	-1.002811E+0	1.134422E-4	2.184779E-3	1.134422E-3	4.398930E-1	1.193128E+1
2.264516E+3	4.272200E+2	2.713824E+1	-9.197517E-1	1.127354E-4	1.991103E-3	1.127354E-3	4.411408E-1	1.197105E+1
2.277563E+3	4.270200E+2	2.715095E+1	-9.858384E-1	1.120656E-4	1.676373E-3	1.120656E-3	4.402547E-1	1.195356E+1
2.290344E+3	4.268100E+2	2.716431E+1	-1.022463E+0	1.114442E-4	1.804133E-3	1.114442E-3	4.461071E-1	1.211831E+1
2.303254E+3	4.265900E+2	2.717832E+1	-9.339975E-1	1.107766E-4	2.004466E-3	1.107766E-3	4.437279E-1	1.205957E+1
2.316102E+3	4.263900E+2	2.719107E+1	-1.035375E+0	1.100734E-4	1.757332E-3	1.100734E-3	4.456402E-1	1.211766E+1
2.328851E+3	4.261700E+2	2.720511E+1	-9.878479E-1	1.094314E-4	1.852291E-3	1.094314E-3	4.355661E-1	1.184985E+1
2.341606E+3	4.259600E+2	2.721852E+1	-1.011184E+0	1.087986E-4	1.886496E-3	1.087986E-3	4.196139E-1	1.142157E+1
2.354660E+3	4.257400E+2	2.723258E+1	-1.062765E+0	1.081708E-4	1.782087E-3	1.081708E-3	4.306442E-1	1.172764E+1
2.367645E+3	4.255100E+2	2.724730E+1	-9.661836E-1	1.075092E-4	1.996044E-3	1.075092E-3	4.415147E-1	1.202954E+1
2.380686E+3	4.253000E+2	2.726076E+1	-1.006631E+0	1.068140E-4	2.008038E-3	1.068140E-3	4.515105E-1	1.230807E+1
2.393203E+3	4.250900E+2	2.727422E+1	-9.295120E-1	1.061634E-4	1.855279E-3	1.061634E-3	4.450515E-1	1.213855E+1
2.406113E+3	4.248900E+2	2.728706E+1	-1.013358E+0	1.055650E-4	1.724876E-3	1.055650E-3	4.308185E-1	1.175613E+1
2.419139E+3	4.246700E+2	2.730120E+1	-9.716974E-1	1.049634E-4	1.828000E-3	1.049634E-3	4.308959E-1	1.176406E+1
2.432106E+3	4.244600E+2	2.731471E+1	-1.032056E+0	1.043462E-4	1.940725E-3	1.043462E-3	4.336337E-1	1.184455E+1
2.444896E+3	4.242400E+2	2.732887E+1	-9.802396E-1	1.036774E-4	1.859826E-3	1.036774E-3	4.367167E-1	1.193501E+1
2.457750E+3	4.240300E+2	2.734241E+1	-9.942754E-1	1.030786E-4	1.872956E-3	1.030786E-3	4.304865E-1	1.177117E+1
2.471026E+3	4.238100E+2	2.735660E+1	-1.162701E+0	1.024608E-4	2.044648E-3	1.024608E-3	4.371196E-1	1.195850E+1
2.483927E+3	4.235600E+2	2.737275E+1	-9.807737E-1	1.017638E-4	2.247662E-3	1.017638E-3	4.572874E-1	1.251584E+1
2.496774E+3	4.233500E+2	2.738632E+1	-8.307053E-1	1.010840E-4	1.934623E-3	1.010840E-3	4.575191E-1	1.252918E+1
2.509775E+3	4.231700E+2	2.739797E+1	-1.122982E+0	1.004818E-4	1.802687E-3	1.004818E-3	4.489715E-1	1.230219E+1
2.522598E+3	4.229300E+2	2.741352E+1	-9.761148E-1	9.987760E-5	2.008332E-3	9.987760E-4	4.340367E-1	1.189860E+1
2.536121E+3	4.227100E+2	2.742779E+1	-9.475109E-1	9.926280E-5	1.822599E-3	9.926280E-4	4.249415E-1	1.165472E+1
2.549419E+3	4.225000E+2	2.744142E+1	-1.016871E+0	9.865480E-5	1.954680E-3	9.865480E-4	4.272099E-1	1.172361E+1
2.562400E+3	4.222800E+2	2.745572E+1	-1.055692E+0	9.806720E-5	1.917397E-3	9.806720E-4	4.324219E-1	1.187258E+1
2.575472E+3	4.220500E+2	2.747068E+1	-9.619789E-1	9.747640E-5	2.082437E-3	9.747640E-4	4.383033E-1	1.204009E+1
2.588570E+3	4.218400E+2	2.748435E+1	-1.036351E+0	9.683240E-5	2.028216E-3	9.683240E-4	4.472225E-1	1.229147E+1
2.601307E+3	4.216200E+2	2.749870E+1	-9.900990E-1	9.621360E-5	2.082675E-3	9.621360E-4	4.486884E-1	1.233827E+1
2.614033E+3	4.214100E+2	2.751240E+1	-9.522370E-1	9.563600E-5	1.799398E-3	9.563600E-4	4.332455E-1	1.191954E+1
2.627265E+3	4.212000E+2	2.752612E+1	-9.538229E-1	9.507460E-5	1.876414E-3	9.507460E-4	4.253915E-1	1.170970E+1
2.640475E+3	4.209900E+2	2.753985E+1	-1.062110E+0	9.453380E-5	1.862059E-3	9.453380E-4	4.280262E-1	1.178805E+1
2.653468E+3	4.207600E+2	2.755490E+1	-9.529572E-1	9.393620E-5	1.912604E-3	9.393620E-4	4.302685E-1	1.185596E+1
2.666690E+3	4.205500E+2	2.756866E+1	-1.071345E+0	9.334760E-5	1.910588E-3	9.334760E-4	4.320366E-1	1.191101E+1
2.679571E+3	4.203200E+2	2.758375E+1	-1.071013E+0	9.275660E-5	2.010553E-3	9.275660E-4	4.394605E-1	1.212209E+1
2.692456E+3	4.200900E+2	2.759885E+1	-9.910654E-1	9.216200E-5	2.043649E-3	9.216200E-4	4.498232E-1	1.241374E+1
2.705775E+3	4.198700E+2	2.761331E+1	-8.794261E-1	9.153300E-5	1.979661E-3	9.153300E-4	4.559962E-1	1.259092E+1
2.718738E+3	4.196800E+2	2.762581E+1	-1.022384E+0	9.097420E-5	1.854519E-3	9.097420E-4	4.573065E-1	1.263389E+1
2.731649E+3	4.194600E+2	2.764030E+1	-9.554865E-1	9.042420E-5	1.938707E-3	9.042420E-4	4.441992E-1	1.227828E+1
2.744836E+3	4.192500E+2	2.765414E+1	-1.066543E+0	8.985280E-5	2.015196E-3	8.985280E-4	4.382241E-1	1.211887E+1
2.757775E+3	4.190200E+2	2.766932E+1	-9.796299E-1	8.927360E-5	2.063720E-3	8.927360E-4	4.401270E-1	1.217772E+1
2.770637E+3	4.188100E+2	2.768320E+1	-9.828393E-1	8.871840E-5	1.860937E-3	8.871840E-4	4.348269E-1	1.203713E+1
2.783457E+3	4.186000E+2	2.769709E+1	-9.573013E-1	8.818840E-5	1.934825E-3	8.818840E-4	4.325889E-1	1.198178E+1
2.796619E+3	4.183900E+2	2.771099E+1	-1.091082E+0	8.766600E-5	1.937869E-3	8.766600E-4	4.294617E-1	1.190141E+1
2.809267E+3	4.181600E+2	2.772623E+1	-1.060559E+0	8.709860E-5	2.142699E-3	8.709860E-4	4.357505E-1	1.208154E+1
2.822279E+3	4.179300E+2	2.774149E+1	-9.186251E-1	8.652160E-5	2.017716E-3	8.652160E-4	4.376405E-1	1.214003E+1
2.835342E+3	4.177300E+2	2.775477E+1	-9.987318E-1	8.599220E-5	1.803940E-3	8.599220E-4	4.342616E-1	1.205291E+1
2.847958E+3	4.175200E+2	2.776873E+1	-1.023811E+0	8.549040E-5	1.855155E-3	8.549040E-4	4.352886E-1	1.208772E+1
2.860851E+3	4.173000E+2	2.778337E+1	-9.571559E-1	8.497040E-5	2.022995E-3	8.497040E-4	4.405371E-1	1.223950E+1
2.874015E+3	4.170900E+2	2.779736E+1	-1.020172E+0	8.442140E-5	2.039852E-3	8.442140E-4	4.482989E-1	1.246152E+1
2.886954E+3	4.168700E+2	2.781203E+1	-9.921260E-1	8.384920E-5	1.977505E-3	8.384920E-4	4.543521E-1	1.263632E+1
2.899654E+3	4.166600E+2	2.782605E+1	-9.875382E-1	8.333980E-5	1.890137E-3	8.333980E-4	4.449326E-1	1.238093E+1
2.912413E+3	4.164500E+2	2.784008E+1	-1.100742E+0	8.280340E-5	2.140638E-3	8.280340E-4	4.377423E-1	1.218728E+1
2.924950E+3	4.162200E+2	2.785546E+1	-1.022542E+0	8.226940E-5	1.789221E-3	8.226940E-4	4.498571E-1	1.253031E+1
2.937859E+3	4.160000E+2	2.787019E+1	-8.417115E-1	8.174280E-5	2.013932E-3	8.174280E-4	4.504085E-1	1.255211E+1
2.950690E+3	4.158200E+2	2.788226E+1	-1.042572E+0	8.122860E-5	1.941786E-3	8.122860E-4	4.462519E-1	1.244329E+1
2.963351E+3	4.156000E+2	2.789702E+1	-1.026040E+0	8.073020E-5	2.002578E-3	8.073020E-4	4.335604E-1	1.209573E+1
2.976216E+3	4.153800E+2	2.791179E+1	-1.014214E+0	8.024360E-5	1.789305E-3	8.024360E-4	4.247968E-1	1.185678E+1
2.989231E+3	4.151600E+2	2.792658E+1	-9.955502E-1	7.974040E-5	2.082579E-3	7.974040E-4	4.426621E-1	1.236162E+1
3.002490E+3	4.149400E+2	2.794139E+1	-9.342884E-1	7.920480E-5	2.126045E-3	7.920480E-4	4.520438E-1	1.263054E+1
3.015334E+3	4.147400E+2	2.795486E+1	-1.089617E+0	7.868500E-5	1.933821E-3	7.868500E-4	4.572800E-1	1.278375E+1
3.027999E+3	4.145100E+2	2.797037E+1	-1.019148E+0	7.816660E-5	2.143701E-3	7.816660E-4	4.580777E-1	1.281229E+1
3.040951E+3	4.142900E+2	2.798523E+1	-8.839950E-1	7.762720E-5	2.053276E-3	7.762720E-4	4.458303E-1	1.247605E+1
3.053847E+3	4.141000E+2	2.799807E+1	-1.036921E+0	7.715920E-5	1.679096E-3	7.715920E-4	4.405698E-1	1.233570E+1
3.066577E+3	4.138800E+2	2.801295E+1	-1.004643E+0	7.669660E-5	1.999908E-3	7.669660E-4	4.368189E-1	1.223686E+1
3.079716E+3	4.136600E+2	2.802785E+1	-9.672219E-1	7.620520E-5	2.002292E-3	7.620520E-4	4.320915E-1	1.211056E+1
3.092743E+3	4.134500E+2	2.804208E+1	-1.050068E+0	7.570060E-5	1.991101E-3	7.570060E-4	4.386369E-1	1.230065E+1
3.105885E+3	4.132200E+2	2.805769E+1	-9.900990E-1	7.521440E-5	2.177972E-3	7.521440E-4	4.388056E-1	1.231202E+1
3.119217E+3	4.130000E+2	2.807264E+1	-1.045534E+0	7.471400E-5	2.006429E-3	7.471400E-4	4.469360E-1	1.254643E+1
3.132416E+3	4.127700E+2	2.808828E+1	-9.695291E-1	7.419980E-5	2.206288E-3	7.419980E-4	4.632851E-1	1.301247E+1
3.145412E+3	4.125600E+2	2.810258E+1	-1.022622E+0	7.367700E-5	2.228062E-3	7.367700E-4	4.649714E-1	1.306678E+1
3.158320E+3	4.123400E+2	2.811757E+1	-9.814613E-1	7.315980E-5	2.143056E-3	7.315980E-4	4.536084E-1	1.275451E+1
3.171158E+3	4.121300E+2	2.813190E+1	-1.021119E+0	7.270120E-5	1.844454E-3	7.270120E-4	4.415376E-1	1.242105E+1
3.184085E+3	4.119100E+2	2.814693E+1	-8.869525E-1	7.225280E-5	2.005778E-3	7.225280E-4	4.321635E-1	1.216390E+1
3.196938E+3	4.117200E+2	2.815991E+1	-1.073262E+0	7.181760E-5	2.072564E-3	7.181760E-4	4.346170E-1	1.223942E+1
3.209796E+3	4.114900E+2	2.817565E+1	-1.021593E+0	7.134980E-5	2.119937E-3	7.134980E-4	4.405094E-1	1.241192E+1
3.222717E+3	4.112700E+2	2.819073E+1	-1.036025E+0	7.086860E-5	2.156032E-3	7.086860E-4	4.430709E-1	1.249028E+1
3.235458E+3	4.110500E+2	2.820581E+1	-9.981851E-1	7.039240E-5	2.163936E-3	7.039240E-4	4.550502E-1	1.283472E+1
3.248682E+3	4.108300E+2	2.822092E+1	-9.382330E-1	6.990720E-5	2.167487E-3	6.990720E-4	4.541983E-1	1.281757E+1
3.261472E+3	4.106300E+2	2.823466E+1	-1.036432E+0	6.945620E-5	2.033204E-3	6.945620E-4	4.558357E-1	1.287027E+1
3.274208E+3	4.104100E+2	2.824980E+1	-8.865386E-1	6.900200E-5	2.119872E-3	6.900200E-4	4.449591E-1	1.256988E+1
3.287067E+3	4.102200E+2	2.826288E+1	-1.043231E+0	6.858000E-5	1.826447E-3	6.858000E-4	4.429056E-1	1.251798E+1
3.299720E+3	4.100000E+2	2.827805E+1	-9.443614E-1	6.815640E-5	2.006776E-3	6.815640E-4	4.452732E-1	1.259157E+1
3.312427E+3	4.098000E+2	2.829185E+1	-1.055409E+0	6.771220E-5	2.052896E-3	6.771220E-4	4.452969E-1	1.259874E+1
3.324934E+3	4.095800E+2	2.830705E+1	-1.067450E+0	6.725920E-5	2.141781E-3	6.725920E-4	4.574742E-1	1.295022E+1
3.337862E+3	4.093500E+2	2.832295E+1	-1.007403E+0	6.678100E-5	2.419917E-3	6.678100E-4	4.582407E-1	1.297868E+1
3.350965E+3	4.091300E+2	2.833818E+1	-1.055853E+0	6.629420E-5	2.282675E-3	6.629420E-4	4.628753E-1	1.311675E+1
3.364035E+3	4.089000E+2	2.835412E+1	-9.013746E-1	6.581340E-5	2.212938E-3	6.581340E-4	4.589353E-1	1.301209E+1
3.377348E+3	4.087000E+2	2.836800E+1	-9.936909E-1	6.539360E-5	1.893699E-3	6.539360E-4	4.528959E-1	1.284762E+1
3.390028E+3	4.084900E+2	2.838258E+1	-9.859926E-1	6.497860E-5	2.127887E-3	6.497860E-4	4.483935E-1	1.272690E+1
3.402807E+3	4.082800E+2	2.839718E+1	-1.018597E+0	6.454240E-5	2.058814E-3	6.454240E-4	4.439937E-1	1.260852E+1
3.415766E+3	4.080600E+2	2.841249E+1	-1.018990E+0	6.411360E-5	2.198021E-3	6.411360E-4	4.452501E-1	1.265068E+1
3.428720E+3	4.078400E+2	2.842781E+1	-9.629347E-1	6.368340E-5	2.079126E-3	6.368340E-4	4.398544E-1	1.250426E+1
3.441805E+3	4.076300E+2	2.844246E+1	-1.099992E+0	6.326120E-5	2.144650E-3	6.326120E-4	4.525214E-1	1.287143E+1
3.454896E+3	4.073900E+2	2.845922E+1	-1.012250E+0	6.281100E-5	2.355388E-3	6.281100E-4	4.638871E-1	1.320209E+1
3.468529E+3	4.071600E+2	2.847529E+1	-1.066667E+0	6.230460E-5	2.722661E-3	6.230460E-4	4.680495E-1	1.332737E+1
3.482029E+3	4.069200E+2	2.849209E+1	-8.852822E-1	6.181340E-5	2.242690E-3	6.181340E-4	4.609533E-1	1.313282E+1
3.495584E+3	4.067200E+2	2.850610E+1	-9.793738E-1	6.142400E-5	2.095323E-3	6.142400E-4	4.368908E-1	1.245390E+1
3.509062E+3	4.065000E+2	2.852153E+1	-9.266409E-1	6.103540E-5	1.777774E-3	6.103540E-4	4.284484E-1	1.221982E+1
3.522012E+3	4.063000E+2	2.853556E+1	-1.000318E+0	6.068080E-5	2.104352E-3	6.068080E-4	4.270893E-1	1.218721E+1
3.534608E+3	4.060900E+2	2.855032E+1	-9.707242E-1	6.027640E-5	2.035894E-3	6.027640E-4	4.314152E-1	1.231767E+1
3.547588E+3	4.058800E+2	2.856509E+1	-1.110511E+0	5.990200E-5	2.068533E-3	5.990200E-4	4.395416E-1	1.255619E+1
3.560555E+3	4.056400E+2	2.858199E+1	-1.004796E+0	5.946900E-5	2.481181E-3	5.946900E-4	4.437996E-1	1.268474E+1
3.573692E+3	4.054200E+2	2.859750E+1	-1.117492E+0	5.903820E-5	2.295777E-3	5.903820E-4	4.632698E-1	1.324781E+1
3.586578E+3	4.051800E+2	2.861444E+1	-8.700298E-1	5.858980E-5	2.356144E-3	5.858980E-4	4.763771E-1	1.362997E+1
3.599681E+3	4.049900E+2	2.862787E+1	-9.424330E-1	5.817860E-5	2.148302E-3	5.817860E-4	4.732356E-1	1.354762E+1
3.612414E+3	4.047900E+2	2.864201E+1	-1.007403E+0	5.779700E-5	2.076485E-3	5.779700E-4	4.637443E-1	1.328356E+1
3.625517E+3	4.045700E+2	2.865759E+1	-1.023335E+0	5.739840E-5	2.075445E-3	5.739840E-4	4.422888E-1	1.267563E+1
3.638416E+3	4.043500E+2	2.867318E+1	-1.129678E+0	5.700520E-5	2.199837E-3	5.700520E-4	4.483309E-1	1.285490E+1
3.651163E+3	4.041100E+2	2.869021E+1	-8.710935E-1	5.659560E-5	2.185440E-3	5.659560E-4	4.574116E-1	1.312194E+1
3.664250E+3	4.039200E+2	2.870370E+1	-9.479422E-1	5.620340E-5	2.101725E-3	5.620340E-4	4.565236E-1	1.310381E+1
3.676909E+3	4.037200E+2	2.871792E+1	-1.017263E+0	5.583920E-5	1.990688E-3	5.583920E-4	4.399679E-1	1.263680E+1
3.689885E+3	4.035000E+2	2.873358E+1	-1.208504E+0	5.547520E-5	2.192055E-3	5.547520E-4	4.345212E-1	1.248645E+1
3.703290E+3	4.032300E+2	2.875282E+1	-9.747452E-1	5.504840E-5	2.461943E-3	5.504840E-4	4.437137E-1	1.275686E+1
3.716832E+3	4.030100E+2	2.876852E+1	-9.260620E-1	5.461660E-5	2.238423E-3	5.461660E-4	4.556938E-1	1.310840E+1
3.730438E+3	4.028000E+2	2.878352E+1	-9.205816E-1	5.423740E-5	2.049405E-3	5.423740E-4	4.680884E-1	1.347296E+1
3.744125E+3	4.025900E+2	2.879853E+1	-9.062760E-1	5.387780E-5	2.241386E-3	5.387780E-4	4.581986E-1	1.319561E+1
3.757366E+3	4.023900E+2	2.881284E+1	-1.095238E+0	5.351220E-5	2.105515E-3	5.351220E-4	4.588569E-1	1.322167E+1
3.769966E+3	4.021600E+2	2.882932E+1	-1.014604E+0	5.311640E-5	2.429635E-3	5.311640E-4	4.589201E-1	1.323053E+1
3.782976E+3	4.019400E+2	2.884510E+1	-1.009406E+0	5.272880E-5	2.189464E-3	5.272880E-4	4.490577E-1	1.295318E+1
3.796053E+3	4.017200E+2	2.886090E+1	-1.086957E+0	5.235580E-5	2.192827E-3	5.235580E-4	4.545944E-1	1.312000E+1
3.808749E+3	4.014900E+2	2.887743E+1	-9.698276E-1	5.198860E-5	2.376770E-3	5.198860E-4	4.641649E-1	1.340308E+1
3.821741E+3	4.012800E+2	2.889254E+1	-9.268556E-1	5.159660E-5	2.286874E-3	5.159660E-4	4.763039E-1	1.376102E+1
3.834688E+3	4.010800E+2	2.890695E+1	-9.713977E-1	5.123300E-5	2.185830E-3	5.123300E-4	4.767481E-1	1.378182E+1
3.847659E+3	4.008700E+2	2.892209E+1	-1.023732E+0	5.086540E-5	2.073640E-3	5.086540E-4	4.605846E-1	1.332169E+1
3.860553E+3	4.006500E+2	2.893798E+1	-1.010178E+0	5.051340E-5	2.207251E-3	5.051340E-4	4.530568E-1	1.311057E+1
3.873620E+3	4.004300E+2	2.895387E+1	-9.649996E-1	5.015500E-5	2.224025E-3	5.015500E-4	4.462521E-1	1.292073E+1
3.886677E+3	4.002200E+2	2.896907E+1	-1.083117E+0	4.980280E-5	2.258280E-3	4.980280E-4	4.541681E-1	1.315700E+1
3.899418E+3	3.999900E+2	2.898572E+1	-9.625668E-1	4.944840E-5	2.326167E-3	4.944840E-4	4.582800E-1	1.328352E+1
3.912508E+3	3.997800E+2	2.900095E+1	-1.071013E+0	4.908200E-5	2.284850E-3	4.908200E-4	4.658399E-1	1.350977E+1
3.925393E+3	3.995500E+2	2.901764E+1	-9.788689E-1	4.870940E-5	2.463872E-3	4.870940E-4	4.763430E-1	1.382180E+1
3.938265E+3	3.993400E+2	2.903290E+1	-9.359644E-1	4.834760E-5	2.215487E-3	4.834760E-4	4.671516E-1	1.356247E+1
3.951086E+3	3.991400E+2	2.904745E+1	-1.020093E+0	4.801180E-5	2.148761E-3	4.801180E-4	4.603863E-1	1.337369E+1
3.964026E+3	3.989200E+2	2.906347E+1	-1.024050E+0	4.768080E-5	2.255059E-3	4.768080E-4	4.626186E-1	1.344525E+1
3.976916E+3	3.987000E+2	2.907951E+1	-9.275721E-1	4.733660E-5	2.268222E-3	4.733660E-4	4.566828E-1	1.327975E+1
3.989853E+3	3.985000E+2	2.909410E+1	-1.011262E+0	4.698160E-5	2.364908E-3	4.698160E-4	4.471489E-1	1.301042E+1
4.002906E+3	3.982800E+2	2.911017E+1	-1.168953E+0	4.667360E-5	2.432966E-3	4.667360E-4	4.460494E-1	1.298546E+1
4.015738E+3	3.980300E+2	2.912846E+1	-9.404389E-1	4.632180E-5	2.503634E-3	4.632180E-4	4.469092E-1	1.301708E+1
4.029774E+3	3.978100E+2	2.914457E+1	-1.012425E+0	4.595380E-5	2.447284E-3	4.595380E-4	4.659116E-1	1.357785E+1
4.042812E+3	3.975900E+2	2.916069E+1	-9.131725E-1	4.560700E-5	2.312956E-3	4.560700E-4	4.693261E-1	1.368578E+1
4.055953E+3	3.973900E+2	2.917537E+1	-1.059664E+0	4.528760E-5	2.151214E-3	4.528760E-4	4.666166E-1	1.361410E+1
4.068976E+3	3.971600E+2	2.919227E+1	-9.539673E-1	4.495820E-5	2.391829E-3	4.495820E-4	4.672524E-1	1.364010E+1
4.082184E+3	3.969500E+2	2.920771E+1	-9.950249E-1	4.461020E-5	2.328901E-3	4.461020E-4	4.708711E-1	1.375270E+1
4.095450E+3	3.967300E+2	2.922391E+1	-9.498931E-1	4.427840E-5	2.148521E-3	4.427840E-4	4.725558E-1	1.380980E+1
4.108083E+3	3.965300E+2	2.923865E+1	-1.014448E+0	4.396500E-5	2.352359E-3	4.396500E-4	4.592771E-1	1.342925E+1
4.121095E+3	3.963100E+2	2.925488E+1	-1.072011E+0	4.364620E-5	2.257707E-3	4.364620E-4	4.588797E-1	1.342500E+1
4.133968E+3	3.960800E+2	2.927186E+1	-1.032541E+0	4.331780E-5	2.400383E-3	4.331780E-4	4.632343E-1	1.355946E+1
4.146752E+3	3.958600E+2	2.928813E+1	-9.843400E-1	4.298320E-5	2.384931E-3	4.298320E-4	4.711384E-1	1.379838E+1
4.160162E+3	3.956400E+2	2.930442E+1	-9.718473E-1	4.264340E-5	2.227321E-3	4.264340E-4	4.725689E-1	1.384805E+1
4.173127E+3	3.954300E+2	2.931998E+1	-9.824561E-1	4.233500E-5	2.279162E-3	4.233500E-4	4.714052E-1	1.382144E+1
4.185952E+3	3.952200E+2	2.933556E+1	-9.643349E-1	4.203660E-5	2.193580E-3	4.203660E-4	4.647273E-1	1.363323E+1
4.199018E+3	3.950100E+2	2.935116E+1	-1.033268E+0	4.171780E-5	2.395704E-3	4.171780E-4	4.642422E-1	1.362626E+1
4.211793E+3	3.947900E+2	2.936751E+1	-9.813084E-1	4.141520E-5	2.243305E-3	4.141520E-4	4.621099E-1	1.357105E+1
4.224633E+3	3.945800E+2	2.938314E+1	-1.013436E+0	4.111280E-5	2.320387E-3	4.111280E-4	4.568819E-1	1.342499E+1
4.237658E+3	3.943600E+2	2.939953E+1	-1.035803E+0	4.080840E-5	2.437183E-3	4.080840E-4	4.591709E-1	1.349996E+1
4.250981E+3	3.941300E+2	2.941669E+1	-1.070847E+0	4.048980E-5	2.570352E-3	4.048980E-4	4.685238E-1	1.378216E+1
4.263868E+3	3.939000E+2	2.943387E+1	-9.870740E-1	4.016960E-5	2.473185E-3	4.016960E-4	4.780381E-1	1.406970E+1
4.276633E+3	3.936900E+2	2.944957E+1	-9.467278E-1	3.984640E-5	2.487619E-3	3.984640E-4	4.863466E-1	1.432214E+1
4.289942E+3	3.934800E+2	2.946528E+1	-9.198927E-1	3.955100E-5	2.283046E-3	3.955100E-4	4.762863E-1	1.403441E+1
4.302987E+3	3.932800E+2	2.948027E+1	-1.115155E+0	3.926140E-5	2.372543E-3	3.926140E-4	4.657338E-1	1.373060E+1
4.315900E+3	3.930400E+2	2.949827E+1	-8.957229E-1	3.895820E-5	2.441508E-3	3.895820E-4	4.613697E-1	1.360921E+1
4.329297E+3	3.928400E+2	2.951329E+1	-1.025561E+0	3.867540E-5	2.355728E-3	3.867540E-4	4.556905E-1	1.344913E+1
4.342168E+3	3.926200E+2	2.952983E+1	-1.015752E+0	3.838620E-5	2.443484E-3	3.838620E-4	4.617589E-1	1.363639E+1
4.355754E+3	3.923900E+2	2.954713E+1	-1.070265E+0	3.809040E-5	2.477402E-3	3.809040E-4	4.653980E-1	1.375093E+1
4.368648E+3	3.921600E+2	2.956446E+1	-9.546901E-1	3.777780E-5	2.616934E-3	3.777780E-4	4.761145E-1	1.407507E+1
4.381846E+3	3.919500E+2	2.958030E+1	-9.634685E-1	3.748480E-5	2.329312E-3	3.748480E-4	4.788513E-1	1.416405E+1
4.394301E+3	3.917500E+2	2.959541E+1	-9.831461E-1	3.720980E-5	2.264928E-3	3.720980E-4	4.656374E-1	1.378142E+1
4.407117E+3	3.915400E+2	2.961128E+1	-1.070930E+0	3.694440E-5	2.418632E-3	3.694440E-4	4.579191E-1	1.356033E+1
4.420003E+3	3.913100E+2	2.962868E+1	-9.959258E-1	3.666580E-5	2.437376E-3	3.666580E-4	4.622667E-1	1.369607E+1
4.433257E+3	3.910900E+2	2.964535E+1	-9.627875E-1	3.637500E-5	2.460519E-3	3.637500E-4	4.711461E-1	1.396668E+1
4.446344E+3	3.908800E+2	2.966128E+1	-9.764414E-1	3.608960E-5	2.380911E-3	3.608960E-4	4.741679E-1	1.406487E+1
4.459248E+3	3.906700E+2	2.967722E+1	-1.122544E+0	3.582240E-5	2.427653E-3	3.582240E-4	4.768364E-1	1.415177E+1
4.472076E+3	3.904300E+2	2.969546E+1	-9.351343E-1	3.552600E-5	2.958061E-3	3.552600E-4	4.768123E-1	1.415852E+1
4.485550E+3	3.902200E+2	2.971144E+1	-9.860698E-1	3.523620E-5	2.248953E-3	3.523620E-4	4.780818E-1	1.420397E+1
4.498328E+3	3.900100E+2	2.972744E+1	-9.907997E-1	3.497160E-5	2.397059E-3	3.497160E-4	4.747817E-1	1.411433E+1
4.511045E+3	3.898000E+2	2.974346E+1	-1.004566E+0	3.471320E-5	2.319262E-3	3.471320E-4	4.699370E-1	1.397790E+1
4.524185E+3	3.895800E+2	2.976025E+1	-9.740260E-1	3.444540E-5	2.515588E-3	3.444540E-4	4.744776E-1	1.412071E+1
4.537737E+3	3.893600E+2	2.977707E+1	-1.010488E+0	3.416180E-5	2.527317E-3	3.416180E-4	4.823408E-1	1.436248E+1
4.550800E+3	3.891400E+2	2.979390E+1	-9.622728E-1	3.388720E-5	2.487002E-3	3.388720E-4	4.830561E-1	1.439197E+1
4.563894E+3	3.889300E+2	2.980999E+1	-1.033754E+0	3.361860E-5	2.422802E-3	3.361860E-4	4.732972E-1	1.410964E+1
4.576663E+3	3.887100E+2	2.982686E+1	-1.100917E+0	3.335680E-5	2.612846E-3	3.335680E-4	4.747556E-1	1.416087E+1
4.589743E+3	3.884700E+2	2.984529E+1	-9.713228E-1	3.307880E-5	2.657857E-3	3.307880E-4	4.801881E-1	1.433029E+1
4.602715E+3	3.882600E+2	2.986143E+1	-9.370608E-1	3.280820E-5	2.420384E-3	3.280820E-4	4.879415E-1	1.456963E+1
4.615521E+3	3.880600E+2	2.987682E+1	-9.220839E-1	3.255560E-5	2.341188E-3	3.255560E-4	4.833484E-1	1.444125E+1
4.628535E+3	3.878600E+2	2.989223E+1	-1.025402E+0	3.231800E-5	2.320894E-3	3.231800E-4	4.748838E-1	1.419596E+1
4.641408E+3	3.876400E+2	2.990919E+1	-1.000556E+0	3.207500E-5	2.420884E-3	3.207500E-4	4.735082E-1	1.416237E+1
4.654001E+3	3.874300E+2	2.992541E+1	-1.018990E+0	3.181820E-5	2.569407E-3	3.181820E-4	4.709244E-1	1.409301E+1
4.666955E+3	3.872100E+2	2.994241E+1	-1.068939E+0	3.155820E-5	2.535335E-3	3.155820E-4	4.712472E-1	1.411074E+1
4.679865E+3	3.869800E+2	2.996020E+1	-1.003268E+0	3.130900E-5	2.515239E-3	3.130900E-4	4.749835E-1	1.422997E+1
4.693022E+3	3.867600E+2	2.997725E+1	-9.517012E-1	3.105820E-5	2.482079E-3	3.105820E-4	4.782034E-1	1.433457E+1
4.705631E+3	3.865600E+2	2.999276E+1	-1.052632E+0	3.080680E-5	2.474600E-3	3.080680E-4	4.837803E-1	1.451019E+1
4.718171E+3	3.863400E+2	3.000984E+1	-9.880803E-1	3.056540E-5	2.447050E-3	3.056540E-4	4.848446E-1	1.454993E+1
4.730923E+3	3.861300E+2	3.002616E+1	-9.287926E-1	3.032900E-5	2.429639E-3	3.032900E-4	4.796137E-1	1.440053E+1
4.743843E+3	3.859300E+2	3.004172E+1	-9.829160E-1	3.009360E-5	2.459062E-3	3.009360E-4	4.789060E-1	1.438761E+1
4.756662E+3	3.857200E+2	3.005807E+1	-1.019384E+0	2.986040E-5	2.441220E-3	2.986040E-4	4.797817E-1	1.442173E+1
4.769611E+3	3.855000E+2	3.007523E+1	-9.719222E-1	2.962700E-5	2.524715E-3	2.962700E-4	4.696821E-1	1.412619E+1
4.782575E+3	3.852900E+2	3.009162E+1	-1.147868E+0	2.938440E-5	2.605101E-3	2.938440E-4	4.781530E-1	1.438878E+1
4.795120E+3	3.850500E+2	3.011038E+1	-9.258579E-1	2.914280E-5	2.724373E-3	2.914280E-4	4.880435E-1	1.469449E+1
4.808729E+3	3.848400E+2	3.012681E+1	-9.918136E-1	2.888980E-5	2.676896E-3	2.888980E-4	4.926099E-1	1.484011E+1
4.821433E+3	3.846300E+2	3.014325E+1	-9.844519E-1	2.865600E-5	2.544231E-3	2.865600E-4	4.906184E-1	1.478939E+1
4.834232E+3	3.844200E+2	3.015972E+1	-1.030158E+0	2.842340E-5	2.575838E-3	2.842340E-4	4.760920E-1	1.435929E+1
4.847628E+3	3.841900E+2	3.017778E+1	-9.806974E-1	2.819600E-5	2.422618E-3	2.819600E-4	4.701298E-1	1.418727E+1
4.860476E+3	3.839800E+2	3.019428E+1	-9.993186E-1	2.797260E-5	2.605850E-3	2.797260E-4	4.705114E-1	1.420654E+1
4.873685E+3	3.837600E+2	3.021159E+1	-9.786408E-1	2.774620E-5	2.513764E-3	2.774620E-4	4.718395E-1	1.425525E+1
4.886560E+3	3.835500E+2	3.022813E+1	-1.063584E+0	2.752520E-5	2.475854E-3	2.752520E-4	4.805329E-1	1.452558E+1
4.899535E+3	3.833200E+2	3.024627E+1	-9.219422E-1	2.730120E-5	2.658704E-3	2.730120E-4	4.862469E-1	1.470687E+1
4.912551E+3	3.831200E+2	3.026206E+1	-1.072678E+0	2.706900E-5	2.686925E-3	2.706900E-4	4.958999E-1	1.500695E+1
4.925416E+3	3.828900E+2	3.028024E+1	-9.252120E-1	2.683780E-5	2.692521E-3	2.683780E-4	4.989014E-1	1.510668E+1
4.938386E+3	3.826900E+2	3.029606E+1	-1.010565E+0	2.661640E-5	2.501015E-3	2.661640E-4	4.882558E-1	1.479230E+1
4.951448E+3	3.824700E+2	3.031349E+1	-9.710234E-1	2.639900E-5	2.539529E-3	2.639900E-4	4.817012E-1	1.460251E+1
4.964424E+3	3.822600E+2	3.033014E+1	-1.069104E+0	2.618700E-5	2.614477E-3	2.618700E-4	4.747794E-1	1.440035E+1
4.977332E+3	3.820300E+2	3.034840E+1	-9.756098E-1	2.596840E-5	2.588322E-3	2.596840E-4	4.725498E-1	1.434113E+1
4.990247E+3	3.818200E+2	3.036509E+1	-1.060559E+0	2.575640E-5	2.578392E-3	2.575640E-4	4.797980E-1	1.456890E+1
5.003259E+3	3.815900E+2	3.038340E+1	-9.222256E-1	2.554180E-5	2.575592E-3	2.554180E-4	4.889345E-1	1.485500E+1
5.016271E+3	3.813900E+2	3.039933E+1	-1.010642E+0	2.532860E-5	2.691178E-3	2.532860E-4	4.829028E-1	1.468060E+1
5.029332E+3	3.811700E+2	3.041687E+1	-1.104718E+0	2.511320E-5	2.707798E-3	2.511320E-4	4.799374E-1	1.459930E+1
5.042367E+3	3.809300E+2	3.043604E+1	-1.040802E+0	2.489760E-5	2.681955E-3	2.489760E-4	4.788002E-1	1.457213E+1
5.055626E+3	3.807000E+2	3.045443E+1	-8.402773E-1	2.467920E-5	2.952317E-3	2.467920E-4	4.774036E-1	1.453821E+1
5.069907E+3	3.805000E+2	3.047043E+1	-1.081844E+0	2.447340E-5	2.513281E-3	2.447340E-4	4.861292E-1	1.481304E+1
5.082663E+3	3.802700E+2	3.048886E+1	-9.867683E-1	2.427340E-5	2.586033E-3	2.427340E-4	4.889703E-1	1.490811E+1
5.096040E+3	3.800500E+2	3.050651E+1	-9.105362E-1	2.405680E-5	2.868272E-3	2.405680E-4	4.826860E-1	1.472484E+1
5.109878E+3	3.798400E+2	3.052338E+1	-1.062274E+0	2.385500E-5	2.558490E-3	2.385500E-4	4.888315E-1	1.492148E+1
5.122869E+3	3.796100E+2	3.054187E+1	-1.029083E+0	2.365220E-5	2.869146E-3	2.365220E-4	4.841488E-1	1.478701E+1
5.136279E+3	3.793800E+2	3.056039E+1	-1.008866E+0	2.343540E-5	2.848171E-3	2.343540E-4	4.860594E-1	1.485352E+1
5.149363E+3	3.791600E+2	3.057812E+1	-9.510870E-1	2.323500E-5	2.640475E-3	2.323500E-4	4.838194E-1	1.479416E+1
5.162611E+3	3.789500E+2	3.059507E+1	-1.034715E+0	2.304000E-5	2.553581E-3	2.304000E-4	4.773816E-1	1.460600E+1
5.175948E+3	3.787200E+2	3.061365E+1	-1.012658E+0	2.284760E-5	2.643836E-3	2.284760E-4	4.814879E-1	1.473984E+1
5.188983E+3	3.785000E+2	3.063144E+1	-9.496533E-1	2.265200E-5	2.799197E-3	2.265200E-4	4.835311E-1	1.481078E+1
5.202251E+3	3.782900E+2	3.064844E+1	-1.002887E+0	2.245520E-5	2.696994E-3	2.245520E-4	4.883591E-1	1.496772E+1
5.215413E+3	3.780700E+2	3.066628E+1	-1.009792E+0	2.226540E-5	2.634698E-3	2.226540E-4	4.829013E-1	1.480906E+1
5.228485E+3	3.778500E+2	3.068413E+1	-1.014448E+0	2.207660E-5	2.621470E-3	2.207660E-4	4.762901E-1	1.461475E+1
5.241497E+3	3.776300E+2	3.070201E+1	-1.060967E+0	2.189040E-5	2.715993E-3	2.189040E-4	4.844125E-1	1.487259E+1
5.254504E+3	3.774000E+2	3.072072E+1	-9.771987E-1	2.169500E-5	2.908464E-3	2.169500E-4	4.931425E-1	1.514921E+1
5.268012E+3	3.771800E+2	3.073864E+1	-9.440324E-1	2.149540E-5	2.795672E-3	2.149540E-4	4.939079E-1	1.518168E+1
5.281359E+3	3.769700E+2	3.075576E+1	-1.047287E+0	2.131180E-5	2.530199E-3	2.131180E-4	4.999109E-1	1.537478E+1
5.293963E+3	3.767500E+2	3.077372E+1	-8.787482E-1	2.113400E-5	2.693961E-3	2.113400E-4	4.933077E-1	1.518046E+1
5.306936E+3	3.765600E+2	3.078925E+1	-1.017733E+0	2.095800E-5	2.633390E-3	2.095800E-4	4.943852E-1	1.522221E+1
5.319906E+3	3.763400E+2	3.080725E+1	-9.762901E-1	2.078200E-5	2.724548E-3	2.078200E-4	4.906948E-1	1.511764E+1
5.332812E+3	3.761300E+2	3.082445E+1	-1.049749E+0	2.060220E-5	2.680055E-3	2.060220E-4	4.806842E-1	1.481748E+1
5.345958E+3	3.759000E+2	3.084331E+1	-1.043952E+0	2.042240E-5	2.756607E-3	2.042240E-4	4.838176E-1	1.492274E+1
5.359177E+3	3.756700E+2	3.086219E+1	-1.022622E+0	2.023700E-5	2.867528E-3	2.023700E-4	4.788083E-1	1.477686E+1
5.372085E+3	3.754500E+2	3.088028E+1	-1.049589E+0	2.005664E-5	2.717166E-3	2.005664E-4	4.898202E-1	1.512537E+1
5.385233E+3	3.752200E+2	3.089921E+1	-8.732989E-1	1.988144E-5	2.828235E-3	1.988144E-4	4.925323E-1	1.521797E+1
5.398974E+3	3.750200E+2	3.091568E+1	-9.808501E-1	1.970674E-5	2.598291E-3	1.970674E-4	4.846869E-1	1.498494E+1
5.411820E+3	3.748100E+2	3.093301E+1	-1.114379E+0	1.954460E-5	2.674740E-3	1.954460E-4	4.961664E-1	1.534839E+1
5.424742E+3	3.745700E+2	3.095283E+1	-8.520179E-1	1.936982E-5	2.933359E-3	1.936982E-4	4.904771E-1	1.518089E+1
5.438122E+3	3.743800E+2	3.096853E+1	-1.066873E+0	1.919688E-5	2.790179E-3	1.919688E-4	4.915124E-1	1.522215E+1
5.451057E+3	3.741500E+2	3.098757E+1	-1.068856E+0	1.902824E-5	2.748508E-3	1.902824E-4	4.929143E-1	1.527491E+1
5.463968E+3	3.739200E+2	3.100663E+1	-1.010488E+0	1.885580E-5	2.976533E-3	1.885580E-4	4.934948E-1	1.530043E+1
5.477031E+3	3.737000E+2	3.102489E+1	-8.935570E-1	1.868506E-5	2.729046E-3	1.868506E-4	5.026281E-1	1.559306E+1
5.489789E+3	3.735100E+2	3.104067E+1	-1.027237E+0	1.852256E-5	2.639498E-3	1.852256E-4	5.060380E-1	1.570831E+1
5.502639E+3	3.732900E+2	3.105896E+1	-9.770471E-1	1.836366E-5	2.751154E-3	1.836366E-4	4.992773E-1	1.550751E+1
5.515535E+3	3.730800E+2	3.107644E+1	-1.017812E+0	1.820194E-5	2.852161E-3	1.820194E-4	4.831278E-1	1.501417E+1
5.528504E+3	3.728600E+2	3.109478E+1	-1.014059E+0	1.804020E-5	2.693678E-3	1.804020E-4	4.832154E-1	1.502553E+1
5.541521E+3	3.726400E+2	3.111314E+1	-9.798585E-1	1.788934E-5	2.814018E-3	1.788934E-4	4.768752E-1	1.483708E+1
5.554380E+3	3.724300E+2	3.113068E+1	-1.061538E+0	1.773444E-5	2.841230E-3	1.773444E-4	4.810221E-1	1.497515E+1
5.567380E+3	3.722000E+2	3.114992E+1	-1.050628E+0	1.757494E-5	2.947166E-3	1.757494E-4	4.941708E-1	1.539332E+1
5.580515E+3	3.719700E+2	3.116918E+1	-9.586123E-1	1.740640E-5	2.915214E-3	1.740640E-4	5.038893E-1	1.570462E+1
5.593659E+3	3.717600E+2	3.118679E+1	-9.497428E-1	1.724678E-5	2.919325E-3	1.724678E-4	5.136225E-1	1.601735E+1
5.606294E+3	3.715600E+2	3.120357E+1	-9.342156E-1	1.709672E-5	2.641540E-3	1.709672E-4	5.098510E-1	1.590926E+1
5.619139E+3	3.713600E+2	3.122038E+1	-9.922041E-1	1.695262E-5	2.593905E-3	1.695262E-4	4.897823E-1	1.529242E+1
5.631838E+3	3.711500E+2	3.123804E+1	-1.108716E+0	1.680648E-5	2.808609E-3	1.680648E-4	4.873832E-1	1.522557E+1
5.644826E+3	3.709100E+2	3.125826E+1	-9.267125E-1	1.665468E-5	2.796077E-3	1.665468E-4	4.820905E-1	1.506862E+1
5.657775E+3	3.707100E+2	3.127512E+1	-1.021751E+0	1.650432E-5	2.716713E-3	1.650432E-4	4.894543E-1	1.530730E+1
5.670694E+3	3.704900E+2	3.129369E+1	-9.212345E-1	1.636574E-5	2.698100E-3	1.636574E-4	4.961636E-1	1.552701E+1
5.683720E+3	3.702900E+2	3.131059E+1	-1.090220E+0	1.622086E-5	2.960776E-3	1.622086E-4	4.927329E-1	1.542841E+1
5.696378E+3	3.700600E+2	3.133005E+1	-1.030686E+0	1.606932E-5	2.975971E-3	1.606932E-4	4.988932E-1	1.563037E+1
5.709185E+3	3.698400E+2	3.134869E+1	-9.962837E-1	1.591952E-5	2.867579E-3	1.591952E-4	5.001913E-1	1.567942E+1
5.721832E+3	3.696300E+2	3.136650E+1	-9.464469E-1	1.577978E-5	2.718431E-3	1.577978E-4	5.009416E-1	1.571259E+1
5.734511E+3	3.694300E+2	3.138348E+1	-1.003802E+0	1.563950E-5	2.784985E-3	1.563950E-4	4.926485E-1	1.546180E+1
5.747661E+3	3.692100E+2	3.140218E+1	-1.017106E+0	1.550142E-5	2.752415E-3	1.550142E-4	4.898832E-1	1.538365E+1
5.760639E+3	3.689900E+2	3.142091E+1	-9.624198E-1	1.536454E-5	2.817714E-3	1.536454E-4	4.844603E-1	1.522193E+1
5.773731E+3	3.687800E+2	3.143880E+1	-1.027557E+0	1.522596E-5	2.830953E-3	1.522596E-4	4.943476E-1	1.554167E+1
5.786577E+3	3.685600E+2	3.145756E+1	-9.741013E-1	1.508954E-5	2.841981E-3	1.508954E-4	4.973378E-1	1.564525E+1
5.799512E+3	3.683500E+2	3.147550E+1	-1.075436E+0	1.494912E-5	2.995598E-3	1.494912E-4	5.004747E-1	1.575292E+1
5.812344E+3	3.681200E+2	3.149516E+1	-9.846058E-1	1.480808E-5	2.970750E-3	1.480808E-4	4.999217E-1	1.574492E+1
5.825141E+3	3.679100E+2	3.151314E+1	-1.018597E+0	1.466984E-5	2.919889E-3	1.466984E-4	4.950520E-1	1.560047E+1
5.838100E+3	3.676900E+2	3.153200E+1	-9.649996E-1	1.453856E-5	2.738980E-3	1.453856E-4	4.929006E-1	1.554218E+1
5.851157E+3	3.674800E+2	3.155002E+1	-1.021514E+0	1.440860E-5	2.785560E-3	1.440860E-4	4.995982E-1	1.576182E+1
5.864079E+3	3.672600E+2	3.156892E+1	-8.811254E-1	1.427790E-5	2.847706E-3	1.427790E-4	5.055315E-1	1.595857E+1
5.877017E+3	3.670700E+2	3.158526E+1	-1.019305E+0	1.414780E-5	2.881362E-3	1.414780E-4	5.043778E-1	1.593146E+1
5.889967E+3	3.668500E+2	3.160420E+1	-9.863786E-1	1.402034E-5	2.818439E-3	1.402034E-4	4.971145E-1	1.571165E+1
5.902741E+3	3.666400E+2	3.162230E+1	-1.094977E+0	1.389528E-5	2.857694E-3	1.389528E-4	4.869301E-1	1.539830E+1
5.915344E+3	3.664100E+2	3.164215E+1	-1.024050E+0	1.376414E-5	3.015942E-3	1.376414E-4	4.926432E-1	1.558803E+1
5.928234E+3	3.661900E+2	3.166116E+1	-9.872287E-1	1.363418E-5	2.879523E-3	1.363418E-4	4.977247E-1	1.575782E+1
5.940997E+3	3.659800E+2	3.167933E+1	-9.819967E-1	1.350966E-5	2.817155E-3	1.350966E-4	5.037725E-1	1.595896E+1
5.953828E+3	3.657700E+2	3.169751E+1	-9.594883E-1	1.338562E-5	2.881123E-3	1.338562E-4	5.038546E-1	1.597097E+1
5.966960E+3	3.655600E+2	3.171572E+1	-1.001431E+0	1.326386E-5	2.852384E-3	1.326386E-4	4.969098E-1	1.576015E+1
5.979542E+3	3.653500E+2	3.173395E+1	-1.014448E+0	1.314332E-5	2.902799E-3	1.314332E-4	4.969092E-1	1.576892E+1
5.992554E+3	3.651300E+2	3.175307E+1	-9.347250E-1	1.302452E-5	2.774726E-3	1.302452E-4	4.903131E-1	1.556896E+1
6.005392E+3	3.649300E+2	3.177048E+1	-1.081335E+0	1.290666E-5	2.924242E-3	1.290666E-4	4.853463E-1	1.542065E+1
6.018154E+3	3.647000E+2	3.179051E+1	-1.099339E+0	1.278778E-5	2.918364E-3	1.278778E-4	4.958861E-1	1.576442E+1
6.030707E+3	3.644700E+2	3.181057E+1	-9.198222E-1	1.266440E-5	3.087571E-3	1.266440E-4	5.035825E-1	1.601793E+1
6.043753E+3	3.642700E+2	3.182804E+1	-1.004544E+0	1.254296E-5	2.872298E-3	1.254296E-4	5.144952E-1	1.637518E+1
6.056296E+3	3.640600E+2	3.184640E+1	-9.704251E-1	1.242462E-5	2.936599E-3	1.242462E-4	5.204770E-1	1.657515E+1
6.069280E+3	3.638500E+2	3.186478E+1	-8.826945E-1	1.231240E-5	2.835722E-3	1.231240E-4	5.075077E-1	1.617141E+1
6.082195E+3	3.636600E+2	3.188143E+1	-1.045048E+0	1.220230E-5	2.885930E-3	1.220230E-4	4.965120E-1	1.583078E+1
6.094826E+3	3.634400E+2	3.190073E+1	-1.051188E+0	1.209022E-5	2.971964E-3	1.209022E-4	4.893886E-1	1.561281E+1
6.107954E+3	3.632100E+2	3.192093E+1	-1.004566E+0	1.197500E-5	2.966197E-3	1.197500E-4	4.856222E-1	1.550122E+1
6.121094E+3	3.629900E+2	3.194027E+1	-1.027717E+0	1.186228E-5	2.960552E-3	1.186228E-4	4.909712E-1	1.568172E+1
6.133938E+3	3.627700E+2	3.195964E+1	-1.060641E+0	1.174646E-5	3.104196E-3	1.174646E-4	5.012101E-1	1.601848E+1
6.146949E+3	3.625400E+2	3.197992E+1	-9.672962E-1	1.163064E-5	3.039027E-3	1.163064E-4	5.031450E-1	1.609006E+1
6.159975E+3	3.623300E+2	3.199845E+1	-1.027557E+0	1.151768E-5	3.133436E-3	1.151768E-4	5.101183E-1	1.632230E+1
6.172821E+3	3.621100E+2	3.201790E+1	-8.731618E-1	1.140868E-5	2.944000E-3	1.140868E-4	5.074244E-1	1.624623E+1
6.185877E+3	3.619200E+2	3.203470E+1	-1.050537E+0	1.130434E-5	2.824244E-3	1.130434E-4	5.058658E-1	1.620556E+1
6.198442E+3	3.617000E+2	3.205419E+1	-9.400705E-1	1.120200E-5	2.926497E-3	1.120200E-4	5.052702E-1	1.619624E+1
6.211207E+3	3.615000E+2	3.207192E+1	-1.030767E+0	1.109684E-5	2.912779E-3	1.109684E-4	4.989104E-1	1.600149E+1
6.224013E+3	3.612800E+2	3.209145E+1	-1.018676E+0	1.099068E-5	2.976531E-3	1.099068E-4	5.064998E-1	1.625479E+1
6.236971E+3	3.610600E+2	3.211101E+1	-1.004719E+0	1.088446E-5	3.168042E-3	1.088446E-4	5.040443E-1	1.618557E+1
6.250109E+3	3.608400E+2	3.213058E+1	-1.043636E+0	1.077420E-5	3.200796E-3	1.077420E-4	5.011562E-1	1.610344E+1
6.263332E+3	3.606100E+2	3.215108E+1	-1.072041E+0	1.066374E-5	3.415089E-3	1.066374E-4	4.922240E-1	1.582680E+1
6.277324E+3	3.603600E+2	3.217338E+1	-1.074268E+0	1.055050E-5	3.273612E-3	1.055050E-4	4.990289E-1	1.605470E+1
6.291287E+3	3.601100E+2	3.219572E+1	-8.096620E-1	1.043918E-5	3.386748E-3	1.043918E-4	5.052031E-1	1.626334E+1
6.306108E+3	3.599100E+2	3.221361E+1	-9.832402E-1	1.033114E-5	3.072334E-3	1.033114E-4	5.070495E-1	1.633402E+1
6.319533E+3	3.596900E+2	3.223331E+1	-1.066296E+0	1.023258E-5	2.991609E-3	1.023258E-4	5.058796E-1	1.630678E+1
6.332475E+3	3.594600E+2	3.225394E+1	-9.595613E-1	1.013254E-5	3.111854E-3	1.013254E-4	4.938807E-1	1.592906E+1
6.345606E+3	3.592500E+2	3.227279E+1	-1.019935E+0	1.003466E-5	3.003587E-3	1.003466E-4	4.964838E-1	1.602317E+1
6.358548E+3	3.590300E+2	3.229257E+1	-1.057877E+0	9.936120E-6	3.166714E-3	9.936120E-5	5.090341E-1	1.643800E+1
6.371593E+3	3.588000E+2	3.231327E+1	-9.161704E-1	9.836220E-6	3.202171E-3	9.836220E-5	5.086165E-1	1.643428E+1
6.384691E+3	3.586000E+2	3.233129E+1	-1.026359E+0	9.738080E-6	3.081856E-3	9.738080E-5	5.093283E-1	1.646733E+1
6.397552E+3	3.583800E+2	3.235114E+1	-9.803922E-1	9.644600E-6	3.002400E-3	9.644600E-5	5.088797E-1	1.646289E+1
6.410404E+3	3.581700E+2	3.237010E+1	-9.754587E-1	9.553080E-6	3.002665E-3	9.553080E-5	5.022456E-1	1.625748E+1
6.423321E+3	3.579600E+2	3.238909E+1	-9.719222E-1	9.461080E-6	3.034984E-3	9.461080E-5	5.041269E-1	1.632848E+1
6.436285E+3	3.577500E+2	3.240811E+1	-1.027077E+0	9.370180E-6	3.020553E-3	9.370180E-5	4.989891E-1	1.617207E+1
6.449137E+3	3.575300E+2	3.242805E+1	-1.050948E+0	9.278580E-6	3.154493E-3	9.278580E-5	4.943540E-1	1.603167E+1
6.462268E+3	3.573000E+2	3.244892E+1	-1.047438E+0	9.184740E-6	3.212888E-3	9.184740E-5	5.002473E-1	1.623219E+1
6.475443E+3	3.570700E+2	3.246982E+1	-9.616852E-1	9.090020E-6	3.249542E-3	9.090020E-5	5.100670E-1	1.656072E+1
6.488545E+3	3.568600E+2	3.248893E+1	-9.668508E-1	8.997120E-6	3.226667E-3	8.997120E-5	5.167038E-1	1.678669E+1
6.501577E+3	3.566500E+2	3.250806E+1	-9.717723E-1	8.908360E-6	3.028080E-3	8.908360E-5	5.133879E-1	1.668959E+1
6.514543E+3	3.564400E+2	3.252721E+1	-1.026359E+0	8.822440E-6	3.029043E-3	8.822440E-5	5.060667E-1	1.646123E+1
6.527404E+3	3.562200E+2	3.254730E+1	-9.756853E-1	8.735280E-6	3.122860E-3	8.735280E-5	5.104709E-1	1.661390E+1
6.540318E+3	3.560100E+2	3.256650E+1	-9.294400E-1	8.649720E-6	3.140010E-3	8.649720E-5	5.147254E-1	1.676251E+1
6.553229E+3	3.558100E+2	3.258481E+1	-1.033268E+0	8.564800E-6	3.109168E-3	8.564800E-5	5.107180E-1	1.664275E+1
6.566004E+3	3.555900E+2	3.260497E+1	-1.072511E+0	8.477960E-6	3.215332E-3	8.477960E-5	5.023943E-1	1.638160E+1
6.578871E+3	3.553600E+2	3.262607E+1	-1.040959E+0	8.392360E-6	3.319939E-3	8.392360E-5	4.999488E-1	1.631110E+1
6.592128E+3	3.551300E+2	3.264720E+1	-9.714726E-1	8.304200E-6	3.218114E-3	8.304200E-5	5.083531E-1	1.659499E+1
6.605098E+3	3.549200E+2	3.266652E+1	-9.232900E-1	8.220220E-6	3.044010E-3	8.220220E-5	5.141323E-1	1.679444E+1
6.618095E+3	3.547200E+2	3.268493E+1	-1.025641E+0	8.140640E-6	3.038093E-3	8.140640E-5	5.100039E-1	1.667031E+1
6.630965E+3	3.545000E+2	3.270522E+1	-1.009020E+0	8.059600E-6	3.091040E-3	8.059600E-5	5.044435E-1	1.649843E+1
6.644047E+3	3.542800E+2	3.272553E+1	-1.001821E+0	7.978860E-6	3.252454E-3	7.978860E-5	5.081576E-1	1.662941E+1
6.657223E+3	3.540600E+2	3.274586E+1	-9.561390E-1	7.896040E-6	3.296339E-3	7.896040E-5	5.209602E-1	1.705846E+1
6.670401E+3	3.538500E+2	3.276530E+1	-9.201748E-1	7.814260E-6	3.217522E-3	7.814260E-5	5.120446E-1	1.677769E+1
6.683442E+3	3.536500E+2	3.278383E+1	-1.127555E+0	7.736580E-6	3.090186E-3	7.736580E-5	5.061751E-1	1.659551E+1
6.696213E+3	3.534100E+2	3.280609E+1	-9.950249E-1	7.659760E-6	3.180051E-3	7.659760E-5	5.066894E-1	1.662164E+1
6.708876E+3	3.532000E+2	3.282559E+1	-9.436188E-1	7.580800E-6	3.162029E-3	7.580800E-5	5.110032E-1	1.677285E+1
6.721593E+3	3.530000E+2	3.284419E+1	-9.776536E-1	7.504580E-6	3.152605E-3	7.504580E-5	5.130923E-1	1.685304E+1
6.734481E+3	3.527900E+2	3.286374E+1	-1.065390E+0	7.430280E-6	3.135664E-3	7.430280E-5	5.021461E-1	1.650325E+1
6.747434E+3	3.525600E+2	3.288518E+1	-9.526690E-1	7.356620E-6	3.247856E-3	7.356620E-5	4.946399E-1	1.626603E+1
6.760660E+3	3.523500E+2	3.290478E+1	-1.010410E+0	7.282620E-6	3.110082E-3	7.282620E-5	4.946197E-1	1.627535E+1
6.773724E+3	3.521300E+2	3.292534E+1	-1.030686E+0	7.208440E-6	3.152333E-3	7.208440E-5	4.956429E-1	1.631977E+1
6.786531E+3	3.519100E+2	3.294592E+1	-1.060234E+0	7.135980E-6	3.159761E-3	7.135980E-5	5.059067E-1	1.666701E+1
6.799547E+3	3.516800E+2	3.296747E+1	-8.818069E-1	7.062360E-6	3.262339E-3	7.062360E-5	5.176381E-1	1.706402E+1
6.812475E+3	3.514900E+2	3.298529E+1	-1.013280E+0	6.988680E-6	3.326068E-3	6.988680E-5	5.223018E-1	1.722888E+1
6.825502E+3	3.512700E+2	3.300595E+1	-1.022305E+0	6.915180E-6	3.238127E-3	6.915180E-5	5.195430E-1	1.714890E+1
6.838414E+3	3.510500E+2	3.302663E+1	-1.009329E+0	6.844440E-6	3.229635E-3	6.844440E-5	5.090948E-1	1.681343E+1
6.851492E+3	3.508300E+2	3.304734E+1	-9.549795E-1	6.772860E-6	3.312695E-3	6.772860E-5	5.095116E-1	1.683774E+1
6.864686E+3	3.506200E+2	3.306714E+1	-9.977324E-1	6.702500E-6	3.303196E-3	6.702500E-5	5.122801E-1	1.693969E+1
6.877916E+3	3.504000E+2	3.308790E+1	-9.665542E-1	6.633420E-6	3.210967E-3	6.633420E-5	5.096805E-1	1.686429E+1
6.890952E+3	3.501900E+2	3.310774E+1	-1.018204E+0	6.565960E-6	3.224561E-3	6.565960E-5	4.982890E-1	1.649806E+1
6.903916E+3	3.499700E+2	3.312855E+1	-1.098566E+0	6.497860E-6	3.363369E-3	6.497860E-5	5.059710E-1	1.676257E+1
6.917024E+3	3.497300E+2	3.315129E+1	-9.756098E-1	6.428400E-6	3.456140E-3	6.428400E-5	5.126381E-1	1.699370E+1
6.929939E+3	3.495200E+2	3.317121E+1	-9.930785E-1	6.356760E-6	3.575981E-3	6.356760E-5	5.180230E-1	1.718320E+1
6.943231E+3	3.493000E+2	3.319210E+1	-1.017106E+0	6.288180E-6	3.322810E-3	6.288180E-5	5.234032E-1	1.737296E+1
6.956209E+3	3.490800E+2	3.321302E+1	-9.454491E-1	6.222380E-6	3.278220E-3	6.222380E-5	5.097684E-1	1.693074E+1
6.969536E+3	3.488700E+2	3.323301E+1	-1.012969E+0	6.157600E-6	3.248689E-3	6.157600E-5	5.070791E-1	1.685182E+1
6.982567E+3	3.486500E+2	3.325398E+1	-9.810028E-1	6.094500E-6	3.199080E-3	6.094500E-5	5.065902E-1	1.684615E+1
6.995411E+3	3.484400E+2	3.327402E+1	-9.869159E-1	6.032280E-6	3.331607E-3	6.032280E-5	5.032187E-1	1.674463E+1
7.008786E+3	3.482200E+2	3.329504E+1	-1.045375E+0	5.968460E-6	3.348635E-3	5.968460E-5	5.012434E-1	1.668998E+1
7.021987E+3	3.479900E+2	3.331705E+1	-1.091653E+0	5.903300E-6	3.469162E-3	5.903300E-5	5.064921E-1	1.687480E+1
7.035178E+3	3.477500E+2	3.334004E+1	-9.408602E-1	5.837240E-6	3.543870E-3	5.837240E-5	5.167632E-1	1.722747E+1
7.048570E+3	3.475400E+2	3.336019E+1	-9.480099E-1	5.772960E-6	3.423689E-3	5.772960E-5	5.175673E-1	1.726594E+1
7.061861E+3	3.473300E+2	3.338036E+1	-1.052230E+0	5.710920E-6	3.367252E-3	5.710920E-5	5.206009E-1	1.737850E+1
7.074976E+3	3.471000E+2	3.340248E+1	-9.523810E-1	5.650680E-6	3.329795E-3	5.650680E-5	5.115354E-1	1.708628E+1
7.088206E+3	3.468900E+2	3.342270E+1	-9.860312E-1	5.589580E-6	3.406082E-3	5.589580E-5	5.101615E-1	1.705072E+1
7.101593E+3	3.466700E+2	3.344391E+1	-9.667025E-1	5.530380E-6	3.333787E-3	5.530380E-5	5.133766E-1	1.716937E+1
7.114627E+3	3.464600E+2	3.346418E+1	-1.022067E+0	5.472840E-6	3.224217E-3	5.472840E-5	5.068868E-1	1.696310E+1
7.127542E+3	3.462400E+2	3.348544E+1	-1.043163E+0	5.414520E-6	3.448967E-3	5.414520E-5	5.053247E-1	1.692183E+1
7.140771E+3	3.460100E+2	3.350770E+1	-1.062192E+0	5.354160E-6	3.618404E-3	5.354160E-5	5.140446E-1	1.722387E+1
7.153763E+3	3.457800E+2	3.352999E+1	-9.308820E-1	5.294760E-6	3.443183E-3	5.294760E-5	5.229439E-1	1.753287E+1
7.166654E+3	3.455800E+2	3.354940E+1	-9.770471E-1	5.236740E-6	3.430233E-3	5.236740E-5	5.277225E-1	1.770456E+1
7.179550E+3	3.453700E+2	3.356979E+1	-9.718473E-1	5.181660E-6	3.271241E-3	5.181660E-5	5.189914E-1	1.742313E+1
7.192515E+3	3.451600E+2	3.359022E+1	-1.015775E+0	5.127440E-6	3.272528E-3	5.127440E-5	5.052765E-1	1.697268E+1
7.205510E+3	3.449400E+2	3.361164E+1	-9.641136E-1	5.074700E-6	3.287264E-3	5.074700E-5	5.010766E-1	1.684200E+1
7.218579E+3	3.447300E+2	3.363212E+1	-1.037165E+0	5.021620E-6	3.284205E-3	5.021620E-5	4.988783E-1	1.677885E+1
7.231306E+3	3.445100E+2	3.365359E+1	-1.046962E+0	4.968220E-6	3.374969E-3	4.968220E-5	5.027695E-1	1.692078E+1
7.244487E+3	3.442800E+2	3.367608E+1	-1.040332E+0	4.913120E-6	3.598180E-3	4.913120E-5	5.093910E-1	1.715396E+1
7.257752E+3	3.440500E+2	3.369859E+1	-9.631555E-1	4.857000E-6	3.581009E-3	4.857000E-5	5.214471E-1	1.757060E+1
7.270834E+3	3.438400E+2	3.371917E+1	-9.341429E-1	4.803080E-6	3.391113E-3	4.803080E-5	5.277649E-1	1.779500E+1
7.283680E+3	3.436400E+2	3.373880E+1	-9.893216E-1	4.752600E-6	3.277048E-3	4.752600E-5	5.335122E-1	1.799985E+1
7.296416E+3	3.434300E+2	3.375943E+1	-8.996212E-1	4.702840E-6	3.291783E-3	4.702840E-5	5.205266E-1	1.757301E+1
7.309088E+3	3.432400E+2	3.377811E+1	-1.078799E+0	4.654320E-6	3.342913E-3	4.654320E-5	5.114642E-1	1.727775E+1
7.321880E+3	3.430100E+2	3.380076E+1	-1.011882E+0	4.604200E-6	3.468532E-3	4.604200E-5	5.043735E-1	1.704900E+1
7.334925E+3	3.427900E+2	3.382246E+1	-1.046406E+0	4.553500E-6	3.451567E-3	4.553500E-5	5.041147E-1	1.705008E+1
7.348113E+3	3.425600E+2	3.384517E+1	-9.464433E-1	4.502600E-6	3.548015E-3	4.502600E-5	5.148040E-1	1.742303E+1
7.361426E+3	3.423500E+2	3.386593E+1	-1.030606E+0	4.452560E-6	3.476670E-3	4.452560E-5	5.195807E-1	1.759608E+1
7.374234E+3	3.421300E+2	3.388770E+1	-9.950249E-1	4.402720E-6	3.585001E-3	4.402720E-5	5.232272E-1	1.773102E+1
7.387500E+3	3.419100E+2	3.390951E+1	-9.775778E-1	4.352820E-6	3.520342E-3	4.352820E-5	5.226365E-1	1.772153E+1
7.400389E+3	3.417000E+2	3.393035E+1	-9.519277E-1	4.306000E-6	3.352627E-3	4.306000E-5	5.192718E-1	1.761885E+1
7.412995E+3	3.415000E+2	3.395022E+1	-1.040599E+0	4.260480E-6	3.362964E-3	4.260480E-5	5.172302E-1	1.756069E+1
7.425680E+3	3.412800E+2	3.397211E+1	-9.635974E-1	4.214540E-6	3.425448E-3	4.214540E-5	5.156788E-1	1.751869E+1
7.438756E+3	3.410700E+2	3.399302E+1	-9.899434E-1	4.168500E-6	3.402486E-3	4.168500E-5	5.109491E-1	1.736872E+1
7.451484E+3	3.408600E+2	3.401396E+1	-1.032702E+0	4.123740E-6	3.378681E-3	4.123740E-5	5.142608E-1	1.749262E+1
7.464266E+3	3.406400E+2	3.403593E+1	-1.006942E+0	4.078700E-6	3.555012E-3	4.078700E-5	5.090809E-1	1.732759E+1
7.477375E+3	3.404200E+2	3.405793E+1	-1.062274E+0	4.031980E-6	3.561935E-3	4.031980E-5	5.129515E-1	1.747006E+1
7.490366E+3	3.401900E+2	3.408095E+1	-9.561390E-1	3.986240E-6	3.625452E-3	3.986240E-5	5.175370E-1	1.763732E+1
7.503544E+3	3.399800E+2	3.410201E+1	-9.612450E-1	3.941300E-6	3.514458E-3	3.941300E-5	5.137977E-1	1.752131E+1
7.516652E+3	3.397700E+2	3.412308E+1	-1.033430E+0	3.898660E-6	3.383524E-3	3.898660E-5	5.169238E-1	1.763938E+1
7.529425E+3	3.395500E+2	3.414519E+1	-9.472260E-1	3.856260E-6	3.559312E-3	3.856260E-5	5.118739E-1	1.747801E+1
7.542727E+3	3.393400E+2	3.416632E+1	-1.005025E+0	3.813160E-6	3.495632E-3	3.813160E-5	5.113028E-1	1.746964E+1
7.555861E+3	3.391200E+2	3.418849E+1	-1.008943E+0	3.770700E-6	3.459498E-3	3.770700E-5	5.114186E-1	1.748495E+1
7.568944E+3	3.389000E+2	3.421068E+1	-1.022780E+0	3.728440E-6	3.541096E-3	3.728440E-5	5.063568E-1	1.732283E+1
7.581850E+3	3.386800E+2	3.423290E+1	-1.020250E+0	3.686680E-6	3.499788E-3	3.686680E-5	5.120860E-1	1.752989E+1
7.594788E+3	3.384600E+2	3.425516E+1	-9.763657E-1	3.645520E-6	3.608778E-3	3.645520E-5	5.121985E-1	1.754543E+1
7.607693E+3	3.382500E+2	3.427642E+1	-1.063584E+0	3.604140E-6	3.575591E-3	3.604140E-5	5.220445E-1	1.789382E+1
7.620668E+3	3.380200E+2	3.429975E+1	-9.093665E-1	3.562780E-6	3.665767E-3	3.562780E-5	5.286384E-1	1.813125E+1
7.633864E+3	3.378200E+2	3.432005E+1	-9.746287E-1	3.522080E-6	3.564756E-3	3.522080E-5	5.234367E-1	1.796445E+1
7.646792E+3	3.376100E+2	3.434140E+1	-1.008095E+0	3.482920E-6	3.568291E-3	3.482920E-5	5.233257E-1	1.797242E+1
7.659886E+3	3.373900E+2	3.436379E+1	-9.604391E-1	3.444440E-6	3.516301E-3	3.444440E-5	5.082506E-1	1.746572E+1
7.673005E+3	3.371800E+2	3.438519E+1	-1.060641E+0	3.405880E-6	3.523832E-3	3.405880E-5	5.048389E-1	1.735958E+1
7.686016E+3	3.369500E+2	3.440867E+1	-1.034159E+0	3.367120E-6	3.606952E-3	3.367120E-5	5.114477E-1	1.759791E+1
7.698780E+3	3.367300E+2	3.443115E+1	-9.845288E-1	3.328700E-6	3.629897E-3	3.328700E-5	5.157571E-1	1.775719E+1
7.711578E+3	3.365200E+2	3.445263E+1	-9.863786E-1	3.290440E-6	3.565781E-3	3.290440E-5	5.249395E-1	1.808528E+1
7.724352E+3	3.363100E+2	3.447415E+1	-9.744026E-1	3.253680E-6	3.528802E-3	3.253680E-5	5.225468E-1	1.801471E+1
7.737283E+3	3.361000E+2	3.449569E+1	-1.016636E+0	3.217120E-6	3.499533E-3	3.217120E-5	5.149343E-1	1.776364E+1
7.750267E+3	3.358800E+2	3.451828E+1	-1.027557E+0	3.180580E-6	3.539668E-3	3.180580E-5	5.189503E-1	1.791297E+1
7.763113E+3	3.356600E+2	3.454090E+1	-9.035464E-1	3.144200E-6	3.651439E-3	3.144200E-5	5.170315E-1	1.785815E+1
7.776394E+3	3.354600E+2	3.456150E+1	-1.038307E+0	3.108600E-6	3.489242E-3	3.108600E-5	5.146929E-1	1.778924E+1
7.789107E+3	3.352400E+2	3.458418E+1	-1.026998E+0	3.074040E-6	3.493098E-3	3.074040E-5	5.161034E-1	1.784930E+1
7.801960E+3	3.350200E+2	3.460689E+1	-9.787168E-1	3.039180E-6	3.615911E-3	3.039180E-5	5.133338E-1	1.776453E+1
7.814834E+3	3.348100E+2	3.462860E+1	-1.043973E+0	3.003760E-6	3.700583E-3	3.003760E-5	5.224117E-1	1.809039E+1
7.827478E+3	3.345900E+2	3.465136E+1	-9.612450E-1	2.968920E-6	3.749293E-3	2.968920E-5	5.213549E-1	1.806572E+1
7.840586E+3	3.343800E+2	3.467313E+1	-1.038062E+0	2.934680E-6	3.539926E-3	2.934680E-5	5.176534E-1	1.794871E+1
7.853302E+3	3.341600E+2	3.469595E+1	-9.499397E-1	2.901340E-6	3.651500E-3	2.901340E-5	5.194605E-1	1.802289E+1
7.866566E+3	3.339500E+2	3.471777E+1	-9.693053E-1	2.868160E-6	3.533878E-3	2.868160E-5	5.149940E-1	1.787947E+1
7.879565E+3	3.337400E+2	3.473962E+1	-1.024686E+0	2.835500E-6	3.541408E-3	2.835500E-5	5.070199E-1	1.761466E+1
7.892447E+3	3.335200E+2	3.476253E+1	-1.064897E+0	2.803260E-6	3.649499E-3	2.803260E-5	5.090060E-1	1.769434E+1
7.905406E+3	3.332900E+2	3.478652E+1	-9.123394E-1	2.771320E-6	3.668633E-3	2.771320E-5	5.142754E-1	1.788884E+1
7.918559E+3	3.330900E+2	3.480741E+1	-1.025641E+0	2.738820E-6	3.678707E-3	2.738820E-5	5.190507E-1	1.806741E+1
7.931429E+3	3.328700E+2	3.483041E+1	-1.076695E+0	2.706300E-6	3.715992E-3	2.706300E-5	5.262854E-1	1.833139E+1
7.944246E+3	3.326400E+2	3.485450E+1	-9.334716E-1	2.673800E-6	3.874733E-3	2.673800E-5	5.214299E-1	1.817327E+1
7.957744E+3	3.324300E+2	3.487652E+1	-9.747795E-1	2.642060E-6	3.686525E-3	2.642060E-5	5.253342E-1	1.832125E+1
7.970670E+3	3.322200E+2	3.489856E+1	-9.725975E-1	2.611640E-6	3.662825E-3	2.611640E-5	5.267600E-1	1.838353E+1
7.983625E+3	3.320100E+2	3.492063E+1	-9.961512E-1	2.581480E-6	3.762762E-3	2.581480E-5	5.212106E-1	1.820135E+1
7.996876E+3	3.317900E+2	3.494379E+1	-9.832995E-1	2.550880E-6	3.651213E-3	2.550880E-5	5.110234E-1	1.785746E+1
8.009690E+3	3.315800E+2	3.496592E+1	-1.079897E+0	2.521720E-6	3.618049E-3	2.521720E-5	5.109341E-1	1.786561E+1
8.022469E+3	3.313500E+2	3.499019E+1	-9.741766E-1	2.492480E-6	3.641314E-3	2.492480E-5	5.145315E-1	1.800317E+1
8.035403E+3	3.311400E+2	3.501238E+1	-1.017733E+0	2.462560E-6	3.814097E-3	2.462560E-5	5.225747E-1	1.829624E+1
8.048373E+3	3.309200E+2	3.503566E+1	-9.667766E-1	2.432880E-6	3.835029E-3	2.432880E-5	5.281537E-1	1.850427E+1
8.061406E+3	3.307100E+2	3.505791E+1	-1.002126E+0	2.403860E-6	3.788845E-3	2.403860E-5	5.171873E-1	1.813192E+1
8.074578E+3	3.304900E+2	3.508124E+1	-1.046290E+0	2.375540E-6	3.534610E-3	2.375540E-5	5.140428E-1	1.803332E+1
8.087194E+3	3.302700E+2	3.510461E+1	-9.735744E-1	2.348160E-6	3.697139E-3	2.348160E-5	5.148611E-1	1.807335E+1
8.100136E+3	3.300600E+2	3.512695E+1	-9.599269E-1	2.320680E-6	3.747465E-3	2.320680E-5	5.198611E-1	1.826110E+1
8.113262E+3	3.298500E+2	3.514931E+1	-1.006711E+0	2.293140E-6	3.661490E-3	2.293140E-5	5.224980E-1	1.836610E+1
8.126374E+3	3.296300E+2	3.517277E+1	-9.923320E-1	2.265680E-6	3.859313E-3	2.265680E-5	5.175581E-1	1.820457E+1
8.139676E+3	3.294100E+2	3.519626E+1	-1.047200E+0	2.238400E-6	3.864045E-3	2.238400E-5	5.153186E-1	1.813759E+1
8.152854E+3	3.291800E+2	3.522085E+1	-9.878021E-1	2.210420E-6	4.035447E-3	2.210420E-5	5.213602E-1	1.836212E+1
8.166217E+3	3.289600E+2	3.524441E+1	-9.680393E-1	2.183380E-6	3.794873E-3	2.183380E-5	5.272945E-1	1.858326E+1
8.179233E+3	3.287500E+2	3.526692E+1	-9.658133E-1	2.156900E-6	3.804720E-3	2.156900E-5	5.354855E-1	1.888433E+1
8.192279E+3	3.285400E+2	3.528946E+1	-9.487666E-1	2.131260E-6	3.702062E-3	2.131260E-5	5.326320E-1	1.879636E+1
8.204927E+3	3.283400E+2	3.531096E+1	-1.019384E+0	2.106320E-6	3.746318E-3	2.106320E-5	5.241626E-1	1.850970E+1
8.217876E+3	3.281200E+2	3.533463E+1	-1.023414E+0	2.081200E-6	3.715201E-3	2.081200E-5	5.180312E-1	1.830507E+1
8.230774E+3	3.279000E+2	3.535834E+1	-9.999242E-1	2.056040E-6	3.822524E-3	2.056040E-5	5.130706E-1	1.814132E+1
8.243975E+3	3.276800E+2	3.538208E+1	-9.861049E-1	2.031000E-6	3.861404E-3	2.031000E-5	5.143661E-1	1.819937E+1
8.257361E+3	3.274600E+2	3.540585E+1	-1.052296E+0	2.006300E-6	3.656927E-3	2.006300E-5	5.157984E-1	1.826229E+1
8.269905E+3	3.272400E+2	3.542965E+1	-9.883939E-1	1.981978E-6	4.029508E-3	1.981978E-5	5.125934E-1	1.816134E+1
8.283260E+3	3.270200E+2	3.545349E+1	-1.035181E+0	1.957468E-6	3.939657E-3	1.957468E-5	5.153495E-1	1.827096E+1
8.296591E+3	3.267900E+2	3.547844E+1	-9.465144E-1	1.933324E-6	3.889438E-3	1.933324E-5	5.209215E-1	1.848025E+1
8.309903E+3	3.265800E+2	3.550126E+1	-9.277155E-1	1.909754E-6	3.760557E-3	1.909754E-5	5.252727E-1	1.864690E+1
8.322838E+3	3.263800E+2	3.552301E+1	-9.857612E-1	1.887666E-6	3.611262E-3	1.887666E-5	5.280312E-1	1.875795E+1
8.335620E+3	3.261700E+2	3.554588E+1	-1.004719E+0	1.865160E-6	3.793912E-3	1.865160E-5	5.196912E-1	1.847414E+1
8.348758E+3	3.259500E+2	3.556987E+1	-1.034173E+0	1.842248E-6	3.968222E-3	1.842248E-5	5.154017E-1	1.833340E+1
8.362102E+3	3.257200E+2	3.559499E+1	-1.012658E+0	1.818922E-6	3.961608E-3	1.818922E-5	5.141508E-1	1.830089E+1
8.375137E+3	3.255000E+2	3.561905E+1	-1.034078E+0	1.796310E-6	3.833469E-3	1.796310E-5	5.152482E-1	1.835237E+1
8.387902E+3	3.252800E+2	3.564314E+1	-9.985627E-1	1.774156E-6	3.994550E-3	1.774156E-5	5.190996E-1	1.850206E+1
8.401121E+3	3.250600E+2	3.566726E+1	-9.755342E-1	1.752180E-6	3.866748E-3	1.752180E-5	5.204973E-1	1.856439E+1
8.414037E+3	3.248500E+2	3.569032E+1	-9.972801E-1	1.730966E-6	3.887720E-3	1.730966E-5	5.255387E-1	1.875665E+1
8.427273E+3	3.246300E+2	3.571451E+1	-9.426904E-1	1.709312E-6	3.996189E-3	1.709312E-5	5.246374E-1	1.873719E+1
8.440639E+3	3.244200E+2	3.573762E+1	-9.972801E-1	1.688156E-6	3.905713E-3	1.688156E-5	5.238735E-1	1.872206E+1
8.453875E+3	3.242000E+2	3.576188E+1	-9.790971E-1	1.667510E-6	3.795797E-3	1.667510E-5	5.237410E-1	1.872996E+1
8.466744E+3	3.239900E+2	3.578506E+1	-1.005408E+0	1.647104E-6	3.979976E-3	1.647104E-5	5.194764E-1	1.859012E+1
8.479873E+3	3.237700E+2	3.580937E+1	-1.045930E+0	1.626274E-6	4.053559E-3	1.626274E-5	5.269630E-1	1.887051E+1
8.493067E+3	3.235400E+2	3.583483E+1	-9.521650E-1	1.605316E-6	4.061958E-3	1.605316E-5	5.248384E-1	1.880716E+1
8.506300E+3	3.233300E+2	3.585810E+1	-1.029083E+0	1.584628E-6	4.041120E-3	1.584628E-5	5.226060E-1	1.874008E+1
8.519710E+3	3.231000E+2	3.588363E+1	-1.022384E+0	1.564328E-6	3.896433E-3	1.564328E-5	5.196730E-1	1.864783E+1
8.532621E+3	3.228800E+2	3.590808E+1	-1.004260E+0	1.544772E-6	3.958124E-3	1.544772E-5	5.142035E-1	1.846375E+1
8.545765E+3	3.226600E+2	3.593256E+1	-9.794465E-1	1.525422E-6	4.017732E-3	1.525422E-5	5.166062E-1	1.856300E+1
8.559242E+3	3.224400E+2	3.595708E+1	-9.895052E-1	1.506012E-6	4.058435E-3	1.506012E-5	5.231741E-1	1.881119E+1
8.572582E+3	3.222200E+2	3.598163E+1	-9.350892E-1	1.487174E-6	3.896029E-3	1.487174E-5	5.257973E-1	1.891839E+1
8.585415E+3	3.220200E+2	3.600397E+1	-1.027317E+0	1.468958E-6	3.953765E-3	1.468958E-5	5.243491E-1	1.887936E+1
8.598264E+3	3.218000E+2	3.602859E+1	-1.030123E+0	1.450482E-6	3.989944E-3	1.450482E-5	5.258645E-1	1.894649E+1
8.611078E+3	3.215800E+2	3.605324E+1	-9.794015E-1	1.432198E-6	4.025472E-3	1.432198E-5	5.216004E-1	1.880505E+1
8.623943E+3	3.213700E+2	3.607680E+1	-1.014760E+0	1.414164E-6	3.995333E-3	1.414164E-5	5.205562E-1	1.878039E+1
8.636951E+3	3.211500E+2	3.610151E+1	-1.013125E+0	1.396238E-6	3.948240E-3	1.396238E-5	5.301950E-1	1.914020E+1
8.649980E+3	3.209300E+2	3.612626E+1	-8.706278E-1	1.378780E-6	3.956521E-3	1.378780E-5	5.291609E-1	1.911560E+1
8.663074E+3	3.207400E+2	3.614766E+1	-1.011960E+0	1.361616E-6	3.950541E-3	1.361616E-5	5.296156E-1	1.914513E+1
8.676118E+3	3.205200E+2	3.617247E+1	-9.787168E-1	1.344770E-6	3.887527E-3	1.344770E-5	5.268638E-1	1.905864E+1
8.688992E+3	3.203100E+2	3.619618E+1	-1.026518E+0	1.328250E-6	3.881957E-3	1.328250E-5	5.142161E-1	1.861329E+1
8.701851E+3	3.200900E+2	3.622106E+1	-1.033011E+0	1.311062E-6	4.309289E-3	1.311062E-5	5.173585E-1	1.873992E+1
8.715210E+3	3.198600E+2	3.624711E+1	-1.024050E+0	1.293988E-6	4.055636E-3	1.293988E-5	5.217784E-1	1.891229E+1
8.728100E+3	3.196400E+2	3.627206E+1	-9.638923E-1	1.277098E-6	4.129163E-3	1.277098E-5	5.231398E-1	1.897471E+1
8.741172E+3	3.194300E+2	3.629590E+1	-1.012348E+0	1.260666E-6	4.057426E-3	1.260666E-5	5.235506E-1	1.900317E+1
8.754211E+3	3.192100E+2	3.632092E+1	-1.002582E+0	1.244670E-6	3.991482E-3	1.244670E-5	5.228670E-1	1.899104E+1
8.767377E+3	3.189900E+2	3.634597E+1	-9.505130E-1	1.228796E-6	4.010822E-3	1.228796E-5	5.261424E-1	1.912213E+1
8.780633E+3	3.187800E+2	3.636991E+1	-9.284333E-1	1.213044E-6	4.021390E-3	1.213044E-5	5.262660E-1	1.913998E+1
8.793558E+3	3.185800E+2	3.639274E+1	-1.059050E+0	1.197994E-6	3.827823E-3	1.197994E-5	5.209371E-1	1.895944E+1
8.806022E+3	3.183600E+2	3.641789E+1	-1.006942E+0	1.183182E-6	4.000161E-3	1.183182E-5	5.144290E-1	1.873505E+1
8.819131E+3	3.181400E+2	3.644308E+1	-1.011727E+0	1.168112E-6	4.013805E-3	1.168112E-5	5.169454E-1	1.883867E+1
8.832178E+3	3.179200E+2	3.646829E+1	-9.535341E-1	1.152798E-6	4.149120E-3	1.152798E-5	5.207422E-1	1.899059E+1
8.845392E+3	3.177100E+2	3.649240E+1	-1.040175E+0	1.137808E-6	4.094082E-3	1.137808E-5	5.289938E-1	1.930430E+1
8.858659E+3	3.174800E+2	3.651884E+1	-9.068924E-1	1.122920E-6	4.115897E-3	1.122920E-5	5.249278E-1	1.916943E+1
8.871891E+3	3.172800E+2	3.654186E+1	-1.057958E+0	1.108354E-6	4.038830E-3	1.108354E-5	5.204485E-1	1.901889E+1
8.884935E+3	3.170500E+2	3.656836E+1	-9.718030E-1	1.093922E-6	4.213993E-3	1.093922E-5	5.281553E-1	1.931344E+1
8.898518E+3	3.168300E+2	3.659376E+1	-9.171507E-1	1.079524E-6	4.076232E-3	1.079524E-5	5.140586E-1	1.881105E+1
8.911602E+3	3.166300E+2	3.661687E+1	-1.136364E+0	1.065658E-6	3.987072E-3	1.065658E-5	5.240526E-1	1.918992E+1
8.924274E+3	3.163900E+2	3.664465E+1	-8.908686E-1	1.051916E-6	4.279780E-3	1.051916E-5	5.300281E-1	1.942156E+1
8.937744E+3	3.161900E+2	3.666783E+1	-9.895547E-1	1.037918E-6	4.060174E-3	1.037918E-5	5.244657E-1	1.923103E+1
8.950477E+3	3.159800E+2	3.669220E+1	-1.074515E+0	1.024262E-6	4.130607E-3	1.024262E-5	5.320968E-1	1.952496E+1
8.963320E+3	3.157500E+2	3.671892E+1	-9.556314E-1	1.010918E-6	4.261847E-3	1.010918E-5	5.179299E-1	1.901752E+1
8.976505E+3	3.155400E+2	3.674336E+1	-1.022384E+0	9.976340E-7	4.078246E-3	9.976340E-6	5.162376E-1	1.896800E+1
8.989416E+3	3.153200E+2	3.676900E+1	-9.710234E-1	9.848420E-7	4.069980E-3	9.848420E-6	5.264330E-1	1.935575E+1
9.002392E+3	3.151100E+2	3.679350E+1	-9.278590E-1	9.721980E-7	3.950813E-3	9.721980E-6	5.198626E-1	1.912758E+1
9.015325E+3	3.149100E+2	3.681687E+1	-1.059908E+0	9.598300E-7	4.034514E-3	9.598300E-6	5.178855E-1	1.906835E+1
9.028345E+3	3.146800E+2	3.684378E+1	-1.004719E+0	9.472660E-7	4.151854E-3	9.472660E-6	5.140223E-1	1.893883E+1
9.041483E+3	3.144600E+2	3.686955E+1	-1.008557E+0	9.348120E-7	4.169530E-3	9.348120E-6	5.204463E-1	1.918754E+1
9.054571E+3	3.142400E+2	3.689537E+1	-9.179927E-1	9.222760E-7	4.177859E-3	9.222760E-6	5.293995E-1	1.953170E+1
9.067643E+3	3.140400E+2	3.691886E+1	-1.023256E+0	9.101200E-7	4.131506E-3	9.101200E-6	5.325470E-1	1.966146E+1
9.080543E+3	3.138200E+2	3.694475E+1	-9.476534E-1	8.982460E-7	4.198446E-3	8.982460E-6	5.258277E-1	1.942698E+1
9.093839E+3	3.136100E+2	3.696948E+1	-1.029079E+0	8.864000E-7	4.068800E-3	8.864000E-6	5.245700E-1	1.939275E+1
9.106666E+3	3.133900E+2	3.699544E+1	-9.082652E-1	8.748920E-7	4.172941E-3	8.748920E-6	5.249995E-1	1.942227E+1
9.119878E+3	3.131900E+2	3.701906E+1	-1.011727E+0	8.633980E-7	4.078588E-3	8.633980E-6	5.187547E-1	1.920457E+1
9.132925E+3	3.129700E+2	3.704508E+1	-1.031169E+0	8.522540E-7	4.083632E-3	8.522540E-6	5.218859E-1	1.933365E+1
9.145726E+3	3.127500E+2	3.707114E+1	-9.497965E-1	8.410440E-7	4.290865E-3	8.410440E-6	5.177986E-1	1.919499E+1
9.158992E+3	3.125400E+2	3.709605E+1	-1.023653E+0	8.297280E-7	4.196599E-3	8.297280E-6	5.225131E-1	1.938355E+1
9.171887E+3	3.123200E+2	3.712218E+1	-9.975816E-1	8.186620E-7	4.346031E-3	8.186620E-6	5.288365E-1	1.963125E+1
9.185119E+3	3.121000E+2	3.714835E+1	-9.290083E-1	8.076060E-7	4.185920E-3	8.076060E-6	5.281823E-1	1.962005E+1
9.198036E+3	3.119000E+2	3.717217E+1	-9.904103E-1	7.970260E-7	4.048977E-3	7.970260E-6	5.301408E-1	1.970657E+1
9.210758E+3	3.116900E+2	3.719722E+1	-9.991277E-1	7.866960E-7	4.020203E-3	7.866960E-6	5.295131E-1	1.969680E+1
9.223369E+3	3.114800E+2	3.722229E+1	-9.697529E-1	7.764680E-7	4.150875E-3	7.764680E-6	5.241293E-1	1.950962E+1
9.236362E+3	3.112700E+2	3.724741E+1	-9.807564E-1	7.661760E-7	4.336073E-3	7.661760E-6	5.170171E-1	1.925864E+1
9.249821E+3	3.110500E+2	3.727375E+1	-1.070182E+0	7.557480E-7	4.238755E-3	7.557480E-6	5.167302E-1	1.926085E+1
9.262716E+3	3.108200E+2	3.730133E+1	-9.602195E-1	7.456180E-7	4.302786E-3	7.456180E-6	5.160962E-1	1.925036E+1
9.275838E+3	3.106100E+2	3.732655E+1	-1.011184E+0	7.354880E-7	4.269506E-3	7.354880E-6	5.229921E-1	1.952112E+1
9.288892E+3	3.103900E+2	3.735301E+1	-9.500829E-1	7.255000E-7	4.343550E-3	7.255000E-6	5.300293E-1	1.979788E+1
9.302154E+3	3.101800E+2	3.737830E+1	-9.790210E-1	7.156400E-7	4.187240E-3	7.156400E-6	5.275819E-1	1.971981E+1
9.315024E+3	3.099700E+2	3.740362E+1	-9.646302E-1	7.062440E-7	4.242541E-3	7.062440E-6	5.294042E-1	1.980167E+1
9.328086E+3	3.097600E+2	3.742898E+1	-9.570832E-1	6.968660E-7	4.227380E-3	6.968660E-6	5.293891E-1	1.981448E+1
9.341251E+3	3.095500E+2	3.745437E+1	-9.645564E-1	6.875100E-7	4.259398E-3	6.875100E-6	5.237200E-1	1.961636E+1
9.354314E+3	3.093400E+2	3.747980E+1	-1.055046E+0	6.782080E-7	4.264078E-3	6.782080E-6	5.231989E-1	1.961014E+1
9.367394E+3	3.091100E+2	3.750768E+1	-9.376395E-1	6.689460E-7	4.446027E-3	6.689460E-6	5.279950E-1	1.980276E+1
9.380832E+3	3.089000E+2	3.753318E+1	-9.290802E-1	6.597080E-7	4.271182E-3	6.597080E-6	5.332119E-1	2.001203E+1
9.393748E+3	3.087000E+2	3.755750E+1	-9.821498E-1	6.508820E-7	4.214735E-3	6.508820E-6	5.315564E-1	1.996515E+1
9.406577E+3	3.084900E+2	3.758307E+1	-1.044426E+0	6.421120E-7	4.284673E-3	6.421120E-6	5.267758E-1	1.979863E+1
9.419790E+3	3.082600E+2	3.761111E+1	-9.082652E-1	6.333020E-7	4.344479E-3	6.333020E-6	5.212949E-1	1.960542E+1
9.433002E+3	3.080600E+2	3.763553E+1	-9.873061E-1	6.247960E-7	4.188396E-3	6.247960E-6	5.214087E-1	1.962319E+1
9.445764E+3	3.078500E+2	3.766120E+1	-9.741013E-1	6.166160E-7	4.226976E-3	6.166160E-6	5.260729E-1	1.981293E+1
9.458699E+3	3.076400E+2	3.768691E+1	-9.694545E-1	6.084360E-7	4.189310E-3	6.084360E-6	5.236660E-1	1.973532E+1
9.471696E+3	3.074300E+2	3.771265E+1	-9.626404E-1	6.002060E-7	4.296612E-3	6.002060E-6	5.277793E-1	1.990395E+1
9.484785E+3	3.072200E+2	3.773843E+1	-9.536063E-1	5.920280E-7	4.308163E-3	5.920280E-6	5.326887E-1	2.010250E+1
9.497998E+3	3.070100E+2	3.776424E+1	-9.399969E-1	5.840200E-7	4.161292E-3	5.840200E-6	5.318721E-1	2.008542E+1
9.510764E+3	3.068100E+2	3.778886E+1	-9.907997E-1	5.762300E-7	4.209757E-3	5.762300E-6	5.243744E-1	1.981632E+1
9.523481E+3	3.066000E+2	3.781474E+1	-1.030445E+0	5.685460E-7	4.207909E-3	5.685460E-6	5.240292E-1	1.981642E+1
9.536291E+3	3.063800E+2	3.784190E+1	-9.128946E-1	5.608580E-7	4.344690E-3	5.608580E-6	5.241272E-1	1.983287E+1
9.549436E+3	3.061800E+2	3.786661E+1	-9.332711E-1	5.532980E-7	4.180857E-3	5.532980E-6	5.308258E-1	2.009986E+1
9.562294E+3	3.059800E+2	3.789137E+1	-9.428033E-1	5.460780E-7	4.059480E-3	5.460780E-6	5.290800E-1	2.004838E+1
9.575022E+3	3.057800E+2	3.791615E+1	-1.006328E+0	5.388620E-7	4.205492E-3	5.388620E-6	5.246085E-1	1.989189E+1
9.588139E+3	3.055600E+2	3.794345E+1	-9.179224E-1	5.315680E-7	4.316163E-3	5.315680E-6	5.224660E-1	1.982379E+1
9.601212E+3	3.053600E+2	3.796830E+1	-9.740260E-1	5.244460E-7	4.251520E-3	5.244460E-6	5.190999E-1	1.970940E+1
9.614148E+3	3.051500E+2	3.799443E+1	-9.749304E-1	5.174120E-7	4.221147E-3	5.174120E-6	5.200015E-1	1.975757E+1
9.627072E+3	3.049400E+2	3.802059E+1	-9.696037E-1	5.105540E-7	4.168457E-3	5.105540E-6	5.111964E-1	1.943638E+1
9.640067E+3	3.047300E+2	3.804680E+1	-9.960761E-1	5.036640E-7	4.245769E-3	5.036640E-6	5.164994E-1	1.965113E+1
9.653319E+3	3.045100E+2	3.807428E+1	-8.578169E-1	4.968260E-7	4.585325E-3	4.968260E-6	5.180368E-1	1.972349E+1
9.667308E+3	3.043100E+2	3.809931E+1	-1.008480E+0	4.900080E-7	4.104750E-3	4.900080E-6	5.318719E-1	2.026355E+1
9.680397E+3	3.040900E+2	3.812687E+1	-7.983752E-1	4.832680E-7	4.571520E-3	4.832680E-6	5.425637E-1	2.068510E+1
9.694676E+3	3.039000E+2	3.815071E+1	-8.963251E-1	4.764900E-7	4.261406E-3	4.764900E-6	5.388076E-1	2.055562E+1
9.708064E+3	3.037000E+2	3.817583E+1	-9.212345E-1	4.702000E-7	4.122833E-3	4.702000E-6	5.389210E-1	2.057393E+1
9.721090E+3	3.035000E+2	3.820099E+1	-8.831048E-1	4.641120E-7	4.067770E-3	4.641120E-6	5.243937E-1	2.003203E+1
9.733999E+3	3.033100E+2	3.822492E+1	-9.324009E-1	4.582120E-7	4.013277E-3	4.582120E-6	5.306584E-1	2.028401E+1
9.746869E+3	3.031100E+2	3.825014E+1	-8.082622E-1	4.523000E-7	4.099129E-3	4.523000E-6	5.348801E-1	2.045848E+1
9.760231E+3	3.029300E+2	3.827287E+1	-8.660640E-1	4.465260E-7	3.994393E-3	4.465260E-6	5.358288E-1	2.050741E+1
9.773394E+3	3.027400E+2	3.829689E+1	-8.323699E-1	4.409420E-7	3.912240E-3	4.409420E-6	5.465786E-1	2.093117E+1
9.786369E+3	3.025600E+2	3.831967E+1	-7.418856E-1	4.356080E-7	3.785840E-3	4.356080E-6	5.387790E-1	2.064476E+1
9.799309E+3	3.024000E+2	3.833995E+1	-8.445418E-1	4.304440E-7	3.663218E-3	4.304440E-6	5.403245E-1	2.071616E+1
9.812097E+3	3.022200E+2	3.836278E+1	-7.575758E-1	4.255900E-7	3.544669E-3	4.255900E-6	5.361794E-1	2.056865E+1
9.824769E+3	3.020600E+2	3.838310E+1	-7.502931E-1	4.208600E-7	3.453265E-3	4.208600E-6	5.289168E-1	2.030074E+1
9.837564E+3	3.019000E+2	3.840344E+1	-7.399414E-1	4.163380E-7	3.365114E-3	4.163380E-6	5.393937E-1	2.071424E+1
9.850538E+3	3.017400E+2	3.842381E+1	-6.879156E-1	4.118580E-7	3.355390E-3	4.118580E-6	5.375932E-1	2.065565E+1
9.863621E+3	3.015900E+2	3.844292E+1	-6.863418E-1	4.075160E-7	3.317730E-3	4.075160E-6	5.408001E-1	2.078925E+1
9.876734E+3	3.014400E+2	3.846205E+1	-6.517185E-1	4.034100E-7	3.073146E-3	4.034100E-6	5.333050E-1	2.051174E+1
9.889623E+3	3.013000E+2	3.847992E+1	-6.928940E-1	3.994780E-7	3.083411E-3	3.994780E-6	5.345675E-1	2.056946E+1
9.902612E+3	3.011500E+2	3.849909E+1	-5.599627E-1	3.956880E-7	2.917648E-3	3.956880E-6	5.393588E-1	2.076329E+1
9.915470E+3	3.010300E+2	3.851443E+1	-6.107109E-1	3.921260E-7	2.810641E-3	3.921260E-6	5.389883E-1	2.075849E+1
9.928242E+3	3.009000E+2	3.853107E+1	-5.903724E-1	3.886460E-7	2.823817E-3	3.886460E-6	5.366007E-1	2.067628E+1
9.941454E+3	3.007700E+2	3.854773E+1	-6.115728E-1	3.852680E-7	2.630877E-3	3.852680E-6	5.257945E-1	2.026786E+1
9.954208E+3	3.006400E+2	3.856440E+1	-5.440532E-1	3.820120E-7	2.673817E-3	3.820120E-6	5.334363E-1	2.057051E+1
9.967442E+3	3.005200E+2	3.857980E+1	-5.121838E-1	3.788200E-7	2.541941E-3	3.788200E-6	5.457823E-1	2.105499E+1
9.980328E+3	3.004100E+2	3.859392E+1	-5.085529E-1	3.757780E-7	2.508149E-3	3.757780E-6	5.551160E-1	2.142376E+1
9.993306E+3	3.003000E+2	3.860806E+1	-5.051278E-1	3.728400E-7	2.451313E-3	3.728400E-6	5.480752E-1	2.116021E+1
1.000637E+4	3.001900E+2	3.862221E+1	-5.148608E-1	3.699880E-7	2.367558E-3	3.699880E-6	5.340668E-1	2.062691E+1
1.001919E+4	3.000800E+2	3.863636E+1	-5.102041E-1	3.672600E-7	2.337784E-3	3.672600E-6	5.321637E-1	2.056052E+1
1.003213E+4	2.999700E+2	3.865053E+1	-4.550626E-1	3.645800E-7	2.281297E-3	3.645800E-6	5.443239E-1	2.103722E+1
1.004531E+4	2.998700E+2	3.866342E+1	-4.089050E-1	3.619500E-7	2.254360E-3	3.619500E-6	5.521477E-1	2.134714E+1
1.005852E+4	2.997800E+2	3.867503E+1	-4.574914E-1	3.594560E-7	2.107578E-3	3.594560E-6	5.478273E-1	2.118774E+1
1.007163E+4	2.996800E+2	3.868793E+1	-4.604758E-1	3.570540E-7	2.068216E-3	3.570540E-6	5.363754E-1	2.075132E+1
1.008466E+4	2.995800E+2	3.870085E+1	-4.167310E-1	3.546960E-7	2.006533E-3	3.546960E-6	5.259524E-1	2.035407E+1
1.009762E+4	2.994900E+2	3.871248E+1	-4.176980E-1	3.524540E-7	2.005496E-3	3.524540E-6	5.266144E-1	2.038621E+1
1.011055E+4	2.994000E+2	3.872411E+1	-4.179243E-1	3.503020E-7	1.904886E-3	3.503020E-6	5.354506E-1	2.073449E+1
1.012347E+4	2.993100E+2	3.873576E+1	-3.767070E-1	3.482100E-7	1.839093E-3	3.482100E-6	5.431054E-1	2.103679E+1
1.013621E+4	2.992300E+2	3.874612E+1	-3.619909E-1	3.461380E-7	1.891195E-3	3.461380E-6	5.380688E-1	2.084813E+1
1.014947E+4	2.991500E+2	3.875648E+1	-4.118365E-1	3.441260E-7	1.774107E-3	3.441260E-6	5.583844E-1	2.164069E+1
1.016258E+4	2.990600E+2	3.876814E+1	-2.752714E-1	3.422060E-7	1.751454E-3	3.422060E-6	5.571913E-1	2.160003E+1
1.017566E+4	2.990000E+2	3.877592E+1	-3.696573E-1	3.403140E-7	1.673196E-3	3.403140E-6	5.495085E-1	2.130815E+1
1.018865E+4	2.989200E+2	3.878630E+1	-3.692024E-1	3.385000E-7	1.672850E-3	3.385000E-6	5.507303E-1	2.136124E+1
1.020165E+4	2.988400E+2	3.879668E+1	-3.186405E-1	3.367340E-7	1.662318E-3	3.367340E-6	5.185524E-1	2.011774E+1
1.021483E+4	2.987700E+2	3.880577E+1	-3.710575E-1	3.350200E-7	1.567000E-3	3.350200E-6	5.217311E-1	2.024622E+1
1.022777E+4	2.986900E+2	3.881616E+1	-3.135967E-1	3.333220E-7	1.599001E-3	3.333220E-6	5.251818E-1	2.038517E+1
1.024116E+4	2.986200E+2	3.882526E+1	-3.202440E-1	3.316880E-7	1.515919E-3	3.316880E-6	5.335254E-1	2.071348E+1
1.025427E+4	2.985500E+2	3.883437E+1	-2.765402E-1	3.300920E-7	1.490358E-3	3.300920E-6	5.416356E-1	2.103371E+1
1.026729E+4	2.984900E+2	3.884217E+1	-3.207331E-1	3.285680E-7	1.438908E-3	3.285680E-6	5.435892E-1	2.111423E+1
1.028039E+4	2.984200E+2	3.885128E+1	-2.765827E-1	3.270860E-7	1.406790E-3	3.270860E-6	5.479853E-1	2.128953E+1
1.029340E+4	2.983600E+2	3.885910E+1	-2.731204E-1	3.256320E-7	1.417869E-3	3.256320E-6	5.638999E-1	2.191179E+1
1.030658E+4	2.983000E+2	3.886691E+1	-2.296914E-1	3.242040E-7	1.365661E-3	3.242040E-6	5.628785E-1	2.187741E+1
1.031964E+4	2.982500E+2	3.887343E+1	-3.216912E-1	3.228140E-7	1.386156E-3	3.228140E-6	5.396533E-1	2.097906E+1
1.033270E+4	2.981800E+2	3.888255E+1	-2.802647E-1	3.214640E-7	1.259304E-3	3.214640E-6	5.354032E-1	2.081746E+1
1.034554E+4	2.981200E+2	3.889038E+1	-2.270319E-1	3.201700E-7	1.298912E-3	3.201700E-6	5.249819E-1	2.041593E+1
1.035876E+4	2.980700E+2	3.889690E+1	-2.734939E-1	3.188840E-7	1.200617E-3	3.188840E-6	5.533241E-1	2.152262E+1
1.037192E+4	2.980100E+2	3.890473E+1	-2.254961E-1	3.176180E-7	1.255906E-3	3.176180E-6	5.394917E-1	2.098883E+1
1.038523E+4	2.979600E+2	3.891126E+1	-2.761160E-1	3.164020E-7	1.165848E-3	3.164020E-6	5.407814E-1	2.104214E+1
1.039826E+4	2.979000E+2	3.891910E+1	-1.847148E-1	3.152500E-7	1.154221E-3	3.152500E-6	5.322217E-1	2.071323E+1
1.041126E+4	2.978600E+2	3.892433E+1	-2.816901E-1	3.141280E-7	1.132777E-3	3.141280E-6	5.383257E-1	2.095400E+1
1.042404E+4	2.978000E+2	3.893217E+1	-1.840067E-1	3.130380E-7	1.146777E-3	3.130380E-6	5.503526E-1	2.142600E+1
1.043708E+4	2.977600E+2	3.893740E+1	-2.321442E-1	3.119580E-7	1.049399E-3	3.119580E-6	5.513824E-1	2.146896E+1
1.045000E+4	2.977100E+2	3.894394E+1	-1.803020E-1	3.109100E-7	1.068443E-3	3.109100E-6	5.687815E-1	2.215062E+1
1.046331E+4	2.976700E+2	3.894917E+1	-2.276521E-1	3.098820E-7	1.031491E-3	3.098820E-6	5.334775E-1	2.077895E+1
1.047649E+4	2.976200E+2	3.895572E+1	-2.323780E-1	3.088620E-7	1.029820E-3	3.088620E-6	5.285760E-1	2.059110E+1
1.048940E+4	2.975700E+2	3.896226E+1	-1.856148E-1	3.078900E-7	9.604711E-4	3.078900E-6	5.256723E-1	2.048059E+1
1.050233E+4	2.975300E+2	3.896750E+1	-1.860754E-1	3.069820E-7	9.377472E-4	3.069820E-6	5.246881E-1	2.044580E+1
1.051523E+4	2.974900E+2	3.897274E+1	-2.304856E-1	3.060420E-7	9.219982E-4	3.060420E-6	5.302625E-1	2.066620E+1
1.052825E+4	2.974400E+2	3.897929E+1	-1.810637E-1	3.051360E-7	9.172139E-4	3.051360E-6	5.313429E-1	2.071095E+1
1.054150E+4	2.974000E+2	3.898453E+1	-1.787576E-1	3.042340E-7	9.045368E-4	3.042340E-6	5.330135E-1	2.077886E+1
1.055493E+4	2.973600E+2	3.898978E+1	-1.816668E-1	3.033100E-7	8.815893E-4	3.033100E-6	5.233019E-1	2.040387E+1
1.056814E+4	2.973200E+2	3.899502E+1	-2.295508E-1	3.024820E-7	8.732424E-4	3.024820E-6	5.261055E-1	2.051554E+1
1.058121E+4	2.972700E+2	3.900158E+1	-1.376989E-1	3.016280E-7	8.719413E-4	3.016280E-6	5.270949E-1	2.055671E+1
1.059428E+4	2.972400E+2	3.900552E+1	-1.838940E-1	3.007780E-7	8.850853E-4	3.007780E-6	5.606388E-1	2.186756E+1
1.060733E+4	2.972000E+2	3.901077E+1	-1.391251E-1	2.999700E-7	8.734588E-4	2.999700E-6	5.791761E-1	2.259413E+1
1.062027E+4	2.971700E+2	3.901471E+1	-1.819698E-1	2.991880E-7	8.191900E-4	2.991880E-6	5.639275E-1	2.200148E+1
1.063346E+4	2.971300E+2	3.901996E+1	-1.374256E-1	2.984200E-7	7.947551E-4	2.984200E-6	5.189453E-1	2.024968E+1
1.064655E+4	2.971000E+2	3.902390E+1	-2.267574E-1	2.976680E-7	7.915759E-4	2.976680E-6	5.250258E-1	2.048865E+1
1.065979E+4	2.970500E+2	3.903047E+1	-8.973304E-2	2.969340E-7	7.726037E-4	2.969340E-6	5.319305E-1	2.076067E+1
1.067316E+4	2.970300E+2	3.903309E+1	-1.851709E-1	2.961900E-7	7.957408E-4	2.961900E-6	5.317100E-1	2.075425E+1
1.068612E+4	2.969900E+2	3.903835E+1	-1.401214E-1	2.954820E-7	7.064196E-4	2.954820E-6	5.333159E-1	2.082018E+1
1.069897E+4	2.969600E+2	3.904230E+1	-1.835564E-1	2.948280E-7	7.188713E-4	2.948280E-6	4.930262E-1	1.924889E+1
1.071204E+4	2.969200E+2	3.904755E+1	-1.408671E-1	2.941560E-7	6.990203E-4	2.941560E-6	5.131070E-1	2.003518E+1
1.072482E+4	2.968900E+2	3.905150E+1	-1.376252E-1	2.935020E-7	6.682670E-4	2.935020E-6	4.886590E-1	1.908290E+1
1.073790E+4	2.968600E+2	3.905545E+1	-1.797753E-1	2.928620E-7	7.028558E-4	2.928620E-6	4.920369E-1	1.921713E+1
1.075125E+4	2.968200E+2	3.906071E+1	-1.389961E-1	2.922560E-7	6.242064E-4	2.922560E-6	4.798502E-1	1.874293E+1
1.076420E+4	2.967900E+2	3.906466E+1	-1.380898E-1	2.916400E-7	6.896237E-4	2.916400E-6	5.137825E-1	2.006995E+1
1.077723E+4	2.967600E+2	3.906861E+1	-9.189065E-2	2.910600E-7	6.160387E-4	2.910600E-6	5.738044E-1	2.241729E+1
1.079029E+4	2.967400E+2	3.907124E+1	-1.363740E-1	2.904640E-7	6.866574E-4	2.904640E-6	5.193278E-1	2.029165E+1
1.080349E+4	2.967100E+2	3.907519E+1	-1.848002E-1	2.898640E-7	6.164604E-4	2.898640E-6	5.407611E-1	2.113049E+1
1.081648E+4	2.966700E+2	3.908046E+1	-4.601227E-2	2.893160E-7	6.019546E-4	2.893160E-6	5.293160E-1	2.068470E+1
1.082952E+4	2.966600E+2	3.908178E+1	-1.376568E-1	2.887760E-7	5.970853E-4	2.887760E-6	5.818649E-1	2.274021E+1
1.084259E+4	2.966300E+2	3.908573E+1	-8.979347E-2	2.882180E-7	5.981406E-4	2.882180E-6	6.053467E-1	2.366083E+1
1.085596E+4	2.966100E+2	3.908837E+1	-1.360133E-1	2.876840E-7	5.830008E-4	2.876840E-6	5.202261E-1	2.033520E+1
1.086919E+4	2.965800E+2	3.909232E+1	-1.333531E-1	2.871620E-7	5.729506E-4	2.871620E-6	4.915118E-1	1.921470E+1
1.088269E+4	2.965500E+2	3.909627E+1	-1.349831E-1	2.866300E-7	5.410481E-4	2.866300E-6	5.109781E-1	1.997667E+1
1.089602E+4	2.965200E+2	3.910023E+1	-4.621784E-2	2.861260E-7	5.417757E-4	2.861260E-6	5.456999E-1	2.133615E+1
1.090901E+4	2.965100E+2	3.910155E+1	-1.362604E-1	2.856380E-7	5.598213E-4	2.856380E-6	5.332369E-1	2.085122E+1
1.092222E+4	2.964800E+2	3.910550E+1	-1.345191E-1	2.851400E-7	5.556211E-4	2.851400E-6	5.247287E-1	2.052011E+1
1.093560E+4	2.964500E+2	3.910946E+1	-9.166603E-2	2.846620E-7	5.236517E-4	2.846620E-6	4.650104E-1	1.818596E+1
1.094869E+4	2.964300E+2	3.911210E+1	-1.356034E-1	2.841960E-7	4.841248E-4	2.841960E-6	5.257915E-1	2.056448E+1
1.096196E+4	2.964000E+2	3.911606E+1	-4.518072E-2	2.837440E-7	5.406103E-4	2.837440E-6	5.416221E-1	2.118571E+1
1.097524E+4	2.963900E+2	3.911738E+1	-1.372056E-1	2.832860E-7	4.970914E-4	2.832860E-6	5.330758E-1	2.085291E+1
1.098836E+4	2.963600E+2	3.912134E+1	-9.184142E-2	2.828480E-7	4.869457E-4	2.828480E-6	5.493743E-1	2.149218E+1
1.100143E+4	2.963400E+2	3.912398E+1	-9.099871E-2	2.824140E-7	4.647896E-4	2.824140E-6	5.199487E-1	2.034203E+1
1.101461E+4	2.963200E+2	3.912662E+1	-9.147736E-2	2.819900E-7	4.711277E-4	2.819900E-6	5.682724E-1	2.223460E+1
1.102773E+4	2.963000E+2	3.912926E+1	-9.072352E-2	2.815660E-7	4.834566E-4	2.815660E-6	5.563929E-1	2.177124E+1
1.104096E+4	2.962800E+2	3.913190E+1	-9.248555E-2	2.811560E-7	4.446642E-4	2.811560E-6	4.987016E-1	1.951743E+1
1.105393E+4	2.962600E+2	3.913454E+1	-1.007895E-1	2.807620E-7	4.508094E-4	2.807620E-6	5.444375E-1	2.131442E+1
1.110156E+4	2.961800E+2	3.914511E+1	-7.154545E-2	2.793800E-7	4.135665E-4	2.793800E-6	NaN	NaN
1.125251E+4	2.960000E+2	3.916892E+1	NaN	2.755240E-7	3.515135E-4	2.755240E-6	NaN	NaN
--------------------
6/14/2024 8:42 PM
