4/29/2024									
5:39 PM									
slow cooling 470 to 296_2024.04.29_COND_FILE END.txt									
									
Data taken by: Akshat Sharma									
ammeter is Keithley 6517A at GPIB0::27::INSTR									
voltage source is Keithley 6517A at GPIB0::27::INSTR									
temperature controller is Lake Shore 330 at GPIB0::12::INSTR with the settings: control sensor=A;sample sensor=;loop=1									
Readings: 5									
Voltage (V): 100									
Geo Factor: 1000									
Ea Window (pts): 5									
Shut off V when done?: TRUE									
Mconnect?: TRUE									
Use Abs(Cond)?: TRUE									
Rate (K/min): 0.5									
Heater: High									
DESCRIPTION									
********************
Time (s)	Temperature (K)	1/kT (1/eV)	Rate (K/min)	Current (A)	Current Std Dev/Mean	Conductivity (Ohm-cm)^-1	Ea (eV)	Reduced Ea
7.723500E+1	4.690200E+2	2.471963E+1	NaN	4.219420E-4	7.440505E-3	4.219420E-3	NaN	NaN
1.895790E+2	4.682000E+2	2.476292E+1	-4.920136E-1	4.113980E-4	6.114555E-3	4.113980E-3	NaN	NaN
3.011530E+2	4.671200E+2	2.482017E+1	-5.086704E-1	4.022240E-4	5.631193E-3	4.022240E-3	4.715121E-1	1.170334E+1
4.191440E+2	4.662700E+2	2.486542E+1	-5.088421E-1	3.923540E-4	6.727135E-3	3.923540E-3	4.426978E-1	1.101133E+1
5.361660E+2	4.652100E+2	2.492208E+1	-5.377719E-1	3.832280E-4	5.791674E-3	3.832280E-3	4.493345E-1	1.120098E+1
6.600570E+2	4.641000E+2	2.498168E+1	-5.027990E-1	3.739440E-4	6.506674E-3	3.739440E-3	4.523225E-1	1.129603E+1
7.717120E+2	4.631100E+2	2.503509E+1	-4.638942E-1	3.643480E-4	5.719190E-3	3.643480E-3	4.737958E-1	1.185830E+1
8.995940E+2	4.621800E+2	2.508546E+1	-4.762276E-1	3.550060E-4	7.598684E-3	3.550060E-3	4.707277E-1	1.181091E+1
1.028118E+3	4.612300E+2	2.513713E+1	-5.223932E-1	3.465360E-4	6.132666E-3	3.465360E-3	4.334228E-1	1.089888E+1
1.143542E+3	4.601300E+2	2.519723E+1	-5.299986E-1	3.381600E-4	6.153173E-3	3.381600E-3	4.177897E-1	1.052595E+1
1.252790E+3	4.591300E+2	2.525211E+1	-4.978821E-1	3.315920E-4	4.670497E-3	3.315920E-3	4.354320E-1	1.099226E+1
1.373350E+3	4.581900E+2	2.530391E+1	-4.758721E-1	3.233740E-4	7.281214E-3	3.233740E-3	4.545435E-1	1.150199E+1
1.490351E+3	4.572300E+2	2.535704E+1	-4.823611E-1	3.145580E-4	6.377625E-3	3.145580E-3	4.643077E-1	1.177588E+1
1.622217E+3	4.562100E+2	2.541373E+1	-4.832976E-1	3.072240E-4	7.418461E-3	3.072240E-3	4.381758E-1	1.113643E+1
1.743504E+3	4.552000E+2	2.547012E+1	-5.222847E-1	2.996760E-4	5.826784E-3	2.996760E-3	4.069864E-1	1.036754E+1
1.864046E+3	4.542300E+2	2.552451E+1	-5.137472E-1	2.934100E-4	7.241884E-3	2.934100E-3	4.136422E-1	1.055870E+1
1.978489E+3	4.530800E+2	2.558930E+1	-5.189325E-1	2.862960E-4	7.439836E-3	2.862960E-3	4.145094E-1	1.060545E+1
2.099095E+3	4.522100E+2	2.563853E+1	-4.835300E-1	2.793980E-4	4.492292E-3	2.793980E-3	4.312271E-1	1.105661E+1
2.224874E+3	4.510500E+2	2.570447E+1	-5.029951E-1	2.721300E-4	7.230742E-3	2.721300E-3	4.315338E-1	1.109214E+1
2.347025E+3	4.501600E+2	2.575529E+1	-4.805631E-1	2.657060E-4	7.046633E-3	2.657060E-3	4.327403E-1	1.114396E+1
2.470794E+3	4.490500E+2	2.581895E+1	-5.108708E-1	2.592140E-4	4.942870E-3	2.592140E-3	4.316239E-1	1.114336E+1
2.582063E+3	4.482300E+2	2.586618E+1	-5.239514E-1	2.530040E-4	6.252998E-3	2.530040E-3	4.196433E-1	1.085767E+1
2.700477E+3	4.471100E+2	2.593098E+1	-5.029819E-1	2.468620E-4	6.830236E-3	2.468620E-3	4.341969E-1	1.125750E+1
2.812036E+3	4.461000E+2	2.598969E+1	-4.938509E-1	2.409800E-4	7.233086E-3	2.409800E-3	4.154893E-1	1.079798E+1
2.935302E+3	4.452900E+2	2.603696E+1	-4.894813E-1	2.351380E-4	6.105162E-3	2.351380E-3	4.226306E-1	1.100948E+1
3.069116E+3	4.440100E+2	2.611202E+1	-5.057606E-1	2.288740E-4	6.614898E-3	2.288740E-3	4.216798E-1	1.100707E+1
3.186665E+3	4.431100E+2	2.616506E+1	-4.663587E-1	2.235060E-4	5.123208E-3	2.235060E-3	4.252079E-1	1.112321E+1
3.299057E+3	4.422000E+2	2.621891E+1	-5.019530E-1	2.183360E-4	5.160755E-3	2.183360E-3	4.300339E-1	1.128192E+1
3.449928E+3	4.410600E+2	2.628667E+1	-5.115269E-1	2.115780E-4	6.062633E-3	2.115780E-3	4.241443E-1	1.114764E+1
3.562099E+3	4.399200E+2	2.635479E+1	-5.626923E-1	2.064080E-4	7.772457E-3	2.064080E-3	4.131117E-1	1.088285E+1
3.658348E+3	4.391900E+2	2.639860E+1	-4.961836E-1	2.022620E-4	5.382060E-3	2.022620E-3	4.106738E-1	1.084397E+1
3.769600E+3	4.380100E+2	2.646972E+1	-4.912365E-1	1.967116E-4	7.129806E-3	1.967116E-3	4.173849E-1	1.104898E+1
3.909254E+3	4.371200E+2	2.652361E+1	-4.579879E-1	1.920090E-4	7.804830E-3	1.920090E-3	4.243068E-1	1.125237E+1
4.034840E+3	4.360100E+2	2.659113E+1	-5.002592E-1	1.869668E-4	5.919614E-3	1.869668E-3	4.279860E-1	1.137895E+1
4.144872E+3	4.351900E+2	2.664124E+1	-4.940703E-1	1.823616E-4	6.935768E-3	1.823616E-3	4.286150E-1	1.142183E+1
4.264245E+3	4.341300E+2	2.670629E+1	-4.961594E-1	1.778466E-4	7.596714E-3	1.778466E-3	4.364181E-1	1.165591E+1
4.396428E+3	4.330600E+2	2.677227E+1	-4.875447E-1	1.726304E-4	5.924683E-3	1.726304E-3	4.254788E-1	1.138755E+1
4.505625E+3	4.322000E+2	2.682554E+1	-4.914877E-1	1.685638E-4	7.185834E-3	1.685638E-3	4.342214E-1	1.164913E+1
4.626187E+3	4.311800E+2	2.688900E+1	-5.170827E-1	1.643420E-4	6.446586E-3	1.643420E-3	4.257712E-1	1.145079E+1
4.742099E+3	4.302400E+2	2.694775E+1	-5.131458E-1	1.600240E-4	5.891988E-3	1.600240E-3	4.149678E-1	1.118525E+1
4.858364E+3	4.291400E+2	2.701682E+1	-5.154362E-1	1.555472E-4	7.922728E-3	1.555472E-3	4.149712E-1	1.121080E+1
4.989022E+3	4.281100E+2	2.708182E+1	-5.080320E-1	1.516974E-4	6.469886E-3	1.516974E-3	4.179479E-1	1.131578E+1
5.097936E+3	4.271500E+2	2.714269E+1	-5.450783E-1	1.477496E-4	8.378862E-3	1.477496E-3	4.226724E-1	1.147530E+1
5.208985E+3	4.261800E+2	2.720447E+1	-5.123323E-1	1.436470E-4	9.078189E-3	1.436470E-3	4.348011E-1	1.183054E+1
5.334675E+3	4.249600E+2	2.728257E+1	-4.869201E-1	1.391998E-4	7.105679E-3	1.391998E-3	4.141716E-1	1.129610E+1
5.454959E+3	4.241500E+2	2.733467E+1	-4.487814E-1	1.358012E-4	6.023757E-3	1.358012E-3	4.240650E-1	1.158993E+1
5.586745E+3	4.230600E+2	2.740510E+1	-4.811016E-1	1.326636E-4	6.556932E-3	1.326636E-3	4.268236E-1	1.169609E+1
5.701957E+3	4.222500E+2	2.745767E+1	-4.887358E-1	1.287140E-4	7.474247E-3	1.287140E-3	4.408193E-1	1.210595E+1
5.816850E+3	4.212100E+2	2.752546E+1	-5.179423E-1	1.255126E-4	7.955317E-3	1.255126E-3	4.534912E-1	1.248629E+1
5.943430E+3	4.201900E+2	2.759228E+1	-5.221404E-1	1.213316E-4	7.483280E-3	1.213316E-3	4.300304E-1	1.186889E+1
6.059246E+3	4.191400E+2	2.766140E+1	-5.236713E-1	1.179532E-4	7.167062E-3	1.179532E-3	4.325796E-1	1.196678E+1
6.196559E+3	4.179200E+2	2.774215E+1	-5.232371E-1	1.140910E-4	8.291164E-3	1.140910E-3	4.166991E-1	1.155461E+1
6.302033E+3	4.170700E+2	2.779869E+1	-4.817374E-1	1.113270E-4	6.905537E-3	1.113270E-3	4.348767E-1	1.208693E+1
6.414453E+3	4.160200E+2	2.786885E+1	-4.844254E-1	1.081514E-4	7.857584E-3	1.081514E-3	4.407401E-1	1.228247E+1
6.548920E+3	4.151300E+2	2.792860E+1	-4.968012E-1	1.049070E-4	6.679045E-3	1.049070E-3	4.378642E-1	1.223251E+1
6.655739E+3	4.141400E+2	2.799536E+1	-5.173901E-1	1.021462E-4	7.582734E-3	1.021462E-3	4.342873E-1	1.216016E+1
6.783750E+3	4.129900E+2	2.807332E+1	-4.791506E-1	9.878400E-5	8.374203E-3	9.878400E-4	4.334121E-1	1.216016E+1
6.894049E+3	4.121700E+2	2.812917E+1	-4.824043E-1	9.644780E-5	8.223298E-3	9.644780E-4	4.353531E-1	1.224860E+1
7.011834E+3	4.112800E+2	2.819004E+1	-5.122224E-1	9.362420E-5	7.541108E-3	9.362420E-4	4.310995E-1	1.216111E+1
7.145434E+3	4.100700E+2	2.827322E+1	-4.973517E-1	9.061520E-5	9.168062E-3	9.061520E-4	4.419179E-1	1.249036E+1
7.261261E+3	4.090600E+2	2.834303E+1	-4.958354E-1	8.792900E-5	6.910801E-3	8.792900E-4	4.308483E-1	1.220872E+1
7.384525E+3	4.082100E+2	2.840205E+1	-4.844461E-1	8.525060E-5	7.862235E-3	8.525060E-4	4.483486E-1	1.273808E+1
7.507711E+3	4.070200E+2	2.848509E+1	-4.936362E-1	8.264140E-5	7.348582E-3	8.264140E-4	4.510108E-1	1.284363E+1
7.630974E+3	4.061400E+2	2.854681E+1	-4.985492E-1	8.006040E-5	8.329321E-3	8.006040E-4	4.370199E-1	1.247686E+1
7.748670E+3	4.051700E+2	2.861515E+1	-5.169764E-1	7.765000E-5	7.806948E-3	7.765000E-4	4.495879E-1	1.286657E+1
7.870799E+3	4.040000E+2	2.869802E+1	-5.214811E-1	7.508520E-5	8.976111E-3	7.508520E-4	4.297017E-1	1.232933E+1
7.966986E+3	4.032900E+2	2.874854E+1	-4.754639E-1	7.324780E-5	7.296802E-3	7.324780E-4	4.454287E-1	1.280671E+1
8.109354E+3	4.020000E+2	2.884080E+1	-4.769348E-1	7.057580E-5	9.321518E-3	7.057580E-4	4.582707E-1	1.321165E+1
8.209896E+3	4.013800E+2	2.888535E+1	-4.958666E-1	6.873340E-5	7.292688E-3	6.873340E-4	4.392858E-1	1.269581E+1
8.343541E+3	4.002500E+2	2.896690E+1	-5.225264E-1	6.636740E-5	7.743363E-3	6.636740E-4	4.400436E-1	1.275136E+1
8.460052E+3	3.991200E+2	2.904891E+1	-5.081418E-1	6.433640E-5	8.165942E-3	6.433640E-4	4.315252E-1	1.252927E+1
8.577172E+3	3.982200E+2	2.911456E+1	-4.791870E-1	6.233100E-5	6.866202E-3	6.233100E-4	4.499346E-1	1.309927E+1
8.699942E+3	3.972000E+2	2.918933E+1	-5.190842E-1	6.024020E-5	7.533034E-3	6.024020E-4	4.433824E-1	1.294849E+1
8.828606E+3	3.961900E+2	2.926374E+1	-4.977672E-1	5.813660E-5	7.741046E-3	5.813660E-4	4.486283E-1	1.312669E+1
8.949820E+3	3.949600E+2	2.935487E+1	-5.015214E-1	5.624500E-5	8.346855E-3	5.624500E-4	4.448966E-1	1.305131E+1
9.055836E+3	3.943300E+2	2.940177E+1	-4.998663E-1	5.459460E-5	8.537368E-3	5.459460E-4	4.371263E-1	1.286133E+1
9.178201E+3	3.931900E+2	2.948702E+1	-5.115719E-1	5.276060E-5	8.547053E-3	5.276060E-4	4.578880E-1	1.350427E+1
9.314007E+3	3.919800E+2	2.957804E+1	-4.870424E-1	5.078140E-5	6.927343E-3	5.078140E-4	4.473027E-1	1.322038E+1
9.415614E+3	3.912900E+2	2.963020E+1	-4.913043E-1	4.931860E-5	8.387890E-3	4.931860E-4	4.611151E-1	1.367094E+1
9.549408E+3	3.901400E+2	2.971754E+1	-5.169391E-1	4.745440E-5	8.124327E-3	4.745440E-4	4.622242E-1	1.373817E+1
9.682624E+3	3.889900E+2	2.980539E+1	-5.242502E-1	4.561400E-5	9.053654E-3	4.561400E-4	4.425299E-1	1.318533E+1
9.773183E+3	3.882100E+2	2.986528E+1	-5.080122E-1	4.438540E-5	8.862093E-3	4.438540E-4	4.474186E-1	1.336557E+1
9.914232E+3	3.869500E+2	2.996253E+1	-5.081542E-1	4.260140E-5	8.937738E-3	4.260140E-4	4.478232E-1	1.341307E+1
1.002096E+4	3.861500E+2	3.002460E+1	-4.755398E-1	4.131420E-5	9.964915E-3	4.131420E-4	4.668588E-1	1.401332E+1
1.013200E+4	3.851400E+2	3.010334E+1	-4.760351E-1	3.991580E-5	1.054423E-2	3.991580E-4	4.827830E-1	1.453431E+1
1.025618E+4	3.842800E+2	3.017071E+1	-4.824448E-1	3.845680E-5	9.950455E-3	3.845680E-4	4.709063E-1	1.421283E+1
1.037830E+4	3.832700E+2	3.025022E+1	-5.016752E-1	3.709400E-5	9.059072E-3	3.709400E-4	4.732921E-1	1.431941E+1
1.050123E+4	3.821800E+2	3.033649E+1	-5.223492E-1	3.573520E-5	8.899656E-3	3.573520E-4	4.585947E-1	1.391121E+1
1.061287E+4	3.813200E+2	3.040491E+1	-5.123469E-1	3.450900E-5	8.818823E-3	3.450900E-4	4.534929E-1	1.379649E+1
1.073612E+4	3.801200E+2	3.050089E+1	-5.101052E-1	3.307020E-5	1.121467E-2	3.307020E-4	4.555386E-1	1.389222E+1
1.088038E+4	3.789900E+2	3.059184E+1	-4.911401E-1	3.180960E-5	8.209604E-3	3.180960E-4	4.516751E-1	1.380896E+1
1.097613E+4	3.782000E+2	3.065574E+1	-5.008367E-1	3.083260E-5	9.274467E-3	3.083260E-4	4.619047E-1	1.416309E+1
1.110626E+4	3.770900E+2	3.074598E+1	-4.784175E-1	2.957780E-5	1.004500E-2	2.957780E-4	4.856301E-1	1.492760E+1
1.122284E+4	3.761400E+2	3.082363E+1	-4.771183E-1	2.850900E-5	1.014937E-2	2.850900E-4	4.833423E-1	1.489552E+1
1.133615E+4	3.753400E+2	3.088933E+1	-5.087541E-1	2.748000E-5	9.560733E-3	2.748000E-4	4.729913E-1	1.462248E+1
1.146330E+4	3.742200E+2	3.098178E+1	-5.414941E-1	2.638500E-5	1.049281E-2	2.638500E-4	4.619032E-1	1.431505E+1
1.158829E+4	3.730600E+2	3.107811E+1	-5.141064E-1	2.529540E-5	1.053010E-2	2.529540E-4	4.546070E-1	1.412022E+1
1.169635E+4	3.721000E+2	3.115829E+1	-4.795162E-1	2.436160E-5	1.071891E-2	2.436160E-4	4.747980E-1	1.479046E+1
1.181937E+4	3.711800E+2	3.123552E+1	-4.742264E-1	2.346800E-5	8.615478E-3	2.346800E-4	4.887584E-1	1.526765E+1
1.195304E+4	3.701200E+2	3.132498E+1	-5.060663E-1	2.241780E-5	9.185629E-3	2.241780E-4	4.801453E-1	1.504454E+1
1.205418E+4	3.692700E+2	3.139708E+1	-5.205953E-1	2.166340E-5	9.021373E-3	2.166340E-4	4.683733E-1	1.471127E+1
1.219891E+4	3.679800E+2	3.150715E+1	-5.037579E-1	2.062400E-5	1.136826E-2	2.062400E-4	4.715282E-1	1.484904E+1
1.229470E+4	3.671700E+2	3.157665E+1	-4.948581E-1	1.998136E-5	8.748186E-3	1.998136E-4	4.784059E-1	1.510749E+1
1.242745E+4	3.661400E+2	3.166548E+1	-4.876985E-1	1.905322E-5	1.175311E-2	1.905322E-4	4.980926E-1	1.577534E+1
1.255512E+4	3.650200E+2	3.176264E+1	-5.136025E-1	1.821624E-5	1.150393E-2	1.821624E-4	4.834547E-1	1.535389E+1
1.266729E+4	3.641700E+2	3.183678E+1	-4.927478E-1	1.749958E-5	1.214498E-2	1.749958E-4	4.802097E-1	1.528710E+1
1.279022E+4	3.630000E+2	3.193939E+1	-5.083787E-1	1.678112E-5	1.209381E-2	1.678112E-4	4.776449E-1	1.525619E+1
1.289237E+4	3.623100E+2	3.200022E+1	-4.841863E-1	1.619102E-5	8.848324E-3	1.619102E-4	4.818124E-1	1.542403E+1
1.304154E+4	3.609500E+2	3.212079E+1	-4.932337E-1	1.533830E-5	1.122409E-2	1.533830E-4	5.014539E-1	1.610250E+1
1.314168E+4	3.602300E+2	3.218499E+1	-4.962698E-1	1.480304E-5	9.805329E-3	1.480304E-4	4.786263E-1	1.541142E+1
1.328705E+4	3.590400E+2	3.229167E+1	-5.147675E-1	1.403286E-5	1.162935E-2	1.403286E-4	4.794051E-1	1.548128E+1
1.341057E+4	3.579000E+2	3.239452E+1	-5.066012E-1	1.344722E-5	1.256483E-2	1.344722E-4	4.728330E-1	1.530180E+1
1.350496E+4	3.571400E+2	3.246346E+1	-4.945415E-1	1.297978E-5	1.070615E-2	1.297978E-4	4.715500E-1	1.530944E+1
1.361655E+4	3.562500E+2	3.254456E+1	-5.122786E-1	1.246434E-5	1.266255E-2	1.246434E-4	4.812743E-1	1.567597E+1
1.373974E+4	3.551800E+2	3.264260E+1	-5.082622E-1	1.191868E-5	1.026461E-2	1.191868E-4	4.821930E-1	1.574218E+1
1.386786E+4	3.540500E+2	3.274679E+1	-5.056827E-1	1.134100E-5	1.042737E-2	1.134100E-4	4.950469E-1	1.620442E+1
1.398676E+4	3.531300E+2	3.283210E+1	-4.957697E-1	1.084812E-5	9.073226E-3	1.084812E-4	4.971282E-1	1.632477E+1
1.410197E+4	3.521000E+2	3.292815E+1	-5.015378E-1	1.030832E-5	1.375042E-2	1.030832E-4	4.947466E-1	1.629140E+1
1.424119E+4	3.509900E+2	3.303228E+1	-4.802722E-1	9.843940E-6	1.001615E-2	9.843940E-5	4.969986E-1	1.641308E+1
1.433613E+4	3.501900E+2	3.310774E+1	-5.134518E-1	9.476120E-6	1.267615E-2	9.476120E-5	4.903117E-1	1.623916E+1
1.449161E+4	3.489900E+2	3.322158E+1	-5.127377E-1	8.917020E-6	1.250361E-2	8.917020E-5	4.928025E-1	1.636952E+1
1.457609E+4	3.480600E+2	3.331035E+1	-4.766255E-1	8.573580E-6	1.442025E-2	8.573580E-5	5.040011E-1	1.677915E+1
1.470447E+4	3.470900E+2	3.340344E+1	-4.520901E-1	8.200600E-6	1.331401E-2	8.200600E-5	5.034048E-1	1.681277E+1
1.482375E+4	3.463100E+2	3.347868E+1	-4.794388E-1	7.827040E-6	1.149122E-2	7.827040E-5	5.147043E-1	1.723941E+1
1.494091E+4	3.452700E+2	3.357952E+1	-5.375479E-1	7.468080E-6	1.193369E-2	7.468080E-5	4.904857E-1	1.648072E+1
1.505785E+4	3.443000E+2	3.367412E+1	-5.183214E-1	7.117440E-6	1.320255E-2	7.117440E-5	4.786808E-1	1.612273E+1
1.518156E+4	3.430800E+2	3.379387E+1	-5.020869E-1	6.761500E-6	1.497729E-2	6.761500E-5	4.863001E-1	1.642837E+1
1.530556E+4	3.421700E+2	3.388374E+1	-4.990834E-1	6.435220E-6	1.415057E-2	6.435220E-5	4.813947E-1	1.631135E+1
1.543623E+4	3.410900E+2	3.399103E+1	-5.163600E-1	6.108140E-6	1.023271E-2	6.108140E-5	4.971379E-1	1.689835E+1
1.554236E+4	3.400700E+2	3.409298E+1	-5.168925E-1	5.835580E-6	1.285766E-2	5.835580E-5	4.892653E-1	1.667668E+1
1.566485E+4	3.391100E+2	3.418950E+1	-5.028444E-1	5.536080E-6	1.451531E-2	5.536080E-5	4.885865E-1	1.670610E+1
1.577692E+4	3.381200E+2	3.428960E+1	-5.023308E-1	5.279040E-6	1.514694E-2	5.279040E-5	4.999369E-1	1.714444E+1
1.589984E+4	3.370900E+2	3.439438E+1	-4.698406E-1	5.025680E-6	1.188554E-2	5.025680E-5	5.125733E-1	1.762335E+1
1.602186E+4	3.361200E+2	3.449363E+1	-4.515315E-1	4.762400E-6	1.412597E-2	4.762400E-5	5.366594E-1	1.850436E+1
1.614158E+4	3.352700E+2	3.458108E+1	-4.720461E-1	4.524120E-6	1.396698E-2	4.524120E-5	5.358332E-1	1.854358E+1
1.626303E+4	3.343400E+2	3.467727E+1	-5.133194E-1	4.296820E-6	1.245527E-2	4.296820E-5	5.044833E-1	1.751390E+1
1.641469E+4	3.330300E+2	3.481368E+1	-5.309614E-1	4.020140E-6	1.351163E-2	4.020140E-5	4.860089E-1	1.691232E+1
1.653485E+4	3.319100E+2	3.493116E+1	-5.137445E-1	3.816400E-6	1.475352E-2	3.816400E-5	4.848021E-1	1.691433E+1
1.663023E+4	3.311100E+2	3.501555E+1	-4.846490E-1	3.653280E-6	1.463512E-2	3.653280E-5	5.042177E-1	1.765849E+1
1.674140E+4	3.302300E+2	3.510886E+1	-5.021851E-1	3.479920E-6	1.180141E-2	3.479920E-5	5.046015E-1	1.773532E+1
1.688669E+4	3.290600E+2	3.523370E+1	-5.040950E-1	3.257100E-6	1.477962E-2	3.257100E-5	5.038060E-1	1.774811E+1
1.701202E+4	3.279000E+2	3.535834E+1	-5.077985E-1	3.082100E-6	1.514973E-2	3.082100E-5	4.973502E-1	1.757090E+1
1.711261E+4	3.271500E+2	3.543940E+1	-5.091756E-1	2.943400E-6	1.294279E-2	2.943400E-5	4.848400E-1	1.718921E+1
1.723419E+4	3.260900E+2	3.555460E+1	-5.144920E-1	2.785720E-6	1.428750E-2	2.785720E-5	4.968040E-1	1.767010E+1
1.735189E+4	3.250300E+2	3.567055E+1	-4.959207E-1	2.641920E-6	1.413243E-2	2.641920E-5	5.056860E-1	1.803032E+1
1.747601E+4	3.240500E+2	3.577843E+1	-4.681730E-1	2.492060E-6	1.389029E-2	2.492060E-5	5.271916E-1	1.885604E+1
1.758805E+4	3.231500E+2	3.587808E+1	-4.965889E-1	2.354780E-6	1.594145E-2	2.354780E-5	5.147632E-1	1.847852E+1
1.771682E+4	3.221900E+2	3.598498E+1	-4.973304E-1	2.225940E-6	1.499580E-2	2.225940E-5	5.080700E-1	1.828924E+1
1.783785E+4	3.210200E+2	3.611613E+1	-5.067944E-1	2.105640E-6	1.339924E-2	2.105640E-5	4.968869E-1	1.793897E+1
1.795542E+4	3.201600E+2	3.621314E+1	-4.786916E-1	1.987728E-6	1.559429E-2	1.987728E-5	5.116372E-1	1.852389E+1
1.807750E+4	3.191000E+2	3.633344E+1	-4.882478E-1	1.876892E-6	1.589892E-2	1.876892E-5	5.318275E-1	1.932075E+1
1.818751E+4	3.182600E+2	3.642933E+1	-5.022846E-1	1.775288E-6	1.640533E-2	1.775288E-5	5.070471E-1	1.847979E+1
1.830969E+4	3.172600E+2	3.654416E+1	-5.285805E-1	1.674836E-6	1.558902E-2	1.674836E-5	4.959681E-1	1.813490E+1
1.843172E+4	3.161300E+2	3.667479E+1	-5.178978E-1	1.577642E-6	1.739189E-2	1.577642E-5	4.859335E-1	1.781653E+1
1.854481E+4	3.151300E+2	3.679117E+1	-5.102842E-1	1.492020E-6	1.743216E-2	1.492020E-5	4.942527E-1	1.818211E+1
1.866850E+4	3.141700E+2	3.690359E+1	-4.804456E-1	1.406546E-6	1.422745E-2	1.406546E-5	5.214233E-1	1.924340E+1
1.879021E+4	3.130500E+2	3.703562E+1	-4.851121E-1	1.314680E-6	1.743682E-2	1.314680E-5	5.225711E-1	1.935023E+1
1.891902E+4	3.121800E+2	3.713883E+1	-4.642525E-1	1.237836E-6	1.765587E-2	1.237836E-5	5.289753E-1	1.964410E+1
1.904212E+4	3.110900E+2	3.726896E+1	-4.860380E-1	1.164892E-6	1.639346E-2	1.164892E-5	5.297607E-1	1.973850E+1
1.915529E+4	3.102700E+2	3.736745E+1	-4.978334E-1	1.098698E-6	1.584332E-2	1.098698E-5	5.076441E-1	1.897559E+1
1.927325E+4	3.092800E+2	3.748707E+1	-5.182965E-1	1.033674E-6	1.688823E-2	1.033674E-5	4.987474E-1	1.871566E+1
1.938981E+4	3.082100E+2	3.761721E+1	-5.036785E-1	9.746880E-7	1.706501E-2	9.746880E-6	4.912204E-1	1.847954E+1
1.954630E+4	3.069100E+2	3.777655E+1	-5.150636E-1	9.012820E-7	1.404404E-2	9.012820E-6	4.954822E-1	1.870155E+1
1.964588E+4	3.061500E+2	3.787033E+1	-4.981354E-1	8.556820E-7	1.521223E-2	8.556820E-6	5.120739E-1	1.938853E+1
1.975805E+4	3.050100E+2	3.801187E+1	-4.934830E-1	7.985740E-7	1.914469E-2	7.985740E-6	5.123024E-1	1.947249E+1
1.987483E+4	3.042500E+2	3.810682E+1	-4.773641E-1	7.583660E-7	1.401692E-2	7.583660E-6	5.074003E-1	1.934781E+1
2.000464E+4	3.031300E+2	3.824762E+1	-4.999395E-1	7.076000E-7	1.505128E-2	7.076000E-6	5.109260E-1	1.954928E+1
2.013950E+4	3.020100E+2	3.838946E+1	-4.646101E-1	6.578400E-7	1.646255E-2	6.578400E-6	5.249569E-1	2.013751E+1
2.026240E+4	3.010200E+2	3.851571E+1	-4.371640E-1	6.165260E-7	1.675728E-2	6.165260E-6	5.439330E-1	2.093668E+1
2.038504E+4	3.002000E+2	3.862092E+1	-4.494382E-1	5.776980E-7	1.827162E-2	5.776980E-6	5.340215E-1	2.063252E+1
2.051353E+4	2.992600E+2	3.874223E+1	-4.175508E-1	5.414900E-7	1.487986E-2	5.414900E-6	5.483718E-1	2.124614E+1
2.063513E+4	2.982200E+2	3.887734E+1	-3.286813E-1	5.088900E-7	1.458436E-2	5.088900E-6	5.524116E-1	2.146251E+1
2.078054E+4	2.975000E+2	3.897143E+1	-2.056997E-1	4.764220E-7	1.190162E-2	4.764220E-6	6.046343E-1	2.355189E+1
2.099200E+4	2.965600E+2	3.909496E+1	NaN	4.444900E-7	8.150067E-3	4.444900E-6	NaN	NaN
2.128184E+4	2.960000E+2	3.916892E+1	NaN	4.180660E-7	5.732881E-3	4.180660E-6	NaN	NaN
--------------------
4/29/2024 11:37 PM
