6/4/2024									
10:08 AM									
slow cooling at 460K at 1k per minute_2024.06.04_COND_FILE END.txt									
									
Data taken by: Akshat Sharma									
ammeter is Keithley 6517A at GPIB0::27::INSTR									
voltage source is Keithley 6517A at GPIB0::27::INSTR									
temperature controller is Lake Shore 330 at GPIB0::12::INSTR with the settings: control sensor=A;sample sensor=;loop=1									
Readings: 5									
Voltage (V): 100									
Geo Factor: 1000									
Ea Window (pts): 5									
Shut off V when done?: TRUE									
Mconnect?: TRUE									
Use Abs(Cond)?: TRUE									
Rate (K/min): 1									
Heater: High									
DESCRIPTION									
********************
Time (s)	Temperature (K)	1/kT (1/eV)	Rate (K/min)	Current (A)	Current Std Dev/Mean	Conductivity (Ohm-cm)^-1	Ea (eV)	Reduced Ea
4.248100E+1	4.597200E+2	2.521970E+1	1.613100E+0	2.750680E-4	2.897034E-3	2.750680E-3	NaN	NaN
5.066400E+1	4.599400E+2	2.520764E+1	-2.039877E+0	2.741720E-4	1.049967E-3	2.741720E-3	NaN	NaN
7.890100E+1	4.589800E+2	2.526036E+1	-4.345727E-1	2.711580E-4	5.163002E-3	2.711580E-3	3.912001E-1	9.872761E+0
8.718500E+1	4.589200E+2	2.526366E+1	2.571324E+0	2.680820E-4	1.724669E-3	2.680820E-3	2.959617E-1	7.475382E+0
9.535200E+1	4.592700E+2	2.524441E+1	-2.529866E+0	2.684960E-4	2.576421E-3	2.684960E-3	3.565506E-1	9.012323E+0
1.209660E+2	4.581900E+2	2.530391E+1	-9.771987E-1	2.659640E-4	6.012949E-3	2.659640E-3	3.238124E-1	8.185562E+0
1.295620E+2	4.580500E+2	2.531165E+1	2.697717E+0	2.621900E-4	2.239910E-3	2.621900E-3	2.647220E-1	6.694925E+0
1.382360E+2	4.584400E+2	2.529011E+1	-1.925515E+0	2.624020E-4	2.511382E-3	2.624020E-3	3.361410E-1	8.510179E+0
1.634760E+2	4.576300E+2	2.533488E+1	-2.569436E+0	2.619300E-4	6.193219E-3	2.619300E-3	3.292675E-1	8.336448E+0
1.716490E+2	4.572800E+2	2.535427E+1	1.344119E+0	2.575980E-4	3.422610E-3	2.575980E-3	2.727619E-1	6.906656E+0
1.796840E+2	4.574600E+2	2.534429E+1	3.616236E+0	2.566180E-4	8.943233E-4	2.566180E-3	2.308144E-1	5.851020E+0
1.878140E+2	4.579500E+2	2.531717E+1	-3.359185E+0	2.586560E-4	3.671774E-3	2.586560E-3	2.655772E-1	6.733464E+0
2.096050E+2	4.567300E+2	2.538480E+1	-1.369863E+0	2.557780E-4	6.432125E-3	2.557780E-3	2.856712E-1	7.243745E+0
2.179270E+2	4.565400E+2	2.539537E+1	2.764642E+0	2.522520E-4	2.162701E-3	2.522520E-3	2.789650E-1	7.073670E+0
2.261740E+2	4.569200E+2	2.537424E+1	2.110694E+0	2.523920E-4	2.333500E-3	2.523920E-3	1.862958E-1	4.730240E+0
2.347020E+2	4.572200E+2	2.535760E+1	-3.978120E+0	2.550460E-4	3.231989E-3	2.550460E-3	2.745721E-1	6.973215E+0
2.528010E+2	4.560200E+2	2.542432E+1	-1.567882E+0	2.515960E-4	6.083749E-3	2.515960E-3	3.112920E-1	7.905989E+0
2.612200E+2	4.558000E+2	2.543659E+1	2.092855E+0	2.478840E-4	2.669952E-3	2.478840E-3	3.260250E-1	8.280232E+0
2.695340E+2	4.560900E+2	2.542042E+1	3.024714E+0	2.476880E-4	2.117852E-3	2.476880E-3	2.081896E-1	5.295036E+0
2.776670E+2	4.565000E+2	2.539759E+1	-3.912716E+0	2.502760E-4	3.708759E-3	2.502760E-3	2.782297E-1	7.077725E+0
2.976020E+2	4.552000E+2	2.547012E+1	-9.295674E-1	2.466260E-4	6.017992E-3	2.466260E-3	3.049407E-1	7.757697E+0
3.059930E+2	4.550700E+2	2.547740E+1	2.672937E+0	2.432020E-4	2.442186E-3	2.432020E-3	2.775341E-1	7.064107E+0
3.140740E+2	4.554300E+2	2.545726E+1	-1.993653E+0	2.432540E-4	2.184912E-3	2.432540E-3	3.136784E-1	7.994301E+0
3.408590E+2	4.545400E+2	2.550711E+1	-2.109758E+0	2.427900E-4	6.254726E-3	2.427900E-3	2.869092E-1	7.312399E+0
3.488220E+2	4.542600E+2	2.552283E+1	2.098688E+0	2.388400E-4	3.429429E-3	2.388400E-3	2.377060E-1	6.058980E+0
3.568270E+2	4.545400E+2	2.550711E+1	3.272727E+0	2.383360E-4	1.534925E-3	2.383360E-3	1.777849E-1	4.535939E+0
3.650770E+2	4.549900E+2	2.548188E+1	-3.535581E+0	2.407680E-4	4.014985E-3	2.407680E-3	2.574660E-1	6.570535E+0
3.851020E+2	4.538100E+2	2.554814E+1	-1.830608E+0	2.383080E-4	6.357451E-3	2.383080E-3	2.965471E-1	7.568454E+0
3.932960E+2	4.535600E+2	2.556222E+1	2.199145E+0	2.344680E-4	3.021427E-3	2.344680E-3	2.947075E-1	7.521616E+0
4.014810E+2	4.538600E+2	2.554532E+1	2.972136E+0	2.341440E-4	1.896481E-3	2.341440E-3	1.920820E-1	4.909230E+0
4.095560E+2	4.542600E+2	2.552283E+1	-3.788175E+0	2.363740E-4	3.278307E-3	2.363740E-3	2.620078E-1	6.697777E+0
4.299880E+2	4.529700E+2	2.559551E+1	-1.007315E+0	2.333360E-4	6.502542E-3	2.333360E-3	2.856783E-1	7.303597E+0
4.383270E+2	4.528300E+2	2.560343E+1	2.895054E+0	2.299200E-4	2.392532E-3	2.299200E-3	2.568154E-1	6.568594E+0
4.466170E+2	4.532300E+2	2.558083E+1	-2.019562E+0	2.300340E-4	2.772433E-3	2.300340E-3	3.040085E-1	7.785080E+0
4.718700E+2	4.523800E+2	2.562890E+1	-2.316882E+0	2.300200E-4	6.489212E-3	2.300200E-3	2.867825E-1	7.344355E+0
4.801570E+2	4.520600E+2	2.564704E+1	1.867530E+0	2.259740E-4	3.649803E-3	2.259740E-3	2.356796E-1	6.036322E+0
4.881890E+2	4.523100E+2	2.563286E+1	3.703704E+0	2.252980E-4	1.534807E-3	2.252980E-3	2.083018E-1	5.340664E+0
4.961270E+2	4.528000E+2	2.560512E+1	-3.488050E+0	2.275880E-4	4.184073E-3	2.275880E-3	2.638438E-1	6.766352E+0
5.178010E+2	4.515400E+2	2.567657E+1	-1.612706E+0	2.248460E-4	6.642008E-3	2.248460E-3	2.895617E-1	7.426815E+0
5.259860E+2	4.513200E+2	2.568909E+1	3.128880E+0	2.213820E-4	2.664388E-3	2.213820E-3	2.833477E-1	7.267594E+0
5.340400E+2	4.517400E+2	2.566521E+1	2.887463E+0	2.213060E-4	2.534585E-3	2.213060E-3	1.796144E-1	4.613076E+0
5.421440E+2	4.521300E+2	2.564307E+1	-4.272604E+0	2.240500E-4	4.189553E-3	2.240500E-3	2.594230E-1	6.664149E+0
5.620850E+2	4.507100E+2	2.572386E+1	-8.599068E-1	2.205440E-4	6.770962E-3	2.205440E-3	2.834434E-1	7.281852E+0
5.704580E+2	4.505900E+2	2.573071E+1	3.058252E+0	2.171780E-4	2.424138E-3	2.171780E-3	2.735924E-1	7.031801E+0
5.786980E+2	4.510100E+2	2.570675E+1	-2.090988E+0	2.174020E-4	2.886408E-3	2.174020E-3	3.040768E-1	7.825441E+0
6.050970E+2	4.500900E+2	2.575929E+1	-1.951572E+0	2.169560E-4	6.350257E-3	2.169560E-3	2.676106E-1	6.887689E+0
6.133980E+2	4.498200E+2	2.577475E+1	2.455465E+0	2.133600E-4	3.167744E-3	2.133600E-3	2.243537E-1	5.774956E+0
6.217060E+2	4.501600E+2	2.575529E+1	3.655416E+0	2.130500E-4	2.303519E-3	2.130500E-3	1.937635E-1	4.992295E+0
6.299130E+2	4.506600E+2	2.572671E+1	-4.058625E+0	2.156720E-4	4.368743E-3	2.156720E-3	2.630371E-1	6.778758E+0
6.503140E+2	4.492800E+2	2.580573E+1	-1.249388E+0	2.124800E-4	6.465590E-3	2.124800E-3	2.863895E-1	7.381355E+0
6.584780E+2	4.491100E+2	2.581550E+1	3.147493E+0	2.092660E-4	2.527833E-3	2.092660E-3	2.900012E-1	7.474330E+0
6.666750E+2	4.495400E+2	2.579081E+1	2.801120E+0	2.094720E-4	2.901185E-3	2.094720E-3	2.219480E-1	5.728072E+0
6.752430E+2	4.499400E+2	2.576788E+1	-4.342363E+0	2.122360E-4	3.995208E-3	2.122360E-3	3.032799E-1	7.828720E+0
6.951400E+2	4.485000E+2	2.585061E+1	-5.035971E-1	2.079720E-4	6.636850E-3	2.079720E-3	3.157875E-1	8.152525E+0
7.034800E+2	4.484300E+2	2.585465E+1	3.769026E+0	2.050200E-4	1.663746E-3	2.050200E-3	2.874146E-1	7.424220E+0
7.117580E+2	4.489500E+2	2.582470E+1	-2.601461E+0	2.059580E-4	4.235643E-3	2.059580E-3	2.804530E-1	7.251612E+0
7.373590E+2	4.478400E+2	2.588871E+1	-1.351191E+0	2.047860E-4	7.121412E-3	2.047860E-3	2.461129E-1	6.365003E+0
7.457960E+2	4.476500E+2	2.589970E+1	3.249735E+0	2.013920E-4	2.746162E-3	2.013920E-3	2.345795E-1	6.067082E+0
7.542890E+2	4.481100E+2	2.587311E+1	2.818555E+0	2.017340E-4	3.436222E-3	2.017340E-3	1.907446E-1	4.939066E+0
7.628040E+2	4.485100E+2	2.585004E+1	-4.695236E+0	2.045980E-4	4.187193E-3	2.045980E-3	2.740073E-1	7.096480E+0
7.815890E+2	4.470400E+2	2.593504E+1	-1.129412E+0	2.009270E-4	7.369225E-3	2.009270E-3	2.952911E-1	7.648328E+0
7.900890E+2	4.468800E+2	2.594433E+1	3.528997E+0	1.975998E-4	2.585221E-3	1.975998E-3	3.105781E-1	8.044174E+0
7.985900E+2	4.473800E+2	2.591533E+1	2.853746E+0	1.980084E-4	3.566719E-3	1.980084E-3	1.890527E-1	4.903583E+0
8.070000E+2	4.477800E+2	2.589218E+1	-4.795018E+0	2.009634E-4	4.409307E-3	2.009634E-3	2.788106E-1	7.232932E+0
8.262700E+2	4.462400E+2	2.598153E+1	-4.171978E-1	1.970710E-4	7.490334E-3	1.970710E-3	2.944788E-1	7.640074E+0
8.348990E+2	4.461800E+2	2.598503E+1	3.480278E+0	1.937636E-4	1.562784E-3	1.937636E-3	2.765765E-1	7.178581E+0
8.435190E+2	4.466800E+2	2.595594E+1	-2.345339E+0	1.946916E-4	3.923070E-3	1.946916E-3	2.653269E-1	6.894612E+0
8.685900E+2	4.457000E+2	2.601301E+1	-2.250454E+0	1.943298E-4	7.351828E-3	1.943298E-3	2.401481E-1	6.241854E+0
8.768550E+2	4.453900E+2	2.603112E+1	3.265306E+0	1.907772E-4	3.371170E-3	1.907772E-3	2.159635E-1	5.613720E+0
8.849400E+2	4.458300E+2	2.600543E+1	3.370787E+0	1.904774E-4	2.561878E-3	1.904774E-3	1.904120E-1	4.954298E+0
8.933060E+2	4.463000E+2	2.597804E+1	-4.300864E+0	1.930682E-4	4.848353E-3	1.930682E-3	2.622435E-1	6.825011E+0
9.136740E+2	4.448400E+2	2.606330E+1	-1.132075E+0	1.899000E-4	7.605784E-3	1.899000E-3	2.824762E-1	7.352532E+0
9.221540E+2	4.446800E+2	2.607268E+1	3.411110E+0	1.867882E-4	2.481342E-3	1.867882E-3	2.533033E-1	6.595684E+0
9.305970E+2	4.451600E+2	2.604457E+1	-2.085354E+0	1.873058E-4	3.642117E-3	1.873058E-3	2.771641E-1	7.226322E+0
9.553410E+2	4.443000E+2	2.609498E+1	-2.580954E+0	1.876600E-4	7.102304E-3	1.876600E-3	2.487622E-1	6.486750E+0
9.637100E+2	4.439400E+2	2.611614E+1	2.759434E+0	1.838658E-4	4.237293E-3	1.838658E-3	2.080192E-1	5.424857E+0
9.721900E+2	4.443300E+2	2.609322E+1	3.910477E+0	1.833680E-4	2.630836E-3	1.833680E-3	1.615582E-1	4.217239E+0
9.803220E+2	4.448600E+2	2.606213E+1	-4.425679E+0	1.858044E-4	5.000848E-3	1.858044E-3	2.352349E-1	6.142047E+0
9.999800E+2	4.434100E+2	2.614736E+1	-1.687566E+0	1.835276E-4	7.680474E-3	1.835276E-3	2.659366E-1	6.944632E+0
1.008513E+3	4.431700E+2	2.616152E+1	3.154122E+0	1.800146E-4	3.524850E-3	1.800146E-3	2.671919E-1	6.977478E+0
1.016883E+3	4.436100E+2	2.613557E+1	3.823061E+0	1.799158E-4	2.988612E-3	1.799158E-3	1.397227E-1	3.653328E+0
1.025044E+3	4.441300E+2	2.610497E+1	-4.531091E+0	1.825776E-4	5.311150E-3	1.825776E-3	2.395489E-1	6.265105E+0
1.043715E+3	4.427200E+2	2.618811E+1	-2.015113E+0	1.803124E-4	7.536253E-3	1.803124E-3	2.761626E-1	7.223383E+0
1.052052E+3	4.424400E+2	2.620468E+1	2.968147E+0	1.767646E-4	3.897617E-3	1.767646E-3	2.806886E-1	7.341804E+0
1.060340E+3	4.428500E+2	2.618042E+1	3.839317E+0	1.764696E-4	2.435984E-3	1.764696E-3	2.154550E-1	5.643151E+0
1.068779E+3	4.433900E+2	2.614854E+1	-4.267737E+0	1.790914E-4	5.284392E-3	1.790914E-3	2.734769E-1	7.164642E+0
1.090711E+3	4.418300E+2	2.624086E+1	-1.468069E-1	1.755068E-4	6.994951E-3	1.755068E-3	2.820519E-1	7.390509E+0
1.098885E+3	4.418100E+2	2.624205E+1	4.095817E+0	1.730888E-4	1.566466E-3	1.730888E-3	2.363361E-1	6.195661E+0
1.106942E+3	4.423600E+2	2.620942E+1	-2.657694E+0	1.740536E-4	4.590458E-3	1.740536E-3	2.189177E-1	5.744309E+0
1.130421E+3	4.413200E+2	2.627119E+1	-2.339181E+0	1.740540E-4	7.314387E-3	1.740540E-3	2.253834E-1	5.915618E+0
1.138629E+3	4.410000E+2	2.629025E+1	2.896452E+0	1.705158E-4	4.326251E-3	1.705158E-3	2.004974E-1	5.262941E+0
1.146915E+3	4.414000E+2	2.626643E+1	4.078102E+0	1.700704E-4	2.507075E-3	1.700704E-3	1.567987E-1	4.119764E+0
1.155007E+3	4.419500E+2	2.623374E+1	-4.283589E+0	1.724558E-4	5.407809E-3	1.724558E-3	2.391389E-1	6.285133E+0
1.175177E+3	4.405100E+2	2.631949E+1	-1.811594E+0	1.702474E-4	7.724074E-3	1.702474E-3	2.684090E-1	7.055501E+0
1.183457E+3	4.402600E+2	2.633444E+1	3.509645E+0	1.669780E-4	3.463719E-3	1.669780E-3	2.687059E-1	7.063380E+0
1.191492E+3	4.407300E+2	2.630636E+1	3.803487E+0	1.669178E-4	2.981574E-3	1.669178E-3	1.632359E-1	4.296376E+0
1.199695E+3	4.412500E+2	2.627535E+1	-4.590065E+0	1.694788E-4	5.510518E-3	1.694788E-3	2.506468E-1	6.598843E+0
1.219564E+3	4.397300E+2	2.636618E+1	-1.547912E+0	1.667708E-4	7.710337E-3	1.667708E-3	2.759190E-1	7.265129E+0
1.227704E+3	4.395200E+2	2.637878E+1	3.643430E+0	1.636630E-4	3.344662E-3	1.636630E-3	2.535088E-1	6.678241E+0
1.235938E+3	4.400200E+2	2.634880E+1	-2.203320E+0	1.637776E-4	3.520777E-3	1.637776E-3	2.792511E-1	7.366098E+0
1.262625E+3	4.390400E+2	2.640762E+1	-1.665862E+0	1.639746E-4	7.989053E-3	1.639746E-3	1.916723E-1	5.056984E+0
1.270909E+3	4.388100E+2	2.642146E+1	3.617073E+0	1.607510E-4	3.477367E-3	1.607510E-3	1.745450E-1	4.605579E+0
1.279203E+3	4.393100E+2	2.639139E+1	3.626048E+0	1.606778E-4	3.651888E-3	1.606778E-3	1.667081E-1	4.402335E+0
1.287311E+3	4.398000E+2	2.636198E+1	-4.678363E+0	1.632318E-4	5.242053E-3	1.632318E-3	2.492178E-1	6.582933E+0
1.307318E+3	4.382400E+2	2.645582E+1	-7.390073E-1	1.603588E-4	7.512497E-3	1.603588E-3	2.648165E-1	6.996028E+0
1.315437E+3	4.381400E+2	2.646186E+1	3.870505E+0	1.576202E-4	2.611311E-3	1.576202E-3	2.518069E-1	6.654969E+0
1.323808E+3	4.386800E+2	2.642929E+1	-2.415726E+0	1.581724E-4	4.423547E-3	1.581724E-3	2.721077E-1	7.199903E+0
1.349142E+3	4.376600E+2	2.649088E+1	-2.097902E+0	1.579160E-4	7.791316E-3	1.579160E-3	2.277806E-1	6.028584E+0
1.357436E+3	4.373700E+2	2.650845E+1	3.660287E+0	1.547776E-4	3.603962E-3	1.547776E-3	2.142115E-1	5.669913E+0
1.365796E+3	4.378800E+2	2.647757E+1	3.474065E+0	1.548498E-4	3.721360E-3	1.548498E-3	1.994409E-1	5.284466E+0
1.374086E+3	4.383600E+2	2.644858E+1	-4.751943E+0	1.573854E-4	5.113139E-3	1.573854E-3	2.689992E-1	7.129099E+0
1.394162E+3	4.367700E+2	2.654486E+1	-7.363770E-1	1.541904E-4	7.805245E-3	1.541904E-3	2.834261E-1	7.512568E+0
1.402310E+3	4.366700E+2	2.655094E+1	4.112060E+0	1.515884E-4	2.503342E-3	1.515884E-3	2.582598E-1	6.848413E+0
1.410627E+3	4.372400E+2	2.651633E+1	-2.470123E+0	1.521824E-4	4.587066E-3	1.521824E-3	2.527122E-1	6.708631E+0
1.435646E+3	4.362100E+2	2.657894E+1	-2.210601E+0	1.521584E-4	7.985990E-3	1.521584E-3	2.172148E-1	5.767987E+0
1.444060E+3	4.359000E+2	2.659784E+1	3.562696E+0	1.489464E-4	4.005193E-3	1.489464E-3	2.017136E-1	5.356856E+0
1.452649E+3	4.364100E+2	2.656676E+1	3.659429E+0	1.488986E-4	3.619448E-3	1.488986E-3	1.460734E-1	3.882694E+0
1.460847E+3	4.369100E+2	2.653636E+1	-4.658283E+0	1.513254E-4	5.200250E-3	1.513254E-3	2.387929E-1	6.349041E+0
1.479137E+3	4.354900E+2	2.662288E+1	-2.419059E+0	1.493394E-4	7.921404E-3	1.493394E-3	2.749329E-1	7.310739E+0
1.487322E+3	4.351600E+2	2.664307E+1	3.276301E+0	1.461828E-4	4.132001E-3	1.461828E-3	2.816332E-1	7.488996E+0
1.495563E+3	4.356100E+2	2.661555E+1	4.345112E+0	1.459466E-4	3.229784E-3	1.459466E-3	1.629926E-1	4.339723E+0
1.503572E+3	4.361900E+2	2.658016E+1	-4.593070E+0	1.482592E-4	5.536187E-3	1.482592E-3	2.447376E-1	6.518088E+0
1.523428E+3	4.346700E+2	2.667311E+1	-1.742919E+0	1.460504E-4	8.292414E-3	1.460504E-3	2.630953E-1	7.008546E+0
1.531690E+3	4.344300E+2	2.668784E+1	4.469005E+0	1.431038E-4	3.565102E-3	1.431038E-3	2.282298E-1	6.082547E+0
1.540014E+3	4.350500E+2	2.664981E+1	-2.415917E+0	1.432474E-4	4.115329E-3	1.432474E-3	2.422917E-1	6.464214E+0
1.565346E+3	4.340300E+2	2.671244E+1	-2.543297E+0	1.438942E-4	8.116132E-3	1.438942E-3	1.947084E-1	5.195793E+0
1.573603E+3	4.336800E+2	2.673400E+1	3.081232E+0	1.406026E-4	5.117166E-3	1.406026E-3	1.678075E-1	4.478670E+0
1.582171E+3	4.341200E+2	2.670690E+1	4.451891E+0	1.401872E-4	3.115315E-3	1.401872E-3	1.693519E-1	4.524002E+0
1.590527E+3	4.347400E+2	2.666881E+1	-4.653460E+0	1.424686E-4	5.730092E-3	1.424686E-3	2.437557E-1	6.513442E+0
1.610770E+3	4.331700E+2	2.676547E+1	-6.967023E-1	1.402156E-4	8.671863E-3	1.402156E-3	2.553177E-1	6.824101E+0
1.619382E+3	4.330700E+2	2.677165E+1	4.223402E+0	1.374976E-4	2.877540E-3	1.374976E-3	2.365051E-1	6.324195E+0
1.628048E+3	4.336800E+2	2.673400E+1	-2.688382E+0	1.380678E-4	5.070062E-3	1.380678E-3	2.576533E-1	6.896676E+0
1.653714E+3	4.325300E+2	2.680508E+1	-1.851852E+0	1.377048E-4	8.116106E-3	1.377048E-3	2.027086E-1	5.427918E+0
1.662138E+3	4.322700E+2	2.682120E+1	4.418804E+0	1.349096E-4	3.457685E-3	1.349096E-3	1.993393E-1	5.338128E+0
1.670285E+3	4.328700E+2	2.678402E+1	3.180961E+0	1.350820E-4	4.213004E-3	1.350820E-3	1.686056E-1	4.519758E+0
1.678773E+3	4.333200E+2	2.675621E+1	-5.103550E+0	1.374860E-4	5.232672E-3	1.374860E-3	2.540819E-1	6.812656E+0
1.697701E+3	4.317100E+2	2.685599E+1	-1.169733E+0	1.348306E-4	8.270500E-3	1.348306E-3	2.717803E-1	7.288406E+0
1.705908E+3	4.315500E+2	2.686595E+1	4.275027E+0	1.321828E-4	3.425633E-3	1.321828E-3	2.886859E-1	7.741653E+0
1.714329E+3	4.321500E+2	2.682865E+1	3.351548E+0	1.325390E-4	4.709170E-3	1.325390E-3	1.890963E-1	5.077596E+0
1.722564E+3	4.326100E+2	2.680012E+1	-5.143031E+0	1.349044E-4	5.029687E-3	1.349044E-3	2.756636E-1	7.403891E+0
1.742280E+3	4.309200E+2	2.690523E+1	-4.307251E-1	1.317412E-4	8.281171E-3	1.317412E-3	2.798684E-1	7.518444E+0
1.750638E+3	4.308600E+2	2.690897E+1	5.261261E+0	1.294154E-4	2.192051E-3	1.294154E-3	2.500043E-1	6.720057E+0
1.758963E+3	4.315900E+2	2.686346E+1	-3.162024E+0	1.302002E-4	5.369796E-3	1.302002E-3	2.160802E-1	5.812403E+0
1.784200E+3	4.302600E+2	2.694650E+1	-1.383495E+0	1.297890E-4	8.741390E-3	1.297890E-3	1.893184E-1	5.094935E+0
1.792440E+3	4.300700E+2	2.695840E+1	4.065828E+0	1.270094E-4	3.820224E-3	1.270094E-3	1.871109E-1	5.035998E+0
1.800704E+3	4.306300E+2	2.692334E+1	3.591971E+0	1.271104E-4	4.313763E-3	1.271104E-3	1.484203E-1	3.998586E+0
1.809223E+3	4.311400E+2	2.689150E+1	-5.022141E+0	1.294636E-4	5.373188E-3	1.294636E-3	2.512607E-1	6.770986E+0
1.827741E+3	4.295900E+2	2.698852E+1	-1.727447E+0	1.272136E-4	8.483982E-3	1.272136E-3	2.748615E-1	7.408058E+0
1.836077E+3	4.293500E+2	2.700361E+1	4.173913E+0	1.245352E-4	3.699000E-3	1.245352E-3	2.884994E-1	7.775447E+0
1.844127E+3	4.299100E+2	2.696844E+1	3.689951E+0	1.246656E-4	4.368966E-3	1.246656E-3	1.621367E-1	4.375422E+0
1.852745E+3	4.304400E+2	2.693523E+1	-5.053919E+0	1.270128E-4	5.490000E-3	1.270128E-3	2.561829E-1	6.915085E+0
1.871384E+3	4.288700E+2	2.703383E+1	-1.795117E+0	1.247212E-4	8.748929E-3	1.247212E-3	2.727884E-1	7.364718E+0
1.879740E+3	4.286200E+2	2.704960E+1	4.632121E+0	1.220548E-4	3.721947E-3	1.220548E-3	2.575165E-1	6.954991E+0
1.888289E+3	4.292800E+2	2.700801E+1	-2.451266E+0	1.223182E-4	4.730407E-3	1.223182E-3	2.692489E-1	7.280474E+0
1.913990E+3	4.282300E+2	2.707424E+1	-2.439024E+0	1.224936E-4	8.817147E-3	1.224936E-3	1.957524E-1	5.294474E+0
1.922354E+3	4.278900E+2	2.709575E+1	4.007030E+0	1.197068E-4	4.567220E-3	1.197068E-3	1.899194E-1	5.137442E+0
1.930889E+3	4.284600E+2	2.705970E+1	3.614877E+0	1.197032E-4	4.318124E-3	1.197032E-3	1.712726E-1	4.637399E+0
1.939520E+3	4.289800E+2	2.702690E+1	-5.034423E+0	1.219178E-4	5.274694E-3	1.219178E-3	2.580785E-1	6.989537E+0
1.958112E+3	4.274200E+2	2.712554E+1	-1.454462E+0	1.197320E-4	9.183393E-3	1.197320E-3	2.762464E-1	7.483155E+0
1.966775E+3	4.272100E+2	2.713888E+1	4.513972E+0	1.171232E-4	3.647715E-3	1.171232E-3	2.519006E-1	6.826682E+0
1.975149E+3	4.278400E+2	2.709892E+1	-2.493042E+0	1.174298E-4	4.922102E-3	1.174298E-3	2.530758E-1	6.866581E+0
2.000660E+3	4.267800E+2	2.716622E+1	-2.756953E+0	1.176976E-4	8.427070E-3	1.176976E-3	1.913630E-1	5.193633E+0
2.008930E+3	4.264000E+2	2.719043E+1	4.147795E+0	1.149686E-4	5.008578E-3	1.149686E-3	1.785699E-1	4.847004E+0
2.017320E+3	4.269800E+2	2.715350E+1	3.919240E+0	1.147804E-4	3.973633E-3	1.147804E-3	1.832711E-1	4.979161E+0
2.025740E+3	4.275300E+2	2.711856E+1	-4.811971E+0	1.169072E-4	5.915724E-3	1.169072E-3	2.544146E-1	6.914134E+0
2.046189E+3	4.258900E+2	2.722299E+1	-1.201980E+0	1.145466E-4	8.958267E-3	1.145466E-3	2.713458E-1	7.375884E+0
2.054675E+3	4.257200E+2	2.723386E+1	4.770318E+0	1.123096E-4	2.847218E-3	1.123096E-3	2.828949E-1	7.689578E+0
2.062599E+3	4.263500E+2	2.719362E+1	3.653082E+0	1.127448E-4	4.741454E-3	1.127448E-3	1.856899E-1	5.053634E+0
2.070647E+3	4.268400E+2	2.716240E+1	-5.099413E+0	1.148322E-4	5.306408E-3	1.148322E-3	2.779264E-1	7.565669E+0
2.090061E+3	4.251900E+2	2.726781E+1	-1.089588E+0	1.122060E-4	8.563362E-3	1.122060E-3	2.896050E-1	7.884971E+0
2.098321E+3	4.250400E+2	2.727743E+1	4.874500E+0	1.099944E-4	2.869092E-3	1.099944E-3	2.609175E-1	7.106715E+0
2.106568E+3	4.257100E+2	2.723450E+1	-2.565965E+0	1.105880E-4	5.769179E-3	1.105880E-3	2.353026E-1	6.416306E+0
2.131354E+3	4.246500E+2	2.730248E+1	-3.053435E+0	1.107462E-4	8.488458E-3	1.107462E-3	2.171579E-1	5.923247E+0
2.139607E+3	4.242300E+2	2.732951E+1	3.546361E+0	1.081372E-4	4.898451E-3	1.081372E-3	1.976491E-1	5.391766E+0
2.147728E+3	4.247100E+2	2.729863E+1	4.556206E+0	1.078826E-4	3.369774E-3	1.078826E-3	1.554163E-1	4.243917E+0
2.155761E+3	4.253200E+2	2.725948E+1	-4.564252E+0	1.097558E-4	6.048279E-3	1.097558E-3	2.303976E-1	6.293241E+0
2.175348E+3	4.238300E+2	2.735531E+1	-2.225794E+0	1.082928E-4	8.405623E-3	1.082928E-3	2.598450E-1	7.099075E+0
2.183435E+3	4.235300E+2	2.737468E+1	4.155125E+0	1.058684E-4	4.576768E-3	1.058684E-3	2.612304E-1	7.136948E+0
2.191377E+3	4.240800E+2	2.733918E+1	3.903144E+0	1.057184E-4	3.743671E-3	1.057184E-3	1.625013E-1	4.445243E+0
2.199678E+3	4.246200E+2	2.730441E+1	-4.807597E+0	1.076822E-4	5.974745E-3	1.076822E-3	2.461856E-1	6.736451E+0
2.219896E+3	4.230000E+2	2.740898E+1	-1.339120E+0	1.056600E-4	8.502942E-3	1.056600E-3	2.613867E-1	7.154046E+0
2.227961E+3	4.228200E+2	2.742065E+1	4.727846E+0	1.034864E-4	3.556368E-3	1.034864E-3	2.452347E-1	6.714815E+0
2.236210E+3	4.234700E+2	2.737856E+1	-2.532127E+0	1.037878E-4	4.860893E-3	1.037878E-3	2.588451E-1	7.095221E+0
2.262512E+3	4.223600E+2	2.745052E+1	-1.904762E+0	1.037906E-4	8.849232E-3	1.037906E-3	1.823402E-1	5.000033E+0
2.271017E+3	4.220900E+2	2.746808E+1	4.747188E+0	1.013870E-4	4.001451E-3	1.013870E-3	1.811197E-1	4.967168E+0
2.279106E+3	4.227300E+2	2.742649E+1	3.542435E+0	1.014996E-4	4.557063E-3	1.014996E-3	1.650237E-1	4.529662E+0
2.287236E+3	4.232100E+2	2.739538E+1	-5.087586E+0	1.034500E-4	5.742348E-3	1.034500E-3	2.533404E-1	6.956020E+0
2.306931E+3	4.215400E+2	2.750391E+1	-1.550006E+0	1.012910E-4	9.008429E-3	1.012910E-3	2.735771E-1	7.512999E+0
2.315060E+3	4.213300E+2	2.751762E+1	4.585234E+0	9.911340E-5	3.621851E-3	9.911340E-4	2.881369E-1	7.912781E+0
2.323173E+3	4.219500E+2	2.747719E+1	3.795113E+0	9.934780E-5	4.901151E-3	9.934780E-4	1.613353E-1	4.436663E+0
2.331236E+3	4.224600E+2	2.744402E+1	-5.146115E+0	1.012692E-4	5.499444E-3	1.012692E-3	2.497526E-1	6.869727E+0
2.350707E+3	4.207900E+2	2.755294E+1	-1.189296E+0	9.918780E-5	8.697104E-3	9.918780E-4	2.678311E-1	7.368214E+0
2.358779E+3	4.206300E+2	2.756342E+1	4.520909E+0	9.714300E-5	3.623590E-3	9.714300E-4	2.517415E-1	6.928619E+0
2.366742E+3	4.212300E+2	2.752416E+1	-2.438654E+0	9.736460E-5	4.784980E-3	9.736460E-4	2.486151E-1	6.850758E+0
2.393068E+3	4.201600E+2	2.759425E+1	-1.915050E+0	9.748220E-5	8.826793E-3	9.748220E-4	1.711329E-1	4.717627E+0
2.401214E+3	4.199000E+2	2.761134E+1	4.597412E+0	9.526700E-5	4.633930E-3	9.526700E-4	1.598075E-1	4.405996E+0
2.409175E+3	4.205100E+2	2.757128E+1	3.478475E+0	9.516320E-5	4.089696E-3	9.516320E-4	1.376812E-1	3.798427E+0
2.417282E+3	4.209800E+2	2.754050E+1	-4.717460E+0	9.689640E-5	5.787134E-3	9.689640E-4	2.392467E-1	6.602859E+0
2.436996E+3	4.194300E+2	2.764228E+1	-1.866368E+0	9.521380E-5	8.591434E-3	9.521380E-4	2.630626E-1	7.261716E+0
2.445033E+3	4.191800E+2	2.765876E+1	4.485981E+0	9.312660E-5	4.199716E-3	9.312660E-4	2.755569E-1	7.606584E+0
2.453058E+3	4.197800E+2	2.761923E+1	3.869010E+0	9.320240E-5	4.561424E-3	9.320240E-4	1.948013E-1	5.384446E+0
2.460967E+3	4.202900E+2	2.758571E+1	-4.887412E+0	9.499180E-5	5.700190E-3	9.499180E-4	2.708142E-1	7.487520E+0
2.482328E+3	4.185500E+2	2.770039E+1	-1.443175E-1	9.259400E-5	8.626132E-3	9.259400E-4	2.707139E-1	7.486744E+0
2.490643E+3	4.185300E+2	2.770172E+1	5.908751E+0	9.093020E-5	2.218275E-3	9.093020E-4	2.449879E-1	6.778996E+0
2.498665E+3	4.193200E+2	2.764953E+1	-3.314398E+0	9.172620E-5	6.794517E-3	9.172620E-4	2.189596E-1	6.063050E+0
2.524190E+3	4.179100E+2	2.774282E+1	-1.245878E+0	9.115640E-5	8.869518E-3	9.115640E-4	1.923285E-1	5.328569E+0
2.532377E+3	4.177400E+2	2.775411E+1	4.789978E+0	8.913280E-5	4.093033E-3	8.913280E-4	1.912588E-1	5.299415E+0
2.540519E+3	4.183900E+2	2.771099E+1	3.226963E+0	8.929320E-5	5.082384E-3	8.929320E-4	1.659759E-1	4.603607E+0
2.548886E+3	4.188400E+2	2.768121E+1	-5.214508E+0	9.101940E-5	5.149400E-3	9.101940E-4	2.581184E-1	7.161393E+0
2.568792E+3	4.171100E+2	2.779603E+1	-4.516372E-1	8.886840E-5	8.572891E-3	8.886840E-4	2.663047E-1	7.390366E+0
2.576763E+3	4.170500E+2	2.780002E+1	5.349743E+0	8.709760E-5	2.878742E-3	8.709760E-4	2.487188E-1	6.905883E+0
2.584726E+3	4.177600E+2	2.775278E+1	-2.891566E+0	8.749900E-5	5.487092E-3	8.749900E-4	2.163895E-1	6.012996E+0
2.611286E+3	4.164800E+2	2.783807E+1	-1.540719E+0	8.730280E-5	8.979944E-3	8.730280E-4	1.677831E-1	4.664967E+0
2.619464E+3	4.162700E+2	2.785212E+1	4.987775E+0	8.534140E-5	3.972372E-3	8.534140E-4	1.732264E-1	4.816756E+0
2.627644E+3	4.169500E+2	2.780669E+1	3.554323E+0	8.555320E-5	5.036637E-3	8.555320E-4	1.597569E-1	4.446114E+0
2.635578E+3	4.174200E+2	2.777538E+1	-5.093793E+0	8.723540E-5	5.596036E-3	8.723540E-4	2.569787E-1	7.154162E+0
2.655249E+3	4.157500E+2	2.788695E+1	-1.855976E+0	8.533020E-5	9.079735E-3	8.533020E-4	2.706686E-1	7.537087E+0
2.663331E+3	4.155000E+2	2.790373E+1	5.499206E+0	8.340820E-5	3.975233E-3	8.340820E-4	2.508857E-1	6.989416E+0
2.671514E+3	4.162500E+2	2.785345E+1	-2.656274E+0	8.365760E-5	5.153662E-3	8.365760E-4	2.269579E-1	6.329263E+0
2.697942E+3	4.150800E+2	2.793196E+1	-2.269289E+0	8.380620E-5	8.530847E-3	8.380620E-4	1.598804E-1	4.460618E+0
2.705874E+3	4.147800E+2	2.795217E+1	4.475422E+0	8.182720E-5	5.113056E-3	8.182720E-4	1.557367E-1	4.345785E+0
2.714052E+3	4.153900E+2	2.791112E+1	3.906154E+0	8.167780E-5	4.169151E-3	8.167780E-4	1.329890E-1	3.714142E+0
2.722193E+3	4.159200E+2	2.787555E+1	-4.835561E+0	8.327480E-5	6.349064E-3	8.327480E-4	2.298436E-1	6.421133E+0
2.742170E+3	4.143100E+2	2.798388E+1	-1.646778E+0	8.185420E-5	9.358192E-3	8.185420E-4	2.512365E-1	7.020535E+0
2.750550E+3	4.140800E+2	2.799942E+1	4.583485E+0	7.994760E-5	4.471339E-3	7.994760E-4	2.637336E-1	7.369569E+0
2.758797E+3	4.147100E+2	2.795689E+1	3.581199E+0	8.004120E-5	4.906643E-3	8.004120E-4	1.607132E-1	4.496693E+0
2.766839E+3	4.151900E+2	2.792456E+1	-5.042524E+0	8.161400E-5	5.644346E-3	8.161400E-4	2.531818E-1	7.085991E+0
2.786710E+3	4.135200E+2	2.803734E+1	-1.013758E+0	7.984540E-5	9.158227E-3	7.984540E-4	2.667669E-1	7.467793E+0
2.794996E+3	4.133800E+2	2.804683E+1	4.728923E+0	7.811680E-5	3.539119E-3	7.811680E-4	2.502918E-1	7.008881E+0
2.803370E+3	4.140400E+2	2.800213E+1	-2.446826E+0	7.846780E-5	5.848828E-3	7.846780E-4	2.445318E-1	6.855585E+0
2.828382E+3	4.130200E+2	2.807128E+1	-3.070697E+0	7.864900E-5	9.118179E-3	7.864900E-4	2.037500E-1	5.714468E+0
2.836784E+3	4.125900E+2	2.810054E+1	4.204625E+0	7.664080E-5	5.785042E-3	7.664080E-4	1.888440E-1	5.297036E+0
2.845346E+3	4.131900E+2	2.805973E+1	3.976924E+0	7.648800E-5	4.477640E-3	7.648800E-4	1.699848E-1	4.772424E+0
2.853493E+3	4.137300E+2	2.802311E+1	-4.754123E+0	7.798780E-5	6.289151E-3	7.798780E-4	2.446927E-1	6.872159E+0
2.873686E+3	4.121300E+2	2.813190E+1	-1.865582E+0	7.651300E-5	9.520686E-3	7.651300E-4	2.672177E-1	7.506646E+0
2.882048E+3	4.118700E+2	2.814966E+1	4.858914E+0	7.474460E-5	4.218953E-3	7.474460E-4	2.738948E-1	7.694233E+0
2.889951E+3	4.125100E+2	2.810599E+1	3.781671E+0	7.483920E-5	4.821782E-3	7.483920E-4	1.490211E-1	4.191220E+0
2.897884E+3	4.130100E+2	2.807196E+1	-4.807349E+0	7.629120E-5	5.711016E-3	7.629120E-4	2.472376E-1	6.955893E+0
2.917479E+3	4.114400E+2	2.817908E+1	-2.237971E+0	7.484720E-5	8.888074E-3	7.484720E-4	2.721927E-1	7.659385E+0
2.925522E+3	4.111400E+2	2.819964E+1	4.422061E+0	7.310280E-5	4.577556E-3	7.310280E-4	2.808179E-1	7.902173E+0
2.933663E+3	4.117400E+2	2.815855E+1	4.224811E+0	7.317240E-5	4.854006E-3	7.317240E-4	1.734095E-1	4.886489E+0
2.941474E+3	4.122900E+2	2.812098E+1	-4.964844E+0	7.458500E-5	5.851757E-3	7.458500E-4	2.538834E-1	7.156016E+0
2.962381E+3	4.105600E+2	2.823948E+1	-6.762680E-1	7.291080E-5	8.684535E-3	7.291080E-4	2.652069E-1	7.477107E+0
2.970366E+3	4.104700E+2	2.824567E+1	5.154769E+0	7.134680E-5	3.461274E-3	7.134680E-4	2.416252E-1	6.815375E+0
2.978281E+3	4.111500E+2	2.819895E+1	-2.721193E+0	7.164600E-5	5.441506E-3	7.164600E-4	2.234283E-1	6.308127E+0
3.004299E+3	4.099700E+2	2.828012E+1	-2.117819E+0	7.164520E-5	8.945393E-3	7.164520E-4	1.769175E-1	4.997609E+0
3.012515E+3	4.096800E+2	2.830014E+1	4.596304E+0	6.990660E-5	5.051758E-3	6.990660E-4	1.681158E-1	4.749619E+0
3.020739E+3	4.103100E+2	2.825668E+1	3.584055E+0	6.986440E-5	4.507150E-3	6.986440E-4	1.447678E-1	4.092968E+0
3.028942E+3	4.108000E+2	2.822298E+1	-4.595848E+0	7.121980E-5	5.860712E-3	7.121980E-4	2.425869E-1	6.861436E+0
3.048786E+3	4.092800E+2	2.832780E+1	-2.577454E+0	6.991380E-5	8.436529E-3	6.991380E-4	2.704455E-1	7.651014E+0
3.056468E+3	4.089500E+2	2.835065E+1	4.455997E+0	6.830640E-5	4.860944E-3	6.830640E-4	2.803432E-1	7.931095E+0
3.064547E+3	4.095500E+2	2.830912E+1	3.772654E+0	6.828180E-5	4.512566E-3	6.828180E-4	1.775068E-1	5.028610E+0
3.072658E+3	4.100600E+2	2.827391E+1	-4.714123E+0	6.958680E-5	5.863158E-3	6.958680E-4	2.573155E-1	7.291625E+0
3.093786E+3	4.084000E+2	2.838883E+1	-1.047643E+0	6.802940E-5	8.749946E-3	6.802940E-4	2.685716E-1	7.612599E+0
3.101804E+3	4.082600E+2	2.839857E+1	5.128831E+0	6.657240E-5	3.494394E-3	6.657240E-4	2.532105E-1	7.180163E+0
3.109993E+3	4.089600E+2	2.834996E+1	-2.643875E+0	6.690720E-5	5.800342E-3	6.690720E-4	2.501989E-1	7.102261E+0
3.136318E+3	4.078000E+2	2.843060E+1	-2.151309E+0	6.675460E-5	9.200214E-3	6.675460E-4	1.913439E-1	5.433987E+0
3.144685E+3	4.075000E+2	2.845153E+1	4.966028E+0	6.517000E-5	4.573827E-3	6.517000E-4	1.864541E-1	5.295828E+0
3.152780E+3	4.081700E+2	2.840483E+1	3.250431E+0	6.525520E-5	5.032564E-3	6.525520E-4	1.600346E-1	4.549351E+0
3.160902E+3	4.086100E+2	2.837424E+1	-4.815605E+0	6.651020E-5	5.463123E-3	6.651020E-4	2.511457E-1	7.141793E+0
3.180588E+3	4.070300E+2	2.848439E+1	-1.781958E+0	6.513140E-5	8.890965E-3	6.513140E-4	2.743323E-1	7.802769E+0
3.188669E+3	4.067900E+2	2.850119E+1	4.590493E+0	6.364420E-5	4.402535E-3	6.364420E-4	2.875490E-1	8.178782E+0
3.196642E+3	4.074000E+2	2.845852E+1	3.298351E+0	6.373340E-5	4.846983E-3	6.373340E-4	1.664771E-1	4.740949E+0
3.204646E+3	4.078400E+2	2.842781E+1	-4.558809E+0	6.492720E-5	5.382257E-3	6.492720E-4	2.637425E-1	7.513516E+0
3.224388E+3	4.063400E+2	2.853276E+1	-1.892983E+0	6.357180E-5	8.605432E-3	6.357180E-4	2.883980E-1	8.217292E+0
3.232312E+3	4.060900E+2	2.855032E+1	4.061896E+0	6.217060E-5	4.399481E-3	6.217060E-4	2.795672E-1	7.970195E+0
3.240584E+3	4.066500E+2	2.851100E+1	-2.355314E+0	6.227680E-5	5.034629E-3	6.227680E-4	3.073604E-1	8.775079E+0
3.268351E+3	4.055600E+2	2.858763E+1	-1.539213E+0	6.206120E-5	8.780866E-3	6.206120E-4	2.039362E-1	5.823660E+0
3.276537E+3	4.053500E+2	2.860244E+1	4.686338E+0	6.069100E-5	3.968712E-3	6.069100E-4	1.986446E-1	5.673170E+0
3.284603E+3	4.059800E+2	2.855806E+1	3.139832E+0	6.088580E-5	5.535189E-3	6.088580E-4	1.808357E-1	5.169065E+0
3.292820E+3	4.064100E+2	2.852784E+1	-4.942289E+0	6.207500E-5	5.177646E-3	6.207500E-4	2.718572E-1	7.773101E+0
3.312487E+3	4.047900E+2	2.864201E+1	-1.407407E+0	6.057120E-5	9.145005E-3	6.057120E-4	2.902712E-1	8.301208E+0
3.320587E+3	4.046000E+2	2.865546E+1	4.718024E+0	5.922700E-5	4.232564E-3	5.922700E-4	2.728500E-1	7.805202E+0
3.328726E+3	4.052400E+2	2.861021E+1	-2.165725E+0	5.935600E-5	5.039063E-3	5.935600E-4	2.439073E-1	6.986420E+0
3.354214E+3	4.043200E+2	2.867531E+1	-3.642220E+0	5.963360E-5	8.386334E-3	5.963360E-4	2.299252E-1	6.587760E+0
3.362286E+3	4.038300E+2	2.871010E+1	3.122731E+0	5.809680E-5	6.697982E-3	5.809680E-4	1.909120E-1	5.471010E+0
3.370548E+3	4.042600E+2	2.867956E+1	4.465947E+0	5.772740E-5	2.975152E-3	5.772740E-4	1.658417E-1	4.756797E+0
3.378609E+3	4.048600E+2	2.863706E+1	-3.954106E+0	5.872140E-5	6.339102E-3	5.872140E-4	2.300015E-1	6.599501E+0
3.399701E+3	4.034700E+2	2.873572E+1	-2.609326E+0	5.795380E-5	9.016272E-3	5.795380E-4	2.635325E-1	7.563565E+0
3.407979E+3	4.031100E+2	2.876138E+1	3.932237E+0	5.655280E-5	5.118467E-3	5.655280E-4	2.615227E-1	7.506035E+0
3.416066E+3	4.036400E+2	2.872362E+1	3.754141E+0	5.646560E-5	4.222049E-3	5.646560E-4	1.715181E-1	4.928773E+0
3.424217E+3	4.041500E+2	2.868737E+1	-4.361121E+0	5.749640E-5	5.559728E-3	5.749640E-4	2.553492E-1	7.340631E+0
3.444166E+3	4.027000E+2	2.879066E+1	-2.351212E+0	5.643920E-5	8.797139E-3	5.643920E-4	2.810552E-1	8.081518E+0
3.452332E+3	4.023800E+2	2.881356E+1	4.468319E+0	5.513040E-5	4.840049E-3	5.513040E-4	2.836860E-1	8.157332E+0
3.460523E+3	4.029900E+2	2.876994E+1	3.041642E+0	5.511820E-5	4.513981E-3	5.511820E-4	1.945276E-1	5.601068E+0
3.468808E+3	4.034100E+2	2.873999E+1	-4.440333E+0	5.612660E-5	5.348111E-3	5.612660E-4	2.690555E-1	7.749316E+0
3.490428E+3	4.018100E+2	2.885443E+1	-6.576544E-1	5.473380E-5	8.572702E-3	5.473380E-4	2.825384E-1	8.139480E+0
3.498639E+3	4.017200E+2	2.886090E+1	4.571148E+0	5.366340E-5	2.867761E-3	5.366340E-4	2.581014E-1	7.438399E+0
3.506777E+3	4.023400E+2	2.881642E+1	-2.451357E+0	5.398480E-5	5.739509E-3	5.398480E-4	2.324418E-1	6.706813E+0
3.531498E+3	4.013300E+2	2.888894E+1	-3.177731E+0	5.400360E-5	7.934841E-3	5.400360E-4	2.339334E-1	6.752011E+0
3.539617E+3	4.009000E+2	2.891993E+1	3.298351E+0	5.268420E-5	6.011554E-3	5.268420E-4	2.017506E-1	5.824097E+0
3.547621E+3	4.013400E+2	2.888822E+1	3.834559E+0	5.239920E-5	3.003798E-3	5.239920E-4	1.359689E-1	3.928482E+0
3.555914E+3	4.018700E+2	2.885013E+1	-3.888608E+0	5.324080E-5	5.720021E-3	5.324080E-4	2.188088E-1	6.324489E+0
3.575664E+3	4.005900E+2	2.894231E+1	-2.934703E+0	5.268800E-5	7.918088E-3	5.268800E-4	2.685863E-1	7.764972E+0
3.583842E+3	4.001900E+2	2.897124E+1	3.057139E+0	5.139720E-5	6.161947E-3	5.139720E-4	2.649332E-1	7.659783E+0
3.592085E+3	4.006100E+2	2.894087E+1	3.694581E+0	5.110380E-5	2.658133E-3	5.110380E-4	1.594696E-1	4.616410E+0
3.600205E+3	4.011100E+2	2.890479E+1	-3.820935E+0	5.189040E-5	5.542151E-3	5.189040E-4	2.299478E-1	6.659180E+0
3.621404E+3	3.997600E+2	2.900240E+1	-2.149741E+0	5.117440E-5	8.040181E-3	5.117440E-4	2.657492E-1	7.697686E+0
3.629498E+3	3.994700E+2	2.902346E+1	3.334157E+0	5.003760E-5	4.909568E-3	5.003760E-4	2.662745E-1	7.713077E+0
3.637596E+3	3.999200E+2	2.899080E+1	3.044581E+0	4.991000E-5	3.284540E-3	4.991000E-4	1.592378E-1	4.618410E+0
3.645873E+3	4.003400E+2	2.896038E+1	-3.894548E+0	5.068100E-5	4.861844E-3	5.068100E-4	2.500473E-1	7.255100E+0
3.665901E+3	3.990400E+2	2.905473E+1	-2.158273E+0	4.987200E-5	7.712285E-3	4.987200E-4	2.862125E-1	8.305758E+0
3.673963E+3	3.987500E+2	2.907586E+1	3.126136E+0	4.879720E-5	4.663096E-3	4.879720E-4	2.913910E-1	8.456203E+0
3.682216E+3	3.991800E+2	2.904454E+1	3.009911E+0	4.869660E-5	3.337845E-3	4.869660E-4	2.077998E-1	6.039133E+0
3.690389E+3	3.995900E+2	2.901474E+1	-3.905887E+0	4.944420E-5	4.636259E-3	4.944420E-4	2.781042E-1	8.084508E+0
3.711895E+3	3.981900E+2	2.911675E+1	-7.108163E-1	4.837800E-5	7.934814E-3	4.837800E-4	2.955398E-1	8.592917E+0
3.720336E+3	3.980900E+2	2.912407E+1	3.580127E+0	4.748640E-5	2.949288E-3	4.748640E-4	2.825319E-1	8.218504E+0
3.728548E+3	3.985800E+2	2.908826E+1	-2.221467E+0	4.763840E-5	4.267793E-3	4.763840E-4	3.010476E-1	8.768323E+0
3.755017E+3	3.976000E+2	2.915996E+1	-2.051533E+0	4.737980E-5	7.556779E-3	4.737980E-4	2.690804E-1	7.838732E+0
3.763206E+3	3.973200E+2	2.918051E+1	2.993585E+0	4.639900E-5	4.405538E-3	4.639900E-4	2.353648E-1	6.857512E+0
3.771624E+3	3.977400E+2	2.914970E+1	2.472428E+0	4.634000E-5	3.317127E-3	4.634000E-4	2.031101E-1	5.924405E+0
3.779875E+3	3.980800E+2	2.912480E+1	-3.751292E+0	4.698140E-5	4.216707E-3	4.698140E-4	2.774755E-1	8.096106E+0
3.800188E+3	3.968100E+2	2.921801E+1	-1.580081E+0	4.607580E-5	7.433924E-3	4.607580E-4	3.064685E-1	8.943110E+0
3.808542E+3	3.965900E+2	2.923422E+1	3.023227E+0	4.519080E-5	3.540039E-3	4.519080E-4	3.141786E-1	9.168239E+0
3.816679E+3	3.970000E+2	2.920403E+1	2.443059E+0	4.519960E-5	3.263982E-3	4.519960E-4	1.998680E-1	5.841232E+0
3.824538E+3	3.973200E+2	2.918051E+1	-3.790216E+0	4.578980E-5	3.845896E-3	4.578980E-4	2.781918E-1	8.132416E+0
3.844959E+3	3.960300E+2	2.927556E+1	-9.353640E-1	4.487500E-5	7.410786E-3	4.487500E-4	3.040084E-1	8.888113E+0
3.853298E+3	3.959000E+2	2.928517E+1	2.965892E+0	4.407120E-5	3.316991E-3	4.407120E-4	2.969663E-1	8.686165E+0
3.861390E+3	3.963000E+2	2.925561E+1	-1.946509E+0	4.409640E-5	3.305899E-3	4.409640E-4	3.217368E-1	9.424387E+0
3.887899E+3	3.954400E+2	2.931924E+1	-2.239084E+0	4.389560E-5	6.686942E-3	4.389560E-4	2.979657E-1	8.728682E+0
3.895938E+3	3.951400E+2	2.934150E+1	2.011494E+0	4.306960E-5	4.567464E-3	4.306960E-4	2.533982E-1	7.424058E+0
3.904290E+3	3.954200E+2	2.932072E+1	2.476029E+0	4.290680E-5	2.160171E-3	4.290680E-4	2.062331E-1	6.049065E+0
3.912529E+3	3.957600E+2	2.929553E+1	-3.058776E+0	4.337560E-5	3.684190E-3	4.337560E-4	2.707132E-1	7.943094E+0
3.932537E+3	3.947400E+2	2.937123E+1	-2.321644E+0	4.280220E-5	6.681826E-3	4.280220E-4	3.173425E-1	9.312056E+0
3.940807E+3	3.944200E+2	2.939506E+1	1.771654E+0	4.199660E-5	4.253614E-3	4.199660E-4	3.209399E-1	9.417714E+0
3.948935E+3	3.946600E+2	2.937719E+1	2.670623E+0	4.182440E-5	1.836414E-3	4.182440E-4	2.224410E-1	6.536463E+0
3.957023E+3	3.950200E+2	2.935041E+1	-2.895268E+0	4.225460E-5	3.709937E-3	4.225460E-4	2.701476E-1	7.941321E+0
3.977332E+3	3.940400E+2	2.942341E+1	-2.678904E+0	4.172320E-5	6.260960E-3	4.172320E-4	3.195440E-1	9.394203E+0
3.985395E+3	3.936800E+2	2.945031E+1	1.855976E+0	4.095920E-5	4.369977E-3	4.095920E-4	3.226845E-1	9.486523E+0
3.993477E+3	3.939300E+2	2.943162E+1	2.217982E+0	4.074160E-5	1.412625E-3	4.074160E-4	2.556198E-1	7.527105E+0
4.001863E+3	3.942400E+2	2.940848E+1	-2.851211E+0	4.112700E-5	3.505948E-3	4.112700E-4	2.833302E-1	8.344929E+0
4.023538E+3	3.932100E+2	2.948552E+1	-1.851852E+0	4.050380E-5	6.092578E-3	4.050380E-4	3.169374E-1	9.335616E+0
4.031638E+3	3.929600E+2	2.950428E+1	1.947322E+0	3.984480E-5	3.494867E-3	3.984480E-4	3.039903E-1	8.958128E+0
4.039649E+3	3.932200E+2	2.948477E+1	-1.466496E+0	3.974680E-5	1.963341E-3	3.974680E-4	3.733386E-1	1.102018E+1
4.066243E+3	3.925700E+2	2.953359E+1	-2.444143E+0	3.963280E-5	5.826304E-3	3.963280E-4	3.622916E-1	1.069406E+1
4.074344E+3	3.922400E+2	2.955843E+1	1.120100E+0	3.893440E-5	4.646808E-3	3.893440E-4	3.118452E-1	9.205737E+0
4.082379E+3	3.923900E+2	2.954713E+1	2.058571E+0	3.865660E-5	6.401157E-4	3.865660E-4	2.775620E-1	8.204504E+0
4.090540E+3	3.926700E+2	2.952607E+1	-2.426102E+0	3.891060E-5	2.979675E-3	3.891060E-4	2.848087E-1	8.420439E+0
4.112056E+3	3.918000E+2	2.959163E+1	-2.088254E+0	3.848840E-5	5.567354E-3	3.848840E-4	3.272646E-1	9.676424E+0
4.120101E+3	3.915200E+2	2.961279E+1	1.212427E+0	3.786620E-5	3.887539E-3	3.786620E-4	3.304979E-1	9.771851E+0
4.128019E+3	3.916800E+2	2.960069E+1	1.762546E+0	3.766640E-5	8.392548E-4	3.766640E-4	2.764579E-1	8.187568E+0
4.136189E+3	3.919200E+2	2.958257E+1	-2.435724E+0	3.791080E-5	2.613883E-3	3.791080E-4	2.970045E-1	8.797869E+0
4.157620E+3	3.910500E+2	2.964838E+1	-1.853454E+0	3.743140E-5	5.353370E-3	3.743140E-4	3.344661E-1	9.908034E+0
4.165713E+3	3.908000E+2	2.966735E+1	1.262845E+0	3.686440E-5	3.444877E-3	3.686440E-4	3.426269E-1	1.014941E+1
4.173790E+3	3.909700E+2	2.965445E+1	1.426248E+0	3.671560E-5	9.722663E-4	3.671560E-4	2.842613E-1	8.434682E+0
4.181783E+3	3.911600E+2	2.964004E+1	-2.429031E+0	3.693960E-5	2.289207E-3	3.693960E-4	3.075593E-1	9.128114E+0
4.202285E+3	3.903300E+2	2.970307E+1	-2.075593E+0	3.644520E-5	5.146865E-3	3.644520E-4	3.502512E-1	1.039549E+1
4.210090E+3	3.900600E+2	2.972363E+1	8.955224E-1	3.590620E-5	3.648682E-3	3.590620E-4	3.678101E-1	1.091621E+1
4.218130E+3	3.901800E+2	2.971449E+1	1.490683E+0	3.572160E-5	6.887386E-4	3.572160E-4	3.042947E-1	9.047726E+0
4.226180E+3	3.903800E+2	2.969927E+1	-2.347850E+0	3.591740E-5	2.215433E-3	3.591740E-4	3.184177E-1	9.468842E+0
4.247902E+3	3.895300E+2	2.976407E+1	-1.377477E+0	3.542560E-5	5.116414E-3	3.542560E-4	3.497270E-1	1.040010E+1
4.256178E+3	3.893400E+2	2.977860E+1	1.005868E+0	3.492840E-5	3.131198E-3	3.492840E-4	3.473030E-1	1.033299E+1
4.264529E+3	3.894800E+2	2.976790E+1	-1.298556E+0	3.480940E-5	9.977716E-4	3.480940E-4	4.377953E-1	1.304547E+1
4.291328E+3	3.889000E+2	2.981229E+1	-1.949143E+0	3.455960E-5	4.977019E-3	3.455960E-4	4.226716E-1	1.259518E+1
4.300255E+3	3.886100E+2	2.983454E+1	4.900245E-1	3.403280E-5	3.624978E-3	3.403280E-4	3.990289E-1	1.189032E+1
4.308826E+3	3.886800E+2	2.982917E+1	1.044776E+0	3.384680E-5	3.650917E-4	3.384680E-4	3.670828E-1	1.095584E+1
4.316866E+3	3.888200E+2	2.981842E+1	-1.989213E+0	3.395980E-5	1.533401E-3	3.395980E-4	3.264163E-1	9.744036E+0
4.337075E+3	3.881500E+2	2.986990E+1	-1.877112E+0	3.359760E-5	4.256756E-3	3.359760E-4	3.660597E-1	1.092777E+1
4.345066E+3	3.879000E+2	2.988915E+1	2.169982E-1	3.316300E-5	3.425377E-3	3.316300E-4	3.936146E-1	1.174971E+1
4.353361E+3	3.879300E+2	2.988684E+1	8.742108E-1	3.295720E-5	4.987609E-4	3.295720E-4	3.957243E-1	1.183401E+1
4.361597E+3	3.880500E+2	2.987759E+1	-1.865996E+0	3.302220E-5	1.169005E-3	3.302220E-4	3.596187E-1	1.075618E+1
4.383462E+3	3.873700E+2	2.993004E+1	-1.482030E+0	3.260500E-5	3.971931E-3	3.260500E-4	3.805910E-1	1.138358E+1
4.391559E+3	3.871700E+2	2.994550E+1	2.968460E-1	3.223940E-5	2.792356E-3	3.223940E-4	3.712698E-1	1.110803E+1
4.399644E+3	3.872100E+2	2.994241E+1	-8.833846E-1	3.208580E-5	3.345133E-4	3.208580E-4	4.204761E-1	1.259931E+1
4.422737E+3	3.868700E+2	2.996872E+1	-2.510142E+0	3.196680E-5	3.055561E-3	3.196680E-4	4.160837E-1	1.247035E+1
4.430625E+3	3.865400E+2	2.999431E+1	-9.591736E-1	3.160540E-5	3.932975E-3	3.160540E-4	4.436811E-1	1.329770E+1
4.438757E+3	3.864100E+2	3.000440E+1	4.435683E-1	3.128820E-5	2.157351E-3	3.128820E-4	4.846152E-1	1.454018E+1
4.446873E+3	3.864700E+2	2.999974E+1	-1.092091E+0	3.119960E-5	3.273355E-4	3.119960E-4	4.062481E-1	1.219729E+1
4.469948E+3	3.860500E+2	3.003238E+1	-2.094763E+0	3.101760E-5	3.031961E-3	3.101760E-4	4.085497E-1	1.226799E+1
4.477968E+3	3.857700E+2	3.005418E+1	-7.422068E-1	3.067260E-5	3.614280E-3	3.067260E-4	4.382592E-1	1.316018E+1
4.486052E+3	3.856700E+2	3.006197E+1	2.942980E-1	3.040380E-5	1.806651E-3	3.040380E-4	5.145964E-1	1.547091E+1
4.494207E+3	3.857100E+2	3.005885E+1	-1.090502E+0	3.033200E-5	1.850351E-4	3.033200E-4	4.146189E-1	1.247246E+1
4.515665E+3	3.853200E+2	3.008928E+1	-1.945865E+0	3.013120E-5	2.738518E-3	3.013120E-4	4.119798E-1	1.239513E+1
4.523682E+3	3.850600E+2	3.010959E+1	-1.029538E+0	2.982900E-5	3.303559E-3	2.982900E-4	4.488313E-1	1.350457E+1
4.531841E+3	3.849200E+2	3.012054E+1	-7.380982E-2	2.956880E-5	2.094949E-3	2.956880E-4	5.136629E-1	1.547245E+1
4.539970E+3	3.849100E+2	3.012133E+1	-9.956670E-1	2.945280E-5	4.974958E-4	2.945280E-4	4.338593E-1	1.307667E+1
4.561664E+3	3.845500E+2	3.014953E+1	-1.743975E+0	2.924140E-5	2.388804E-3	2.924140E-4	4.205809E-1	1.267925E+1
4.569921E+3	3.843100E+2	3.016835E+1	-1.043867E+0	2.898680E-5	2.891025E-3	2.898680E-4	4.497194E-1	1.355885E+1
4.577968E+3	3.841700E+2	3.017935E+1	-1.485516E-1	2.875340E-5	1.957600E-3	2.875340E-4	5.025601E-1	1.516922E+1
4.586046E+3	3.841500E+2	3.018092E+1	-1.054798E+0	2.863680E-5	6.581305E-4	2.863680E-4	4.665938E-1	1.409118E+1
4.609368E+3	3.837400E+2	3.021317E+1	-1.529497E+0	2.833940E-5	2.635956E-3	2.833940E-4	4.582806E-1	1.384294E+1
4.617606E+3	3.835300E+2	3.022971E+1	-7.909875E-1	2.809200E-5	2.691544E-3	2.809200E-4	4.708226E-1	1.422346E+1
4.625950E+3	3.834200E+2	3.023838E+1	-3.112302E-1	2.790020E-5	1.488718E-3	2.790020E-4	4.843065E-1	1.464935E+1
4.637517E+3	3.833600E+2	3.024311E+1	-1.381806E+0	2.779480E-5	5.747471E-4	2.779480E-4	4.465077E-1	1.351187E+1
4.655754E+3	3.829400E+2	3.027628E+1	-1.397573E+0	2.748680E-5	2.589890E-3	2.748680E-4	4.493361E-1	1.359984E+1
4.663911E+3	3.827500E+2	3.029131E+1	-6.590188E-1	2.726040E-5	2.403607E-3	2.726040E-4	4.684099E-1	1.418090E+1
4.672105E+3	3.826600E+2	3.029844E+1	-5.554043E-1	2.709100E-5	1.384347E-3	2.709100E-4	4.880967E-1	1.479358E+1
4.690470E+3	3.824900E+2	3.031190E+1	-1.633011E+0	2.692180E-5	1.312315E-3	2.692180E-4	4.550456E-1	1.379759E+1
4.701860E+3	3.821800E+2	3.033649E+1	-1.283575E+0	2.669340E-5	2.494644E-3	2.669340E-4	4.591619E-1	1.392522E+1
4.710274E+3	3.820000E+2	3.035079E+1	-6.665021E-1	2.647820E-5	2.272991E-3	2.647820E-4	4.864802E-1	1.476189E+1
4.718376E+3	3.819100E+2	3.035794E+1	-7.520891E-1	2.632280E-5	1.389724E-3	2.632280E-4	4.936837E-1	1.499314E+1
4.739916E+3	3.816400E+2	3.037942E+1	-1.614907E+0	2.607660E-5	1.803728E-3	2.607660E-4	4.681695E-1	1.422402E+1
4.749576E+3	3.813800E+2	3.040013E+1	-1.325967E+0	2.586280E-5	2.518818E-3	2.586280E-4	4.741890E-1	1.441024E+1
4.757721E+3	3.812000E+2	3.041448E+1	-6.579749E-1	2.566140E-5	2.270527E-3	2.566140E-4	4.972270E-1	1.512107E+1
4.765928E+3	3.811100E+2	3.042166E+1	-7.576466E-1	2.551300E-5	1.307927E-3	2.551300E-4	4.855732E-1	1.477752E+1
4.787310E+3	3.808400E+2	3.044323E+1	-1.522688E+0	2.528520E-5	1.696548E-3	2.528520E-4	4.682096E-1	1.425453E+1
4.797161E+3	3.805900E+2	3.046323E+1	-1.175031E+0	2.507560E-5	2.389871E-3	2.507560E-4	4.801920E-1	1.462293E+1
4.805331E+3	3.804300E+2	3.047604E+1	-5.641026E-1	2.489440E-5	1.978046E-3	2.489440E-4	4.910489E-1	1.496542E+1
4.817031E+3	3.803200E+2	3.048485E+1	-9.749756E-1	2.472960E-5	9.682196E-4	2.472960E-4	4.845598E-1	1.477698E+1
4.835493E+3	3.800200E+2	3.050892E+1	-1.299773E+0	2.450780E-5	1.846413E-3	2.450780E-4	4.663466E-1	1.422667E+1
4.845187E+3	3.798100E+2	3.052579E+1	-1.208764E+0	2.430760E-5	2.166293E-3	2.430760E-4	4.751454E-1	1.449972E+1
4.853129E+3	3.796500E+2	3.053865E+1	-6.837867E-1	2.414560E-5	1.874385E-3	2.414560E-4	5.101210E-1	1.557942E+1
4.866291E+3	3.795000E+2	3.055072E+1	-1.043758E+0	2.396280E-5	1.273798E-3	2.396280E-4	4.952850E-1	1.513490E+1
4.881237E+3	3.792400E+2	3.057167E+1	-1.272470E+0	2.374960E-5	1.872556E-3	2.374960E-4	4.907799E-1	1.500307E+1
4.891139E+3	3.790300E+2	3.058861E+1	-9.570332E-1	2.355920E-5	2.107917E-3	2.355920E-4	4.872736E-1	1.490228E+1
4.901170E+3	3.788700E+2	3.060153E+1	-7.679871E-1	2.338880E-5	1.562010E-3	2.338880E-4	4.943633E-1	1.512993E+1
4.916014E+3	3.786800E+2	3.061688E+1	-1.124185E+0	2.320720E-5	1.377333E-3	2.320720E-4	4.814870E-1	1.474383E+1
4.929357E+3	3.784300E+2	3.063711E+1	-1.209312E+0	2.300320E-5	1.986542E-3	2.300320E-4	4.845542E-1	1.484307E+1
4.939280E+3	3.782300E+2	3.065331E+1	-7.753479E-1	2.282780E-5	1.960641E-3	2.282780E-4	4.883944E-1	1.496883E+1
4.949340E+3	3.781000E+2	3.066385E+1	-9.173702E-1	2.267520E-5	1.479325E-3	2.267520E-4	4.841299E-1	1.484910E+1
4.964383E+3	3.778700E+2	3.068251E+1	-1.226158E+0	2.248520E-5	1.568415E-3	2.248520E-4	4.814629E-1	1.477376E+1
4.977595E+3	3.776000E+2	3.070445E+1	-1.100514E+0	2.227020E-5	2.123160E-3	2.227020E-4	4.892685E-1	1.501848E+1
4.985773E+3	3.774500E+2	3.071665E+1	-8.173691E-1	2.211980E-5	1.980519E-3	2.211980E-4	5.097375E-1	1.565617E+1
4.997518E+3	3.772900E+2	3.072968E+1	-8.624230E-1	2.194560E-5	1.399144E-3	2.194560E-4	4.950984E-1	1.521793E+1
5.012128E+3	3.770800E+2	3.074679E+1	-1.214480E+0	2.177520E-5	1.459987E-3	2.177520E-4	4.828399E-1	1.484695E+1
5.024973E+3	3.768200E+2	3.076801E+1	-9.879592E-1	2.158100E-5	1.963729E-3	2.158100E-4	4.769916E-1	1.467320E+1
5.034690E+3	3.766600E+2	3.078108E+1	-9.340137E-1	2.141940E-5	1.890550E-3	2.141940E-4	4.983553E-1	1.533890E+1
5.046253E+3	3.764800E+2	3.079579E+1	-8.281573E-1	2.126200E-5	1.487291E-3	2.126200E-4	5.039960E-1	1.552283E+1
5.060743E+3	3.762800E+2	3.081216E+1	-1.161563E+0	2.108520E-5	1.522609E-3	2.108520E-4	4.768180E-1	1.469354E+1
5.072107E+3	3.760600E+2	3.083019E+1	-1.262493E+0	2.091380E-5	1.902845E-3	2.091380E-4	4.859325E-1	1.498100E+1
5.083513E+3	3.758200E+2	3.084987E+1	-8.461877E-1	2.072800E-5	1.968269E-3	2.072800E-4	4.966854E-1	1.531989E+1
5.094858E+3	3.756600E+2	3.086301E+1	-8.368201E-1	2.056380E-5	1.538711E-3	2.056380E-4	4.980409E-1	1.537161E+1
5.107764E+3	3.754800E+2	3.087781E+1	-1.104888E+0	2.041140E-5	1.480182E-3	2.041140E-4	4.962884E-1	1.532601E+1
5.120797E+3	3.752400E+2	3.089756E+1	-1.037218E+0	2.023580E-5	1.852130E-3	2.023580E-4	4.866619E-1	1.503542E+1
5.130631E+3	3.750700E+2	3.091156E+1	-9.287207E-1	2.008960E-5	1.865343E-3	2.008960E-4	4.931474E-1	1.524367E+1
5.143552E+3	3.748700E+2	3.092806E+1	-9.126169E-1	1.991670E-5	1.518168E-3	1.991670E-4	4.939732E-1	1.527859E+1
5.156701E+3	3.746700E+2	3.094456E+1	-1.100052E+0	1.975772E-5	1.602988E-3	1.975772E-4	4.910819E-1	1.519697E+1
5.168155E+3	3.744600E+2	3.096192E+1	-1.013358E+0	1.960532E-5	1.871532E-3	1.960532E-4	4.906437E-1	1.519082E+1
5.181181E+3	3.742400E+2	3.098012E+1	-1.045296E+0	1.941608E-5	1.886707E-3	1.941608E-4	4.976898E-1	1.541690E+1
5.190939E+3	3.740700E+2	3.099420E+1	-9.876115E-1	1.928056E-5	1.706688E-3	1.928056E-4	5.005553E-1	1.551510E+1
5.202482E+3	3.738800E+2	3.100995E+1	-1.050388E+0	1.913108E-5	1.729468E-3	1.913108E-4	4.996591E-1	1.549547E+1
5.215620E+3	3.736500E+2	3.102904E+1	-9.380700E-1	1.895612E-5	1.818533E-3	1.895612E-4	4.965484E-1	1.540651E+1
5.227133E+3	3.734700E+2	3.104399E+1	-1.029513E+0	1.880186E-5	1.729250E-3	1.880186E-4	4.959095E-1	1.539508E+1
5.238789E+3	3.732700E+2	3.106063E+1	-9.713228E-1	1.865894E-5	1.690938E-3	1.865894E-4	4.920516E-1	1.528475E+1
5.251761E+3	3.730600E+2	3.107811E+1	-1.027627E+0	1.849620E-5	1.684965E-3	1.849620E-4	4.842259E-1	1.504867E+1
5.265190E+3	3.728300E+2	3.109728E+1	-1.022761E+0	1.832600E-5	1.816267E-3	1.832600E-4	4.946789E-1	1.538158E+1
5.275163E+3	3.726600E+2	3.111147E+1	-9.237164E-1	1.819982E-5	1.766411E-3	1.819982E-4	4.874577E-1	1.516624E+1
5.288154E+3	3.724600E+2	3.112817E+1	-1.053918E+0	1.804246E-5	1.655155E-3	1.804246E-4	4.807162E-1	1.496516E+1
5.301248E+3	3.722300E+2	3.114741E+1	-1.188119E+0	1.788616E-5	1.849421E-3	1.788616E-4	4.915152E-1	1.530827E+1
5.311348E+3	3.720300E+2	3.116415E+1	-9.141696E-1	1.774664E-5	2.015770E-3	1.774664E-4	5.043165E-1	1.571443E+1
5.323162E+3	3.718500E+2	3.117924E+1	-8.277289E-1	1.759236E-5	1.716008E-3	1.759236E-4	5.133170E-1	1.600536E+1
5.334760E+3	3.716900E+2	3.119266E+1	-9.761388E-1	1.746726E-5	1.487373E-3	1.746726E-4	5.003066E-1	1.560902E+1
5.349512E+3	3.714500E+2	3.121281E+1	-1.215859E+0	1.730482E-5	1.795827E-3	1.730482E-4	4.922311E-1	1.536347E+1
5.360862E+3	3.712200E+2	3.123215E+1	-8.982036E-1	1.714760E-5	2.145142E-3	1.714760E-4	4.932505E-1	1.540271E+1
5.370882E+3	3.710700E+2	3.124478E+1	-9.614651E-1	1.702382E-5	1.715733E-3	1.702382E-4	5.099259E-1	1.593301E+1
5.383987E+3	3.708600E+2	3.126247E+1	-8.683068E-1	1.687934E-5	1.566445E-3	1.687934E-4	4.976824E-1	1.555994E+1
5.397116E+3	3.706700E+2	3.127850E+1	-1.177835E+0	1.673650E-5	1.737446E-3	1.673650E-4	4.847517E-1	1.516282E+1
5.408323E+3	3.704500E+2	3.129707E+1	-1.034750E+0	1.660282E-5	1.860230E-3	1.660282E-4	4.882714E-1	1.528118E+1
5.419920E+3	3.702500E+2	3.131398E+1	-1.046846E+0	1.645980E-5	1.912707E-3	1.645980E-4	4.974990E-1	1.557745E+1
5.431383E+3	3.700500E+2	3.133090E+1	-8.849558E-1	1.631896E-5	1.833221E-3	1.631896E-4	5.083130E-1	1.592571E+1
5.442909E+3	3.698800E+2	3.134530E+1	-1.020014E+0	1.619166E-5	1.676847E-3	1.619166E-4	5.165876E-1	1.619333E+1
5.455850E+3	3.696600E+2	3.136396E+1	-8.325624E-1	1.605142E-5	1.682068E-3	1.605142E-4	5.018293E-1	1.573959E+1
5.468822E+3	3.694800E+2	3.137924E+1	-1.169280E+0	1.590928E-5	1.606460E-3	1.590928E-4	4.941436E-1	1.550703E+1
5.480111E+3	3.692600E+2	3.139793E+1	-1.044821E+0	1.578256E-5	1.884098E-3	1.578256E-4	5.003649E-1	1.571027E+1
5.493319E+3	3.690300E+2	3.141750E+1	-9.631785E-1	1.562432E-5	1.973806E-3	1.562432E-4	4.987720E-1	1.566795E+1
5.503286E+3	3.688700E+2	3.143113E+1	-8.967940E-1	1.551158E-5	1.802369E-3	1.551158E-4	4.955659E-1	1.557735E+1
5.516667E+3	3.686700E+2	3.144818E+1	-1.160444E+0	1.537630E-5	1.657625E-3	1.537630E-4	4.805548E-1	1.511456E+1
5.528559E+3	3.684400E+2	3.146781E+1	-1.145634E+0	1.525036E-5	2.023828E-3	1.525036E-4	4.912808E-1	1.545853E+1
5.540081E+3	3.682200E+2	3.148661E+1	-8.630172E-1	1.510770E-5	2.198925E-3	1.510770E-4	5.071779E-1	1.596699E+1
5.551900E+3	3.680500E+2	3.150115E+1	-8.702290E-1	1.497594E-5	1.694118E-3	1.497594E-4	5.088290E-1	1.602966E+1
5.565000E+3	3.678600E+2	3.151743E+1	-1.183838E+0	1.485272E-5	1.589686E-3	1.485272E-4	5.001545E-1	1.576509E+1
5.576657E+3	3.676300E+2	3.153714E+1	-9.862445E-1	1.472996E-5	1.987281E-3	1.472996E-4	4.937453E-1	1.556984E+1
5.588216E+3	3.674400E+2	3.155345E+1	-8.970187E-1	1.459878E-5	1.912281E-3	1.459878E-4	4.985886E-1	1.573186E+1
5.599587E+3	3.672700E+2	3.156806E+1	-9.685230E-1	1.448408E-5	1.613991E-3	1.448408E-4	5.028602E-1	1.587597E+1
5.614455E+3	3.670300E+2	3.158870E+1	-1.100132E+0	1.434308E-5	1.753936E-3	1.434308E-4	4.903482E-1	1.548851E+1
5.624272E+3	3.668500E+2	3.160420E+1	-1.003609E+0	1.424040E-5	1.886661E-3	1.424040E-4	4.871059E-1	1.539388E+1
5.635631E+3	3.666600E+2	3.162057E+1	-1.053093E+0	1.412038E-5	1.842137E-3	1.412038E-4	5.093301E-1	1.610564E+1
5.647026E+3	3.664600E+2	3.163783E+1	-8.850245E-1	1.400064E-5	1.825316E-3	1.400064E-4	5.136168E-1	1.625019E+1
5.659907E+3	3.662700E+2	3.165424E+1	-1.003116E+0	1.387128E-5	1.751231E-3	1.387128E-4	5.028943E-1	1.592002E+1
5.673066E+3	3.660500E+2	3.167327E+1	-1.105250E+0	1.374726E-5	1.873920E-3	1.374726E-4	4.976541E-1	1.576222E+1
5.685009E+3	3.658300E+2	3.169232E+1	-1.037265E+0	1.362248E-5	2.105561E-3	1.362248E-4	4.938144E-1	1.564843E+1
5.695421E+3	3.656500E+2	3.170792E+1	-9.275079E-1	1.351460E-5	1.996092E-3	1.351460E-4	5.053243E-1	1.602230E+1
5.707712E+3	3.654600E+2	3.172440E+1	-9.318293E-1	1.339808E-5	1.823384E-3	1.339808E-4	5.062448E-1	1.606151E+1
5.719946E+3	3.652700E+2	3.174090E+1	-1.012621E+0	1.328772E-5	1.836092E-3	1.328772E-4	4.993612E-1	1.585100E+1
5.733574E+3	3.650400E+2	3.176090E+1	-1.084120E+0	1.315878E-5	1.942196E-3	1.315878E-4	4.937129E-1	1.568002E+1
5.743536E+3	3.648600E+2	3.177657E+1	-1.080710E+0	1.305762E-5	2.037070E-3	1.305762E-4	5.061068E-1	1.608162E+1
5.755195E+3	3.646500E+2	3.179487E+1	-8.710504E-1	1.293900E-5	1.955321E-3	1.293900E-4	5.072723E-1	1.612884E+1
5.766905E+3	3.644800E+2	3.180970E+1	-1.018075E+0	1.283018E-5	1.796189E-3	1.283018E-4	4.944789E-1	1.573127E+1
5.780460E+3	3.642500E+2	3.182979E+1	-1.137863E+0	1.271126E-5	1.852405E-3	1.271126E-4	4.930454E-1	1.569377E+1
5.792588E+3	3.640200E+2	3.184990E+1	-9.506205E-1	1.259458E-5	2.200451E-3	1.259458E-4	4.915257E-1	1.565328E+1
5.803949E+3	3.638400E+2	3.186566E+1	-9.583207E-1	1.248608E-5	2.155994E-3	1.248608E-4	5.064333E-1	1.613738E+1
5.817097E+3	3.636300E+2	3.188406E+1	-9.565140E-1	1.237038E-5	2.025957E-3	1.237038E-4	5.104736E-1	1.627647E+1
5.828388E+3	3.634500E+2	3.189985E+1	-1.024347E+0	1.227174E-5	2.164858E-3	1.227174E-4	4.967252E-1	1.584587E+1
5.841860E+3	3.632200E+2	3.192005E+1	-1.091142E+0	1.215036E-5	2.217706E-3	1.215036E-4	4.940687E-1	1.577060E+1
5.851208E+3	3.630500E+2	3.193500E+1	-1.092482E+0	1.206382E-5	2.265145E-3	1.206382E-4	5.033350E-1	1.607428E+1
5.864389E+3	3.628100E+2	3.195612E+1	-8.858781E-1	1.193612E-5	2.434430E-3	1.193612E-4	5.170310E-1	1.652090E+1
5.875903E+3	3.626400E+2	3.197110E+1	-8.888196E-1	1.183700E-5	2.049292E-3	1.183700E-4	5.161366E-1	1.650157E+1
5.888729E+3	3.624500E+2	3.198786E+1	-1.062545E+0	1.173336E-5	1.943351E-3	1.173336E-4	5.058760E-1	1.618321E+1
5.901152E+3	3.622300E+2	3.200729E+1	-1.049048E+0	1.162584E-5	2.115125E-3	1.162584E-4	4.943579E-1	1.582236E+1
5.912019E+3	3.620400E+2	3.202409E+1	-1.030741E+0	1.153032E-5	2.089929E-3	1.153032E-4	5.052496E-1	1.617887E+1
5.923079E+3	3.618500E+2	3.204090E+1	-8.222491E-1	1.143280E-5	2.040819E-3	1.143280E-4	5.092056E-1	1.631613E+1
5.935484E+3	3.616800E+2	3.205596E+1	-1.070871E+0	1.133442E-5	1.883590E-3	1.133442E-4	5.156297E-1	1.653058E+1
5.948931E+3	3.614400E+2	3.207725E+1	-9.064205E-1	1.122338E-5	2.028985E-3	1.122338E-4	5.049558E-1	1.619732E+1
5.960846E+3	3.612600E+2	3.209323E+1	-1.121781E+0	1.112434E-5	1.895022E-3	1.112434E-4	4.911131E-1	1.576195E+1
5.972613E+3	3.610400E+2	3.211279E+1	-1.119783E+0	1.102384E-5	2.116914E-3	1.102384E-4	5.089579E-1	1.634357E+1
5.984401E+3	3.608200E+2	3.213237E+1	-8.421791E-1	1.091920E-5	1.998845E-3	1.091920E-4	5.077066E-1	1.631198E+1
5.995800E+3	3.606600E+2	3.214662E+1	-9.558489E-1	1.082592E-5	1.846152E-3	1.082592E-4	5.151205E-1	1.656002E+1
6.008982E+3	3.604500E+2	3.216535E+1	-9.909597E-1	1.072842E-5	1.740595E-3	1.072842E-4	5.089932E-1	1.637246E+1
6.020486E+3	3.602600E+2	3.218231E+1	-1.046755E+0	1.063884E-5	1.985176E-3	1.063884E-4	4.961118E-1	1.596646E+1
6.031950E+3	3.600600E+2	3.220019E+1	-1.008635E+0	1.054418E-5	1.973865E-3	1.054418E-4	5.042534E-1	1.623730E+1
6.045037E+3	3.598400E+2	3.221988E+1	-9.670487E-1	1.043978E-5	1.888950E-3	1.043978E-4	5.056771E-1	1.629233E+1
6.056205E+3	3.596600E+2	3.223600E+1	-1.004031E+0	1.035264E-5	1.898756E-3	1.035264E-4	5.055849E-1	1.629861E+1
6.069352E+3	3.594400E+2	3.225573E+1	-1.033503E+0	1.025218E-5	1.915547E-3	1.025218E-4	5.023721E-1	1.620392E+1
6.080963E+3	3.592400E+2	3.227369E+1	-1.094003E+0	1.015950E-5	2.085556E-3	1.015950E-4	5.057925E-1	1.632232E+1
6.090835E+3	3.590600E+2	3.228987E+1	-9.120851E-1	1.007852E-5	2.055327E-3	1.007852E-4	5.066486E-1	1.636060E+1
6.102676E+3	3.588800E+2	3.230606E+1	-9.580838E-1	9.991080E-6	1.797800E-3	9.991080E-5	5.115739E-1	1.652867E+1
6.117706E+3	3.586400E+2	3.232768E+1	-9.741924E-1	9.886520E-6	1.905119E-3	9.886520E-5	5.022082E-1	1.623522E+1
6.129408E+3	3.584500E+2	3.234482E+1	-1.199791E+0	9.795740E-6	2.099640E-3	9.795740E-5	5.012793E-1	1.621278E+1
6.140910E+3	3.582200E+2	3.236559E+1	-8.851298E-1	9.703400E-6	2.157604E-3	9.703400E-5	5.039346E-1	1.630838E+1
6.151078E+3	3.580700E+2	3.237914E+1	-9.208103E-1	9.629580E-6	1.794902E-3	9.629580E-5	4.967175E-1	1.608428E+1
6.164110E+3	3.578700E+2	3.239724E+1	-9.929291E-1	9.544520E-6	1.748336E-3	9.544520E-5	5.010734E-1	1.623529E+1
6.177404E+3	3.576500E+2	3.241717E+1	-1.109937E+0	9.453020E-6	2.014617E-3	9.453020E-5	4.963973E-1	1.609107E+1
6.188756E+3	3.574400E+2	3.243621E+1	-1.107125E+0	9.362820E-6	2.217524E-3	9.362820E-5	5.140379E-1	1.667205E+1
6.198511E+3	3.572600E+2	3.245256E+1	-9.112309E-1	9.284260E-6	2.129002E-3	9.284260E-5	5.247505E-1	1.702975E+1
6.211680E+3	3.570600E+2	3.247073E+1	-9.165203E-1	9.189540E-6	1.781094E-3	9.189540E-5	5.145178E-1	1.670764E+1
6.224773E+3	3.568600E+2	3.248893E+1	-1.062036E+0	9.106200E-6	1.901629E-3	9.106200E-5	5.022244E-1	1.631714E+1
6.236637E+3	3.566500E+2	3.250806E+1	-1.049777E+0	9.025700E-6	2.067933E-3	9.025700E-5	4.975021E-1	1.617204E+1
6.248068E+3	3.564500E+2	3.252630E+1	-9.562600E-1	8.943200E-6	1.980168E-3	8.943200E-5	5.029261E-1	1.635799E+1
6.259362E+3	3.562700E+2	3.254273E+1	-9.810479E-1	8.863580E-6	1.946688E-3	8.863580E-5	5.098938E-1	1.659419E+1
6.272817E+3	3.560500E+2	3.256284E+1	-9.630005E-1	8.776720E-6	1.940414E-3	8.776720E-5	5.037454E-1	1.640386E+1
6.284655E+3	3.558600E+2	3.258023E+1	-1.048792E+0	8.700160E-6	1.993787E-3	8.700160E-5	4.967504E-1	1.618413E+1
6.297813E+3	3.556300E+2	3.260130E+1	-1.050896E+0	8.610200E-6	2.016934E-3	8.610200E-5	5.054470E-1	1.647735E+1
6.307519E+3	3.554600E+2	3.261689E+1	-1.007172E+0	8.543180E-6	2.060213E-3	8.543180E-5	5.146368E-1	1.678587E+1
6.320625E+3	3.552400E+2	3.263709E+1	-9.392121E-1	8.452100E-6	1.998960E-3	8.452100E-5	5.159125E-1	1.683760E+1
6.332124E+3	3.550600E+2	3.265364E+1	-1.046299E+0	8.377980E-6	1.919765E-3	8.377980E-5	5.081862E-1	1.659503E+1
6.343593E+3	3.548600E+2	3.267204E+1	-1.037048E+0	8.304040E-6	2.040075E-3	8.304040E-5	5.028565E-1	1.642969E+1
6.356900E+3	3.546300E+2	3.269323E+1	-9.538003E-1	8.217600E-6	2.078229E-3	8.217600E-5	5.124895E-1	1.675273E+1
6.366965E+3	3.544700E+2	3.270799E+1	-8.743672E-1	8.153460E-6	1.980034E-3	8.153460E-5	5.129881E-1	1.677966E+1
6.380003E+3	3.542800E+2	3.272553E+1	-1.056419E+0	8.073940E-6	1.842877E-3	8.073940E-5	5.116898E-1	1.674715E+1
6.393066E+3	3.540500E+2	3.274679E+1	-9.684819E-1	7.995360E-6	1.974119E-3	7.995360E-5	5.003008E-1	1.638300E+1
6.404837E+3	3.538600E+2	3.276437E+1	-1.130331E+0	7.922200E-6	2.087683E-3	7.922200E-5	4.932983E-1	1.616218E+1
6.416515E+3	3.536400E+2	3.278475E+1	-1.085754E+0	7.844180E-6	2.210083E-3	7.844180E-5	5.162740E-1	1.692475E+1
6.426462E+3	3.534600E+2	3.280145E+1	-8.543806E-1	7.778340E-6	2.112190E-3	7.778340E-5	5.116226E-1	1.678174E+1
6.439805E+3	3.532700E+2	3.281909E+1	-1.014370E+0	7.699040E-6	1.848739E-3	7.699040E-5	5.058709E-1	1.660384E+1
6.451635E+3	3.530700E+2	3.283768E+1	-1.035958E+0	7.634580E-6	1.899465E-3	7.634580E-5	4.991327E-1	1.639144E+1
6.464956E+3	3.528400E+2	3.285909E+1	-1.019195E+0	7.555460E-6	2.126519E-3	7.555460E-5	4.986155E-1	1.638266E+1
6.476730E+3	3.526400E+2	3.287772E+1	-9.291921E-1	7.483260E-6	2.045428E-3	7.483260E-5	5.176142E-1	1.701686E+1
6.488353E+3	3.524600E+2	3.289451E+1	-9.503696E-1	7.414740E-6	2.000248E-3	7.414740E-5	5.147195E-1	1.693262E+1
6.501611E+3	3.522500E+2	3.291412E+1	-1.086301E+0	7.339820E-6	1.949739E-3	7.339820E-5	5.093938E-1	1.676657E+1
6.513210E+3	3.520400E+2	3.293376E+1	-9.887251E-1	7.272600E-6	1.993809E-3	7.272600E-5	5.019289E-1	1.652988E+1
6.524740E+3	3.518500E+2	3.295154E+1	-1.076095E+0	7.204620E-6	2.106317E-3	7.204620E-5	5.098780E-1	1.680098E+1
6.536449E+3	3.516400E+2	3.297122E+1	-9.514580E-1	7.133960E-6	2.165791E-3	7.133960E-5	5.197269E-1	1.713573E+1
6.547800E+3	3.514600E+2	3.298811E+1	-9.592691E-1	7.068440E-6	1.982191E-3	7.068440E-5	5.220344E-1	1.722098E+1
6.560935E+3	3.512500E+2	3.300783E+1	-9.340944E-1	6.998140E-6	1.955487E-3	6.998140E-5	5.096345E-1	1.682228E+1
6.572497E+3	3.510700E+2	3.302475E+1	-1.151832E+0	6.934740E-6	2.036884E-3	6.934740E-5	5.076115E-1	1.676455E+1
6.583957E+3	3.508500E+2	3.304546E+1	-9.106777E-1	6.870200E-6	2.136356E-3	6.870200E-5	5.085592E-1	1.680525E+1
6.597134E+3	3.506500E+2	3.306431E+1	-9.698826E-1	6.797880E-6	2.028269E-3	6.797880E-5	5.058753E-1	1.672540E+1
6.608888E+3	3.504600E+2	3.308223E+1	-9.912182E-1	6.737500E-6	1.978346E-3	6.737500E-5	5.057109E-1	1.673096E+1
6.620389E+3	3.502700E+2	3.310018E+1	-1.060152E+0	6.678000E-6	1.923049E-3	6.678000E-5	4.931569E-1	1.632439E+1
6.633406E+3	3.500400E+2	3.312193E+1	-1.067827E+0	6.608280E-6	2.153408E-3	6.608280E-5	5.015762E-1	1.661249E+1
6.643520E+3	3.498600E+2	3.313897E+1	-9.997728E-1	6.551380E-6	2.280759E-3	6.551380E-5	5.183015E-1	1.717543E+1
6.656723E+3	3.496400E+2	3.315982E+1	-8.861859E-1	6.479320E-6	2.150399E-3	6.479320E-5	5.250279E-1	1.740900E+1
6.668233E+3	3.494700E+2	3.317595E+1	-1.025028E+0	6.420720E-6	1.975437E-3	6.420720E-5	5.121593E-1	1.699213E+1
6.679940E+3	3.492700E+2	3.319495E+1	-1.068340E+0	6.362000E-6	2.076218E-3	6.362000E-5	5.010039E-1	1.663231E+1
6.691734E+3	3.490600E+2	3.321492E+1	-1.006635E+0	6.302140E-6	2.077708E-3	6.302140E-5	5.023959E-1	1.668648E+1
6.704847E+3	3.488400E+2	3.323587E+1	-8.845720E-1	6.234100E-6	2.072433E-3	6.234100E-5	5.166891E-1	1.717115E+1
6.716378E+3	3.486700E+2	3.325207E+1	-9.496533E-1	6.178840E-6	1.963226E-3	6.178840E-5	5.135847E-1	1.707900E+1
6.729646E+3	3.484600E+2	3.327211E+1	-1.123883E+0	6.114860E-6	2.066147E-3	6.114860E-5	4.997213E-1	1.662766E+1
6.741391E+3	3.482400E+2	3.329313E+1	-1.139316E+0	6.055840E-6	2.266422E-3	6.055840E-5	5.039865E-1	1.677766E+1
6.751397E+3	3.480500E+2	3.331131E+1	-9.287127E-1	6.001940E-6	2.328994E-3	6.001940E-5	5.150180E-1	1.715521E+1
6.763026E+3	3.478700E+2	3.332854E+1	-9.343715E-1	5.941560E-6	2.156209E-3	5.941560E-5	5.195121E-1	1.731655E+1
6.776511E+3	3.476600E+2	3.334867E+1	-1.046962E+0	5.880520E-6	1.944168E-3	5.880520E-5	5.101713E-1	1.701427E+1
6.789692E+3	3.474300E+2	3.337075E+1	-1.070579E+0	5.819080E-6	2.173778E-3	5.819080E-5	5.067384E-1	1.690855E+1
6.799780E+3	3.472500E+2	3.338805E+1	-8.969280E-1	5.769160E-6	2.209589E-3	5.769160E-5	5.182563E-1	1.730268E+1
6.813159E+3	3.470500E+2	3.340729E+1	-9.269591E-1	5.706560E-6	2.080956E-3	5.706560E-5	5.175972E-1	1.729266E+1
6.824810E+3	3.468700E+2	3.342463E+1	-1.079541E+0	5.654940E-6	1.982802E-3	5.654940E-5	5.119305E-1	1.711263E+1
6.838149E+3	3.466300E+2	3.344777E+1	-1.002198E+0	5.594280E-6	2.125572E-3	5.594280E-5	5.061733E-1	1.692942E+1
6.849524E+3	3.464400E+2	3.346611E+1	-1.021537E+0	5.540480E-6	2.226449E-3	5.540480E-5	5.109045E-1	1.709714E+1
6.861271E+3	3.462400E+2	3.348544E+1	-1.041305E+0	5.483480E-6	2.235207E-3	5.483480E-5	5.202869E-1	1.742211E+1
6.872795E+3	3.460400E+2	3.350480E+1	-9.711219E-1	5.429780E-6	2.117285E-3	5.429780E-5	5.185160E-1	1.737178E+1
6.884534E+3	3.458500E+2	3.352320E+1	-8.681590E-1	5.379120E-6	1.996085E-3	5.379120E-5	5.031073E-1	1.686637E+1
6.896283E+3	3.456800E+2	3.353969E+1	-1.096475E+0	5.332100E-6	1.924994E-3	5.332100E-5	4.981797E-1	1.671097E+1
6.909416E+3	3.454400E+2	3.356299E+1	-1.006205E+0	5.274940E-6	2.287456E-3	5.274940E-5	5.051062E-1	1.695194E+1
6.921342E+3	3.452400E+2	3.358244E+1	-9.460406E-1	5.222800E-6	2.171075E-3	5.222800E-5	4.990011E-1	1.675687E+1
6.932758E+3	3.450600E+2	3.359995E+1	-1.225251E+0	5.171940E-6	2.076234E-3	5.171940E-5	5.150765E-1	1.730721E+1
6.944021E+3	3.448300E+2	3.362236E+1	-7.596634E-1	5.119480E-6	3.409722E-3	5.119480E-5	5.113568E-1	1.719215E+1
6.957448E+3	3.446600E+2	3.363895E+1	-1.096224E+0	5.070740E-6	2.036644E-3	5.070740E-5	5.167526E-1	1.738295E+1
6.968942E+3	3.444500E+2	3.365946E+1	-9.937238E-1	5.020320E-6	2.318042E-3	5.020320E-5	5.191097E-1	1.747380E+1
6.980414E+3	3.442600E+2	3.367803E+1	-1.167006E+0	4.968040E-6	2.263047E-3	4.968040E-5	5.066536E-1	1.706372E+1
6.991725E+3	3.440400E+2	3.369957E+1	-9.498931E-1	4.918460E-6	2.266838E-3	4.918460E-5	5.052970E-1	1.702831E+1
7.004358E+3	3.438400E+2	3.371917E+1	-9.575196E-1	4.869080E-6	2.224506E-3	4.869080E-5	5.049282E-1	1.702541E+1
7.017517E+3	3.436300E+2	3.373978E+1	-9.329083E-1	4.818920E-6	2.418396E-3	4.818920E-5	5.187420E-1	1.750118E+1
7.030380E+3	3.434300E+2	3.375943E+1	-1.040710E+0	4.768260E-6	2.262578E-3	4.768260E-5	5.273275E-1	1.780136E+1
7.040181E+3	3.432600E+2	3.377615E+1	-9.445277E-1	4.726960E-6	2.261515E-3	4.726960E-5	5.277364E-1	1.782585E+1
7.053521E+3	3.430500E+2	3.379682E+1	-9.836914E-1	4.673920E-6	2.057369E-3	4.673920E-5	5.183850E-1	1.752005E+1
7.065110E+3	3.428600E+2	3.381555E+1	-1.029689E+0	4.630620E-6	2.086632E-3	4.630620E-5	5.087321E-1	1.720371E+1
7.076764E+3	3.426600E+2	3.383529E+1	-1.129653E+0	4.584760E-6	2.397547E-3	4.584760E-5	5.090659E-1	1.722415E+1
7.088449E+3	3.424400E+2	3.385703E+1	-9.427477E-1	4.535700E-6	2.464718E-3	4.535700E-5	5.180086E-1	1.753753E+1
7.098632E+3	3.422800E+2	3.387285E+1	-9.594243E-1	4.495400E-6	2.209598E-3	4.495400E-5	5.228298E-1	1.771123E+1
7.113641E+3	3.420400E+2	3.389662E+1	-9.721156E-1	4.440560E-6	2.086847E-3	4.440560E-5	5.236645E-1	1.774985E+1
7.125368E+3	3.418500E+2	3.391546E+1	-9.972008E-1	4.397520E-6	2.135899E-3	4.397520E-5	5.128846E-1	1.739346E+1
7.136800E+3	3.416600E+2	3.393432E+1	-1.015048E+0	4.355020E-6	2.087801E-3	4.355020E-5	5.128336E-1	1.740319E+1
7.148031E+3	3.414700E+2	3.395320E+1	-9.557039E-1	4.314200E-6	2.122201E-3	4.314200E-5	5.129301E-1	1.741721E+1
7.161215E+3	3.412600E+2	3.397410E+1	-1.033863E+0	4.267120E-6	2.198174E-3	4.267120E-5	5.099175E-1	1.732434E+1
7.174563E+3	3.410300E+2	3.399701E+1	-1.097561E+0	4.217380E-6	2.257283E-3	4.217380E-5	5.114953E-1	1.738744E+1
7.184403E+3	3.408500E+2	3.401496E+1	-9.903570E-1	4.180380E-6	2.307529E-3	4.180380E-5	5.143778E-1	1.749545E+1
7.195914E+3	3.406600E+2	3.403393E+1	-9.428197E-1	4.138960E-6	2.166229E-3	4.138960E-5	5.126924E-1	1.745000E+1
7.207369E+3	3.404800E+2	3.405193E+1	-1.047677E+0	4.099140E-6	2.106254E-3	4.099140E-5	5.191858E-1	1.768048E+1
7.220541E+3	3.402500E+2	3.407494E+1	-9.284732E-1	4.053460E-6	2.227687E-3	4.053460E-5	5.197027E-1	1.770816E+1
7.232173E+3	3.400700E+2	3.409298E+1	-9.746287E-1	4.013460E-6	2.155039E-3	4.013460E-5	5.118633E-1	1.745132E+1
7.245101E+3	3.398600E+2	3.411405E+1	-1.055276E+0	3.969640E-6	2.170877E-3	3.969640E-5	5.167850E-1	1.763045E+1
7.257041E+3	3.396500E+2	3.413514E+1	-9.243636E-1	3.929820E-6	2.221390E-3	3.929820E-5	5.087373E-1	1.736483E+1
7.270672E+3	3.394400E+2	3.415626E+1	-1.050031E+0	3.885160E-6	2.136691E-3	3.885160E-5	5.118934E-1	1.748319E+1
7.280386E+3	3.392700E+2	3.417337E+1	-9.652214E-1	3.852720E-6	2.150754E-3	3.852720E-5	5.108626E-1	1.745941E+1
7.293440E+3	3.390600E+2	3.419454E+1	-1.112797E+0	3.809880E-6	2.200055E-3	3.809880E-5	4.998711E-1	1.709368E+1
7.305302E+3	3.388400E+2	3.421674E+1	-1.117647E+0	3.769360E-6	2.475280E-3	3.769360E-5	5.073831E-1	1.735936E+1
7.315502E+3	3.386500E+2	3.423594E+1	-9.206376E-1	3.733820E-6	2.364917E-3	3.733820E-5	5.153419E-1	1.764223E+1
7.327233E+3	3.384700E+2	3.425414E+1	-8.907363E-1	3.696360E-6	2.131116E-3	3.696360E-5	5.191350E-1	1.778426E+1
7.340705E+3	3.382700E+2	3.427440E+1	-1.030928E+0	3.656640E-6	2.119088E-3	3.656640E-5	5.100000E-1	1.748174E+1
7.354091E+3	3.380400E+2	3.429772E+1	-1.085926E+0	3.615700E-6	2.234675E-3	3.615700E-5	4.982035E-1	1.708602E+1
7.365694E+3	3.378300E+2	3.431904E+1	-1.005521E+0	3.578360E-6	2.382497E-3	3.578360E-5	5.057199E-1	1.735372E+1
7.375838E+3	3.376600E+2	3.433631E+1	-8.890865E-1	3.546980E-6	2.215564E-3	3.546980E-5	5.248181E-1	1.802107E+1
7.389335E+3	3.374600E+2	3.435666E+1	-9.480099E-1	3.506860E-6	2.173232E-3	3.506860E-5	5.220077E-1	1.793620E+1
7.402626E+3	3.372500E+2	3.437806E+1	-1.152335E+0	3.467200E-6	2.248914E-3	3.467200E-5	5.185468E-1	1.782629E+1
7.414081E+3	3.370300E+2	3.440050E+1	-1.036375E+0	3.430900E-6	2.438515E-3	3.430900E-5	5.161571E-1	1.775400E+1
7.423923E+3	3.368600E+2	3.441786E+1	-9.736100E-1	3.398640E-6	2.461275E-3	3.398640E-5	5.250985E-1	1.807266E+1
7.435632E+3	3.366700E+2	3.443728E+1	-9.117155E-1	3.362800E-6	2.172541E-3	3.362800E-5	5.309314E-1	1.828562E+1
7.448794E+3	3.364700E+2	3.445775E+1	-9.912887E-1	3.326180E-6	2.110885E-3	3.326180E-5	5.185290E-1	1.786833E+1
7.462110E+3	3.362500E+2	3.448030E+1	-1.034304E+0	3.289040E-6	2.283602E-3	3.289040E-5	5.117430E-1	1.764425E+1
7.473712E+3	3.360500E+2	3.450082E+1	-1.020134E+0	3.255260E-6	2.283454E-3	3.255260E-5	5.167630E-1	1.782728E+1
7.484887E+3	3.358600E+2	3.452034E+1	-9.336907E-1	3.222060E-6	2.291797E-3	3.222060E-5	5.159031E-1	1.781003E+1
7.496454E+3	3.356800E+2	3.453885E+1	-1.063044E+0	3.189360E-6	2.280965E-3	3.189360E-5	5.146177E-1	1.777614E+1
7.510000E+3	3.354400E+2	3.456356E+1	-9.713701E-1	3.151900E-6	2.278159E-3	3.151900E-5	5.103997E-1	1.764058E+1
7.521736E+3	3.352500E+2	3.458315E+1	-1.067254E+0	3.119700E-6	2.281496E-3	3.119700E-5	5.143793E-1	1.778744E+1
7.533542E+3	3.350400E+2	3.460482E+1	-9.793567E-1	3.085140E-6	2.475610E-3	3.085140E-5	5.246726E-1	1.815530E+1
7.543957E+3	3.348700E+2	3.462239E+1	-1.004184E+0	3.055260E-6	2.443147E-3	3.055260E-5	5.237470E-1	1.813431E+1
7.555907E+3	3.346700E+2	3.464308E+1	-9.587582E-1	3.023480E-6	2.185970E-3	3.023480E-5	5.173630E-1	1.792477E+1
7.569049E+3	3.344600E+2	3.466483E+1	-9.976570E-1	2.989220E-6	2.168863E-3	2.989220E-5	5.090335E-1	1.764564E+1
7.582280E+3	3.342400E+2	3.468765E+1	-9.963293E-1	2.955460E-6	2.161859E-3	2.955460E-5	5.095433E-1	1.767349E+1
7.593722E+3	3.340500E+2	3.470738E+1	-9.974626E-1	2.926000E-6	2.253826E-3	2.926000E-5	5.083129E-1	1.764219E+1
7.605151E+3	3.338600E+2	3.472713E+1	-9.816316E-1	2.896280E-6	2.254778E-3	2.896280E-5	5.107351E-1	1.773726E+1
7.618598E+3	3.336400E+2	3.475003E+1	-9.777854E-1	2.862740E-6	2.226268E-3	2.862740E-5	5.045072E-1	1.753139E+1
7.630257E+3	3.334500E+2	3.476983E+1	-1.108960E+0	2.834080E-6	2.243349E-3	2.834080E-5	5.015461E-1	1.743902E+1
7.641619E+3	3.332400E+2	3.479174E+1	-1.069973E+0	2.804300E-6	2.503542E-3	2.804300E-5	5.048838E-1	1.756548E+1
7.653395E+3	3.330300E+2	3.481368E+1	-1.035276E+0	2.772840E-6	2.537796E-3	2.772840E-5	5.149599E-1	1.792637E+1
7.663827E+3	3.328500E+2	3.483251E+1	-9.170105E-1	2.745540E-6	2.643922E-3	2.745540E-5	5.283397E-1	1.840341E+1
7.676913E+3	3.326500E+2	3.485345E+1	-9.104704E-1	2.714820E-6	2.457799E-3	2.714820E-5	5.270543E-1	1.836997E+1
7.689434E+3	3.324600E+2	3.487337E+1	-1.032347E+0	2.686100E-6	2.295686E-3	2.686100E-5	5.152851E-1	1.797046E+1
7.701058E+3	3.322600E+2	3.489436E+1	-1.047382E+0	2.657860E-6	2.393595E-3	2.657860E-5	5.121474E-1	1.787110E+1
7.713088E+3	3.320500E+2	3.491643E+1	-9.300723E-1	2.629460E-6	2.291420E-3	2.629460E-5	5.141390E-1	1.795119E+1
7.724700E+3	3.318700E+2	3.493537E+1	-9.613917E-1	2.602260E-6	2.254294E-3	2.602260E-5	5.185860E-1	1.811733E+1
7.737806E+3	3.316600E+2	3.495749E+1	-9.936372E-1	2.572440E-6	2.213339E-3	2.572440E-5	5.193015E-1	1.815464E+1
7.749279E+3	3.314700E+2	3.497752E+1	-1.062339E+0	2.546440E-6	2.403310E-3	2.546440E-5	5.116119E-1	1.789565E+1
7.762834E+3	3.312300E+2	3.500287E+1	-1.105764E+0	2.513700E-6	2.522787E-3	2.513700E-5	5.137815E-1	1.798200E+1
7.772601E+3	3.310500E+2	3.502190E+1	-1.002991E+0	2.489420E-6	2.502723E-3	2.489420E-5	5.272619E-1	1.846445E+1
7.783967E+3	3.308600E+2	3.504201E+1	-8.532934E-1	2.462900E-6	2.298979E-3	2.462900E-5	5.217216E-1	1.828312E+1
7.797327E+3	3.306700E+2	3.506215E+1	-1.086394E+0	2.434960E-6	2.162361E-3	2.434960E-5	5.180402E-1	1.816516E+1
7.808925E+3	3.304600E+2	3.508443E+1	-9.936018E-1	2.410260E-6	2.355884E-3	2.410260E-5	5.182351E-1	1.818199E+1
7.822210E+3	3.302400E+2	3.510780E+1	-9.284732E-1	2.380540E-6	2.365610E-3	2.380540E-5	5.115931E-1	1.795938E+1
7.833842E+3	3.300600E+2	3.512695E+1	-1.034304E+0	2.355520E-6	2.262296E-3	2.355520E-5	5.239883E-1	1.840650E+1
7.845444E+3	3.298600E+2	3.514824E+1	-9.458749E-1	2.331400E-6	2.279777E-3	2.331400E-5	5.144631E-1	1.808366E+1
7.858765E+3	3.296500E+2	3.517064E+1	-1.086957E+0	2.303420E-6	2.416666E-3	2.303420E-5	5.122801E-1	1.801718E+1
7.870357E+3	3.294400E+2	3.519305E+1	-1.039141E+0	2.278220E-6	2.526361E-3	2.278220E-5	5.124767E-1	1.803459E+1
7.881905E+3	3.292400E+2	3.521443E+1	-1.109285E+0	2.252420E-6	2.429761E-3	2.252420E-5	5.160342E-1	1.817087E+1
7.891641E+3	3.290600E+2	3.523370E+1	-8.991458E-1	2.231480E-6	2.402721E-3	2.231480E-5	5.215628E-1	1.837778E+1
7.904987E+3	3.288600E+2	3.525512E+1	-9.768371E-1	2.204880E-6	2.323787E-3	2.204880E-5	5.197309E-1	1.832408E+1
7.918500E+3	3.286400E+2	3.527872E+1	-9.778693E-1	2.178800E-6	2.322216E-3	2.178800E-5	5.184754E-1	1.829035E+1
7.930158E+3	3.284500E+2	3.529913E+1	-1.030131E+0	2.155960E-6	2.406024E-3	2.155960E-5	5.132425E-1	1.811645E+1
7.941807E+3	3.282500E+2	3.532064E+1	-9.800550E-1	2.132720E-6	2.372715E-3	2.132720E-5	5.150217E-1	1.819088E+1
7.953439E+3	3.280600E+2	3.534110E+1	-1.005783E+0	2.109540E-6	2.443843E-3	2.109540E-5	5.171310E-1	1.827685E+1
7.965370E+3	3.278600E+2	3.536265E+1	-9.891345E-1	2.086780E-6	2.326599E-3	2.086780E-5	5.156000E-1	1.823421E+1
7.978715E+3	3.276400E+2	3.538640E+1	-1.059981E+0	2.060880E-6	2.493485E-3	2.060880E-5	5.114005E-1	1.809555E+1
7.990602E+3	3.274300E+2	3.540910E+1	-1.027190E+0	2.037600E-6	2.507031E-3	2.037600E-5	5.181128E-1	1.834435E+1
8.000532E+3	3.272600E+2	3.542749E+1	-9.568651E-1	2.018480E-6	2.358179E-3	2.018480E-5	5.257479E-1	1.862621E+1
8.013700E+3	3.270500E+2	3.545024E+1	-9.317574E-1	1.993710E-6	2.347007E-3	1.993710E-5	5.201759E-1	1.844069E+1
8.025291E+3	3.268700E+2	3.546976E+1	-1.082474E+0	1.972646E-6	2.391056E-3	1.972646E-5	5.162434E-1	1.831208E+1
8.036931E+3	3.266600E+2	3.549256E+1	-9.299579E-1	1.951942E-6	2.343693E-3	1.951942E-5	5.093927E-1	1.807991E+1
8.050480E+3	3.264500E+2	3.551539E+1	-9.783728E-1	1.928246E-6	2.307758E-3	1.928246E-5	5.106131E-1	1.813421E+1
8.062132E+3	3.262600E+2	3.553608E+1	-9.958506E-1	1.907924E-6	2.334084E-3	1.907924E-5	5.195186E-1	1.846153E+1
8.075387E+3	3.260400E+2	3.556005E+1	-1.039014E+0	1.884310E-6	2.453017E-3	1.884310E-5	5.155308E-1	1.833192E+1
8.085204E+3	3.258700E+2	3.557860E+1	-1.038844E+0	1.866482E-6	2.472444E-3	1.866482E-5	5.131272E-1	1.825713E+1
8.098488E+3	3.256400E+2	3.560373E+1	-1.087285E+0	1.842436E-6	2.531672E-3	1.842436E-5	5.170179E-1	1.840729E+1
8.108421E+3	3.254600E+2	3.562343E+1	-9.559214E-1	1.824364E-6	2.536120E-3	1.824364E-5	5.227323E-1	1.862095E+1
8.121602E+3	3.252500E+2	3.564643E+1	-9.419974E-1	1.801720E-6	2.335588E-3	1.801720E-5	5.289133E-1	1.885376E+1
8.133067E+3	3.250700E+2	3.566616E+1	-9.428315E-1	1.782994E-6	2.335225E-3	1.782994E-5	5.235883E-1	1.867548E+1
8.146431E+3	3.248600E+2	3.568922E+1	-1.079507E+0	1.761300E-6	2.413975E-3	1.761300E-5	5.213526E-1	1.860668E+1
8.158103E+3	3.246500E+2	3.571231E+1	-9.300723E-1	1.741630E-6	2.513899E-3	1.741630E-5	5.134246E-1	1.833471E+1
8.169715E+3	3.244700E+2	3.573212E+1	-1.086675E+0	1.722458E-6	2.474196E-3	1.722458E-5	5.189612E-1	1.854416E+1
8.181310E+3	3.242600E+2	3.575526E+1	-9.036145E-1	1.703474E-6	2.448694E-3	1.703474E-5	5.153631E-1	1.842788E+1
8.194590E+3	3.240600E+2	3.577733E+1	-1.116657E+0	1.682432E-6	2.437051E-3	1.682432E-5	5.136145E-1	1.837578E+1
8.206411E+3	3.238400E+2	3.580163E+1	-9.894116E-1	1.663376E-6	2.539112E-3	1.663376E-5	5.236627E-1	1.874701E+1
8.217933E+3	3.236500E+2	3.582265E+1	-1.009591E+0	1.644160E-6	2.675447E-3	1.644160E-5	5.200924E-1	1.863075E+1
8.229819E+3	3.234500E+2	3.584480E+1	-1.010101E+0	1.624810E-6	2.589760E-3	1.624810E-5	5.235106E-1	1.876558E+1
8.241699E+3	3.232500E+2	3.586698E+1	-1.017122E+0	1.606546E-6	2.442234E-3	1.606546E-5	5.227644E-1	1.874909E+1
8.253497E+3	3.230500E+2	3.588918E+1	-8.741858E-1	1.588790E-6	2.412586E-3	1.588790E-5	5.162237E-1	1.852713E+1
8.265165E+3	3.228800E+2	3.590808E+1	-1.068091E+0	1.571686E-6	2.443500E-3	1.571686E-5	5.265843E-1	1.891027E+1
8.278647E+3	3.226400E+2	3.593479E+1	-9.077919E-1	1.551530E-6	2.652125E-3	1.551530E-5	5.252006E-1	1.887255E+1
8.290544E+3	3.224600E+2	3.595485E+1	-1.105991E+0	1.533588E-6	2.592744E-3	1.533588E-5	5.141569E-1	1.848601E+1
8.302479E+3	3.222400E+2	3.597939E+1	-9.838754E-1	1.515134E-6	2.868204E-3	1.515134E-5	5.118390E-1	1.841600E+1
8.313456E+3	3.220600E+2	3.599950E+1	-1.056662E+0	1.500064E-6	2.482771E-3	1.500064E-5	5.085125E-1	1.830652E+1
8.326516E+3	3.218300E+2	3.602523E+1	-9.523810E-1	1.480726E-6	2.491877E-3	1.480726E-5	5.188497E-1	1.869029E+1
8.337856E+3	3.216500E+2	3.604539E+1	-9.707084E-1	1.464300E-6	2.428859E-3	1.464300E-5	5.305970E-1	1.912492E+1
8.349600E+3	3.214600E+2	3.606670E+1	-9.259259E-1	1.448242E-6	2.321135E-3	1.448242E-5	5.232482E-1	1.887321E+1
8.362560E+3	3.212600E+2	3.608915E+1	-1.103424E+0	1.430474E-6	2.415785E-3	1.430474E-5	5.172816E-1	1.866920E+1
8.373979E+3	3.210500E+2	3.611276E+1	-9.347181E-1	1.414722E-6	2.478612E-3	1.414722E-5	5.182439E-1	1.871463E+1
8.387459E+3	3.208400E+2	3.613639E+1	-9.645441E-1	1.396668E-6	2.367207E-3	1.396668E-5	5.160873E-1	1.864793E+1
8.398656E+3	3.206600E+2	3.615668E+1	-9.870985E-1	1.381846E-6	2.366486E-3	1.381846E-5	5.229579E-1	1.890915E+1
8.410205E+3	3.204700E+2	3.617811E+1	-9.918101E-1	1.366834E-6	2.458674E-3	1.366834E-5	5.157470E-1	1.866032E+1
8.423514E+3	3.202500E+2	3.620297E+1	-1.050604E+0	1.349376E-6	2.476175E-3	1.349376E-5	5.060826E-1	1.832202E+1
8.434936E+3	3.200500E+2	3.622559E+1	-1.164535E+0	1.333802E-6	2.662638E-3	1.333802E-5	5.112259E-1	1.851893E+1
8.446271E+3	3.198300E+2	3.625051E+1	-9.428197E-1	1.318034E-6	2.700452E-3	1.318034E-5	5.165524E-1	1.872420E+1
8.457726E+3	3.196500E+2	3.627092E+1	-9.620524E-1	1.302932E-6	2.490643E-3	1.302932E-5	5.289299E-1	1.918414E+1
8.470823E+3	3.194400E+2	3.629477E+1	-8.935611E-1	1.286840E-6	2.364420E-3	1.286840E-5	5.369225E-1	1.948746E+1
8.482238E+3	3.192700E+2	3.631409E+1	-9.979587E-1	1.273076E-6	2.382832E-3	1.273076E-5	5.243887E-1	1.904414E+1
8.495465E+3	3.190500E+2	3.633913E+1	-1.043569E+0	1.256748E-6	2.579030E-3	1.256748E-5	5.182768E-1	1.883464E+1
8.506964E+3	3.188500E+2	3.636193E+1	-1.007172E+0	1.242428E-6	2.525588E-3	1.242428E-5	5.140904E-1	1.869307E+1
8.520070E+3	3.186300E+2	3.638703E+1	-9.838612E-1	1.226450E-6	2.511498E-3	1.226450E-5	5.127744E-1	1.865739E+1
8.531657E+3	3.184400E+2	3.640874E+1	-1.024590E+0	1.212472E-6	2.548689E-3	1.212472E-5	5.176104E-1	1.884498E+1
8.543369E+3	3.182400E+2	3.643162E+1	-9.859886E-1	1.198774E-6	2.483735E-3	1.198774E-5	5.181953E-1	1.887867E+1
8.554931E+3	3.180500E+2	3.645339E+1	-1.037972E+0	1.184822E-6	2.620232E-3	1.184822E-5	5.211803E-1	1.899968E+1
8.566492E+3	3.178500E+2	3.647633E+1	-1.000910E+0	1.170950E-6	2.653841E-3	1.170950E-5	5.374570E-1	1.960359E+1
8.579680E+3	3.176300E+2	3.650159E+1	-8.424431E-1	1.155312E-6	2.636163E-3	1.155312E-5	5.276569E-1	1.925903E+1
8.589651E+3	3.174900E+2	3.651769E+1	-1.096391E+0	1.144106E-6	2.510226E-3	1.144106E-5	5.256453E-1	1.919850E+1
8.602785E+3	3.172500E+2	3.654531E+1	-9.496533E-1	1.129366E-6	2.481066E-3	1.129366E-5	5.185979E-1	1.895276E+1
8.616053E+3	3.170400E+2	3.656952E+1	-9.921671E-1	1.114686E-6	2.539161E-3	1.114686E-5	5.120838E-1	1.872532E+1
8.627543E+3	3.168500E+2	3.659145E+1	-1.006635E+0	1.102128E-6	2.510914E-3	1.102128E-5	5.220000E-1	1.910033E+1
8.640656E+3	3.166300E+2	3.661687E+1	-9.695011E-1	1.087830E-6	2.526405E-3	1.087830E-5	5.191114E-1	1.900716E+1
8.650558E+3	3.164700E+2	3.663538E+1	-9.968283E-1	1.077320E-6	2.525099E-3	1.077320E-5	5.151001E-1	1.887262E+1
8.663800E+3	3.162500E+2	3.666087E+1	-1.083685E+0	1.063034E-6	2.652231E-3	1.063034E-5	5.179183E-1	1.898787E+1
8.675427E+3	3.160400E+2	3.668523E+1	-9.865005E-1	1.050344E-6	2.591111E-3	1.050344E-5	5.228018E-1	1.917806E+1
8.686983E+3	3.158500E+2	3.670730E+1	-9.744780E-1	1.037804E-6	2.480172E-3	1.037804E-5	5.327832E-1	1.955668E+1
8.699913E+3	3.156400E+2	3.673172E+1	-9.303928E-1	1.024262E-6	2.618097E-3	1.024262E-5	5.360299E-1	1.968869E+1
8.711521E+3	3.154600E+2	3.675268E+1	-1.036717E+0	1.012456E-6	2.516173E-3	1.012456E-5	5.283599E-1	1.941975E+1
8.723096E+3	3.152600E+2	3.677599E+1	-9.863259E-1	1.000662E-6	2.613527E-3	1.000662E-5	5.186588E-1	1.907555E+1
8.736479E+3	3.150400E+2	3.680168E+1	-1.031194E+0	9.872660E-7	2.584425E-3	9.872660E-6	5.131244E-1	1.888289E+1
8.748116E+3	3.148400E+2	3.682505E+1	-9.733607E-1	9.757340E-7	2.552353E-3	9.757340E-6	5.123971E-1	1.886817E+1
8.759828E+3	3.146500E+2	3.684729E+1	-1.041395E+0	9.645060E-7	2.506716E-3	9.645060E-6	5.177722E-1	1.907816E+1
8.771351E+3	3.144500E+2	3.687073E+1	-9.420796E-1	9.532320E-7	2.654112E-3	9.532320E-6	5.228920E-1	1.927998E+1
8.782815E+3	3.142700E+2	3.689184E+1	-1.045375E+0	9.420680E-7	2.622100E-3	9.420680E-6	5.280043E-1	1.947953E+1
8.796016E+3	3.140400E+2	3.691886E+1	-9.553189E-1	9.291280E-7	2.726994E-3	9.291280E-6	5.201319E-1	1.920238E+1
8.806065E+3	3.138800E+2	3.693768E+1	-1.059759E+0	9.196180E-7	2.639484E-3	9.196180E-6	5.157389E-1	1.905136E+1
8.819653E+3	3.136400E+2	3.696595E+1	-9.230769E-1	9.072300E-7	2.592389E-3	9.072300E-6	5.118411E-1	1.891991E+1
8.831353E+3	3.134600E+2	3.698718E+1	-1.034750E+0	8.966260E-7	2.617085E-3	8.966260E-6	5.112791E-1	1.891045E+1
8.842950E+3	3.132600E+2	3.701079E+1	-9.509434E-1	8.863680E-7	2.542412E-3	8.863680E-6	5.243742E-1	1.940782E+1
8.856200E+3	3.130500E+2	3.703562E+1	-9.293520E-1	8.748180E-7	2.555724E-3	8.748180E-6	5.139535E-1	1.903394E+1
8.867821E+3	3.128700E+2	3.705692E+1	-1.089965E+0	8.646120E-7	2.630449E-3	8.646120E-6	5.175617E-1	1.918067E+1
8.879381E+3	3.126600E+2	3.708181E+1	-9.841933E-1	8.545280E-7	2.660782E-3	8.545280E-6	5.139696E-1	1.905986E+1
8.892793E+3	3.124400E+2	3.710792E+1	-1.038511E+0	8.427060E-7	2.677496E-3	8.427060E-6	5.143423E-1	1.908422E+1
8.904348E+3	3.122400E+2	3.713169E+1	-9.912536E-1	8.324280E-7	2.833163E-3	8.324280E-6	5.326804E-1	1.977756E+1
8.914638E+3	3.120700E+2	3.715192E+1	-9.167303E-1	8.235880E-7	2.682301E-3	8.235880E-6	5.321236E-1	1.977112E+1
8.927728E+3	3.118700E+2	3.717575E+1	-1.006558E+0	8.126200E-7	2.531513E-3	8.126200E-6	5.298658E-1	1.969957E+1
8.940842E+3	3.116500E+2	3.720199E+1	-9.816585E-1	8.018140E-7	2.567730E-3	8.018140E-6	5.181028E-1	1.927362E+1
8.952455E+3	3.114600E+2	3.722468E+1	-1.038242E+0	7.924980E-7	2.633808E-3	7.924980E-6	5.082652E-1	1.892037E+1
8.964013E+3	3.112600E+2	3.724860E+1	-9.960761E-1	7.832460E-7	2.622766E-3	7.832460E-6	5.195573E-1	1.935304E+1
8.977265E+3	3.110400E+2	3.727495E+1	-9.213445E-1	7.725660E-7	2.615650E-3	7.725660E-6	5.225243E-1	1.947597E+1
8.988987E+3	3.108600E+2	3.729653E+1	-1.076647E+0	7.631220E-7	2.712294E-3	7.631220E-6	5.305659E-1	1.978840E+1
9.000690E+3	3.106500E+2	3.732174E+1	-9.919944E-1	7.536600E-7	2.689745E-3	7.536600E-6	5.203190E-1	1.941961E+1
9.012182E+3	3.104600E+2	3.734459E+1	-1.095271E+0	7.443220E-7	2.723811E-3	7.443220E-6	5.154378E-1	1.924947E+1
9.023686E+3	3.102500E+2	3.736986E+1	-9.431844E-1	7.352880E-7	2.695267E-3	7.352880E-6	5.243423E-1	1.959425E+1
9.037045E+3	3.100400E+2	3.739517E+1	-9.352269E-1	7.252420E-7	2.631878E-3	7.252420E-6	5.229817E-1	1.955624E+1
9.048593E+3	3.098600E+2	3.741690E+1	-1.001669E+0	7.167660E-7	2.623441E-3	7.167660E-6	5.212174E-1	1.950360E+1
9.061771E+3	3.096400E+2	3.744348E+1	-1.023891E+0	7.071120E-7	2.672328E-3	7.071120E-6	5.194745E-1	1.944994E+1
9.073491E+3	3.094400E+2	3.746768E+1	-8.779480E-1	6.987740E-7	2.650482E-3	6.987740E-6	5.149223E-1	1.929223E+1
9.085109E+3	3.092700E+2	3.748828E+1	-1.049909E+0	6.906380E-7	2.532718E-3	6.906380E-6	5.226434E-1	1.959474E+1
9.098253E+3	3.090400E+2	3.751618E+1	-9.496834E-1	6.811860E-7	2.839042E-3	6.811860E-6	5.164226E-1	1.937454E+1
9.110257E+3	3.088500E+2	3.753926E+1	-1.142363E+0	6.726120E-7	2.805245E-3	6.726120E-6	5.104131E-1	1.915942E+1
9.121812E+3	3.086300E+2	3.756602E+1	-9.649211E-1	6.641680E-7	2.783555E-3	6.641680E-6	5.161762E-1	1.938956E+1
9.131761E+3	3.084700E+2	3.758550E+1	-9.887640E-1	6.571240E-7	2.750275E-3	6.571240E-6	5.162752E-1	1.940548E+1
9.145111E+3	3.082500E+2	3.761233E+1	-9.782049E-1	6.479960E-7	2.674351E-3	6.479960E-6	5.272201E-1	1.983053E+1
9.156765E+3	3.080600E+2	3.763553E+1	-9.428315E-1	6.402160E-7	2.709575E-3	6.402160E-6	5.300738E-1	1.994992E+1
9.170129E+3	3.078500E+2	3.766120E+1	-9.376395E-1	6.315540E-7	2.664028E-3	6.315540E-6	5.313528E-1	2.001077E+1
9.183567E+3	3.076400E+2	3.768691E+1	-9.969700E-1	6.226740E-7	2.768147E-3	6.226740E-6	5.209216E-1	1.963073E+1
9.193798E+3	3.074700E+2	3.770774E+1	-1.084617E+0	6.161220E-7	2.684339E-3	6.161220E-6	5.139724E-1	1.938159E+1
9.205415E+3	3.072600E+2	3.773352E+1	-9.537355E-1	6.085180E-7	2.819542E-3	6.085180E-6	5.119240E-1	1.931746E+1
9.217368E+3	3.070700E+2	3.775686E+1	-9.764758E-1	6.009660E-7	2.768792E-3	6.009660E-6	5.202297E-1	1.964354E+1
9.230886E+3	3.068500E+2	3.778393E+1	-9.912887E-1	5.924420E-7	2.725193E-3	5.924420E-6	5.293106E-1	1.999854E+1
9.244202E+3	3.066300E+2	3.781104E+1	-9.822982E-1	5.840500E-7	2.723635E-3	5.840500E-6	5.270128E-1	1.992479E+1
9.253975E+3	3.064700E+2	3.783078E+1	-9.968283E-1	5.779420E-7	2.738909E-3	5.779420E-6	5.261123E-1	1.990443E+1
9.267217E+3	3.062500E+2	3.785796E+1	-9.762782E-1	5.698080E-7	2.799983E-3	5.698080E-6	5.231315E-1	1.980461E+1
9.278894E+3	3.060600E+2	3.788146E+1	-1.003521E+0	5.628080E-7	2.678247E-3	5.628080E-6	5.227158E-1	1.980091E+1
9.290254E+3	3.058700E+2	3.790499E+1	-9.442446E-1	5.560420E-7	2.715962E-3	5.560420E-6	5.196195E-1	1.969791E+1
9.303598E+3	3.056600E+2	3.793103E+1	-9.989405E-1	5.484020E-7	2.664415E-3	5.484020E-6	5.164713E-1	1.959070E+1
9.316812E+3	3.054400E+2	3.795836E+1	-9.851365E-1	5.408860E-7	2.636807E-3	5.408860E-6	5.164397E-1	1.960154E+1
9.328384E+3	3.052500E+2	3.798198E+1	-9.738596E-1	5.343540E-7	2.734725E-3	5.343540E-6	5.160047E-1	1.959787E+1
9.340090E+3	3.050600E+2	3.800564E+1	-9.810671E-1	5.277820E-7	2.714297E-3	5.277820E-6	5.292938E-1	2.011638E+1
9.351710E+3	3.048700E+2	3.802932E+1	-8.955224E-1	5.213080E-7	2.712051E-3	5.213080E-6	5.280512E-1	2.008218E+1
9.365110E+3	3.046700E+2	3.805429E+1	-1.030485E+0	5.140260E-7	2.637062E-3	5.140260E-6	5.246309E-1	1.996522E+1
9.376755E+3	3.044700E+2	3.807929E+1	-9.536785E-1	5.077740E-7	2.725283E-3	5.077740E-6	5.289793E-1	2.014350E+1
9.389967E+3	3.042600E+2	3.810557E+1	-8.906041E-1	5.008440E-7	2.649077E-3	5.008440E-6	5.197219E-1	1.980394E+1
9.403441E+3	3.040600E+2	3.813063E+1	-1.038601E+0	4.938220E-7	2.639116E-3	4.938220E-6	5.293553E-1	2.018435E+1
9.414995E+3	3.038600E+2	3.815573E+1	-8.835874E-1	4.879160E-7	2.712424E-3	4.879160E-6	5.287340E-1	2.017360E+1
9.428576E+3	3.036600E+2	3.818086E+1	-9.176651E-1	4.810960E-7	2.689285E-3	4.810960E-6	5.257317E-1	2.007211E+1
9.440345E+3	3.034800E+2	3.820351E+1	-9.004277E-1	4.754620E-7	2.587744E-3	4.754620E-6	5.284123E-1	2.018808E+1
9.453672E+3	3.032800E+2	3.822870E+1	-9.081965E-1	4.691780E-7	2.491144E-3	4.691780E-6	5.180901E-1	1.980727E+1
9.466885E+3	3.030800E+2	3.825393E+1	-8.830022E-1	4.631980E-7	2.478860E-3	4.631980E-6	5.268642E-1	2.015494E+1
9.481834E+3	3.028600E+2	3.828171E+1	-7.753520E-1	4.566020E-7	2.355005E-3	4.566020E-6	5.311196E-1	2.033033E+1
9.496537E+3	3.026700E+2	3.830575E+1	-8.286657E-1	4.503500E-7	2.394843E-3	4.503500E-6	5.369902E-1	2.056843E+1
9.509570E+3	3.024900E+2	3.832854E+1	-7.643825E-1	4.450720E-7	2.282184E-3	4.450720E-6	5.334749E-1	2.044852E+1
9.524484E+3	3.023000E+2	3.835263E+1	-7.722954E-1	4.393780E-7	2.170361E-3	4.393780E-6	5.196833E-1	1.993301E+1
9.540799E+3	3.020900E+2	3.837929E+1	-7.669832E-1	4.333600E-7	2.116666E-3	4.333600E-6	5.265320E-1	2.020756E+1
9.557227E+3	3.018800E+2	3.840599E+1	-6.441608E-1	4.275460E-7	2.089687E-3	4.275460E-6	5.267399E-1	2.022882E+1
9.573993E+3	3.017000E+2	3.842890E+1	-7.007786E-1	4.219820E-7	1.915002E-3	4.219820E-6	5.280104E-1	2.029101E+1
9.591973E+3	3.014900E+2	3.845567E+1	-6.562158E-1	4.162520E-7	1.868884E-3	4.162520E-6	5.266065E-1	2.025102E+1
9.608431E+3	3.013100E+2	3.847864E+1	-6.317056E-1	4.113160E-7	1.799974E-3	4.113160E-6	5.255875E-1	2.022357E+1
9.628377E+3	3.011000E+2	3.850548E+1	-5.628828E-1	4.055940E-7	1.723714E-3	4.055940E-6	5.364341E-1	2.065510E+1
9.646498E+3	3.009300E+2	3.852723E+1	-5.556291E-1	4.006680E-7	1.625973E-3	4.006680E-6	5.384007E-1	2.074430E+1
9.669175E+3	3.007200E+2	3.855414E+1	-5.519779E-1	3.948660E-7	1.593829E-3	3.948660E-6	5.349856E-1	2.062633E+1
9.690915E+3	3.005200E+2	3.857980E+1	-5.299121E-1	3.896260E-7	1.558393E-3	3.896260E-6	5.313830E-1	2.049993E+1
9.712428E+3	3.003300E+2	3.860420E+1	-4.759072E-1	3.846880E-7	1.472273E-3	3.846880E-6	5.299891E-1	2.046017E+1
9.737643E+3	3.001300E+2	3.862993E+1	-4.790037E-1	3.792980E-7	1.400722E-3	3.792980E-6	5.315667E-1	2.053476E+1
9.762695E+3	2.999300E+2	3.865569E+1	-4.463289E-1	3.742320E-7	1.352324E-3	3.742320E-6	5.359438E-1	2.071659E+1
9.789581E+3	2.997300E+2	3.868148E+1	-4.017259E-1	3.691600E-7	1.281491E-3	3.691600E-6	5.291928E-1	2.046961E+1
9.816465E+3	2.995500E+2	3.870472E+1	-4.228046E-1	3.644100E-7	1.216131E-3	3.644100E-6	5.256235E-1	2.034569E+1
9.846266E+3	2.993400E+2	3.873188E+1	-3.811598E-1	3.594860E-7	1.139431E-3	3.594860E-6	5.219269E-1	2.021527E+1
9.879323E+3	2.991300E+2	3.875907E+1	-3.538895E-1	3.544400E-7	1.079697E-3	3.544400E-6	5.255077E-1	2.036658E+1
9.909841E+3	2.989500E+2	3.878241E+1	-3.181589E-1	3.501000E-7	1.029863E-3	3.501000E-6	5.385237E-1	2.088488E+1
9.947558E+3	2.987500E+2	3.880837E+1	-3.000000E-1	3.450680E-7	9.577373E-4	3.450680E-6	5.438837E-1	2.110755E+1
9.983558E+3	2.985700E+2	3.883176E+1	-2.839053E-1	3.406980E-7	8.310676E-4	3.406980E-6	5.377294E-1	2.088194E+1
1.002794E+4	2.983600E+2	3.885910E+1	-2.782863E-1	3.357360E-7	8.054709E-4	3.357360E-6	5.290487E-1	2.055871E+1
1.006890E+4	2.981700E+2	3.888386E+1	-2.466429E-1	3.315340E-7	7.774170E-4	3.315340E-6	5.216391E-1	2.028382E+1
1.011999E+4	2.979600E+2	3.891126E+1	-2.360346E-1	3.267360E-7	7.231640E-4	3.267360E-6	5.232038E-1	2.035778E+1
1.017083E+4	2.977600E+2	3.893740E+1	-1.998816E-1	3.224280E-7	6.376515E-4	3.224280E-6	5.255964E-1	2.046427E+1
1.022486E+4	2.975800E+2	3.896095E+1	-1.952426E-1	3.182840E-7	6.167153E-4	3.182840E-6	5.279082E-1	2.056855E+1
1.028632E+4	2.973800E+2	3.898715E+1	-1.678768E-1	3.140260E-7	5.340959E-4	3.140260E-6	5.318800E-1	2.073686E+1
1.035781E+4	2.971800E+2	3.901339E+1	-1.545469E-1	3.096060E-7	4.906915E-4	3.096060E-6	5.306301E-1	2.070128E+1
1.043157E+4	2.969900E+2	3.903835E+1	-1.338479E-1	3.055320E-7	4.411850E-4	3.055320E-6	5.255597E-1	2.051751E+1
1.052122E+4	2.967900E+2	3.906466E+1	-9.596699E-2	3.012800E-7	2.806614E-4	3.012800E-6	5.173224E-1	2.020913E+1
1.064627E+4	2.965900E+2	3.909100E+1	-1.127307E-1	2.973920E-7	3.457070E-4	2.973920E-6	5.141510E-1	2.009832E+1
1.074739E+4	2.964000E+2	3.911606E+1	-9.524490E-2	2.935560E-7	3.033511E-4	2.935560E-6	5.136413E-1	2.009195E+1
1.087338E+4	2.962000E+2	3.914247E+1	-8.043596E-2	2.895400E-7	2.630301E-4	2.895400E-6	NaN	NaN
1.102257E+4	2.960000E+2	3.916892E+1	NaN	2.856160E-7	2.065414E-4	2.856160E-6	NaN	NaN
--------------------
6/4/2024 1:12 PM
