6/10/2024									
1:39 PM									
slow cooling at 460K at 1k per minute_2024.06.10_COND_FILE END.txt									
									
Data taken by: Akshat Sharma									
ammeter is Keithley 6517A at GPIB0::27::INSTR									
voltage source is Keithley 6517A at GPIB0::27::INSTR									
temperature controller is Lake Shore 330 at GPIB0::12::INSTR with the settings: control sensor=A;sample sensor=;loop=1									
Readings: 5									
Voltage (V): 100									
Geo Factor: 1000									
Ea Window (pts): 5									
Shut off V when done?: TRUE									
Mconnect?: TRUE									
Use Abs(Cond)?: TRUE									
Rate (K/min): 1									
Heater: High									
DESCRIPTION									
********************
Time (s)	Temperature (K)	1/kT (1/eV)	Rate (K/min)	Current (A)	Current Std Dev/Mean	Conductivity (Ohm-cm)^-1	Ea (eV)	Reduced Ea
1.452000E+0	4.600000E+2	2.520435E+1	-1.038697E+0	2.607740E-4	9.235272E-5	2.607740E-3	NaN	NaN
3.091200E+1	4.594900E+2	2.523232E+1	-1.280186E+0	2.587240E-4	2.299927E-3	2.587240E-3	NaN	NaN
4.122300E+1	4.592700E+2	2.524441E+1	-8.729389E-1	2.569620E-4	1.970062E-3	2.569620E-3	4.344113E-1	1.095975E+1
5.153300E+1	4.591200E+2	2.525266E+1	-5.818464E-1	2.555740E-4	1.303484E-3	2.555740E-3	5.565257E-1	1.405248E+1
6.184500E+1	4.590200E+2	2.525816E+1	-8.678881E-1	2.547180E-4	9.395155E-4	2.547180E-3	4.602969E-1	1.162923E+1
7.428900E+1	4.588400E+2	2.526807E+1	-1.240655E+0	2.537680E-4	1.142572E-3	2.537680E-3	4.225391E-1	1.067871E+1
8.686300E+1	4.585800E+2	2.528239E+1	-1.107979E+0	2.523920E-4	1.642094E-3	2.523920E-3	4.375124E-1	1.105989E+1
9.715200E+1	4.583900E+2	2.529287E+1	-8.678045E-1	2.510960E-4	1.471008E-3	2.510960E-3	4.673439E-1	1.181907E+1
1.075230E+2	4.582400E+2	2.530115E+1	-9.831461E-1	2.499000E-4	1.503931E-3	2.499000E-3	4.703522E-1	1.190176E+1
1.203390E+2	4.580300E+2	2.531275E+1	-1.013432E+0	2.486280E-4	1.422131E-3	2.486280E-3	4.422710E-1	1.119594E+1
1.327720E+2	4.578200E+2	2.532436E+1	-1.029580E+0	2.475000E-4	1.155937E-3	2.475000E-3	4.177579E-1	1.057913E+1
1.450100E+2	4.576100E+2	2.533598E+1	-1.023212E+0	2.462560E-4	1.323851E-3	2.462560E-3	4.212964E-1	1.067329E+1
1.555650E+2	4.574300E+2	2.534595E+1	-9.171360E-1	2.452520E-4	1.207982E-3	2.452520E-3	4.393934E-1	1.113718E+1
1.679950E+2	4.572400E+2	2.535649E+1	-9.508716E-1	2.440900E-4	1.298126E-3	2.440900E-3	4.367637E-1	1.107558E+1
1.825080E+2	4.570100E+2	2.536925E+1	-1.154179E+0	2.426500E-4	1.329354E-3	2.426500E-3	4.482472E-1	1.137128E+1
1.929050E+2	4.568100E+2	2.538036E+1	-9.227780E-1	2.415920E-4	1.479268E-3	2.415920E-3	4.460364E-1	1.132017E+1
2.052590E+2	4.566200E+2	2.539092E+1	-9.744780E-1	2.403080E-4	1.257864E-3	2.403080E-3	4.295770E-1	1.090818E+1
2.181890E+2	4.564100E+2	2.540260E+1	-1.120884E+0	2.391240E-4	1.199930E-3	2.391240E-3	4.331826E-1	1.100419E+1
2.310360E+2	4.561700E+2	2.541596E+1	-9.678338E-1	2.379040E-4	1.456274E-3	2.379040E-3	4.188226E-1	1.064363E+1
2.415750E+2	4.560000E+2	2.542544E+1	-1.084372E+0	2.368140E-4	1.309929E-3	2.368140E-3	4.258981E-1	1.082825E+1
2.520880E+2	4.558100E+2	2.543604E+1	-9.019701E-1	2.358180E-4	1.283916E-3	2.358180E-3	4.361752E-1	1.109496E+1
2.647270E+2	4.556200E+2	2.544664E+1	-9.669621E-1	2.347020E-4	1.158807E-3	2.347020E-3	4.431959E-1	1.127802E+1
2.771370E+2	4.554200E+2	2.545782E+1	-9.639328E-1	2.335640E-4	1.300612E-3	2.335640E-3	4.493806E-1	1.144078E+1
2.895860E+2	4.552200E+2	2.546900E+1	-1.091686E+0	2.322820E-4	1.375414E-3	2.322820E-3	4.508863E-1	1.148369E+1
3.022270E+2	4.549900E+2	2.548188E+1	-9.900029E-1	2.310440E-4	1.370605E-3	2.310440E-3	4.491897E-1	1.144540E+1
3.125300E+2	4.548200E+2	2.549140E+1	-9.459246E-1	2.300100E-4	1.423478E-3	2.300100E-3	4.272464E-1	1.089145E+1
3.252160E+2	4.546200E+2	2.550262E+1	-1.040353E+0	2.288820E-4	1.081465E-3	2.288820E-3	4.229934E-1	1.078799E+1
3.379040E+2	4.544000E+2	2.551496E+1	-1.087164E+0	2.278200E-4	1.412483E-3	2.278200E-3	4.273933E-1	1.090456E+1
3.483900E+2	4.542100E+2	2.552564E+1	-1.015228E+0	2.267540E-4	1.452847E-3	2.267540E-3	4.373605E-1	1.116359E+1
3.608010E+2	4.540000E+2	2.553744E+1	-1.023988E+0	2.254700E-4	1.438189E-3	2.254700E-3	4.585508E-1	1.170966E+1
3.713480E+2	4.538200E+2	2.554757E+1	-8.446739E-1	2.244820E-4	1.359742E-3	2.244820E-3	4.486493E-1	1.146199E+1
3.841340E+2	4.536400E+2	2.555771E+1	-9.980198E-1	2.234000E-4	1.141670E-3	2.234000E-3	4.255932E-1	1.087816E+1
3.967590E+2	4.534300E+2	2.556955E+1	-1.049618E+0	2.223440E-4	1.245825E-3	2.223440E-3	4.295214E-1	1.098302E+1
4.093350E+2	4.532100E+2	2.558196E+1	-9.737098E-1	2.212540E-4	1.451448E-3	2.212540E-3	4.306843E-1	1.101692E+1
4.216590E+2	4.530100E+2	2.559325E+1	-9.856025E-1	2.200320E-4	1.322449E-3	2.200320E-3	4.401000E-1	1.126292E+1
4.320080E+2	4.528400E+2	2.560286E+1	-9.847366E-1	2.191180E-4	1.170404E-3	2.191180E-3	4.366508E-1	1.118028E+1
4.441940E+2	4.526400E+2	2.561417E+1	-1.051793E+0	2.180720E-4	1.248440E-3	2.180720E-3	4.201148E-1	1.076201E+1
4.567440E+2	4.524200E+2	2.562663E+1	-1.161853E+0	2.169560E-4	1.406608E-3	2.169560E-3	4.276824E-1	1.095982E+1
4.691380E+2	4.521800E+2	2.564023E+1	-9.152445E-1	2.157220E-4	1.532343E-3	2.157220E-3	4.377449E-1	1.122235E+1
4.796270E+2	4.520200E+2	2.564931E+1	-9.088735E-1	2.147680E-4	1.326972E-3	2.147680E-3	4.382022E-1	1.123991E+1
4.921700E+2	4.518300E+2	2.566009E+1	-9.848701E-1	2.137440E-4	1.102974E-3	2.137440E-3	4.328908E-1	1.110875E+1
5.061820E+2	4.516000E+2	2.567316E+1	-1.016544E+0	2.126220E-4	1.206162E-3	2.126220E-3	4.290984E-1	1.101560E+1
5.162160E+2	4.514300E+2	2.568283E+1	-9.739469E-1	2.117420E-4	1.284895E-3	2.117420E-3	3.530107E-1	9.066749E+0
5.285370E+2	4.512300E+2	2.569421E+1	-9.739469E-1	2.106300E-4	1.376822E-3	2.106300E-3	3.248591E-1	8.347531E+0
5.408580E+2	4.510300E+2	2.570561E+1	-1.027146E+0	2.105440E-4	1.061299E-3	2.105440E-3	3.267090E-1	8.398448E+0
5.531250E+2	4.508200E+2	2.571758E+1	-1.116415E+0	2.093840E-4	1.504451E-3	2.093840E-3	3.539338E-1	9.101865E+0
5.654860E+2	4.505900E+2	2.573071E+1	-9.861742E-1	2.082920E-4	1.503089E-3	2.082920E-3	4.154625E-1	1.068946E+1
5.758290E+2	4.504200E+2	2.574042E+1	-1.013269E+0	2.074080E-4	9.633182E-4	2.074080E-3	4.093760E-1	1.053708E+1
5.882640E+2	4.502100E+2	2.575243E+1	-8.796794E-1	2.064880E-4	1.263523E-3	2.064880E-3	4.183968E-1	1.077451E+1
5.984950E+2	4.500600E+2	2.576101E+1	-9.386333E-1	2.056680E-4	1.209409E-3	2.056680E-3	4.215978E-1	1.086167E+1
6.125580E+2	4.498400E+2	2.577361E+1	-1.039090E+0	2.045640E-4	1.275969E-3	2.045640E-3	4.239750E-1	1.092824E+1
6.246840E+2	4.496300E+2	2.578565E+1	-1.128373E+0	2.035320E-4	1.422039E-3	2.035320E-3	4.224214E-1	1.089196E+1
6.369140E+2	4.494000E+2	2.579884E+1	-9.241432E-1	2.024560E-4	1.446225E-3	2.024560E-3	4.262042E-1	1.099435E+1
6.473020E+2	4.492400E+2	2.580803E+1	-9.172098E-1	2.015880E-4	1.264421E-3	2.015880E-3	4.193188E-1	1.082212E+1
6.597310E+2	4.490500E+2	2.581895E+1	-1.057608E+0	2.006480E-4	1.206669E-3	2.006480E-3	4.130788E-1	1.066655E+1
6.722120E+2	4.488300E+2	2.583161E+1	-1.119857E+0	1.996932E-4	1.284148E-3	1.996932E-3	4.203889E-1	1.085925E+1
6.845350E+2	4.486000E+2	2.584485E+1	-1.060487E+0	1.986046E-4	1.535028E-3	1.986046E-3	4.489745E-1	1.160236E+1
6.947190E+2	4.484200E+2	2.585523E+1	-9.281120E-1	1.975568E-4	1.802743E-3	1.975568E-3	4.595810E-1	1.188277E+1
7.070020E+2	4.482300E+2	2.586618E+1	-9.492365E-1	1.964346E-4	1.371217E-3	1.964346E-3	4.410498E-1	1.140906E+1
7.215400E+2	4.480000E+2	2.587946E+1	-1.042069E+0	1.954518E-4	9.241736E-4	1.954518E-3	4.183084E-1	1.082512E+1
7.319040E+2	4.478200E+2	2.588987E+1	-9.629273E-1	1.946928E-4	1.343563E-3	1.946928E-3	4.142013E-1	1.072337E+1
7.443660E+2	4.476200E+2	2.590143E+1	-9.731571E-1	1.936758E-4	1.385697E-3	1.936758E-3	4.251803E-1	1.101328E+1
7.566970E+2	4.474200E+2	2.591301E+1	-1.071516E+0	1.926612E-4	1.351890E-3	1.926612E-3	4.342843E-1	1.125345E+1
7.690160E+2	4.472000E+2	2.592576E+1	-9.193641E-1	1.917048E-4	1.254267E-3	1.917048E-3	4.291909E-1	1.112653E+1
7.794580E+2	4.470400E+2	2.593504E+1	-1.080285E+0	1.908756E-4	1.447555E-3	1.908756E-3	4.323629E-1	1.121400E+1
7.916770E+2	4.468200E+2	2.594781E+1	-1.030928E+0	1.898422E-4	1.420904E-3	1.898422E-3	4.475321E-1	1.161294E+1
8.038990E+2	4.466100E+2	2.596001E+1	-9.965201E-1	1.888052E-4	1.402110E-3	1.888052E-3	4.511260E-1	1.171030E+1
8.165430E+2	4.464000E+2	2.597222E+1	-8.777919E-1	1.877334E-4	1.744922E-3	1.877334E-3	4.492352E-1	1.166725E+1
8.267960E+2	4.462500E+2	2.598095E+1	-1.008969E+0	1.869732E-4	1.077156E-3	1.869732E-3	4.349019E-1	1.130065E+1
8.410680E+2	4.460100E+2	2.599493E+1	-1.054145E+0	1.858934E-4	1.499817E-3	1.858934E-3	4.273815E-1	1.110960E+1
8.535900E+2	4.457900E+2	2.600776E+1	-9.438600E-1	1.849138E-4	1.448362E-3	1.849138E-3	4.279420E-1	1.112842E+1
8.637610E+2	4.456300E+2	2.601710E+1	-9.706382E-1	1.841250E-4	1.330080E-3	1.841250E-3	4.119675E-1	1.071873E+1
8.761240E+2	4.454300E+2	2.602878E+1	-1.025975E+0	1.831854E-4	1.486071E-3	1.831854E-3	4.296616E-1	1.118426E+1
8.884050E+2	4.452200E+2	2.604106E+1	-1.008646E+0	1.824542E-4	1.893899E-3	1.824542E-3	4.396620E-1	1.144938E+1
9.008970E+2	4.450100E+2	2.605335E+1	-1.077991E+0	1.812198E-4	1.372028E-3	1.812198E-3	4.489413E-1	1.169613E+1
9.131420E+2	4.447900E+2	2.606623E+1	-1.028082E+0	1.801916E-4	1.500708E-3	1.801916E-3	4.633674E-1	1.207764E+1
9.236470E+2	4.446100E+2	2.607679E+1	-9.531374E-1	1.793866E-4	1.237605E-3	1.793866E-3	4.310959E-1	1.124154E+1
9.362370E+2	4.444100E+2	2.608852E+1	-9.103250E-1	1.784282E-4	8.405940E-4	1.784282E-3	4.325487E-1	1.128466E+1
9.487600E+2	4.442200E+2	2.609968E+1	-9.563277E-1	1.776574E-4	1.387343E-3	1.776574E-3	4.324882E-1	1.128821E+1
9.613080E+2	4.440200E+2	2.611144E+1	-1.061179E+0	1.766844E-4	1.530519E-3	1.766844E-3	4.214406E-1	1.100473E+1
9.737470E+2	4.438000E+2	2.612438E+1	-1.107979E+0	1.757246E-4	1.515243E-3	1.757246E-3	4.243521E-1	1.108545E+1
9.840360E+2	4.436100E+2	2.613557E+1	-9.048337E-1	1.749728E-4	1.374968E-3	1.749728E-3	4.120460E-1	1.076906E+1
9.966350E+2	4.434200E+2	2.614677E+1	-1.058371E+0	1.740994E-4	1.279013E-3	1.740994E-3	4.127988E-1	1.079363E+1
1.009107E+3	4.432000E+2	2.615975E+1	-1.010763E+0	1.732074E-4	1.444820E-3	1.732074E-3	4.161498E-1	1.088636E+1
1.019792E+3	4.430200E+2	2.617038E+1	-1.109682E+0	1.724328E-4	1.385843E-3	1.724328E-3	4.206118E-1	1.100734E+1
1.032228E+3	4.427900E+2	2.618397E+1	-8.665511E-1	1.714648E-4	1.427069E-3	1.714648E-3	4.330734E-1	1.133855E+1
1.042614E+3	4.426400E+2	2.619284E+1	-9.233012E-1	1.707454E-4	1.309137E-3	1.707454E-3	4.287073E-1	1.122953E+1
1.054961E+3	4.424500E+2	2.620409E+1	-1.033592E+0	1.699174E-4	1.272245E-3	1.699174E-3	4.351862E-1	1.140471E+1
1.067732E+3	4.422300E+2	2.621713E+1	-9.413980E-1	1.690420E-4	1.451250E-3	1.690420E-3	4.299135E-1	1.127131E+1
1.080479E+3	4.420300E+2	2.622899E+1	-1.095847E+0	1.680880E-4	1.443288E-3	1.680880E-3	4.371710E-1	1.146619E+1
1.093072E+3	4.418000E+2	2.624264E+1	-9.329446E-1	1.671378E-4	1.444748E-3	1.671378E-3	4.388709E-1	1.151632E+1
1.103362E+3	4.416400E+2	2.625215E+1	-1.063291E+0	1.663948E-4	1.340984E-3	1.663948E-3	4.354281E-1	1.143134E+1
1.115212E+3	4.414300E+2	2.626464E+1	-1.024224E+0	1.655484E-4	1.660105E-3	1.655484E-3	4.392703E-1	1.153792E+1
1.127514E+3	4.412200E+2	2.627714E+1	-1.001590E+0	1.645964E-4	1.220614E-3	1.645964E-3	4.305090E-1	1.131207E+1
1.140094E+3	4.410100E+2	2.628965E+1	-9.799212E-1	1.637112E-4	1.389467E-3	1.637112E-3	4.341479E-1	1.141333E+1
1.150503E+3	4.408400E+2	2.629979E+1	-9.453350E-1	1.630512E-4	1.261093E-3	1.630512E-3	4.312589E-1	1.134284E+1
1.165101E+3	4.406100E+2	2.631352E+1	-9.922041E-1	1.620428E-4	1.404702E-3	1.620428E-3	4.249289E-1	1.118126E+1
1.177800E+3	4.404000E+2	2.632607E+1	-1.018004E+0	1.611590E-4	1.367767E-3	1.611590E-3	4.218248E-1	1.110452E+1
1.188409E+3	4.402200E+2	2.633683E+1	-1.051374E+0	1.605074E-4	1.420117E-3	1.605074E-3	4.202775E-1	1.106867E+1
1.200964E+3	4.400000E+2	2.635000E+1	-9.288824E-1	1.596136E-4	1.388971E-3	1.596136E-3	4.240884E-1	1.117409E+1
1.211299E+3	4.398400E+2	2.635959E+1	-9.603073E-1	1.589004E-4	1.319600E-3	1.589004E-3	4.318526E-1	1.138461E+1
1.223795E+3	4.396400E+2	2.637158E+1	-1.085066E+0	1.581094E-4	1.261286E-3	1.581094E-3	4.310936E-1	1.136973E+1
1.238172E+3	4.393800E+2	2.638718E+1	-1.030239E+0	1.570628E-4	1.394095E-3	1.570628E-3	4.348034E-1	1.147165E+1
1.248655E+3	4.392000E+2	2.639800E+1	-9.711511E-1	1.563204E-4	1.678830E-3	1.563204E-3	4.501173E-1	1.188110E+1
1.259158E+3	4.390300E+2	2.640822E+1	-9.653286E-1	1.555610E-4	1.514902E-3	1.555610E-3	4.565418E-1	1.205721E+1
1.271589E+3	4.388300E+2	2.642025E+1	-9.500435E-1	1.546866E-4	1.465557E-3	1.546866E-3	4.458094E-1	1.177916E+1
1.284220E+3	4.386300E+2	2.643230E+1	-1.051206E+0	1.538862E-4	1.305993E-3	1.538862E-3	4.373160E-1	1.155959E+1
1.296777E+3	4.384100E+2	2.644556E+1	-9.668063E-1	1.530420E-4	1.281611E-3	1.530420E-3	4.306718E-1	1.138933E+1
1.309189E+3	4.382100E+2	2.645763E+1	-1.027637E+0	1.522052E-4	1.528340E-3	1.522052E-3	4.283661E-1	1.133323E+1
1.322034E+3	4.379900E+2	2.647092E+1	-9.828483E-1	1.513526E-4	1.426187E-3	1.513526E-3	4.300759E-1	1.138395E+1
1.332412E+3	4.378200E+2	2.648120E+1	-1.009534E+0	1.507148E-4	1.345536E-3	1.507148E-3	4.223325E-1	1.118458E+1
1.344893E+3	4.376100E+2	2.649391E+1	-1.105946E+0	1.498716E-4	1.384728E-3	1.498716E-3	4.325536E-1	1.146016E+1
1.357371E+3	4.373800E+2	2.650784E+1	-9.191881E-1	1.490210E-4	1.534908E-3	1.490210E-3	4.320591E-1	1.145171E+1
1.367815E+3	4.372200E+2	2.651754E+1	-9.201711E-1	1.483116E-4	1.491010E-3	1.483116E-3	4.227969E-1	1.121188E+1
1.380204E+3	4.370300E+2	2.652907E+1	-1.078431E+0	1.476456E-4	1.229557E-3	1.476456E-3	4.290303E-1	1.138271E+1
1.392444E+3	4.368100E+2	2.654243E+1	-9.350892E-1	1.468454E-4	1.503347E-3	1.468454E-3	4.312388E-1	1.144626E+1
1.405277E+3	4.366100E+2	2.655459E+1	-1.097852E+0	1.460042E-4	1.505259E-3	1.460042E-3	4.476090E-1	1.188568E+1
1.417847E+3	4.363800E+2	2.656859E+1	-9.093492E-1	1.450976E-4	1.720865E-3	1.450976E-3	4.569697E-1	1.213999E+1
1.428404E+3	4.362200E+2	2.657833E+1	-9.237164E-1	1.444424E-4	1.294787E-3	1.444424E-3	4.422251E-1	1.175371E+1
1.441395E+3	4.360200E+2	2.659052E+1	-1.053118E+0	1.436462E-4	1.436665E-3	1.436462E-3	4.301144E-1	1.143782E+1
1.452220E+3	4.358300E+2	2.660212E+1	-1.100830E+0	1.429926E-4	1.486750E-3	1.429926E-3	4.209282E-1	1.119817E+1
1.464756E+3	4.356000E+2	2.661616E+1	-1.132610E+0	1.421442E-4	1.618491E-3	1.421442E-3	4.286619E-1	1.140832E+1
1.475351E+3	4.354000E+2	2.662839E+1	-8.697333E-1	1.414110E-4	1.520342E-3	1.414110E-3	4.386790E-1	1.168056E+1
1.485699E+3	4.352500E+2	2.663756E+1	-9.393506E-1	1.407618E-4	1.350381E-3	1.407618E-3	4.433796E-1	1.181176E+1
1.500390E+3	4.350200E+2	2.665165E+1	-9.423590E-1	1.399398E-4	1.361964E-3	1.399398E-3	4.379603E-1	1.167302E+1
1.513124E+3	4.348200E+2	2.666391E+1	-1.090909E+0	1.391722E-4	1.522788E-3	1.391722E-3	4.334852E-1	1.155804E+1
1.525774E+3	4.345900E+2	2.667802E+1	-9.556826E-1	1.383514E-4	1.506496E-3	1.383514E-3	4.344927E-1	1.159069E+1
1.536447E+3	4.344200E+2	2.668846E+1	-1.010830E+0	1.376866E-4	1.403376E-3	1.376866E-3	4.330667E-1	1.155792E+1
1.548912E+3	4.342100E+2	2.670137E+1	-9.083665E-1	1.369522E-4	1.316854E-3	1.369522E-3	4.200446E-1	1.121663E+1
1.561462E+3	4.340200E+2	2.671305E+1	-1.188307E+0	1.362432E-4	1.381362E-3	1.362432E-3	4.208929E-1	1.124367E+1
1.574085E+3	4.337700E+2	2.672845E+1	-9.506944E-1	1.354574E-4	1.617036E-3	1.354574E-3	4.321428E-1	1.154913E+1
1.584814E+3	4.336000E+2	2.673893E+1	-1.023115E+0	1.347576E-4	1.610227E-3	1.347576E-3	4.449551E-1	1.189679E+1
1.595370E+3	4.334200E+2	2.675003E+1	-8.888196E-1	1.340772E-4	1.557084E-3	1.340772E-3	4.469348E-1	1.195651E+1
1.608196E+3	4.332300E+2	2.676177E+1	-1.055156E+0	1.333530E-4	1.346621E-3	1.333530E-3	4.319446E-1	1.156036E+1
1.620706E+3	4.330100E+2	2.677536E+1	-9.681323E-1	1.326570E-4	1.399557E-3	1.326570E-3	4.230864E-1	1.132842E+1
1.633101E+3	4.328100E+2	2.678774E+1	-1.043396E+0	1.319236E-4	1.475605E-3	1.319236E-3	4.246983E-1	1.137617E+1
1.645752E+3	4.325900E+2	2.680136E+1	-9.003939E-1	1.311816E-4	1.505625E-3	1.311816E-3	4.319835E-1	1.157716E+1
1.656414E+3	4.324300E+2	2.681128E+1	-1.063144E+0	1.305838E-4	1.417453E-3	1.305838E-3	4.338264E-1	1.163216E+1
1.668830E+3	4.322100E+2	2.682492E+1	-9.756853E-1	1.298478E-4	1.567020E-3	1.298478E-3	4.357938E-1	1.169039E+1
1.681744E+3	4.320000E+2	2.683796E+1	-1.124593E+0	1.290786E-4	1.519132E-3	1.290786E-3	4.372364E-1	1.173407E+1
1.691881E+3	4.318100E+2	2.684977E+1	-9.884679E-1	1.284394E-4	1.607348E-3	1.284394E-3	4.367367E-1	1.172622E+1
1.704628E+3	4.316000E+2	2.686284E+1	-1.030239E+0	1.276752E-4	1.549459E-3	1.276752E-3	4.270433E-1	1.147133E+1
1.715111E+3	4.314200E+2	2.687404E+1	-9.245705E-1	1.270978E-4	1.281335E-3	1.270978E-3	4.319655E-1	1.160895E+1
1.728090E+3	4.312200E+2	2.688651E+1	-9.474397E-1	1.264398E-4	1.453673E-3	1.264398E-3	4.153338E-1	1.116719E+1
1.741389E+3	4.310100E+2	2.689961E+1	-1.087682E+0	1.256742E-4	1.373080E-3	1.256742E-3	4.139404E-1	1.113474E+1
1.751870E+3	4.308200E+2	2.691147E+1	-9.891663E-1	1.251642E-4	1.478311E-3	1.251642E-3	4.179209E-1	1.124699E+1
1.764608E+3	4.306100E+2	2.692460E+1	-9.437672E-1	1.244554E-4	1.468831E-3	1.244554E-3	4.227959E-1	1.138361E+1
1.777323E+3	4.304100E+2	2.693711E+1	-1.004865E+0	1.237526E-4	1.470905E-3	1.237526E-3	4.351621E-1	1.172193E+1
1.789862E+3	4.302000E+2	2.695026E+1	-1.101982E+0	1.230448E-4	1.531918E-3	1.230448E-3	4.349045E-1	1.172065E+1
1.800207E+3	4.300100E+2	2.696216E+1	-1.009696E+0	1.224482E-4	1.546288E-3	1.224482E-3	4.334571E-1	1.168681E+1
1.812686E+3	4.298000E+2	2.697534E+1	-1.019156E+0	1.217212E-4	1.521414E-3	1.217212E-3	4.390617E-1	1.184335E+1
1.823283E+3	4.296200E+2	2.698664E+1	-9.098164E-1	1.211206E-4	1.455635E-3	1.211206E-3	4.449469E-1	1.200765E+1
1.835813E+3	4.294300E+2	2.699858E+1	-9.826400E-1	1.204710E-4	1.470628E-3	1.204710E-3	4.409211E-1	1.190469E+1
1.848025E+3	4.292300E+2	2.701116E+1	-9.942829E-1	1.198068E-4	1.379421E-3	1.198068E-3	4.378696E-1	1.182768E+1
1.860094E+3	4.290300E+2	2.702375E+1	-1.033889E+0	1.191558E-4	1.478564E-3	1.191558E-3	4.416977E-1	1.193631E+1
1.872281E+3	4.288200E+2	2.703699E+1	-9.041161E-1	1.184766E-4	1.567019E-3	1.184766E-3	4.400691E-1	1.189799E+1
1.884890E+3	4.286300E+2	2.704897E+1	-1.041322E+0	1.178044E-4	1.460647E-3	1.178044E-3	4.373770E-1	1.183081E+1
1.896990E+3	4.284200E+2	2.706223E+1	-9.983361E-1	1.171616E-4	1.405186E-3	1.171616E-3	4.300340E-1	1.163800E+1
1.909010E+3	4.282200E+2	2.707487E+1	-1.092354E+0	1.165276E-4	1.495951E-3	1.165276E-3	4.248449E-1	1.150237E+1
1.921094E+3	4.280000E+2	2.708879E+1	-1.030511E+0	1.158512E-4	1.502911E-3	1.158512E-3	4.380382E-1	1.186482E+1
1.930992E+3	4.278300E+2	2.709955E+1	-8.901343E-1	1.152968E-4	1.445634E-3	1.152968E-3	4.405458E-1	1.193889E+1
1.943125E+3	4.276500E+2	2.711096E+1	-9.796962E-1	1.146732E-4	1.338883E-3	1.146732E-3	4.375689E-1	1.186429E+1
1.957211E+3	4.274200E+2	2.712554E+1	-1.063381E+0	1.139778E-4	1.394366E-3	1.139778E-3	4.317538E-1	1.171156E+1
1.969060E+3	4.272100E+2	2.713888E+1	-1.000000E+0	1.133426E-4	1.480440E-3	1.133426E-3	4.345267E-1	1.179165E+1
1.981060E+3	4.270100E+2	2.715159E+1	-9.018789E-1	1.127114E-4	1.489722E-3	1.127114E-3	4.449384E-1	1.208029E+1
1.993035E+3	4.268300E+2	2.716304E+1	-9.947774E-1	1.120952E-4	1.405337E-3	1.120952E-3	4.429297E-1	1.203184E+1
2.005098E+3	4.266300E+2	2.717577E+1	-1.035418E+0	1.114748E-4	1.448020E-3	1.114748E-3	4.343933E-1	1.180520E+1
2.017267E+3	4.264200E+2	2.718916E+1	-1.074734E+0	1.108622E-4	1.503853E-3	1.108622E-3	4.275832E-1	1.162530E+1
2.027316E+3	4.262400E+2	2.720064E+1	-1.035588E+0	1.103182E-4	1.581527E-3	1.103182E-3	4.377132E-1	1.190618E+1
2.039483E+3	4.260300E+2	2.721405E+1	-9.417596E-1	1.096658E-4	1.420623E-3	1.096658E-3	4.402180E-1	1.198069E+1
2.051588E+3	4.258400E+2	2.722619E+1	-1.010881E+0	1.090390E-4	1.407820E-3	1.090390E-3	4.349755E-1	1.184303E+1
2.065833E+3	4.256000E+2	2.724154E+1	-1.019694E+0	1.083556E-4	1.385416E-3	1.083556E-3	4.339181E-1	1.181954E+1
2.075836E+3	4.254300E+2	2.725243E+1	-9.317532E-1	1.078634E-4	1.414708E-3	1.078634E-3	4.321228E-1	1.177620E+1
2.088071E+3	4.252400E+2	2.726460E+1	-1.050000E+0	1.072552E-4	1.553001E-3	1.072552E-3	4.380733E-1	1.194478E+1
2.100071E+3	4.250300E+2	2.727807E+1	-1.022893E+0	1.066324E-4	1.537688E-3	1.066324E-3	4.357874E-1	1.188763E+1
2.112389E+3	4.248200E+2	2.729156E+1	-9.978380E-1	1.060198E-4	1.413421E-3	1.060198E-3	4.349109E-1	1.186907E+1
2.124415E+3	4.246200E+2	2.730441E+1	-9.911621E-1	1.054380E-4	1.495251E-3	1.054380E-3	4.435739E-1	1.211133E+1
2.136522E+3	4.244200E+2	2.731728E+1	-9.982531E-1	1.048156E-4	1.586958E-3	1.048156E-3	4.497072E-1	1.228420E+1
2.148543E+3	4.242200E+2	2.733016E+1	-9.657948E-1	1.041974E-4	1.462153E-3	1.041974E-3	4.358074E-1	1.191095E+1
2.158483E+3	4.240600E+2	2.734047E+1	-1.052558E+0	1.037268E-4	1.410140E-3	1.037268E-3	4.266233E-1	1.166536E+1
2.172734E+3	4.238100E+2	2.735660E+1	-9.264527E-1	1.030796E-4	1.388440E-3	1.030796E-3	4.255984E-1	1.164249E+1
2.185039E+3	4.236200E+2	2.736887E+1	-9.881423E-1	1.025046E-4	1.441555E-3	1.025046E-3	4.303105E-1	1.177607E+1
2.197183E+3	4.234200E+2	2.738180E+1	-1.041667E+0	1.019176E-4	1.480461E-3	1.019176E-3	4.356730E-1	1.192940E+1
2.206975E+3	4.232500E+2	2.739279E+1	-1.045817E+0	1.014380E-4	1.518681E-3	1.014380E-3	4.293193E-1	1.176132E+1
2.219023E+3	4.230400E+2	2.740639E+1	-9.591326E-1	1.008690E-4	1.439165E-3	1.008690E-3	4.283891E-1	1.174142E+1
2.233411E+3	4.228100E+2	2.742130E+1	-1.036952E+0	1.002120E-4	1.491044E-3	1.002120E-3	4.316410E-1	1.183542E+1
2.245562E+3	4.226000E+2	2.743493E+1	-1.066983E+0	9.962220E-5	1.533462E-3	9.962220E-4	4.367978E-1	1.198276E+1
2.255684E+3	4.224200E+2	2.744662E+1	-1.044430E+0	9.911420E-5	1.603391E-3	9.911420E-4	4.430574E-1	1.216057E+1
2.267748E+3	4.222100E+2	2.746027E+1	-9.357301E-1	9.852080E-5	1.607162E-3	9.852080E-4	4.536894E-1	1.245806E+1
2.279931E+3	4.220200E+2	2.747263E+1	-8.883771E-1	9.795300E-5	1.483835E-3	9.795300E-4	4.499126E-1	1.236017E+1
2.292088E+3	4.218400E+2	2.748435E+1	-1.046251E+0	9.741160E-5	1.491033E-3	9.741160E-4	4.438124E-1	1.219860E+1
2.304131E+3	4.216300E+2	2.749804E+1	-9.819967E-1	9.686940E-5	1.516271E-3	9.686940E-4	4.355153E-1	1.197596E+1
2.316351E+3	4.214300E+2	2.751109E+1	-9.983361E-1	9.631400E-5	1.487484E-3	9.631400E-4	4.310175E-1	1.185760E+1
2.328371E+3	4.212300E+2	2.752416E+1	-9.994170E-1	9.576340E-5	1.439852E-3	9.576340E-4	4.364947E-1	1.201431E+1
2.340378E+3	4.210300E+2	2.753723E+1	-1.028152E+0	9.522720E-5	1.494373E-3	9.522720E-4	4.365047E-1	1.202057E+1
2.352633E+3	4.208200E+2	2.755097E+1	-1.083922E+0	9.465420E-5	1.588855E-3	9.465420E-4	4.400753E-1	1.212422E+1
2.364811E+3	4.206000E+2	2.756538E+1	-1.018066E+0	9.405600E-5	1.586213E-3	9.405600E-4	4.520187E-1	1.245919E+1
2.374830E+3	4.204300E+2	2.757653E+1	-8.802571E-1	9.358020E-5	1.566321E-3	9.358020E-4	4.487271E-1	1.237487E+1
2.389144E+3	4.202200E+2	2.759031E+1	-1.045643E+0	9.296220E-5	1.328691E-3	9.296220E-4	4.448000E-1	1.227266E+1
2.401194E+3	4.200100E+2	2.760410E+1	-9.937888E-1	9.244680E-5	1.507131E-3	9.244680E-4	4.353715E-1	1.201794E+1
2.413269E+3	4.198100E+2	2.761726E+1	-1.038319E+0	9.190580E-5	1.464161E-3	9.190580E-4	4.325855E-1	1.194610E+1
2.425404E+3	4.196000E+2	2.763108E+1	-9.053415E-1	9.137020E-5	1.465936E-3	9.137020E-4	4.472938E-1	1.235850E+1
2.435345E+3	4.194500E+2	2.764096E+1	-9.488894E-1	9.094700E-5	1.443460E-3	9.094700E-4	4.480871E-1	1.238669E+1
2.449256E+3	4.192300E+2	2.765546E+1	-1.058112E+0	9.034120E-5	1.521462E-3	9.034120E-4	4.492860E-1	1.242595E+1
2.461164E+3	4.190200E+2	2.766932E+1	-1.024474E+0	8.980320E-5	1.565382E-3	8.980320E-4	4.361608E-1	1.206850E+1
2.473463E+3	4.188100E+2	2.768320E+1	-1.157136E+0	8.924980E-5	1.596778E-3	8.924980E-4	4.408825E-1	1.220435E+1
2.485389E+3	4.185800E+2	2.769841E+1	-8.187135E-1	8.869840E-5	1.561962E-3	8.869840E-4	4.483603E-1	1.241705E+1
2.495649E+3	4.184400E+2	2.770768E+1	-9.474734E-1	8.825960E-5	1.516336E-3	8.825960E-4	4.462328E-1	1.236492E+1
2.507681E+3	4.182500E+2	2.772026E+1	-9.891055E-1	8.777700E-5	1.392475E-3	8.777700E-4	4.415026E-1	1.224029E+1
2.521633E+3	4.180200E+2	2.773552E+1	-1.034653E+0	8.721360E-5	1.451461E-3	8.721360E-4	4.325224E-1	1.199603E+1
2.533811E+3	4.178100E+2	2.774946E+1	-9.887122E-1	8.669740E-5	1.591630E-3	8.669740E-4	4.370802E-1	1.212810E+1
2.545948E+3	4.176100E+2	2.776275E+1	-9.898540E-1	8.617080E-5	1.587607E-3	8.617080E-4	4.444096E-1	1.233787E+1
2.558071E+3	4.174100E+2	2.777605E+1	-9.978380E-1	8.566700E-5	1.533248E-3	8.566700E-4	4.352435E-1	1.209004E+1
2.570097E+3	4.172100E+2	2.778936E+1	-1.178975E+0	8.515700E-5	1.595041E-3	8.515700E-4	4.378766E-1	1.216825E+1
2.582311E+3	4.169700E+2	2.780536E+1	-8.758272E-1	8.462120E-5	1.622263E-3	8.462120E-4	4.420409E-1	1.228916E+1
2.592587E+3	4.168200E+2	2.781536E+1	-1.019185E+0	8.417980E-5	1.564906E-3	8.417980E-4	4.447472E-1	1.237046E+1
2.602595E+3	4.166500E+2	2.782671E+1	-9.911621E-1	8.376520E-5	1.514271E-3	8.376520E-4	4.437327E-1	1.234957E+1
2.614702E+3	4.164500E+2	2.784008E+1	-9.890110E-1	8.327980E-5	1.530604E-3	8.327980E-4	4.306129E-1	1.198949E+1
2.629262E+3	4.162100E+2	2.785613E+1	-1.007839E+0	8.271960E-5	1.590744E-3	8.271960E-4	4.303240E-1	1.198641E+1
2.641764E+3	4.160000E+2	2.787019E+1	-1.044892E+0	8.221060E-5	1.643511E-3	8.221060E-4	4.392726E-1	1.224131E+1
2.652100E+3	4.158200E+2	2.788226E+1	-9.402062E-1	8.178480E-5	1.599042E-3	8.178480E-4	4.428933E-1	1.234919E+1
2.664225E+3	4.156300E+2	2.789500E+1	-1.079666E+0	8.128760E-5	1.562078E-3	8.128760E-4	4.436299E-1	1.237601E+1
2.676451E+3	4.154100E+2	2.790978E+1	-1.038319E+0	8.078880E-5	1.605163E-3	8.078880E-4	4.482105E-1	1.250885E+1
2.688586E+3	4.152000E+2	2.792389E+1	-9.457196E-1	8.027620E-5	1.656813E-3	8.027620E-4	4.490443E-1	1.253817E+1
2.698737E+3	4.150400E+2	2.793466E+1	-9.407740E-1	7.986720E-5	1.498142E-3	7.986720E-4	4.533439E-1	1.266490E+1
2.712768E+3	4.148200E+2	2.794947E+1	-9.923096E-1	7.933340E-5	1.423716E-3	7.933340E-4	4.486914E-1	1.254098E+1
2.724861E+3	4.146200E+2	2.796295E+1	-9.909166E-1	7.887200E-5	1.497706E-3	7.887200E-4	4.404370E-1	1.231580E+1
2.736971E+3	4.144200E+2	2.797645E+1	-1.054129E+0	7.839800E-5	1.603764E-3	7.839800E-4	4.410160E-1	1.233821E+1
2.748924E+3	4.142100E+2	2.799063E+1	-9.768805E-1	7.792160E-5	1.675893E-3	7.792160E-4	4.468535E-1	1.250737E+1
2.761208E+3	4.140100E+2	2.800415E+1	-9.467652E-1	7.743980E-5	1.543726E-3	7.743980E-4	4.463310E-1	1.249896E+1
2.773249E+3	4.138200E+2	2.801701E+1	-1.028320E+0	7.698600E-5	1.499499E-3	7.698600E-4	4.451772E-1	1.247323E+1
2.785502E+3	4.136100E+2	2.803124E+1	-1.054145E+0	7.651540E-5	1.682172E-3	7.651540E-4	4.449390E-1	1.247206E+1
2.798024E+3	4.133900E+2	2.804615E+1	-1.000981E+0	7.601660E-5	1.774505E-3	7.601660E-4	4.498781E-1	1.261630E+1
2.808214E+3	4.132200E+2	2.805769E+1	-9.823183E-1	7.560460E-5	1.656473E-3	7.560460E-4	4.511133E-1	1.265758E+1
2.820430E+3	4.130200E+2	2.807128E+1	-1.014901E+0	7.513040E-5	1.625686E-3	7.513040E-4	4.472543E-1	1.255568E+1
2.832845E+3	4.128100E+2	2.808556E+1	-9.909984E-1	7.467660E-5	1.497665E-3	7.467660E-4	4.421365E-1	1.241750E+1
2.844954E+3	4.126100E+2	2.809917E+1	-9.745797E-1	7.422960E-5	1.562097E-3	7.422960E-4	4.358335E-1	1.224672E+1
2.857267E+3	4.124100E+2	2.811280E+1	-1.068653E+0	7.377460E-5	1.635998E-3	7.377460E-4	4.379409E-1	1.231166E+1
2.869619E+3	4.121900E+2	2.812781E+1	-9.745844E-1	7.331200E-5	1.688952E-3	7.331200E-4	4.449681E-1	1.251494E+1
2.880085E+3	4.120200E+2	2.813941E+1	-9.237501E-1	7.293200E-5	1.611046E-3	7.293200E-4	4.494866E-1	1.264841E+1
2.892426E+3	4.118300E+2	2.815239E+1	-1.012780E+0	7.247820E-5	1.629724E-3	7.247820E-4	4.484605E-1	1.262657E+1
2.904867E+3	4.116200E+2	2.816676E+1	-1.114611E+0	7.201980E-5	1.710836E-3	7.201980E-4	4.496521E-1	1.266531E+1
2.917248E+3	4.113900E+2	2.818250E+1	-9.921214E-1	7.154460E-5	1.781368E-3	7.154460E-4	4.522872E-1	1.274533E+1
2.927529E+3	4.112200E+2	2.819415E+1	-9.589260E-1	7.113600E-5	1.743962E-3	7.113600E-4	4.602594E-1	1.297646E+1
2.940043E+3	4.110200E+2	2.820787E+1	-9.327442E-1	7.067780E-5	1.588958E-3	7.067780E-4	4.573685E-1	1.290196E+1
2.952265E+3	4.108300E+2	2.822092E+1	-1.029748E+0	7.026260E-5	1.514676E-3	7.026260E-4	4.482591E-1	1.265066E+1
2.964501E+3	4.106200E+2	2.823535E+1	-9.362565E-1	6.983800E-5	1.661974E-3	6.983800E-4	4.435228E-1	1.252315E+1
2.977318E+3	4.104200E+2	2.824911E+1	-1.014248E+0	6.939200E-5	1.643346E-3	6.939200E-4	4.466776E-1	1.261823E+1
2.989741E+3	4.102100E+2	2.826357E+1	-1.002004E+0	6.895180E-5	1.676367E-3	6.895180E-4	4.546125E-1	1.284880E+1
3.001717E+3	4.100100E+2	2.827736E+1	-9.887937E-1	6.851880E-5	1.678416E-3	6.851880E-4	4.444510E-1	1.256827E+1
3.013853E+3	4.098100E+2	2.829116E+1	-1.125153E+0	6.808220E-5	1.664477E-3	6.808220E-4	4.510222E-1	1.275971E+1
3.026118E+3	4.095800E+2	2.830705E+1	-8.669685E-1	6.764140E-5	1.695140E-3	6.764140E-4	4.537272E-1	1.284226E+1
3.036499E+3	4.094300E+2	2.831742E+1	-1.010101E+0	6.727740E-5	1.574921E-3	6.727740E-4	4.511003E-1	1.277453E+1
3.048379E+3	4.092300E+2	2.833126E+1	-1.023392E+0	6.685920E-5	1.586670E-3	6.685920E-4	4.477013E-1	1.268513E+1
3.060691E+3	4.090200E+2	2.834580E+1	-1.020822E+0	6.644440E-5	1.676309E-3	6.644440E-4	4.406773E-1	1.249118E+1
3.073034E+3	4.088100E+2	2.836036E+1	-9.326679E-1	6.603320E-5	1.546992E-3	6.603320E-4	4.415503E-1	1.252216E+1
3.085257E+3	4.086200E+2	2.837355E+1	-1.023558E+0	6.562000E-5	1.692347E-3	6.562000E-4	4.473838E-1	1.269405E+1
3.097567E+3	4.084100E+2	2.838814E+1	-9.788727E-1	6.520780E-5	1.680538E-3	6.520780E-4	4.527719E-1	1.285334E+1
3.109826E+3	4.082100E+2	2.840205E+1	-9.834453E-1	6.479780E-5	1.664593E-3	6.479780E-4	4.416213E-1	1.254268E+1
3.122028E+3	4.080100E+2	2.841597E+1	-1.115242E+0	6.438160E-5	1.596651E-3	6.438160E-4	4.418527E-1	1.255570E+1
3.132250E+3	4.078200E+2	2.842921E+1	-1.027481E+0	6.404180E-5	1.760717E-3	6.404180E-4	4.444245E-1	1.263494E+1
3.144513E+3	4.076100E+2	2.844386E+1	-9.666506E-1	6.361400E-5	1.735598E-3	6.361400E-4	4.505512E-1	1.281532E+1
3.156927E+3	4.074100E+2	2.845782E+1	-9.749756E-1	6.319940E-5	1.632011E-3	6.319940E-4	4.642035E-1	1.320942E+1
3.169235E+3	4.072100E+2	2.847180E+1	-9.244102E-1	6.279400E-5	1.709816E-3	6.279400E-4	4.544268E-1	1.293806E+1
3.179620E+3	4.070500E+2	2.848299E+1	-1.088660E+0	6.246260E-5	1.683543E-3	6.246260E-4	4.502092E-1	1.282437E+1
3.191745E+3	4.068300E+2	2.849839E+1	-9.703243E-1	6.206480E-5	1.681792E-3	6.206480E-4	4.511712E-1	1.285788E+1
3.204112E+3	4.066300E+2	2.851241E+1	-9.641652E-1	6.165500E-5	1.728819E-3	6.165500E-4	4.530067E-1	1.291595E+1
3.216558E+3	4.064300E+2	2.852644E+1	-9.930487E-1	6.125620E-5	1.646807E-3	6.125620E-4	4.534192E-1	1.293484E+1
3.228642E+3	4.062300E+2	2.854048E+1	-1.072822E+0	6.086840E-5	1.706692E-3	6.086840E-4	4.477408E-1	1.277927E+1
3.240946E+3	4.060100E+2	2.855595E+1	-1.041322E+0	6.046860E-5	1.746787E-3	6.046860E-4	4.530568E-1	1.293662E+1
3.253046E+3	4.058000E+2	2.857072E+1	-9.680347E-1	6.005740E-5	1.735219E-3	6.005740E-4	4.551398E-1	1.300261E+1
3.262963E+3	4.056400E+2	2.858199E+1	-9.948677E-1	5.972280E-5	1.742159E-3	5.972280E-4	4.613194E-1	1.318603E+1
3.275628E+3	4.054300E+2	2.859680E+1	-9.227780E-1	5.934260E-5	1.612257E-3	5.934260E-4	4.556469E-1	1.303051E+1
3.287982E+3	4.052400E+2	2.861021E+1	-1.023891E+0	5.897120E-5	1.587418E-3	5.897120E-4	4.507909E-1	1.289756E+1
3.300288E+3	4.050300E+2	2.862504E+1	-1.013025E+0	5.858240E-5	1.766169E-3	5.858240E-4	4.538242E-1	1.299108E+1
3.312726E+3	4.048200E+2	2.863989E+1	-1.035673E+0	5.818880E-5	1.696595E-3	5.818880E-4	4.507252E-1	1.290873E+1
3.324892E+3	4.046100E+2	2.865475E+1	-1.000476E+0	5.779860E-5	1.734535E-3	5.779860E-4	4.597051E-1	1.317176E+1
3.337486E+3	4.044000E+2	2.866963E+1	-8.381449E-1	5.741480E-5	1.765600E-3	5.741480E-4	4.607124E-1	1.320755E+1
3.348224E+3	4.042500E+2	2.868027E+1	-1.090909E+0	5.710340E-5	1.703027E-3	5.710340E-4	4.599031E-1	1.319144E+1
3.360324E+3	4.040300E+2	2.869589E+1	-1.053071E+0	5.671460E-5	1.757324E-3	5.671460E-4	4.562582E-1	1.309354E+1
3.372289E+3	4.038200E+2	2.871081E+1	-1.053776E+0	5.633100E-5	1.737587E-3	5.633100E-4	4.530399E-1	1.300662E+1
3.384246E+3	4.036100E+2	2.872575E+1	-9.087286E-1	5.595240E-5	1.740907E-3	5.595240E-4	4.510531E-1	1.295654E+1
3.396791E+3	4.034200E+2	2.873928E+1	-1.033380E+0	5.559660E-5	1.573123E-3	5.559660E-4	4.521089E-1	1.299333E+1
3.408984E+3	4.032100E+2	2.875425E+1	-9.476309E-1	5.524880E-5	1.643281E-3	5.524880E-4	4.513557E-1	1.297836E+1
3.421014E+3	4.030200E+2	2.876780E+1	-1.021649E+0	5.489140E-5	1.711435E-3	5.489140E-4	4.561772E-1	1.312319E+1
3.433347E+3	4.028100E+2	2.878280E+1	-9.374229E-1	5.452660E-5	1.650295E-3	5.452660E-4	4.636766E-1	1.334573E+1
3.445508E+3	4.026200E+2	2.879638E+1	-9.909166E-1	5.417000E-5	1.710802E-3	5.417000E-4	4.552364E-1	1.310956E+1
3.457618E+3	4.024200E+2	2.881070E+1	-1.079490E+0	5.382060E-5	1.695319E-3	5.382060E-4	4.476421E-1	1.289748E+1
3.469846E+3	4.022000E+2	2.882645E+1	-1.141661E+0	5.345340E-5	1.934960E-3	5.345340E-4	4.435779E-1	1.278595E+1
3.480357E+3	4.020000E+2	2.884080E+1	-9.773860E-1	5.312460E-5	1.926030E-3	5.312460E-4	4.542694E-1	1.310035E+1
3.490793E+3	4.018300E+2	2.885300E+1	-9.366527E-1	5.281680E-5	1.725089E-3	5.281680E-4	4.698980E-1	1.355844E+1
3.502964E+3	4.016400E+2	2.886665E+1	-8.995502E-1	5.246600E-5	1.649045E-3	5.246600E-4	4.719421E-1	1.362432E+1
3.516971E+3	4.014300E+2	2.888175E+1	-1.014542E+0	5.209100E-5	1.663632E-3	5.209100E-4	4.640435E-1	1.340244E+1
3.528799E+3	4.012300E+2	2.889614E+1	-9.971747E-1	5.176120E-5	1.680707E-3	5.176120E-4	4.570589E-1	1.320709E+1
3.540833E+3	4.010300E+2	2.891056E+1	-9.983361E-1	5.142040E-5	1.712852E-3	5.142040E-4	4.519543E-1	1.306642E+1
3.552853E+3	4.008300E+2	2.892498E+1	-1.049563E+0	5.108040E-5	1.733619E-3	5.108040E-4	4.575074E-1	1.323341E+1
3.564858E+3	4.006200E+2	2.894014E+1	-9.479461E-1	5.073940E-5	1.720219E-3	5.073940E-4	4.525094E-1	1.309569E+1
3.576884E+3	4.004300E+2	2.895387E+1	-1.095436E+0	5.040660E-5	1.703563E-3	5.040660E-4	4.530187E-1	1.311719E+1
3.588934E+3	4.002100E+2	2.896979E+1	-1.042097E+0	5.006500E-5	1.850700E-3	5.006500E-4	4.615536E-1	1.337041E+1
3.601025E+3	4.000000E+2	2.898500E+1	-9.401626E-1	4.970860E-5	1.835504E-3	4.970860E-4	4.668342E-1	1.352966E+1
3.611236E+3	3.998400E+2	2.899660E+1	-9.518243E-1	4.942220E-5	1.740603E-3	4.942220E-4	4.725670E-1	1.370382E+1
3.623213E+3	3.996500E+2	2.901038E+1	-9.600668E-1	4.910200E-5	1.751871E-3	4.910200E-4	4.598059E-1	1.334079E+1
3.637587E+3	3.994200E+2	2.902709E+1	-1.050438E+0	4.873300E-5	1.693675E-3	4.873300E-4	4.503802E-1	1.307307E+1
3.649582E+3	3.992100E+2	2.904236E+1	-1.011549E+0	4.841280E-5	1.708839E-3	4.841280E-4	4.557453E-1	1.323516E+1
3.661445E+3	3.990100E+2	2.905692E+1	-9.979210E-1	4.809100E-5	1.703388E-3	4.809100E-4	4.611395E-1	1.339908E+1
3.673470E+3	3.988100E+2	2.907149E+1	-9.733939E-1	4.774480E-5	1.738561E-3	4.774480E-4	4.622387E-1	1.343821E+1
3.685798E+3	3.986100E+2	2.908607E+1	-1.037891E+0	4.743600E-5	1.730187E-3	4.743600E-4	4.608441E-1	1.340388E+1
3.697938E+3	3.984000E+2	2.910141E+1	-1.003443E+0	4.711460E-5	1.856088E-3	4.711460E-4	4.594081E-1	1.336880E+1
3.708103E+3	3.982300E+2	2.911383E+1	-1.038062E+0	4.683400E-5	1.877338E-3	4.683400E-4	4.672598E-1	1.360445E+1
3.720241E+3	3.980200E+2	2.912919E+1	-1.027146E+0	4.649580E-5	1.929699E-3	4.649580E-4	4.714127E-1	1.373240E+1
3.732508E+3	3.978100E+2	2.914457E+1	-9.671959E-1	4.616240E-5	1.829090E-3	4.616240E-4	4.711788E-1	1.373177E+1
3.744915E+3	3.976100E+2	2.915923E+1	-9.234508E-1	4.584640E-5	1.780222E-3	4.584640E-4	4.734096E-1	1.380388E+1
3.757260E+3	3.974200E+2	2.917317E+1	-9.785534E-1	4.554060E-5	1.767797E-3	4.554060E-4	4.697582E-1	1.370474E+1
3.769523E+3	3.972200E+2	2.918786E+1	-1.054658E+0	4.522260E-5	1.766510E-3	4.522260E-4	4.632138E-1	1.352081E+1
3.781470E+3	3.970100E+2	2.920329E+1	-1.035503E+0	4.491160E-5	1.792555E-3	4.491160E-4	4.573149E-1	1.335464E+1
3.793638E+3	3.968000E+2	2.921875E+1	-1.036059E+0	4.459800E-5	1.826783E-3	4.459800E-4	4.599912E-1	1.343940E+1
3.803483E+3	3.966300E+2	2.923127E+1	-9.625411E-1	4.434140E-5	1.890536E-3	4.434140E-4	4.708936E-1	1.376516E+1
3.815950E+3	3.964300E+2	2.924602E+1	-1.001502E+0	4.402620E-5	1.831762E-3	4.402620E-4	4.782280E-1	1.398677E+1
3.827932E+3	3.962300E+2	2.926078E+1	-9.892012E-1	4.371360E-5	1.841823E-3	4.371360E-4	4.722590E-1	1.381893E+1
3.840063E+3	3.960300E+2	2.927556E+1	-1.051929E+0	4.340620E-5	1.825215E-3	4.340620E-4	4.683967E-1	1.371263E+1
3.852041E+3	3.958200E+2	2.929109E+1	-9.416040E-1	4.311100E-5	1.811883E-3	4.311100E-4	4.646531E-1	1.360982E+1
3.864148E+3	3.956300E+2	2.930516E+1	-9.764830E-1	4.281640E-5	1.831854E-3	4.281640E-4	4.612595E-1	1.351731E+1
3.876437E+3	3.954300E+2	2.931998E+1	-9.956854E-1	4.252580E-5	1.740311E-3	4.252580E-4	4.525433E-1	1.326971E+1
3.888489E+3	3.952300E+2	2.933482E+1	-1.180916E+0	4.224280E-5	1.778163E-3	4.224280E-4	4.490607E-1	1.317403E+1
3.901191E+3	3.949800E+2	2.935338E+1	-9.806325E-1	4.191200E-5	2.203230E-3	4.191200E-4	4.522099E-1	1.327291E+1
3.913428E+3	3.947800E+2	2.936826E+1	-9.995835E-1	4.160980E-5	2.270139E-3	4.160980E-4	4.635223E-1	1.361120E+1
3.925433E+3	3.945800E+2	2.938314E+1	-8.732830E-1	4.132680E-5	1.775203E-3	4.132680E-4	4.751232E-1	1.396004E+1
3.936426E+3	3.944200E+2	2.939506E+1	-1.044084E+0	4.108220E-5	1.897961E-3	4.108220E-4	4.720207E-1	1.387606E+1
3.948494E+3	3.942100E+2	2.941072E+1	-9.690705E-1	4.078580E-5	1.838009E-3	4.078580E-4	4.775997E-1	1.404669E+1
3.960877E+3	3.940100E+2	2.942565E+1	-8.918986E-1	4.050040E-5	1.808664E-3	4.050040E-4	4.716189E-1	1.387732E+1
3.972986E+3	3.938300E+2	2.943910E+1	-1.056338E+0	4.022940E-5	1.741583E-3	4.022940E-4	4.698011E-1	1.383133E+1
3.984914E+3	3.936200E+2	2.945480E+1	-1.005426E+0	3.994740E-5	1.915844E-3	3.994740E-4	4.661394E-1	1.373042E+1
3.997446E+3	3.934100E+2	2.947053E+1	-9.809532E-1	3.965620E-5	1.875844E-3	3.965620E-4	4.617047E-1	1.360630E+1
4.009679E+3	3.932100E+2	2.948552E+1	-9.987516E-1	3.937940E-5	1.763246E-3	3.937940E-4	4.514952E-1	1.331339E+1
4.021694E+3	3.930100E+2	2.950052E+1	-1.254810E+0	3.910720E-5	1.801277E-3	3.910720E-4	4.467132E-1	1.317957E+1
4.033648E+3	3.927600E+2	2.951930E+1	-1.017576E+0	3.880700E-5	2.567497E-3	3.880700E-4	4.559582E-1	1.345872E+1
4.046620E+3	3.925400E+2	2.953584E+1	-9.382716E-1	3.850600E-5	2.320284E-3	3.850600E-4	4.761985E-1	1.406251E+1
4.058770E+3	3.923500E+2	2.955015E+1	-8.374040E-1	3.822200E-5	2.234214E-3	3.822200E-4	4.906386E-1	1.449713E+1
4.070234E+3	3.921900E+2	2.956220E+1	-1.036269E+0	3.797860E-5	1.832448E-3	3.797860E-4	4.855789E-1	1.435530E+1
4.080656E+3	3.920100E+2	2.957578E+1	-9.358838E-1	3.776240E-5	1.767083E-3	3.776240E-4	4.682574E-1	1.385021E+1
4.092837E+3	3.918200E+2	2.959012E+1	-1.038747E+0	3.749760E-5	1.873688E-3	3.749760E-4	4.729469E-1	1.399484E+1
4.104967E+3	3.916100E+2	2.960599E+1	-8.841588E-1	3.722860E-5	1.894667E-3	3.722860E-4	4.867524E-1	1.441033E+1
4.117182E+3	3.914300E+2	2.961960E+1	-1.020235E+0	3.696060E-5	1.763057E-3	3.696060E-4	4.764032E-1	1.411154E+1
4.128944E+3	3.912300E+2	2.963474E+1	-1.068480E+0	3.669480E-5	1.887609E-3	3.669480E-4	4.742941E-1	1.405660E+1
4.141298E+3	3.910100E+2	2.965142E+1	-1.026728E+0	3.643060E-5	1.906562E-3	3.643060E-4	4.641873E-1	1.376326E+1
4.153570E+3	3.908000E+2	2.966735E+1	-1.057372E+0	3.614760E-5	2.112894E-3	3.614760E-4	4.633245E-1	1.374520E+1
4.163784E+3	3.906200E+2	2.968102E+1	-1.136644E+0	3.591940E-5	1.972094E-3	3.591940E-4	4.728109E-1	1.403415E+1
4.175925E+3	3.903900E+2	2.969851E+1	-9.266786E-1	3.563360E-5	2.326691E-3	3.563360E-4	4.679625E-1	1.389735E+1
4.188227E+3	3.902000E+2	2.971297E+1	-9.780748E-1	3.537820E-5	2.167967E-3	3.537820E-4	4.758855E-1	1.413887E+1
4.200496E+3	3.900000E+2	2.972821E+1	-8.415147E-1	3.513660E-5	2.126790E-3	3.513660E-4	4.767843E-1	1.417432E+1
4.211904E+3	3.898400E+2	2.974041E+1	-1.047486E+0	3.491580E-5	1.856923E-3	3.491580E-4	4.749012E-1	1.412501E+1
4.226224E+3	3.895900E+2	2.975949E+1	-9.805807E-1	3.461260E-5	1.978742E-3	3.461260E-4	4.783626E-1	1.423513E+1
4.236626E+3	3.894200E+2	2.977248E+1	-1.029917E+0	3.439420E-5	1.977441E-3	3.439420E-4	4.769066E-1	1.419851E+1
4.248860E+3	3.892100E+2	2.978855E+1	-9.476427E-1	3.413080E-5	2.011567E-3	3.413080E-4	4.819295E-1	1.435671E+1
4.261523E+3	3.890100E+2	2.980386E+1	-1.101101E+0	3.387700E-5	1.961041E-3	3.387700E-4	4.841712E-1	1.442984E+1
4.273511E+3	3.887900E+2	2.982073E+1	-1.005620E+0	3.360640E-5	2.056692E-3	3.360640E-4	4.883417E-1	1.456166E+1
4.283654E+3	3.886200E+2	2.983377E+1	-9.640103E-1	3.338660E-5	2.085344E-3	3.338660E-4	4.919439E-1	1.467657E+1
4.296102E+3	3.884200E+2	2.984913E+1	-9.491300E-1	3.313500E-5	1.895195E-3	3.313500E-4	4.870178E-1	1.453749E+1
4.308113E+3	3.882300E+2	2.986374E+1	-9.849791E-1	3.289580E-5	1.864949E-3	3.289580E-4	4.783834E-1	1.428659E+1
4.320296E+3	3.880300E+2	2.987913E+1	-9.810334E-1	3.266700E-5	1.834802E-3	3.266700E-4	4.814165E-1	1.438427E+1
4.332528E+3	3.878300E+2	2.989454E+1	-9.337374E-1	3.242780E-5	1.941480E-3	3.242780E-4	4.767145E-1	1.425153E+1
4.344737E+3	3.876400E+2	2.990919E+1	-1.117138E+0	3.218240E-5	1.951244E-3	3.218240E-4	4.770450E-1	1.426910E+1
4.357090E+3	3.874100E+2	2.992695E+1	-1.025641E+0	3.192860E-5	2.102122E-3	3.192860E-4	4.622584E-1	1.383425E+1
4.369375E+3	3.872000E+2	2.994318E+1	-1.222449E+0	3.168400E-5	2.036523E-3	3.168400E-4	4.568030E-1	1.367777E+1
4.380173E+3	3.869800E+2	2.996020E+1	-9.513993E-1	3.145580E-5	2.473385E-3	3.145580E-4	4.718752E-1	1.413643E+1
4.392786E+3	3.867800E+2	2.997570E+1	-9.016530E-1	3.121480E-5	2.331316E-3	3.121480E-4	4.828695E-1	1.447289E+1
4.404764E+3	3.866000E+2	2.998965E+1	-9.184225E-1	3.098980E-5	2.042177E-3	3.098980E-4	4.986062E-1	1.495265E+1
4.415870E+3	3.864300E+2	3.000285E+1	-9.326679E-1	3.079340E-5	1.853836E-3	3.079340E-4	4.858412E-1	1.457771E+1
4.428093E+3	3.862400E+2	3.001761E+1	-1.047643E+0	3.056920E-5	1.903725E-3	3.056920E-4	4.804574E-1	1.442315E+1
4.440120E+3	3.860300E+2	3.003394E+1	-9.828010E-1	3.034440E-5	2.021918E-3	3.034440E-4	4.798205E-1	1.441106E+1
4.452330E+3	3.858300E+2	3.004950E+1	-1.015310E+0	3.010740E-5	2.054011E-3	3.010740E-4	4.851665E-1	1.457878E+1
4.464740E+3	3.856200E+2	3.006587E+1	-9.319817E-1	2.987480E-5	2.007600E-3	2.987480E-4	4.764935E-1	1.432649E+1
4.476972E+3	3.854300E+2	3.008069E+1	-1.134589E+0	2.964900E-5	1.920125E-3	2.964900E-4	4.690198E-1	1.410859E+1
4.489135E+3	3.852000E+2	3.009865E+1	-9.866512E-1	2.942900E-5	2.106765E-3	2.942900E-4	4.653330E-1	1.400507E+1
4.499473E+3	3.850300E+2	3.011194E+1	-1.005346E+0	2.923260E-5	1.976493E-3	2.923260E-4	4.711149E-1	1.418611E+1
4.512006E+3	3.848200E+2	3.012837E+1	-9.282632E-1	2.901160E-5	2.001813E-3	2.901160E-4	4.883217E-1	1.471248E+1
4.524287E+3	3.846300E+2	3.014325E+1	-9.807928E-1	2.879060E-5	1.922558E-3	2.879060E-4	4.826730E-1	1.454957E+1
4.536522E+3	3.844300E+2	3.015894E+1	-1.025224E+0	2.857420E-5	1.962683E-3	2.857420E-4	4.806012E-1	1.449508E+1
4.548812E+3	3.842200E+2	3.017542E+1	-1.016785E+0	2.835640E-5	2.029769E-3	2.835640E-4	4.728835E-1	1.426965E+1
4.561204E+3	3.840100E+2	3.019192E+1	-1.036952E+0	2.813480E-5	2.051429E-3	2.813480E-4	4.785430E-1	1.444717E+1
4.573355E+3	3.838000E+2	3.020844E+1	-9.438600E-1	2.791520E-5	2.011250E-3	2.791520E-4	4.817840E-1	1.455370E+1
4.583526E+3	3.836400E+2	3.022104E+1	-1.015022E+0	2.773500E-5	2.052633E-3	2.773500E-4	4.838744E-1	1.462434E+1
4.598304E+3	3.833900E+2	3.024075E+1	-9.882763E-1	2.748100E-5	1.973903E-3	2.748100E-4	4.892296E-1	1.479369E+1
4.608625E+3	3.832200E+2	3.025416E+1	-9.666506E-1	2.730000E-5	2.085018E-3	2.730000E-4	4.838270E-1	1.463781E+1
4.621039E+3	3.830200E+2	3.026996E+1	-1.067788E+0	2.708140E-5	2.107938E-3	2.708140E-4	4.811764E-1	1.456588E+1
4.633401E+3	3.828000E+2	3.028736E+1	-1.048238E+0	2.686540E-5	2.077908E-3	2.686540E-4	4.749971E-1	1.438563E+1
4.643704E+3	3.826200E+2	3.030160E+1	-9.808730E-1	2.668860E-5	2.039336E-3	2.668860E-4	4.794686E-1	1.452822E+1
4.655938E+3	3.824200E+2	3.031745E+1	-8.868451E-1	2.648600E-5	2.000166E-3	2.648600E-4	4.915759E-1	1.490384E+1
4.668116E+3	3.822400E+2	3.033173E+1	-9.593993E-1	2.628780E-5	2.045254E-3	2.628780E-4	4.931194E-1	1.495849E+1
4.682500E+3	3.820100E+2	3.034999E+1	-1.042701E+0	2.605520E-5	1.972264E-3	2.605520E-4	4.922761E-1	1.494001E+1
4.694584E+3	3.818000E+2	3.036668E+1	-1.012809E+0	2.584980E-5	2.074145E-3	2.584980E-4	4.762037E-1	1.446018E+1
4.704655E+3	3.816300E+2	3.038021E+1	-1.149517E+0	2.567460E-5	2.173933E-3	2.567460E-4	4.763468E-1	1.447224E+1
4.717182E+3	3.813900E+2	3.039933E+1	-9.714286E-1	2.545860E-5	2.211123E-3	2.545860E-4	4.881203E-1	1.483713E+1
4.727682E+3	3.812200E+2	3.041288E+1	-8.821367E-1	2.528140E-5	2.070986E-3	2.528140E-4	4.923470E-1	1.497320E+1
4.739925E+3	3.810400E+2	3.042725E+1	-8.928571E-1	2.508860E-5	1.928850E-3	2.508860E-4	4.870597E-1	1.482169E+1
4.754037E+3	3.808300E+2	3.044403E+1	-1.084991E+0	2.488980E-5	1.913670E-3	2.488980E-4	4.718746E-1	1.436701E+1
4.766203E+3	3.806100E+2	3.046163E+1	-1.106035E+0	2.470100E-5	2.172421E-3	2.470100E-4	4.720763E-1	1.437942E+1
4.778680E+3	3.803800E+2	3.048005E+1	-9.691096E-1	2.448360E-5	2.209450E-3	2.448360E-4	4.924913E-1	1.500865E+1
4.788586E+3	3.802200E+2	3.049287E+1	-9.075630E-1	2.431520E-5	2.087633E-3	2.431520E-4	5.003991E-1	1.525849E+1
4.800486E+3	3.800400E+2	3.050732E+1	-1.035554E+0	2.412740E-5	1.862011E-3	2.412740E-4	4.851995E-1	1.480412E+1
4.812074E+3	3.798400E+2	3.052338E+1	-1.002397E+0	2.396040E-5	1.822223E-3	2.396040E-4	4.715801E-1	1.439563E+1
4.825841E+3	3.796100E+2	3.054187E+1	-1.087046E+0	2.375620E-5	2.050212E-3	2.375620E-4	4.698118E-1	1.434826E+1
4.837984E+3	3.793900E+2	3.055958E+1	-9.472022E-1	2.355220E-5	2.471275E-3	2.355220E-4	4.869539E-1	1.487957E+1
4.849386E+3	3.792100E+2	3.057409E+1	-1.010611E+0	2.338400E-5	2.206819E-3	2.338400E-4	4.925200E-1	1.505840E+1
4.861260E+3	3.790100E+2	3.059022E+1	-1.018157E+0	2.319360E-5	2.024723E-3	2.319360E-4	4.967296E-1	1.519507E+1
4.873046E+3	3.788100E+2	3.060637E+1	-9.160305E-1	2.301620E-5	2.047210E-3	2.301620E-4	4.936514E-1	1.510847E+1
4.884836E+3	3.786300E+2	3.062092E+1	-9.959333E-1	2.284320E-5	1.889866E-3	2.284320E-4	4.864071E-1	1.489472E+1
4.896885E+3	3.784300E+2	3.063711E+1	-9.895275E-1	2.266840E-5	2.002370E-3	2.266840E-4	4.801696E-1	1.471148E+1
4.909012E+3	3.782300E+2	3.065331E+1	-1.012317E+0	2.249560E-5	1.926827E-3	2.249560E-4	4.744716E-1	1.454411E+1
4.920866E+3	3.780300E+2	3.066952E+1	-1.003932E+0	2.232600E-5	2.076141E-3	2.232600E-4	4.755399E-1	1.458477E+1
4.932819E+3	3.778300E+2	3.068576E+1	-1.038661E+0	2.214940E-5	2.156163E-3	2.214940E-4	4.844717E-1	1.486655E+1
4.944950E+3	3.776200E+2	3.070282E+1	-9.899357E-1	2.197180E-5	2.066054E-3	2.197180E-4	4.929367E-1	1.513429E+1
4.957072E+3	3.774200E+2	3.071909E+1	-1.015314E+0	2.178840E-5	2.178392E-3	2.178840E-4	4.987856E-1	1.532180E+1
4.968891E+3	3.772200E+2	3.073538E+1	-9.509510E-1	2.161280E-5	2.092459E-3	2.161280E-4	5.020006E-1	1.542900E+1
4.980879E+3	3.770300E+2	3.075087E+1	-9.969261E-1	2.144400E-5	2.036430E-3	2.144400E-4	4.935972E-1	1.517882E+1
4.992916E+3	3.768300E+2	3.076719E+1	-9.999167E-1	2.127300E-5	2.036860E-3	2.127300E-4	4.873876E-1	1.499580E+1
5.004917E+3	3.766300E+2	3.078353E+1	-9.928022E-1	2.110780E-5	2.068161E-3	2.110780E-4	4.827084E-1	1.485948E+1
5.017004E+3	3.764300E+2	3.079988E+1	-9.990010E-1	2.094260E-5	2.076585E-3	2.094260E-4	4.803926E-1	1.479624E+1
5.029016E+3	3.762300E+2	3.081626E+1	-1.052720E+0	2.077640E-5	1.955882E-3	2.077640E-4	4.806116E-1	1.481108E+1
5.040985E+3	3.760200E+2	3.083347E+1	-1.057224E+0	2.060740E-5	2.186807E-3	2.060740E-4	4.828713E-1	1.488859E+1
5.052903E+3	3.758100E+2	3.085070E+1	-1.022931E+0	2.043720E-5	2.097567E-3	2.043720E-4	4.906000E-1	1.513466E+1
5.064634E+3	3.756100E+2	3.086712E+1	-9.423045E-1	2.027180E-5	2.137288E-3	2.027180E-4	4.901548E-1	1.512928E+1
5.076732E+3	3.754200E+2	3.088274E+1	-9.801519E-1	2.010840E-5	2.099486E-3	2.010840E-4	4.985473E-1	1.539611E+1
5.088975E+3	3.752200E+2	3.089921E+1	-8.649932E-1	1.995896E-5	1.888147E-3	1.995896E-4	4.969975E-1	1.535658E+1
5.100767E+3	3.750500E+2	3.091321E+1	-1.026895E+0	1.980528E-5	2.171365E-3	1.980528E-4	4.913973E-1	1.519179E+1
5.113037E+3	3.748400E+2	3.093053E+1	-1.045036E+0	1.964296E-5	2.080688E-3	1.964296E-4	4.944516E-1	1.529431E+1
5.125094E+3	3.746300E+2	3.094787E+1	-1.000751E+0	1.948004E-5	2.163790E-3	1.948004E-4	4.749446E-1	1.469878E+1
5.137085E+3	3.744300E+2	3.096440E+1	-1.120767E+0	1.931960E-5	2.164327E-3	1.931960E-4	4.808163E-1	1.488770E+1
5.149398E+3	3.742000E+2	3.098343E+1	-8.985623E-1	1.916022E-5	2.172386E-3	1.916022E-4	4.887975E-1	1.514276E+1
5.159414E+3	3.740500E+2	3.099586E+1	-9.888752E-1	1.902928E-5	2.147746E-3	1.902928E-4	4.960171E-1	1.537487E+1
5.171549E+3	3.738500E+2	3.101244E+1	-9.965122E-1	1.887126E-5	2.116754E-3	1.887126E-4	4.991107E-1	1.547999E+1
5.183591E+3	3.736500E+2	3.102904E+1	-1.033804E+0	1.871638E-5	2.094107E-3	1.871638E-4	4.897707E-1	1.519798E+1
5.195779E+3	3.734400E+2	3.104649E+1	-9.649000E-1	1.856562E-5	2.141562E-3	1.856562E-4	4.841711E-1	1.503248E+1
5.210081E+3	3.732100E+2	3.106562E+1	-1.032618E+0	1.838686E-5	2.122584E-3	1.838686E-4	4.883650E-1	1.516990E+1
5.222283E+3	3.730000E+2	3.108311E+1	-9.619238E-1	1.823700E-5	2.142313E-3	1.823700E-4	4.927234E-1	1.531363E+1
5.232263E+3	3.728400E+2	3.109645E+1	-9.890382E-1	1.810956E-5	2.253368E-3	1.810956E-4	4.831377E-1	1.502567E+1
5.244396E+3	3.726400E+2	3.111314E+1	-1.049832E+0	1.796566E-5	2.065998E-3	1.796566E-4	4.874766E-1	1.516807E+1
5.258684E+3	3.723900E+2	3.113403E+1	-9.615385E-1	1.779244E-5	2.157900E-3	1.779244E-4	4.861669E-1	1.513447E+1
5.268668E+3	3.722300E+2	3.114741E+1	-1.026560E+0	1.766736E-5	2.232792E-3	1.766736E-4	4.952483E-1	1.542570E+1
5.280942E+3	3.720200E+2	3.116499E+1	-9.814345E-1	1.751598E-5	2.253270E-3	1.751598E-4	5.022965E-1	1.565468E+1
5.293169E+3	3.718200E+2	3.118175E+1	-9.962640E-1	1.736748E-5	2.198048E-3	1.736748E-4	4.999041E-1	1.558746E+1
5.305214E+3	3.716200E+2	3.119854E+1	-9.432401E-1	1.722374E-5	2.188668E-3	1.722374E-4	5.002063E-1	1.560550E+1
5.317300E+3	3.714300E+2	3.121450E+1	-9.896091E-1	1.708510E-5	2.104736E-3	1.708510E-4	4.971633E-1	1.551895E+1
5.329426E+3	3.712300E+2	3.123131E+1	-9.798318E-1	1.694456E-5	2.223046E-3	1.694456E-4	4.895631E-1	1.529019E+1
5.341673E+3	3.710300E+2	3.124815E+1	-1.043046E+0	1.680394E-5	2.183098E-3	1.680394E-4	4.874570E-1	1.523216E+1
5.353753E+3	3.708200E+2	3.126584E+1	-9.701302E-1	1.666626E-5	2.094831E-3	1.666626E-4	4.820858E-1	1.507282E+1
5.365504E+3	3.706300E+2	3.128187E+1	-1.109617E+0	1.653074E-5	2.195195E-3	1.653074E-4	4.915441E-1	1.537661E+1
5.377400E+3	3.704100E+2	3.130045E+1	-9.469225E-1	1.639000E-5	2.220900E-3	1.639000E-4	5.039019E-1	1.577180E+1
5.389439E+3	3.702200E+2	3.131651E+1	-1.006458E+0	1.624588E-5	2.277407E-3	1.624588E-4	5.053022E-1	1.582409E+1
5.401362E+3	3.700200E+2	3.133344E+1	-1.006374E+0	1.610720E-5	2.255924E-3	1.610720E-4	5.103224E-1	1.599025E+1
5.413286E+3	3.698200E+2	3.135039E+1	-9.405165E-1	1.597376E-5	2.105440E-3	1.597376E-4	5.012931E-1	1.571529E+1
5.425407E+3	3.696300E+2	3.136650E+1	-9.502376E-1	1.584354E-5	2.081895E-3	1.584354E-4	5.008064E-1	1.570833E+1
5.437404E+3	3.694400E+2	3.138263E+1	-9.798023E-1	1.571568E-5	2.090971E-3	1.571568E-4	4.985823E-1	1.564731E+1
5.449039E+3	3.692500E+2	3.139878E+1	-1.045904E+0	1.558972E-5	2.122183E-3	1.558972E-4	4.968273E-1	1.560046E+1
5.461086E+3	3.690400E+2	3.141665E+1	-9.963467E-1	1.545498E-5	2.297333E-3	1.545498E-4	4.959170E-1	1.558003E+1
5.473130E+3	3.688400E+2	3.143368E+1	-1.019368E+0	1.532208E-5	2.196177E-3	1.532208E-4	4.954805E-1	1.557479E+1
5.484902E+3	3.686400E+2	3.145074E+1	-1.030506E+0	1.519380E-5	2.291765E-3	1.519380E-4	4.983619E-1	1.567410E+1
5.497129E+3	3.684300E+2	3.146866E+1	-1.006458E+0	1.506028E-5	2.260548E-3	1.506028E-4	4.934996E-1	1.552978E+1
5.509052E+3	3.682300E+2	3.148576E+1	-1.041494E+0	1.493026E-5	2.245113E-3	1.493026E-4	4.955939E-1	1.560397E+1
5.521150E+3	3.680200E+2	3.150372E+1	-9.558145E-1	1.480310E-5	2.193999E-3	1.480310E-4	5.031447E-1	1.584998E+1
5.533077E+3	3.678300E+2	3.152000E+1	-8.975318E-1	1.467996E-5	2.187851E-3	1.467996E-4	4.953268E-1	1.561274E+1
5.545110E+3	3.676500E+2	3.153543E+1	-1.114677E+0	1.456014E-5	2.061339E-3	1.456014E-4	4.937331E-1	1.557132E+1
5.556952E+3	3.674300E+2	3.155431E+1	-9.853835E-1	1.443738E-5	2.251907E-3	1.443738E-4	4.943721E-1	1.559927E+1
5.569130E+3	3.672300E+2	3.157149E+1	-9.520628E-1	1.431342E-5	2.220325E-3	1.431342E-4	4.970269E-1	1.569110E+1
5.581104E+3	3.670400E+2	3.158784E+1	-9.916536E-1	1.419008E-5	2.268197E-3	1.419008E-4	5.005287E-1	1.581141E+1
5.593205E+3	3.668400E+2	3.160506E+1	-1.084367E+0	1.406872E-5	2.229922E-3	1.406872E-4	4.941576E-1	1.561885E+1
5.605378E+3	3.666200E+2	3.162402E+1	-1.031688E+0	1.394502E-5	2.287001E-3	1.394502E-4	4.876855E-1	1.542255E+1
5.617591E+3	3.664100E+2	3.164215E+1	-1.031012E+0	1.381878E-5	2.334459E-3	1.381878E-4	4.909087E-1	1.553212E+1
5.629812E+3	3.662000E+2	3.166029E+1	-9.494610E-1	1.369624E-5	2.259509E-3	1.369624E-4	5.000396E-1	1.582977E+1
5.639923E+3	3.660400E+2	3.167413E+1	-9.482615E-1	1.360068E-5	2.191501E-3	1.360068E-4	4.983362E-1	1.578555E+1
5.651945E+3	3.658500E+2	3.169058E+1	-9.739572E-1	1.348786E-5	2.116011E-3	1.348786E-4	4.920050E-1	1.559398E+1
5.666114E+3	3.656200E+2	3.171052E+1	-1.031857E+0	1.335728E-5	2.245588E-3	1.335728E-4	4.970337E-1	1.576048E+1
5.678325E+3	3.654100E+2	3.172874E+1	-9.027836E-1	1.324326E-5	2.204240E-3	1.324326E-4	4.960301E-1	1.573723E+1
5.690288E+3	3.652300E+2	3.174438E+1	-1.062215E+0	1.312920E-5	2.249725E-3	1.312920E-4	4.993081E-1	1.585074E+1
5.702150E+3	3.650200E+2	3.176264E+1	-9.969261E-1	1.301662E-5	2.279462E-3	1.301662E-4	5.021671E-1	1.595039E+1
5.714187E+3	3.648200E+2	3.178006E+1	-1.007472E+0	1.290336E-5	2.297721E-3	1.290336E-4	4.928964E-1	1.566426E+1
5.726098E+3	3.646200E+2	3.179749E+1	-1.046599E+0	1.279002E-5	2.370862E-3	1.279002E-4	4.952038E-1	1.574653E+1
5.738137E+3	3.644100E+2	3.181581E+1	-1.013599E+0	1.267738E-5	2.287637E-3	1.267738E-4	4.964751E-1	1.579529E+1
5.749976E+3	3.642100E+2	3.183328E+1	-9.592730E-1	1.256888E-5	2.209073E-3	1.256888E-4	4.976084E-1	1.584002E+1
5.761860E+3	3.640200E+2	3.184990E+1	-9.892012E-1	1.246146E-5	2.253821E-3	1.246146E-4	5.006022E-1	1.594440E+1
5.773991E+3	3.638200E+2	3.186741E+1	-9.887122E-1	1.235392E-5	2.278326E-3	1.235392E-4	4.971326E-1	1.584283E+1
5.786128E+3	3.636200E+2	3.188493E+1	-1.019417E+0	1.224720E-5	2.405231E-3	1.224720E-4	4.924164E-1	1.570092E+1
5.798488E+3	3.634100E+2	3.190336E+1	-1.002004E+0	1.213800E-5	2.268037E-3	1.213800E-4	4.934713E-1	1.574315E+1
5.810464E+3	3.632100E+2	3.192093E+1	-1.014628E+0	1.203270E-5	2.231477E-3	1.203270E-4	4.964656E-1	1.584762E+1
5.822291E+3	3.630100E+2	3.193851E+1	-1.030085E+0	1.192738E-5	2.423471E-3	1.192738E-4	4.973826E-1	1.588550E+1
5.834523E+3	3.628000E+2	3.195700E+1	-1.072493E+0	1.181706E-5	2.400455E-3	1.181706E-4	4.975157E-1	1.589863E+1
5.844593E+3	3.626200E+2	3.197286E+1	-1.010993E+0	1.172644E-5	2.427520E-3	1.172644E-4	5.092619E-1	1.628275E+1
5.857056E+3	3.624100E+2	3.199139E+1	-8.665248E-1	1.161766E-5	2.496939E-3	1.161766E-4	5.133329E-1	1.642215E+1
5.870212E+3	3.622200E+2	3.200817E+1	-9.853835E-1	1.150882E-5	2.368793E-3	1.150882E-4	5.108827E-1	1.635255E+1
5.882390E+3	3.620200E+2	3.202585E+1	-1.001419E+0	1.141018E-5	2.281130E-3	1.141018E-4	5.019787E-1	1.607664E+1
5.894373E+3	3.618200E+2	3.204356E+1	-1.009251E+0	1.131274E-5	2.234980E-3	1.131274E-4	4.931169E-1	1.580119E+1
5.906263E+3	3.616200E+2	3.206128E+1	-9.988347E-1	1.121376E-5	2.350706E-3	1.121376E-4	4.992256E-1	1.600578E+1
5.918277E+3	3.614200E+2	3.207902E+1	-9.949424E-1	1.111310E-5	2.394713E-3	1.111310E-4	5.052347E-1	1.620743E+1
5.930338E+3	3.612200E+2	3.209678E+1	-1.013770E+0	1.101378E-5	2.304230E-3	1.101378E-4	5.034983E-1	1.616095E+1
5.942175E+3	3.610200E+2	3.211456E+1	-1.047556E+0	1.091440E-5	2.406724E-3	1.091440E-4	5.061869E-1	1.625598E+1
5.954203E+3	3.608100E+2	3.213326E+1	-9.530976E-1	1.081540E-5	2.362521E-3	1.081540E-4	5.055472E-1	1.624439E+1
5.966164E+3	3.606200E+2	3.215019E+1	-9.821575E-1	1.071830E-5	2.341204E-3	1.071830E-4	5.071535E-1	1.630487E+1
5.978382E+3	3.604200E+2	3.216803E+1	-9.442558E-1	1.062474E-5	2.263781E-3	1.062474E-4	5.011782E-1	1.612223E+1
5.990455E+3	3.602300E+2	3.218499E+1	-1.062843E+0	1.053216E-5	2.277534E-3	1.053216E-4	4.932886E-1	1.587701E+1
6.002310E+3	3.600200E+2	3.220377E+1	-1.001753E+0	1.044010E-5	2.309708E-3	1.044010E-4	4.900565E-1	1.578190E+1
6.014289E+3	3.598200E+2	3.222167E+1	-1.051490E+0	1.034636E-5	2.414681E-3	1.034636E-4	4.923869E-1	1.586527E+1
6.026272E+3	3.596100E+2	3.224048E+1	-9.526993E-1	1.025312E-5	2.355067E-3	1.025312E-4	5.065115E-1	1.632938E+1
6.038238E+3	3.594200E+2	3.225753E+1	-9.435524E-1	1.016250E-5	2.358957E-3	1.016250E-4	5.082547E-1	1.639503E+1
6.050320E+3	3.592300E+2	3.227459E+1	-1.052544E+0	1.007090E-5	2.375842E-3	1.007090E-4	5.060025E-1	1.633209E+1
6.062291E+3	3.590200E+2	3.229347E+1	-1.062036E+0	9.978440E-6	2.416876E-3	9.978440E-5	5.015525E-1	1.619690E+1
6.074155E+3	3.588100E+2	3.231237E+1	-9.673314E-1	9.887100E-6	2.335447E-3	9.887100E-5	4.966880E-1	1.604843E+1
6.085940E+3	3.586200E+2	3.232949E+1	-9.956028E-1	9.799540E-6	2.299251E-3	9.799540E-5	5.031377E-1	1.626596E+1
6.097993E+3	3.584200E+2	3.234753E+1	-9.521423E-1	9.713480E-6	2.263190E-3	9.713480E-5	5.069726E-1	1.639930E+1
6.109966E+3	3.582300E+2	3.236468E+1	-9.965122E-1	9.627280E-6	2.319260E-3	9.627280E-5	5.033211E-1	1.629033E+1
6.122008E+3	3.580300E+2	3.238276E+1	-1.033634E+0	9.539920E-6	2.460034E-3	9.539920E-5	5.042738E-1	1.633030E+1
6.134198E+3	3.578200E+2	3.240177E+1	-9.876543E-1	9.450780E-6	2.501632E-3	9.450780E-5	5.059917E-1	1.639451E+1
6.146348E+3	3.576200E+2	3.241989E+1	-9.436305E-1	9.364440E-6	2.363970E-3	9.364440E-5	5.044087E-1	1.635264E+1
6.158429E+3	3.574300E+2	3.243712E+1	-1.065900E+0	9.279700E-6	2.377040E-3	9.279700E-5	5.040385E-1	1.635012E+1
6.170250E+3	3.572200E+2	3.245619E+1	-1.022669E+0	9.194960E-6	2.394043E-3	9.194960E-5	4.998578E-1	1.622350E+1
6.181984E+3	3.570200E+2	3.247437E+1	-1.007557E+0	9.110940E-6	2.408843E-3	9.110940E-5	5.041157E-1	1.637007E+1
6.193894E+3	3.568200E+2	3.249257E+1	-9.155646E-1	9.029040E-6	2.313357E-3	9.029040E-5	5.034384E-1	1.635804E+1
6.205690E+3	3.566400E+2	3.250897E+1	-1.095072E+0	8.948780E-6	2.350057E-3	8.948780E-5	5.088247E-1	1.654192E+1
6.217744E+3	3.564200E+2	3.252904E+1	-8.804109E-1	8.866000E-6	2.431111E-3	8.866000E-5	5.092700E-1	1.656622E+1
6.230011E+3	3.562400E+2	3.254547E+1	-9.925201E-1	8.785460E-6	2.295159E-3	8.785460E-5	5.104146E-1	1.661220E+1
6.243915E+3	3.560100E+2	3.256650E+1	-9.442558E-1	8.694380E-6	2.342808E-3	8.694380E-5	5.104767E-1	1.662446E+1
6.255988E+3	3.558200E+2	3.258389E+1	-1.095436E+0	8.614620E-6	2.402799E-3	8.614620E-5	4.994041E-1	1.627219E+1
6.268038E+3	3.556000E+2	3.260405E+1	-1.080324E+0	8.532740E-6	2.548279E-3	8.532740E-5	4.980544E-1	1.623808E+1
6.278035E+3	3.554200E+2	3.262056E+1	-1.051753E+0	8.462120E-6	2.602954E-3	8.462120E-5	5.006170E-1	1.633038E+1
6.290015E+3	3.552100E+2	3.263985E+1	-9.486561E-1	8.380720E-6	2.516996E-3	8.380720E-5	5.050654E-1	1.648524E+1
6.302032E+3	3.550200E+2	3.265732E+1	-1.006796E+0	8.303820E-6	2.336591E-3	8.303820E-5	5.126138E-1	1.673988E+1
6.313951E+3	3.548200E+2	3.267572E+1	-8.593816E-1	8.230680E-6	2.257410E-3	8.230680E-5	5.023123E-1	1.641422E+1
6.325820E+3	3.546500E+2	3.269139E+1	-1.079525E+0	8.158880E-6	2.312152E-3	8.158880E-5	5.033121E-1	1.645490E+1
6.339715E+3	3.544000E+2	3.271445E+1	-8.719240E-1	8.073840E-6	2.483794E-3	8.073840E-5	4.942088E-1	1.616675E+1
6.350037E+3	3.542500E+2	3.272830E+1	-1.140307E+0	8.010640E-6	2.463386E-3	8.010640E-5	4.940124E-1	1.616846E+1
6.362139E+3	3.540200E+2	3.274956E+1	-8.970845E-1	7.935240E-6	2.490829E-3	7.935240E-5	5.052003E-1	1.654516E+1
6.374178E+3	3.538400E+2	3.276622E+1	-1.053864E+0	7.861780E-6	2.438423E-3	7.861780E-5	5.057181E-1	1.657042E+1
6.386134E+3	3.536300E+2	3.278568E+1	-9.860312E-1	7.786340E-6	2.522099E-3	7.786340E-5	5.183604E-1	1.699507E+1
6.398304E+3	3.534300E+2	3.280423E+1	-9.757684E-1	7.711100E-6	2.548910E-3	7.711100E-5	5.086852E-1	1.668681E+1
6.410602E+3	3.532300E+2	3.282281E+1	-1.000834E+0	7.638140E-6	2.436548E-3	7.638140E-5	5.080575E-1	1.667594E+1
6.422592E+3	3.530300E+2	3.284140E+1	-1.012658E+0	7.568040E-6	2.352527E-3	7.568040E-5	5.083275E-1	1.669393E+1
6.434442E+3	3.528300E+2	3.286002E+1	-9.102523E-1	7.497160E-6	2.528277E-3	7.497160E-5	5.095176E-1	1.674248E+1
6.446966E+3	3.526400E+2	3.287772E+1	-1.018244E+0	7.427260E-6	2.386678E-3	7.427260E-5	5.037584E-1	1.656327E+1
6.458751E+3	3.524400E+2	3.289638E+1	-1.094709E+0	7.358080E-6	2.452199E-3	7.358080E-5	4.948970E-1	1.628139E+1
6.470809E+3	3.522200E+2	3.291693E+1	-1.032110E+0	7.286820E-6	2.588916E-3	7.286820E-5	4.937437E-1	1.625222E+1
6.483017E+3	3.520100E+2	3.293656E+1	-9.899357E-1	7.217140E-6	2.497997E-3	7.217140E-5	5.145719E-1	1.694655E+1
6.495139E+3	3.518100E+2	3.295529E+1	-8.489388E-1	7.146320E-6	2.518145E-3	7.146320E-5	5.118525E-1	1.686758E+1
6.507154E+3	3.516400E+2	3.297122E+1	-1.202520E+0	7.078420E-6	2.517747E-3	7.078420E-5	5.023606E-1	1.656470E+1
6.517632E+3	3.514300E+2	3.299092E+1	-9.802320E-1	7.021440E-6	2.465828E-3	7.021440E-5	4.957115E-1	1.635418E+1
6.529874E+3	3.512300E+2	3.300971E+1	-9.348093E-1	6.955320E-6	2.455277E-3	6.955320E-5	4.940630E-1	1.630817E+1
6.542069E+3	3.510400E+2	3.302758E+1	-9.929665E-1	6.889060E-6	2.520182E-3	6.889060E-5	5.113120E-1	1.688797E+1
6.554154E+3	3.508400E+2	3.304640E+1	-1.050350E+0	6.823240E-6	2.502916E-3	6.823240E-5	5.073133E-1	1.676546E+1
6.566150E+3	3.506300E+2	3.306620E+1	-9.966777E-1	6.757640E-6	2.527538E-3	6.757640E-5	5.073630E-1	1.677601E+1
6.578190E+3	3.504300E+2	3.308507E+1	-9.192807E-1	6.693240E-6	2.537317E-3	6.693240E-5	5.175952E-1	1.712380E+1
6.590591E+3	3.502400E+2	3.310302E+1	-9.584665E-1	6.629020E-6	2.454402E-3	6.629020E-5	5.185664E-1	1.716669E+1
6.602485E+3	3.500500E+2	3.312098E+1	-1.104233E+0	6.565240E-6	2.557789E-3	6.565240E-5	5.099154E-1	1.689032E+1
6.614439E+3	3.498300E+2	3.314181E+1	-1.058824E+0	6.499840E-6	2.595659E-3	6.499840E-5	5.097627E-1	1.689393E+1
6.626339E+3	3.496200E+2	3.316172E+1	-8.888157E-1	6.436080E-6	2.521334E-3	6.436080E-5	5.060982E-1	1.678200E+1
6.638490E+3	3.494400E+2	3.317880E+1	-1.030001E+0	6.374700E-6	2.492903E-3	6.374700E-5	5.086705E-1	1.687771E+1
6.650723E+3	3.492300E+2	3.319875E+1	-9.965950E-1	6.313900E-6	2.494685E-3	6.313900E-5	5.104609E-1	1.694667E+1
6.662764E+3	3.490300E+2	3.321777E+1	-9.298532E-1	6.254360E-6	2.525797E-3	6.254360E-5	5.059541E-1	1.680609E+1
6.675024E+3	3.488400E+2	3.323587E+1	-1.002590E+0	6.194280E-6	2.484078E-3	6.194280E-5	5.096393E-1	1.693962E+1
6.686993E+3	3.486400E+2	3.325493E+1	-1.026372E+0	6.134800E-6	2.575033E-3	6.134800E-5	5.047237E-1	1.678548E+1
6.701023E+3	3.484000E+2	3.327784E+1	-1.087285E+0	6.065440E-6	2.607233E-3	6.065440E-5	5.000718E-1	1.663997E+1
6.710956E+3	3.482200E+2	3.329504E+1	-1.038148E+0	6.014560E-6	2.705460E-3	6.014560E-5	5.036433E-1	1.676858E+1
6.723093E+3	3.480100E+2	3.331513E+1	-1.004520E+0	5.952760E-6	2.629813E-3	5.952760E-5	5.108302E-1	1.701831E+1
6.735039E+3	3.478100E+2	3.333429E+1	-9.570181E-1	5.894320E-6	2.535060E-3	5.894320E-5	5.161764E-1	1.720561E+1
6.746951E+3	3.476200E+2	3.335251E+1	-9.544541E-1	5.838900E-6	2.456804E-3	5.838900E-5	5.145401E-1	1.716124E+1
6.758895E+3	3.474300E+2	3.337075E+1	-9.870856E-1	5.784100E-6	2.498542E-3	5.784100E-5	5.066870E-1	1.690938E+1
6.771052E+3	3.472300E+2	3.338997E+1	-1.049126E+0	5.728220E-6	2.545417E-3	5.728220E-5	5.029318E-1	1.679342E+1
6.783062E+3	3.470200E+2	3.341018E+1	-9.889567E-1	5.672340E-6	2.581297E-3	5.672340E-5	4.984845E-1	1.665445E+1
6.795196E+3	3.468200E+2	3.342944E+1	-1.036781E+0	5.616360E-6	2.545031E-3	5.616360E-5	5.029923E-1	1.681474E+1
6.807349E+3	3.466100E+2	3.344970E+1	-9.905076E-1	5.561000E-6	2.573334E-3	5.561000E-5	5.086142E-1	1.701296E+1
6.819464E+3	3.464100E+2	3.346901E+1	-1.028487E+0	5.504780E-6	2.700190E-3	5.504780E-5	5.091824E-1	1.704113E+1
6.831715E+3	3.462000E+2	3.348931E+1	-1.018879E+0	5.448400E-6	2.623436E-3	5.448400E-5	5.109612E-1	1.711071E+1
6.841726E+3	3.460300E+2	3.350577E+1	-9.861123E-1	5.403040E-6	2.651462E-3	5.403040E-5	5.106904E-1	1.711137E+1
6.853895E+3	3.458300E+2	3.352514E+1	-9.504752E-1	5.350400E-6	2.526738E-3	5.350400E-5	5.108847E-1	1.712796E+1
6.865889E+3	3.456400E+2	3.354357E+1	-9.858692E-1	5.298720E-6	2.569549E-3	5.298720E-5	5.103507E-1	1.712005E+1
6.878061E+3	3.454400E+2	3.356299E+1	-9.702594E-1	5.247600E-6	2.531051E-3	5.247600E-5	5.108738E-1	1.714754E+1
6.892284E+3	3.452100E+2	3.358535E+1	-9.937065E-1	5.188160E-6	2.499493E-3	5.188160E-5	5.119462E-1	1.719304E+1
6.904360E+3	3.450100E+2	3.360482E+1	-9.748172E-1	5.136280E-6	2.706218E-3	5.136280E-5	5.157654E-1	1.733169E+1
6.916670E+3	3.448100E+2	3.362431E+1	-1.028404E+0	5.084200E-6	2.603235E-3	5.084200E-5	5.196565E-1	1.747263E+1
6.928922E+3	3.446000E+2	3.364481E+1	-9.889471E-1	5.031120E-6	2.800773E-3	5.031120E-5	5.179219E-1	1.742456E+1
6.939236E+3	3.444300E+2	3.366141E+1	-1.026979E+0	4.986840E-6	2.796540E-3	4.986840E-5	5.102482E-1	1.717685E+1
6.951505E+3	3.442200E+2	3.368195E+1	-1.061857E+0	4.935420E-6	2.614717E-3	4.935420E-5	5.079038E-1	1.710795E+1
6.963371E+3	3.440100E+2	3.370251E+1	-9.630046E-1	4.885860E-6	2.683260E-3	4.885860E-5	5.048285E-1	1.701346E+1
6.975832E+3	3.438100E+2	3.372211E+1	-9.692270E-1	4.836300E-6	2.687488E-3	4.836300E-5	5.077733E-1	1.712292E+1
6.988213E+3	3.436100E+2	3.374174E+1	-9.763241E-1	4.788660E-6	2.582056E-3	4.788660E-5	5.157590E-1	1.740234E+1
7.000504E+3	3.434100E+2	3.376139E+1	-9.439430E-1	4.740680E-6	2.605150E-3	4.740680E-5	5.178458E-1	1.748289E+1
7.012581E+3	3.432200E+2	3.378008E+1	-9.878169E-1	4.693540E-6	2.567009E-3	4.693540E-5	5.183178E-1	1.750941E+1
7.024729E+3	3.430200E+2	3.379978E+1	-1.028068E+0	4.646120E-6	2.657997E-3	4.646120E-5	5.024261E-1	1.698361E+1
7.036985E+3	3.428100E+2	3.382048E+1	-1.184308E+0	4.597700E-6	2.744640E-3	4.597700E-5	4.957030E-1	1.676507E+1
7.049144E+3	3.425700E+2	3.384418E+1	-9.834169E-1	4.547980E-6	2.833542E-3	4.547980E-5	5.012560E-1	1.696138E+1
7.059516E+3	3.424000E+2	3.386098E+1	-9.425626E-1	4.507360E-6	2.729213E-3	4.507360E-5	5.105885E-1	1.728754E+1
7.069701E+3	3.422400E+2	3.387681E+1	-9.859502E-1	4.468580E-6	2.672115E-3	4.468580E-5	5.251394E-1	1.779258E+1
7.081872E+3	3.420400E+2	3.389662E+1	-9.341165E-1	4.424020E-6	2.652775E-3	4.424020E-5	5.178662E-1	1.755553E+1
7.096003E+3	3.418200E+2	3.391844E+1	-9.955202E-1	4.373780E-6	2.621410E-3	4.373780E-5	5.100884E-1	1.730115E+1
7.108057E+3	3.416200E+2	3.393829E+1	-1.036355E+0	4.330120E-6	2.647438E-3	4.330120E-5	5.119075E-1	1.737305E+1
7.120215E+3	3.414100E+2	3.395917E+1	-9.770396E-1	4.285180E-6	2.764109E-3	4.285180E-5	5.113960E-1	1.736628E+1
7.132497E+3	3.412100E+2	3.397907E+1	-1.005109E+0	4.240360E-6	2.681232E-3	4.240360E-5	5.130376E-1	1.743256E+1
7.144436E+3	3.410100E+2	3.399900E+1	-1.031772E+0	4.197420E-6	2.689884E-3	4.197420E-5	5.231543E-1	1.778572E+1
7.156648E+3	3.408000E+2	3.401995E+1	-9.050684E-1	4.152980E-6	2.798432E-3	4.152980E-5	5.200752E-1	1.769232E+1
7.166592E+3	3.406500E+2	3.403493E+1	-1.045676E+0	4.117300E-6	2.650205E-3	4.117300E-5	5.225677E-1	1.778765E+1
7.180363E+3	3.404100E+2	3.405893E+1	-9.550938E-1	4.068820E-6	2.658505E-3	4.068820E-5	5.191630E-1	1.768201E+1
7.192299E+3	3.402200E+2	3.407795E+1	-1.009082E+0	4.027760E-6	2.591648E-3	4.027760E-5	5.147319E-1	1.753993E+1
7.204191E+3	3.400200E+2	3.409799E+1	-9.615385E-1	3.987160E-6	2.672963E-3	3.987160E-5	5.173189E-1	1.763956E+1
7.216047E+3	3.398300E+2	3.411706E+1	-1.003764E+0	3.947100E-6	2.592421E-3	3.947100E-5	5.096050E-1	1.738656E+1
7.228002E+3	3.396300E+2	3.413715E+1	-1.007388E+0	3.907440E-6	2.597993E-3	3.907440E-5	5.054957E-1	1.725651E+1
7.239914E+3	3.394300E+2	3.415726E+1	-1.001168E+0	3.868660E-6	2.583297E-3	3.868660E-5	5.040328E-1	1.721635E+1
7.251900E+3	3.392300E+2	3.417740E+1	-9.829620E-1	3.829780E-6	2.712885E-3	3.829780E-5	5.034101E-1	1.720552E+1
7.264108E+3	3.390300E+2	3.419756E+1	-1.069700E+0	3.789740E-6	2.653872E-3	3.789740E-5	5.028564E-1	1.719705E+1
7.275887E+3	3.388200E+2	3.421876E+1	-1.056870E+0	3.750760E-6	2.719227E-3	3.750760E-5	5.076033E-1	1.736928E+1
7.287809E+3	3.386100E+2	3.423998E+1	-9.454304E-1	3.711120E-6	2.786435E-3	3.711120E-5	5.093989E-1	1.744092E+1
7.299867E+3	3.384200E+2	3.425920E+1	-1.004941E+0	3.672920E-6	2.622883E-3	3.672920E-5	5.219139E-1	1.787981E+1
7.311808E+3	3.382200E+2	3.427946E+1	-8.997001E-1	3.635500E-6	2.722799E-3	3.635500E-5	5.222068E-1	1.790071E+1
7.323812E+3	3.380400E+2	3.429772E+1	-1.024503E+0	3.599240E-6	2.539249E-3	3.599240E-5	5.167146E-1	1.772356E+1
7.335525E+3	3.378400E+2	3.431802E+1	-9.819269E-1	3.563160E-6	2.658081E-3	3.563160E-5	5.086045E-1	1.745603E+1
7.349579E+3	3.376100E+2	3.434140E+1	-1.055100E+0	3.520440E-6	2.681474E-3	3.520440E-5	5.014999E-1	1.722094E+1
7.361521E+3	3.374000E+2	3.436277E+1	-1.023583E+0	3.484420E-6	2.723354E-3	3.484420E-5	5.141517E-1	1.766535E+1
7.371486E+3	3.372300E+2	3.438010E+1	-9.558947E-1	3.453400E-6	2.816205E-3	3.453400E-5	5.103234E-1	1.754611E+1
7.383412E+3	3.370400E+2	3.439948E+1	-1.139460E+0	3.415720E-6	2.865605E-3	3.415720E-5	5.194044E-1	1.786897E+1
7.395523E+3	3.368100E+2	3.442297E+1	-9.388898E-1	3.378720E-6	2.794089E-3	3.378720E-5	5.184333E-1	1.784512E+1
7.407665E+3	3.366200E+2	3.444240E+1	-9.846558E-1	3.342400E-6	2.729654E-3	3.342400E-5	5.130391E-1	1.766972E+1
7.419852E+3	3.364200E+2	3.446287E+1	-9.849791E-1	3.307280E-6	2.701324E-3	3.307280E-5	5.180518E-1	1.785394E+1
7.432035E+3	3.362200E+2	3.448337E+1	-1.001753E+0	3.273160E-6	2.671520E-3	3.273160E-5	5.086811E-1	1.754106E+1
7.444014E+3	3.360200E+2	3.450390E+1	-9.865987E-1	3.239480E-6	2.669905E-3	3.239480E-5	5.113978E-1	1.764492E+1
7.456177E+3	3.358200E+2	3.452445E+1	-9.506338E-1	3.205520E-6	2.723054E-3	3.205520E-5	5.104204E-1	1.762199E+1
7.468169E+3	3.356300E+2	3.454399E+1	-1.032702E+0	3.172680E-6	2.696440E-3	3.172680E-5	5.129862E-1	1.772119E+1
7.480370E+3	3.354200E+2	3.456562E+1	-9.722897E-1	3.139160E-6	2.815813E-3	3.139160E-5	5.114445E-1	1.767865E+1
7.492712E+3	3.352200E+2	3.458624E+1	-1.055188E+0	3.105160E-6	2.719571E-3	3.105160E-5	5.227981E-1	1.808098E+1
7.504653E+3	3.350100E+2	3.460792E+1	-8.982036E-1	3.071380E-6	2.821203E-3	3.071380E-5	5.332673E-1	1.845433E+1
7.516677E+3	3.348300E+2	3.462653E+1	-9.990010E-1	3.038140E-6	2.820768E-3	3.038140E-5	5.250239E-1	1.818048E+1
7.528689E+3	3.346300E+2	3.464722E+1	-1.062753E+0	3.005920E-6	2.719559E-3	3.005920E-5	5.207332E-1	1.804266E+1
7.540545E+3	3.344200E+2	3.466898E+1	-9.481038E-1	2.974400E-6	2.753987E-3	2.974400E-5	5.115852E-1	1.773524E+1
7.552569E+3	3.342300E+2	3.468869E+1	-9.586276E-1	2.943440E-6	2.691729E-3	2.943440E-5	5.154122E-1	1.787949E+1
7.564461E+3	3.340400E+2	3.470842E+1	-9.631491E-1	2.913140E-6	2.724920E-3	2.913140E-5	5.127022E-1	1.779691E+1
7.578789E+3	3.338100E+2	3.473233E+1	-1.087989E+0	2.877580E-6	2.637493E-3	2.877580E-5	5.028313E-1	1.746378E+1
7.590370E+3	3.336000E+2	3.475420E+1	-1.074092E+0	2.847520E-6	2.843106E-3	2.847520E-5	5.027210E-1	1.746996E+1
7.600425E+3	3.334200E+2	3.477296E+1	-9.924737E-1	2.821000E-6	2.903635E-3	2.821000E-5	5.123249E-1	1.781496E+1
7.612516E+3	3.332200E+2	3.479383E+1	-9.627565E-1	2.789900E-6	2.822895E-3	2.789900E-5	5.231774E-1	1.820358E+1
7.624357E+3	3.330300E+2	3.481368E+1	-1.001753E+0	2.760280E-6	2.726687E-3	2.760280E-5	5.247333E-1	1.826799E+1
7.636336E+3	3.328300E+2	3.483460E+1	-9.484982E-1	2.730860E-6	2.802524E-3	2.730860E-5	5.165844E-1	1.799590E+1
7.648355E+3	3.326400E+2	3.485450E+1	-9.913081E-1	2.702840E-6	2.696881E-3	2.702840E-5	5.116758E-1	1.783541E+1
7.662276E+3	3.324100E+2	3.487861E+1	-9.878169E-1	2.670220E-6	2.724015E-3	2.670220E-5	5.110373E-1	1.782367E+1
7.674424E+3	3.322100E+2	3.489961E+1	-1.000250E+0	2.641440E-6	2.777560E-3	2.641440E-5	5.141156E-1	1.794131E+1
7.686421E+3	3.320100E+2	3.492063E+1	-9.611331E-1	2.613280E-6	2.777575E-3	2.613280E-5	5.133574E-1	1.792679E+1
7.698282E+3	3.318200E+2	3.494063E+1	-1.052104E+0	2.585660E-6	2.794856E-3	2.585660E-5	5.055243E-1	1.766430E+1
7.710258E+3	3.316100E+2	3.496276E+1	-1.071793E+0	2.557680E-6	2.850317E-3	2.557680E-5	5.065538E-1	1.770976E+1
7.722014E+3	3.314000E+2	3.498491E+1	-9.669621E-1	2.530180E-6	2.849679E-3	2.530180E-5	5.100155E-1	1.784182E+1
7.731942E+3	3.312400E+2	3.500181E+1	-9.868421E-1	2.506980E-6	2.851744E-3	2.506980E-5	5.225919E-1	1.829317E+1
7.745926E+3	3.310100E+2	3.502613E+1	-9.557344E-1	2.475400E-6	2.747328E-3	2.475400E-5	5.215420E-1	1.826784E+1
7.757854E+3	3.308200E+2	3.504625E+1	-1.039175E+0	2.448880E-6	2.783288E-3	2.448880E-5	5.119195E-1	1.794073E+1
7.769979E+3	3.306100E+2	3.506851E+1	-9.874105E-1	2.422500E-6	2.755089E-3	2.422500E-5	5.166705E-1	1.811824E+1
7.782132E+3	3.304100E+2	3.508974E+1	-8.883040E-1	2.396540E-6	2.804496E-3	2.396540E-5	5.176369E-1	1.816278E+1
7.794290E+3	3.302300E+2	3.510886E+1	-1.024328E+0	2.370720E-6	2.794713E-3	2.370720E-5	5.180648E-1	1.818967E+1
7.806005E+3	3.300300E+2	3.513014E+1	-1.052895E+0	2.345580E-6	2.837987E-3	2.345580E-5	5.089792E-1	1.788176E+1
7.817972E+3	3.298200E+2	3.515251E+1	-1.068068E+0	2.319920E-6	2.848907E-3	2.319920E-5	5.018952E-1	1.764284E+1
7.829769E+3	3.296100E+2	3.517490E+1	-1.004604E+0	2.294140E-6	2.949873E-3	2.294140E-5	5.179058E-1	1.821599E+1
7.841714E+3	3.294100E+2	3.519626E+1	-8.849558E-1	2.268640E-6	2.864576E-3	2.268640E-5	5.284847E-1	1.859972E+1
7.853918E+3	3.292300E+2	3.521550E+1	-1.025904E+0	2.243680E-6	2.805304E-3	2.243680E-5	5.297143E-1	1.865489E+1
7.865615E+3	3.290300E+2	3.523691E+1	-9.946125E-1	2.219520E-6	2.892538E-3	2.219520E-5	5.221623E-1	1.840091E+1
7.877680E+3	3.288300E+2	3.525834E+1	-9.831161E-1	2.195300E-6	2.816306E-3	2.195300E-5	5.121601E-1	1.805803E+1
7.891717E+3	3.286000E+2	3.528302E+1	-1.021532E+0	2.167460E-6	2.852779E-3	2.167460E-5	5.133863E-1	1.811202E+1
7.901702E+3	3.284300E+2	3.530128E+1	-9.830425E-1	2.147380E-6	2.901550E-3	2.147380E-5	5.111504E-1	1.804437E+1
7.913909E+3	3.282300E+2	3.532279E+1	-1.021885E+0	2.123820E-6	2.837119E-3	2.123820E-5	5.119570E-1	1.808456E+1
7.925652E+3	3.280300E+2	3.534433E+1	-1.000250E+0	2.100920E-6	2.875341E-3	2.100920E-5	5.218099E-1	1.844265E+1
7.937649E+3	3.278300E+2	3.536589E+1	-9.539749E-1	2.077260E-6	2.923034E-3	2.077260E-5	5.138009E-1	1.817169E+1
7.949599E+3	3.276400E+2	3.538640E+1	-1.145799E+0	2.053740E-6	2.917967E-3	2.053740E-5	5.191205E-1	1.837053E+1
7.961643E+3	3.274100E+2	3.541126E+1	-8.790493E-1	2.030460E-6	2.943811E-3	2.030460E-5	5.223879E-1	1.849679E+1
7.973929E+3	3.272300E+2	3.543074E+1	-9.473947E-1	2.007880E-6	2.811466E-3	2.007880E-5	5.123924E-1	1.815448E+1
7.985962E+3	3.270400E+2	3.545132E+1	-1.104325E+0	1.985880E-6	2.862442E-3	1.985880E-5	5.173760E-1	1.834416E+1
7.997915E+3	3.268200E+2	3.547519E+1	-9.633508E-1	1.963878E-6	2.969776E-3	1.963878E-5	5.103052E-1	1.810265E+1
8.012240E+3	3.265900E+2	3.550017E+1	-9.470257E-1	1.938204E-6	2.956452E-3	1.938204E-5	5.092884E-1	1.807736E+1
8.022377E+3	3.264300E+2	3.551757E+1	-1.033549E+0	1.920170E-6	2.929152E-3	1.920170E-5	5.189610E-1	1.843298E+1
8.034568E+3	3.262200E+2	3.554043E+1	-9.990010E-1	1.898566E-6	2.891799E-3	1.898566E-5	5.152068E-1	1.831175E+1
8.046580E+3	3.260200E+2	3.556224E+1	-1.042356E+0	1.876902E-6	3.000308E-3	1.876902E-5	5.107602E-1	1.816410E+1
8.058668E+3	3.258100E+2	3.558516E+1	-1.043478E+0	1.854934E-6	3.056348E-3	1.854934E-5	5.116422E-1	1.820612E+1
8.070743E+3	3.256000E+2	3.560811E+1	-1.010001E+0	1.833762E-6	2.979925E-3	1.833762E-5	5.183942E-1	1.845683E+1
8.080842E+3	3.254300E+2	3.562671E+1	-8.924145E-1	1.816388E-6	2.903269E-3	1.816388E-5	5.290013E-1	1.884709E+1
8.092944E+3	3.252500E+2	3.564643E+1	-9.424532E-1	1.796190E-6	2.903273E-3	1.796190E-5	5.316523E-1	1.895372E+1
8.106950E+3	3.250300E+2	3.567055E+1	-1.003428E+0	1.773374E-6	2.893397E-3	1.773374E-5	5.260082E-1	1.876395E+1
8.118909E+3	3.248300E+2	3.569252E+1	-9.836066E-1	1.753836E-6	2.874127E-3	1.753836E-5	5.135924E-1	1.833103E+1
8.132939E+3	3.246000E+2	3.571781E+1	-1.027501E+0	1.731010E-6	2.908516E-3	1.731010E-5	5.076831E-1	1.813209E+1
8.142866E+3	3.244300E+2	3.573652E+1	-1.056761E+0	1.714922E-6	2.984868E-3	1.714922E-5	5.144893E-1	1.838671E+1
8.155357E+3	3.242100E+2	3.576077E+1	-9.643202E-1	1.694078E-6	3.142895E-3	1.694078E-5	5.174319E-1	1.850420E+1
8.167801E+3	3.240100E+2	3.578285E+1	-1.020987E+0	1.673756E-6	3.139759E-3	1.673756E-5	5.294851E-1	1.894586E+1
8.180142E+3	3.238000E+2	3.580605E+1	-9.260764E-1	1.654040E-6	3.106013E-3	1.654040E-5	5.280604E-1	1.890751E+1
8.192452E+3	3.236100E+2	3.582708E+1	-1.041064E+0	1.634552E-6	3.014042E-3	1.634552E-5	5.178835E-1	1.855386E+1
8.204555E+3	3.234000E+2	3.585034E+1	-1.013312E+0	1.616074E-6	2.960624E-3	1.616074E-5	5.154017E-1	1.847643E+1
8.214621E+3	3.232300E+2	3.586920E+1	-9.692270E-1	1.600794E-6	3.019407E-3	1.600794E-5	5.139834E-1	1.843642E+1
8.227002E+3	3.230300E+2	3.589140E+1	-9.404389E-1	1.582192E-6	2.914695E-3	1.582192E-5	5.169542E-1	1.855509E+1
8.239124E+3	3.228400E+2	3.591253E+1	-1.037037E+0	1.564374E-6	2.879243E-3	1.564374E-5	5.136906E-1	1.844866E+1
8.251274E+3	3.226300E+2	3.593590E+1	-9.954376E-1	1.546614E-6	2.917748E-3	1.546614E-5	5.087661E-1	1.828326E+1
8.263329E+3	3.224300E+2	3.595819E+1	-1.020160E+0	1.529150E-6	3.030279E-3	1.529150E-5	5.104544E-1	1.835497E+1
8.275680E+3	3.222200E+2	3.598163E+1	-9.925558E-1	1.510846E-6	3.096749E-3	1.510846E-5	5.162972E-1	1.857719E+1
8.287770E+3	3.220200E+2	3.600397E+1	-1.038319E+0	1.493064E-6	3.120274E-3	1.493064E-5	5.199607E-1	1.872069E+1
8.299905E+3	3.218100E+2	3.602747E+1	-9.844942E-1	1.475376E-6	3.057767E-3	1.475376E-5	5.226379E-1	1.882900E+1
8.312094E+3	3.216100E+2	3.604987E+1	-9.757684E-1	1.457902E-6	3.078994E-3	1.457902E-5	5.210815E-1	1.878464E+1
8.324392E+3	3.214100E+2	3.607231E+1	-9.922276E-1	1.440796E-6	3.125966E-3	1.440796E-5	5.255022E-1	1.895580E+1
8.336486E+3	3.212100E+2	3.609477E+1	-9.555742E-1	1.424320E-6	2.955184E-3	1.424320E-5	5.219139E-1	1.883807E+1
8.348416E+3	3.210200E+2	3.611613E+1	-9.945301E-1	1.408008E-6	3.044396E-3	1.408008E-5	5.122321E-1	1.850058E+1
8.360482E+3	3.208200E+2	3.613864E+1	-1.062036E+0	1.391996E-6	2.953414E-3	1.391996E-5	5.094695E-1	1.841221E+1
8.372346E+3	3.206100E+2	3.616232E+1	-9.941181E-1	1.376180E-6	3.053219E-3	1.376180E-5	5.144367E-1	1.860277E+1
8.384417E+3	3.204100E+2	3.618489E+1	-9.595394E-1	1.359928E-6	3.133008E-3	1.359928E-5	5.195846E-1	1.880106E+1
8.396923E+3	3.202100E+2	3.620749E+1	-1.031941E+0	1.343028E-6	3.213316E-3	1.343028E-5	5.317315E-1	1.925157E+1
8.409133E+3	3.200000E+2	3.623125E+1	-9.031611E-1	1.327196E-6	3.085108E-3	1.327196E-5	5.305187E-1	1.922035E+1
8.419098E+3	3.198500E+2	3.624824E+1	-9.899570E-1	1.314492E-6	2.935152E-3	1.314492E-5	5.181949E-1	1.878633E+1
8.433038E+3	3.196200E+2	3.627433E+1	-1.042097E+0	1.296776E-6	3.033224E-3	1.296776E-5	5.241115E-1	1.901200E+1
8.445129E+3	3.194100E+2	3.629817E+1	-9.005253E-1	1.281854E-6	2.935785E-3	1.281854E-5	5.193335E-1	1.884894E+1
8.457122E+3	3.192300E+2	3.631864E+1	-1.011378E+0	1.267040E-6	3.009964E-3	1.267040E-5	5.201268E-1	1.889066E+1
8.468987E+3	3.190300E+2	3.634141E+1	-1.005362E+0	1.252474E-6	3.053894E-3	1.252474E-5	5.184627E-1	1.884360E+1
8.480923E+3	3.188300E+2	3.636421E+1	-1.023600E+0	1.237950E-6	3.087168E-3	1.237950E-5	5.085099E-1	1.849202E+1
8.494991E+3	3.185900E+2	3.639160E+1	-1.014522E+0	1.220934E-6	3.097997E-3	1.220934E-5	5.126531E-1	1.865399E+1
8.505045E+3	3.184200E+2	3.641103E+1	-9.963467E-1	1.208876E-6	3.072424E-3	1.208876E-5	5.219008E-1	1.900228E+1
8.517089E+3	3.182200E+2	3.643391E+1	-9.405165E-1	1.194306E-6	3.130040E-3	1.194306E-5	5.228420E-1	1.905010E+1
8.529210E+3	3.180300E+2	3.645568E+1	-1.030001E+0	1.180188E-6	3.126341E-3	1.180188E-5	5.202188E-1	1.896660E+1
8.541443E+3	3.178200E+2	3.647977E+1	-9.901701E-1	1.166310E-6	3.076197E-3	1.166310E-5	5.180504E-1	1.889819E+1
8.555380E+3	3.175900E+2	3.650619E+1	-9.480545E-1	1.150384E-6	3.167136E-3	1.150384E-5	5.157835E-1	1.882666E+1
8.565506E+3	3.174300E+2	3.652459E+1	-9.995002E-1	1.139138E-6	3.038674E-3	1.139138E-5	5.135566E-1	1.875826E+1
8.577512E+3	3.172300E+2	3.654762E+1	-1.052895E+0	1.125758E-6	3.084488E-3	1.125758E-5	5.130433E-1	1.875170E+1
8.589479E+3	3.170200E+2	3.657183E+1	-9.386579E-1	1.112634E-6	3.076746E-3	1.112634E-5	5.121536E-1	1.873091E+1
8.601624E+3	3.168300E+2	3.659376E+1	-1.020480E+0	1.099432E-6	3.134109E-3	1.099432E-5	5.219970E-1	1.910194E+1
8.615735E+3	3.165900E+2	3.662150E+1	-9.477737E-1	1.083994E-6	3.144926E-3	1.083994E-5	5.272865E-1	1.930801E+1
8.625864E+3	3.164300E+2	3.664002E+1	-1.019995E+0	1.072780E-6	3.268153E-3	1.072780E-5	4.946921E-1	1.812905E+1
8.638217E+3	3.162200E+2	3.666435E+1	-1.461325E+0	1.059698E-6	3.101397E-3	1.059698E-5	5.069260E-1	1.858889E+1
8.650124E+3	3.159300E+2	3.669800E+1	-6.429247E-1	1.044638E-6	6.177972E-3	1.044638E-5	5.207779E-1	1.910545E+1
8.665989E+3	3.157600E+2	3.671776E+1	-8.886256E-1	1.030576E-6	3.179131E-3	1.030576E-5	5.396237E-1	1.980973E+1
8.676117E+3	3.156100E+2	3.673521E+1	-1.016605E+0	1.020344E-6	3.108809E-3	1.020344E-5	5.535270E-1	2.033714E+1
8.687921E+3	3.154100E+2	3.675850E+1	-1.026080E+0	1.008434E-6	3.045040E-3	1.008434E-5	5.161377E-1	1.897401E+1
8.699616E+3	3.152100E+2	3.678183E+1	-9.963467E-1	9.966680E-7	3.106302E-3	9.966680E-6	5.098387E-1	1.875277E+1
8.711660E+3	3.150100E+2	3.680518E+1	-1.006880E+0	9.847620E-7	3.151860E-3	9.847620E-6	5.085808E-1	1.871875E+1
8.723578E+3	3.148100E+2	3.682856E+1	-1.040205E+0	9.728980E-7	3.232667E-3	9.728980E-6	5.115048E-1	1.883718E+1
8.735691E+3	3.146000E+2	3.685315E+1	-9.666700E-1	9.612180E-7	3.117635E-3	9.612180E-6	5.217463E-1	1.922682E+1
8.745622E+3	3.144400E+2	3.687190E+1	-9.289233E-1	9.516140E-7	3.194051E-3	9.516140E-6	5.317551E-1	1.960813E+1
8.759832E+3	3.142200E+2	3.689771E+1	-9.534164E-1	9.381160E-7	3.123496E-3	9.381160E-6	5.350707E-1	1.974318E+1
8.771789E+3	3.140300E+2	3.692004E+1	-1.009336E+0	9.270020E-7	3.155682E-3	9.270020E-6	5.243156E-1	1.935764E+1
8.783678E+3	3.138300E+2	3.694357E+1	-1.002423E+0	9.160240E-7	3.150295E-3	9.160240E-6	5.113376E-1	1.889102E+1
8.795649E+3	3.136300E+2	3.696713E+1	-9.946125E-1	9.051880E-7	3.139263E-3	9.051880E-6	5.144848E-1	1.901835E+1
8.807714E+3	3.134300E+2	3.699072E+1	-9.208731E-1	8.944240E-7	3.100803E-3	8.944240E-6	5.203435E-1	1.924715E+1
8.819442E+3	3.132500E+2	3.701197E+1	-1.011975E+0	8.839860E-7	3.135734E-3	8.839860E-6	5.247985E-1	1.942453E+1
8.831300E+3	3.130500E+2	3.703562E+1	-9.865176E-1	8.733300E-7	3.306963E-3	8.733300E-6	5.279082E-1	1.955301E+1
8.843464E+3	3.128500E+2	3.705929E+1	-9.672671E-1	8.625680E-7	3.211670E-3	8.625680E-6	5.205171E-1	1.929136E+1
8.857731E+3	3.126200E+2	3.708656E+1	-1.053864E+0	8.500960E-7	3.130402E-3	8.500960E-6	5.163545E-1	1.914956E+1
8.869687E+3	3.124100E+2	3.711149E+1	-1.011886E+0	8.395540E-7	3.393934E-3	8.395540E-6	5.111473E-1	1.896772E+1
8.882139E+3	3.122000E+2	3.713645E+1	-1.002063E+0	8.290660E-7	3.265428E-3	8.290660E-6	5.060227E-1	1.879025E+1
8.892318E+3	3.120300E+2	3.715668E+1	-9.898540E-1	8.205100E-7	3.249129E-3	8.205100E-6	5.174698E-1	1.922745E+1
8.904441E+3	3.118300E+2	3.718052E+1	-9.109312E-1	8.106480E-7	3.111210E-3	8.106480E-6	5.225737E-1	1.943075E+1
8.916297E+3	3.116500E+2	3.720199E+1	-9.999275E-1	8.009960E-7	3.120934E-3	8.009960E-6	5.212590E-1	1.939366E+1
8.930098E+3	3.114200E+2	3.722947E+1	-9.895275E-1	7.898820E-7	3.252929E-3	7.898820E-6	5.160208E-1	1.921089E+1
8.942225E+3	3.112200E+2	3.725339E+1	-1.019714E+0	7.803240E-7	3.080322E-3	7.803240E-6	5.161909E-1	1.922822E+1
8.953993E+3	3.110200E+2	3.727735E+1	-9.184454E-1	7.709760E-7	3.101114E-3	7.709760E-6	5.265810E-1	1.962939E+1
8.965752E+3	3.108400E+2	3.729893E+1	-9.661836E-1	7.616840E-7	3.163859E-3	7.616840E-6	5.302928E-1	1.978078E+1
8.979414E+3	3.106200E+2	3.732535E+1	-9.971747E-1	7.510600E-7	3.202452E-3	7.510600E-6	5.279523E-1	1.970607E+1
8.991448E+3	3.104200E+2	3.734940E+1	-9.899357E-1	7.418480E-7	3.188624E-3	7.418480E-6	5.176302E-1	1.933262E+1
9.003570E+3	3.102200E+2	3.737348E+1	-9.957680E-1	7.327180E-7	3.207242E-3	7.327180E-6	5.122811E-1	1.914577E+1
9.015621E+3	3.100200E+2	3.739759E+1	-1.008997E+0	7.237020E-7	3.183482E-3	7.237020E-6	5.113954E-1	1.912499E+1
9.027514E+3	3.098200E+2	3.742173E+1	-9.910803E-1	7.149060E-7	3.162734E-3	7.149060E-6	5.170855E-1	1.934987E+1
9.039622E+3	3.096200E+2	3.744590E+1	-9.373458E-1	7.061020E-7	3.273924E-3	7.061020E-6	5.225228E-1	1.956594E+1
9.051784E+3	3.094300E+2	3.746889E+1	-9.801519E-1	6.973120E-7	3.319828E-3	6.973120E-6	5.246824E-1	1.965967E+1
9.064027E+3	3.092300E+2	3.749313E+1	-9.901807E-1	6.885500E-7	3.343509E-3	6.885500E-6	5.200402E-1	1.949837E+1
9.076146E+3	3.090300E+2	3.751739E+1	-1.024503E+0	6.800380E-7	3.201812E-3	6.800380E-6	5.148679E-1	1.931748E+1
9.087859E+3	3.088300E+2	3.754169E+1	-9.839572E-1	6.717380E-7	3.258269E-3	6.717380E-6	5.130024E-1	1.925912E+1
9.101884E+3	3.086000E+2	3.756967E+1	-9.864603E-1	6.619640E-7	3.340030E-3	6.619640E-6	5.164093E-1	1.939893E+1
9.112224E+3	3.084300E+2	3.759038E+1	-9.432401E-1	6.550880E-7	3.236700E-3	6.550880E-6	5.228785E-1	1.965455E+1
9.124310E+3	3.082400E+2	3.761355E+1	-9.427721E-1	6.470820E-7	3.220691E-3	6.470820E-6	5.230747E-1	1.967664E+1
9.136402E+3	3.080500E+2	3.763675E+1	-9.757477E-1	6.391020E-7	3.261000E-3	6.391020E-6	5.307134E-1	1.997543E+1
9.150545E+3	3.078200E+2	3.766487E+1	-8.894013E-1	6.299500E-7	3.255562E-3	6.299500E-6	5.275420E-1	1.986838E+1
9.162688E+3	3.076400E+2	3.768691E+1	-1.024940E+0	6.222340E-7	3.184569E-3	6.222340E-6	5.218249E-1	1.966577E+1
9.174396E+3	3.074400E+2	3.771142E+1	-9.919815E-1	6.145960E-7	3.314277E-3	6.145960E-6	5.189138E-1	1.957067E+1
9.186493E+3	3.072400E+2	3.773597E+1	-9.823462E-1	6.069600E-7	3.267002E-3	6.069600E-6	5.101295E-1	1.925037E+1
9.200541E+3	3.070100E+2	3.776424E+1	-9.962883E-1	5.980920E-7	3.326079E-3	5.980920E-6	5.135951E-1	1.939409E+1
9.210779E+3	3.068400E+2	3.778516E+1	-9.573542E-1	5.919040E-7	3.195243E-3	5.919040E-6	5.170555E-1	1.953747E+1
9.224567E+3	3.066200E+2	3.781228E+1	-9.550938E-1	5.835380E-7	3.222123E-3	5.835380E-6	5.194287E-1	1.964032E+1
9.236503E+3	3.064300E+2	3.783572E+1	-9.466866E-1	5.763980E-7	3.259475E-3	5.763980E-6	5.244064E-1	1.984033E+1
9.248545E+3	3.062400E+2	3.785920E+1	-9.427721E-1	5.693980E-7	3.224278E-3	5.693980E-6	5.209757E-1	1.972510E+1
9.260637E+3	3.060500E+2	3.788270E+1	-9.688290E-1	5.623700E-7	3.238965E-3	5.623700E-6	5.192610E-1	1.967246E+1
9.274881E+3	3.058200E+2	3.791119E+1	-9.511890E-1	5.542660E-7	3.223786E-3	5.542660E-6	5.159184E-1	1.955804E+1
9.286866E+3	3.056300E+2	3.793476E+1	-9.944477E-1	5.474820E-7	3.217399E-3	5.474820E-6	5.225475E-1	1.982231E+1
9.298933E+3	3.054300E+2	3.795960E+1	-8.739076E-1	5.406440E-7	3.326268E-3	5.406440E-6	5.251854E-1	1.993652E+1
9.313351E+3	3.052200E+2	3.798572E+1	-9.785534E-1	5.327860E-7	3.214140E-3	5.327860E-6	5.217098E-1	1.981694E+1
9.325614E+3	3.050200E+2	3.801062E+1	-9.579027E-1	5.261880E-7	3.176313E-3	5.261880E-6	5.241345E-1	1.992238E+1
9.337515E+3	3.048300E+2	3.803431E+1	-9.135069E-1	5.199060E-7	3.123644E-3	5.199060E-6	5.231558E-1	1.989816E+1
9.351308E+3	3.046200E+2	3.806053E+1	-9.120730E-1	5.125380E-7	3.294701E-3	5.125380E-6	5.291954E-1	2.014075E+1
9.363807E+3	3.044300E+2	3.808429E+1	-9.171360E-1	5.060540E-7	3.306621E-3	5.060540E-6	5.321596E-1	2.026598E+1
9.376237E+3	3.042400E+2	3.810807E+1	-8.959681E-1	4.998840E-7	3.160246E-3	4.998840E-6	5.212173E-1	1.986368E+1
9.388291E+3	3.040600E+2	3.813063E+1	-9.643606E-1	4.938600E-7	3.179780E-3	4.938600E-6	5.184888E-1	1.977277E+1
9.402601E+3	3.038300E+2	3.815950E+1	-8.850801E-1	4.868120E-7	3.222558E-3	4.868120E-6	5.283696E-1	2.016087E+1
9.416837E+3	3.036200E+2	3.818589E+1	-8.010013E-1	4.800360E-7	3.092995E-3	4.800360E-6	5.319878E-1	2.031180E+1
9.428822E+3	3.034600E+2	3.820602E+1	-8.946957E-1	4.744400E-7	3.009544E-3	4.744400E-6	5.391238E-1	2.059938E+1
9.442905E+3	3.032500E+2	3.823248E+1	-8.521517E-1	4.680040E-7	2.993510E-3	4.680040E-6	5.334608E-1	2.039657E+1
9.456987E+3	3.030500E+2	3.825771E+1	-8.678672E-1	4.617480E-7	2.917506E-3	4.617480E-6	5.240066E-1	2.004699E+1
9.470814E+3	3.028500E+2	3.828298E+1	-8.294166E-1	4.556800E-7	3.074721E-3	4.556800E-6	5.197971E-1	1.989949E+1
9.485282E+3	3.026500E+2	3.830828E+1	-8.511846E-1	4.497380E-7	2.827121E-3	4.497380E-6	5.246227E-1	2.009635E+1
9.499380E+3	3.024500E+2	3.833361E+1	-7.122905E-1	4.440540E-7	2.770464E-3	4.440540E-6	5.285880E-1	2.026187E+1
9.513700E+3	3.022800E+2	3.835517E+1	-7.773459E-1	4.385600E-7	2.722178E-3	4.385600E-6	5.309557E-1	2.036641E+1
9.529909E+3	3.020700E+2	3.838183E+1	-7.282879E-1	4.325500E-7	2.690526E-3	4.325500E-6	5.335721E-1	2.048052E+1
9.546386E+3	3.018700E+2	3.840726E+1	-6.827418E-1	4.268360E-7	2.530712E-3	4.268360E-6	5.284575E-1	2.029594E+1
9.564841E+3	3.016600E+2	3.843400E+1	-6.653524E-1	4.207320E-7	2.428095E-3	4.207320E-6	5.350661E-1	2.056324E+1
9.581073E+3	3.014800E+2	3.845695E+1	-6.283069E-1	4.156200E-7	2.324729E-3	4.156200E-6	5.345787E-1	2.055801E+1
9.599217E+3	3.012900E+2	3.848120E+1	-6.262704E-1	4.101600E-7	2.275063E-3	4.101600E-6	5.296787E-1	2.038343E+1
9.617420E+3	3.011000E+2	3.850548E+1	-6.015038E-1	4.050480E-7	2.115901E-3	4.050480E-6	5.271019E-1	2.029741E+1
9.637370E+3	3.009000E+2	3.853107E+1	-5.628518E-1	3.996540E-7	2.081359E-3	3.996540E-6	5.253738E-1	2.024324E+1
9.659756E+3	3.006900E+2	3.855798E+1	-5.392181E-1	3.939960E-7	1.930756E-3	3.939960E-6	5.286183E-1	2.038101E+1
9.679785E+3	3.005100E+2	3.858108E+1	-5.210714E-1	3.892080E-7	1.828410E-3	3.892080E-6	5.307637E-1	2.047747E+1
9.701663E+3	3.003200E+2	3.860549E+1	-4.876067E-1	3.842000E-7	1.885197E-3	3.842000E-6	5.267184E-1	2.033534E+1
9.726273E+3	3.001200E+2	3.863121E+1	-4.858103E-1	3.789600E-7	1.744605E-3	3.789600E-6	5.307377E-1	2.050336E+1
9.750974E+3	2.999200E+2	3.865698E+1	-4.190822E-1	3.740280E-7	1.657134E-3	3.740280E-6	5.353918E-1	2.069588E+1
9.779608E+3	2.997200E+2	3.868277E+1	-4.098050E-1	3.686680E-7	1.514422E-3	3.686680E-6	5.325004E-1	2.059825E+1
9.805962E+3	2.995400E+2	3.870602E+1	-4.150334E-1	3.640520E-7	1.524619E-3	3.640520E-6	5.302153E-1	2.052381E+1
9.836321E+3	2.993300E+2	3.873317E+1	-3.893323E-1	3.590940E-7	1.404952E-3	3.590940E-6	5.238676E-1	2.029102E+1
9.867143E+3	2.991300E+2	3.875907E+1	-3.336358E-1	3.542400E-7	1.502008E-3	3.542400E-6	5.265555E-1	2.040800E+1
9.901312E+3	2.989400E+2	3.878370E+1	-3.226414E-1	3.495940E-7	1.207609E-3	3.495940E-6	5.342040E-1	2.071844E+1
9.938505E+3	2.987400E+2	3.880967E+1	-3.038137E-1	3.447460E-7	1.132866E-3	3.447460E-6	5.329066E-1	2.068196E+1
9.976028E+3	2.985500E+2	3.883437E+1	-2.905499E-1	3.402200E-7	1.068902E-3	3.402200E-6	5.260263E-1	2.042839E+1
1.001733E+4	2.983500E+2	3.886040E+1	-2.755074E-1	3.356480E-7	1.022429E-3	3.356480E-6	5.207497E-1	2.023660E+1
1.006088E+4	2.981500E+2	3.888647E+1	-2.442683E-1	3.312060E-7	1.046472E-3	3.312060E-6	5.223185E-1	2.031070E+1
1.010755E+4	2.979600E+2	3.891126E+1	-2.198890E-1	3.269340E-7	8.367154E-4	3.269340E-6	5.197134E-1	2.022279E+1
1.016213E+4	2.977600E+2	3.893740E+1	-2.222179E-1	3.223520E-7	8.093708E-4	3.223520E-6	5.265907E-1	2.050403E+1
1.021343E+4	2.975700E+2	3.896226E+1	-1.776383E-1	3.184420E-7	7.051331E-4	3.184420E-6	5.278478E-1	2.056616E+1
1.028098E+4	2.973700E+2	3.898847E+1	-1.718887E-1	3.138040E-7	6.399641E-4	3.138040E-6	5.212936E-1	2.032448E+1
1.034730E+4	2.971800E+2	3.901339E+1	-1.629660E-1	3.097660E-7	5.826957E-4	3.097660E-6	5.201594E-1	2.029407E+1
1.042094E+4	2.969800E+2	3.903967E+1	-1.363858E-1	3.057660E-7	5.225601E-4	3.057660E-6	5.061811E-1	1.976157E+1
1.051332E+4	2.967700E+2	3.906729E+1	-1.291360E-1	3.014060E-7	4.618756E-4	3.014060E-6	4.970535E-1	1.941793E+1
1.060160E+4	2.965800E+2	3.909232E+1	-1.163264E-1	2.977460E-7	4.198881E-4	2.977460E-6	4.961489E-1	1.939570E+1
1.070476E+4	2.963800E+2	3.911870E+1	-9.229207E-2	2.940320E-7	3.335746E-4	2.940320E-6	5.019228E-1	1.963409E+1
1.083478E+4	2.961800E+2	3.914511E+1	-7.409745E-2	2.900760E-7	3.117919E-4	2.900760E-6	NaN	NaN
1.098054E+4	2.960000E+2	3.916892E+1	NaN	2.863540E-7	3.090136E-4	2.863540E-6	NaN	NaN
--------------------
6/10/2024 4:42 PM
