6/1/2024									
1:58 PM									
slow cooling at 460K at 1k per minute_2024.06.01_COND_FILE END.txt									
									
Data taken by: Akshat Sharma									
ammeter is Keithley 6517A at GPIB0::27::INSTR									
voltage source is Keithley 6517A at GPIB0::27::INSTR									
temperature controller is Lake Shore 330 at GPIB0::12::INSTR with the settings: control sensor=A;sample sensor=;loop=1									
Readings: 5									
Voltage (V): 100									
Geo Factor: 1000									
Ea Window (pts): 5									
Shut off V when done?: TRUE									
Mconnect?: TRUE									
Use Abs(Cond)?: TRUE									
Rate (K/min): 1									
Heater: High									
DESCRIPTION									
********************
Time (s)	Temperature (K)	1/kT (1/eV)	Rate (K/min)	Current (A)	Current Std Dev/Mean	Conductivity (Ohm-cm)^-1	Ea (eV)	Reduced Ea
1.454000E+0	4.600600E+2	2.520106E+1	-2.000267E+0	2.671740E-4	2.390554E-3	2.671740E-3	NaN	NaN
3.145000E+1	4.590600E+2	2.525596E+1	-1.054349E+0	2.646260E-4	5.531154E-3	2.646260E-3	NaN	NaN
3.941700E+1	4.589200E+2	2.526366E+1	2.583732E+0	2.614780E-4	1.796742E-3	2.614780E-3	2.663329E-1	6.723889E+0
4.777700E+1	4.592800E+2	2.524386E+1	-1.867151E+0	2.618300E-4	2.292200E-3	2.618300E-3	3.323480E-1	8.399286E+0
7.477000E+1	4.584400E+2	2.529011E+1	-2.573434E+0	2.607420E-4	5.673737E-3	2.607420E-3	3.313352E-1	8.373843E+0
8.246400E+1	4.581100E+2	2.530833E+1	1.488095E+0	2.569040E-4	3.271279E-3	2.569040E-3	2.830482E-1	7.154208E+0
9.052800E+1	4.583100E+2	2.529729E+1	3.400309E+0	2.559620E-4	9.398342E-4	2.559620E-3	2.216553E-1	5.608663E+0
9.829200E+1	4.587500E+2	2.527302E+1	-3.016657E+0	2.579660E-4	3.592662E-3	2.579660E-3	2.705132E-1	6.846612E+0
1.211650E+2	4.576000E+2	2.533654E+1	-2.113473E+0	2.552400E-4	5.893580E-3	2.552400E-3	3.068276E-1	7.766251E+0
1.291140E+2	4.573200E+2	2.535205E+1	1.849340E+0	2.515720E-4	2.779293E-3	2.515720E-3	2.980431E-1	7.544053E+0
1.372250E+2	4.575700E+2	2.533820E+1	3.264095E+0	2.510900E-4	1.596038E-3	2.510900E-3	1.865677E-1	4.728345E+0
1.453130E+2	4.580100E+2	2.531386E+1	-3.259433E+0	2.534700E-4	3.594068E-3	2.534700E-3	2.568549E-1	6.511809E+0
1.657460E+2	4.569000E+2	2.537536E+1	-2.839863E+0	2.509960E-4	5.726523E-3	2.509960E-3	3.103142E-1	7.867507E+0
1.733520E+2	4.565400E+2	2.539537E+1	1.091051E+0	2.471840E-4	3.485722E-3	2.471840E-3	3.151589E-1	7.990335E+0
1.810510E+2	4.566800E+2	2.538758E+1	3.662906E+0	2.460520E-4	6.766588E-4	2.460520E-3	2.263480E-1	5.747075E+0
1.885860E+2	4.571400E+2	2.536203E+1	-2.691722E+0	2.477760E-4	3.496197E-3	2.477760E-3	2.629886E-1	6.678972E+0
2.122140E+2	4.560800E+2	2.542098E+1	-2.475822E+0	2.457520E-4	6.118576E-3	2.457520E-3	3.046532E-1	7.737730E+0
2.199690E+2	4.557600E+2	2.543883E+1	1.792208E+0	2.420920E-4	2.996424E-3	2.420920E-3	2.913397E-1	7.399882E+0
2.276690E+2	4.559900E+2	2.542600E+1	3.265941E+0	2.413820E-4	1.154574E-3	2.413820E-3	2.135015E-1	5.430747E+0
2.353850E+2	4.564100E+2	2.540260E+1	-3.173375E+0	2.433740E-4	3.752015E-3	2.433740E-3	2.686175E-1	6.833906E+0
2.586410E+2	4.551800E+2	2.547124E+1	-1.498689E+0	2.405260E-4	6.061524E-3	2.405260E-3	3.012942E-1	7.665767E+0
2.666480E+2	4.549800E+2	2.548244E+1	2.264151E+0	2.370200E-4	2.552614E-3	2.370200E-3	2.908850E-1	7.401217E+0
2.743330E+2	4.552700E+2	2.546621E+1	3.289817E+0	2.367220E-4	1.674735E-3	2.367220E-3	2.089179E-1	5.322332E+0
2.819930E+2	4.556900E+2	2.544274E+1	-3.276433E+0	2.389900E-4	3.752108E-3	2.389900E-3	2.776850E-1	7.076332E+0
3.052500E+2	4.544200E+2	2.551384E+1	-1.556017E+0	2.355140E-4	5.763869E-3	2.355140E-3	3.054442E-1	7.784185E+0
3.129620E+2	4.542200E+2	2.552508E+1	2.714210E+0	2.324440E-4	2.111237E-3	2.324440E-3	3.033569E-1	7.731045E+0
3.204780E+2	4.545600E+2	2.550598E+1	3.102780E+0	2.324040E-4	2.036618E-3	2.324040E-3	1.906211E-1	4.864643E+0
3.282130E+2	4.549600E+2	2.548356E+1	-3.567671E+0	2.348720E-4	3.851151E-3	2.348720E-3	2.684378E-1	6.852108E+0
3.500760E+2	4.536600E+2	2.555658E+1	-1.660298E+0	2.314940E-4	5.948320E-3	2.314940E-3	3.065174E-1	7.824352E+0
3.576650E+2	4.534500E+2	2.556842E+1	2.110961E+0	2.282020E-4	2.636798E-3	2.282020E-3	3.083981E-1	7.872515E+0
3.650550E+2	4.537100E+2	2.555377E+1	3.615910E+0	2.277560E-4	1.440446E-3	2.277560E-3	2.215983E-1	5.664693E+0
3.725220E+2	4.541600E+2	2.552845E+1	-3.207906E+0	2.298820E-4	3.873433E-3	2.298820E-3	2.814880E-1	7.197575E+0
3.972110E+2	4.528400E+2	2.560286E+1	-1.197445E+0	2.262980E-4	5.745691E-3	2.262980E-3	3.033407E-1	7.756771E+0
4.047270E+2	4.526900E+2	2.561135E+1	2.564445E+0	2.235280E-4	1.872397E-3	2.235280E-3	2.708061E-1	6.927993E+0
4.122140E+2	4.530100E+2	2.559325E+1	-1.693039E+0	2.237420E-4	2.281470E-3	2.237420E-3	3.166974E-1	8.114080E+0
4.402110E+2	4.522200E+2	2.563796E+1	-2.491888E+0	2.233820E-4	6.251074E-3	2.233820E-3	3.127302E-1	8.012534E+0
4.479160E+2	4.519000E+2	2.565612E+1	1.573358E+0	2.197760E-4	3.346805E-3	2.197760E-3	2.541271E-1	6.511663E+0
4.555430E+2	4.521000E+2	2.564477E+1	4.121306E+0	2.190480E-4	1.259121E-3	2.190480E-3	1.941084E-1	4.978584E+0
4.632590E+2	4.526300E+2	2.561474E+1	-3.228167E+0	2.211260E-4	4.192792E-3	2.211260E-3	2.499549E-1	6.412491E+0
4.864920E+2	4.513800E+2	2.568568E+1	-1.940439E+0	2.187840E-4	6.121913E-3	2.187840E-3	2.868081E-1	7.358513E+0
4.939130E+2	4.511400E+2	2.569934E+1	2.139037E+0	2.154320E-4	3.124959E-3	2.154320E-3	2.733523E-1	7.013665E+0
5.017670E+2	4.514200E+2	2.568340E+1	3.955021E+0	2.149900E-4	1.830659E-3	2.149900E-3	2.125175E-1	5.459795E+0
5.095040E+2	4.519300E+2	2.565442E+1	-3.496769E+0	2.173360E-4	4.387862E-3	2.173360E-3	2.745831E-1	7.056242E+0
5.331830E+2	4.505500E+2	2.573299E+1	-1.251303E+0	2.138920E-4	6.076341E-3	2.138920E-3	3.000447E-1	7.711048E+0
5.408550E+2	4.503900E+2	2.574213E+1	2.576835E+0	2.110160E-4	2.161981E-3	2.110160E-3	2.943868E-1	7.565777E+0
5.483060E+2	4.507100E+2	2.572386E+1	3.903201E+0	2.111120E-4	2.366373E-3	2.111120E-3	1.810418E-1	4.659387E+0
5.559920E+2	4.512100E+2	2.569535E+1	-3.903422E+0	2.136240E-4	4.225163E-3	2.136240E-3	2.614219E-1	6.729468E+0
5.778190E+2	4.497900E+2	2.577647E+1	-1.321072E+0	2.103660E-4	6.323440E-3	2.103660E-3	2.926105E-1	7.532627E+0
5.855400E+2	4.496200E+2	2.578622E+1	2.748691E+0	2.072200E-4	2.620408E-3	2.072200E-3	2.896404E-1	7.456331E+0
5.931800E+2	4.499700E+2	2.576616E+1	3.580902E+0	2.070580E-4	2.102220E-3	2.070580E-3	1.870092E-1	4.820658E+0
6.007200E+2	4.504200E+2	2.574042E+1	-3.624669E+0	2.093840E-4	4.200036E-3	2.093840E-3	2.675220E-1	6.898144E+0
6.237290E+2	4.490300E+2	2.582010E+1	-1.331940E+0	2.060760E-4	6.110165E-3	2.060760E-3	2.940033E-1	7.581462E+0
6.313870E+2	4.488600E+2	2.582988E+1	2.885772E+0	2.031420E-4	2.311924E-3	2.031420E-3	2.705417E-1	6.979543E+0
6.388720E+2	4.492200E+2	2.580918E+1	-1.756242E+0	2.032340E-4	2.533093E-3	2.032340E-3	3.120796E-1	8.063387E+0
6.672280E+2	4.483900E+2	2.585695E+1	-2.391975E+0	2.030600E-4	6.728597E-3	2.030600E-3	2.877971E-1	7.436163E+0
6.750040E+2	4.480800E+2	2.587484E+1	2.046170E+0	1.996510E-4	3.204860E-3	1.996510E-3	2.248545E-1	5.810429E+0
6.826280E+2	4.483400E+2	2.585984E+1	4.443269E+0	1.990998E-4	1.528513E-3	1.990998E-3	1.815218E-1	4.694856E+0
6.901900E+2	4.489000E+2	2.582758E+1	-3.498769E+0	2.012088E-4	4.438740E-3	2.012088E-3	2.472548E-1	6.396686E+0
7.133410E+2	4.475500E+2	2.590549E+1	-1.687332E+0	1.987940E-4	6.705371E-3	1.987940E-3	2.792406E-1	7.224825E+0
7.211640E+2	4.473300E+2	2.591823E+1	2.470724E+0	1.956084E-4	2.932761E-3	1.956084E-3	2.712581E-1	7.018505E+0
7.289350E+2	4.476500E+2	2.589970E+1	4.050955E+0	1.954646E-4	2.374326E-3	1.954646E-3	1.897816E-1	4.916945E+0
7.367850E+2	4.481800E+2	2.586907E+1	-3.779187E+0	1.979280E-4	4.663632E-3	1.979280E-3	2.660419E-1	6.894606E+0
7.590120E+2	4.467800E+2	2.595013E+1	-1.611253E+0	1.949012E-4	6.721430E-3	1.949012E-3	2.934141E-1	7.604556E+0
7.668320E+2	4.465700E+2	2.596234E+1	3.146182E+0	1.918424E-4	2.756414E-3	1.918424E-3	2.891533E-1	7.494302E+0
7.746510E+2	4.469800E+2	2.593852E+1	3.688833E+0	1.918606E-4	2.702549E-3	1.918606E-3	1.966392E-1	5.103314E+0
7.826210E+2	4.474700E+2	2.591012E+1	-4.044643E+0	1.943774E-4	4.707730E-3	1.943774E-3	2.729319E-1	7.085042E+0
8.050210E+2	4.459600E+2	2.599785E+1	-9.536618E-1	1.908408E-4	6.843820E-3	1.908408E-3	2.969699E-1	7.709552E+0
8.132000E+2	4.458300E+2	2.600543E+1	2.952985E+0	1.879538E-4	2.082941E-3	1.879538E-3	2.731364E-1	7.094615E+0
8.209210E+2	4.462100E+2	2.598328E+1	-2.016842E+0	1.882822E-4	3.024055E-3	1.882822E-3	3.027300E-1	7.874991E+0
8.491830E+2	4.452600E+2	2.603872E+1	-1.622248E+0	1.877902E-4	6.912629E-3	1.877902E-3	2.625652E-1	6.830756E+0
8.569500E+2	4.450500E+2	2.605101E+1	2.439926E+0	1.846064E-4	3.233784E-3	1.846064E-3	2.172188E-1	5.651503E+0
8.650650E+2	4.453800E+2	2.603170E+1	4.352895E+0	1.844548E-4	2.522587E-3	1.844548E-3	1.745117E-1	4.544252E+0
8.727840E+2	4.459400E+2	2.599901E+1	-3.962290E+0	1.868486E-4	4.834913E-3	1.868486E-3	2.558250E-1	6.663605E+0
8.947410E+2	4.444900E+2	2.608383E+1	-1.703885E+0	1.840614E-4	7.024221E-3	1.840614E-3	2.885961E-1	7.517698E+0
9.024880E+2	4.442700E+2	2.609674E+1	2.865101E+0	1.809988E-4	3.074117E-3	1.809988E-3	2.849803E-1	7.423664E+0
9.100270E+2	4.446300E+2	2.607561E+1	3.994778E+0	1.808010E-4	2.321758E-3	1.808010E-3	1.674732E-1	4.368654E+0
9.176870E+2	4.451400E+2	2.604574E+1	-3.814935E+0	1.831132E-4	4.919534E-3	1.831132E-3	2.515692E-1	6.564225E+0
9.398630E+2	4.437300E+2	2.612850E+1	-1.658917E+0	1.804996E-4	7.423446E-3	1.804996E-3	2.833191E-1	7.393281E+0
9.478200E+2	4.435100E+2	2.614146E+1	2.999211E+0	1.774880E-4	3.036527E-3	1.774880E-3	2.780355E-1	7.255668E+0
9.554220E+2	4.438900E+2	2.611908E+1	4.388554E+0	1.773410E-4	2.591840E-3	1.773410E-3	1.745392E-1	4.559977E+0
9.632150E+2	4.444600E+2	2.608559E+1	-3.908618E+0	1.797758E-4	5.201980E-3	1.797758E-3	2.607508E-1	6.814611E+0
9.853200E+2	4.430200E+2	2.617038E+1	-2.100895E+0	1.769918E-4	7.193222E-3	1.769918E-3	2.930106E-1	7.658417E+0
9.930310E+2	4.427500E+2	2.618634E+1	3.152230E+0	1.739678E-4	3.171424E-3	1.739678E-3	2.901172E-1	7.582933E+0
1.000835E+3	4.431600E+2	2.616211E+1	4.013641E+0	1.738136E-4	2.526934E-3	1.738136E-3	2.069132E-1	5.416156E+0
1.008459E+3	4.436700E+2	2.613204E+1	-3.922561E+0	1.761614E-4	4.997352E-3	1.761614E-3	2.702590E-1	7.075881E+0
1.032168E+3	4.421200E+2	2.622365E+1	-4.516939E-1	1.727824E-4	6.754714E-3	1.727824E-3	2.824299E-1	7.395644E+0
1.040138E+3	4.420600E+2	2.622721E+1	3.956208E+0	1.703118E-4	1.734725E-3	1.703118E-3	2.613512E-1	6.847041E+0
1.048176E+3	4.425900E+2	2.619580E+1	-2.373418E+0	1.709876E-4	3.828978E-3	1.709876E-3	2.715805E-1	7.123309E+0
1.075984E+3	4.414900E+2	2.626107E+1	-2.003339E+0	1.701266E-4	7.287799E-3	1.701266E-3	2.521580E-1	6.615212E+0
1.083771E+3	4.412300E+2	2.627655E+1	3.371227E+0	1.671730E-4	3.036969E-3	1.671730E-3	2.243978E-1	5.887561E+0
1.091424E+3	4.416600E+2	2.625096E+1	3.962408E+0	1.670960E-4	2.736395E-3	1.670960E-3	1.552214E-1	4.076629E+0
1.099298E+3	4.421800E+2	2.622009E+1	-4.013005E+0	1.694712E-4	5.097338E-3	1.694712E-3	2.395559E-1	6.293142E+0
1.120828E+3	4.407400E+2	2.630576E+1	-2.015504E+0	1.671320E-4	7.406148E-3	1.671320E-3	2.755098E-1	7.238204E+0
1.128568E+3	4.404800E+2	2.632129E+1	2.921053E+0	1.641150E-4	3.508816E-3	1.641150E-3	2.783243E-1	7.312237E+0
1.136168E+3	4.408500E+2	2.629919E+1	4.217103E+0	1.638312E-4	2.310075E-3	1.638312E-3	1.772634E-1	4.663184E+0
1.143851E+3	4.413900E+2	2.626702E+1	-3.709670E+0	1.660108E-4	5.082656E-3	1.660108E-3	2.565084E-1	6.750045E+0
1.166818E+3	4.399700E+2	2.635180E+1	-1.825397E+0	1.635094E-4	7.059954E-3	1.635094E-3	2.874100E-1	7.563946E+0
1.174378E+3	4.397400E+2	2.636558E+1	3.016671E+0	1.607412E-4	2.975980E-3	1.607412E-3	2.820699E-1	7.423640E+0
1.181936E+3	4.401200E+2	2.634282E+1	4.506605E+0	1.606952E-4	2.840035E-3	1.606952E-3	1.925578E-1	5.074660E+0
1.189658E+3	4.407000E+2	2.630815E+1	-4.106919E+0	1.629598E-4	5.074336E-3	1.629598E-3	2.617133E-1	6.898960E+0
1.212741E+3	4.391200E+2	2.640281E+1	-1.030247E+0	1.599346E-4	6.847386E-3	1.599346E-3	2.802091E-1	7.387408E+0
1.220312E+3	4.389900E+2	2.641062E+1	3.947368E+0	1.574586E-4	2.378878E-3	1.574586E-3	2.534605E-1	6.684716E+0
1.227912E+3	4.394900E+2	2.638058E+1	-1.989046E+0	1.577526E-4	3.288024E-3	1.577526E-3	2.643937E-1	6.982606E+0
1.255664E+3	4.385700E+2	2.643592E+1	-2.804487E+0	1.578106E-4	7.241254E-3	1.578106E-3	2.578652E-1	6.811108E+0
1.263152E+3	4.382200E+2	2.645703E+1	2.394254E+0	1.547884E-4	4.010195E-3	1.547884E-3	2.075636E-1	5.483192E+0
1.270670E+3	4.385200E+2	2.643893E+1	5.010604E+0	1.542364E-4	1.772257E-3	1.542364E-3	1.846436E-1	4.882234E+0
1.278214E+3	4.391500E+2	2.640100E+1	-3.696203E+0	1.562254E-4	5.471732E-3	1.562254E-3	2.449831E-1	6.479585E+0
1.301914E+3	4.376900E+2	2.648907E+1	-1.572327E+0	1.540310E-4	7.228849E-3	1.540310E-3	2.716084E-1	7.184745E+0
1.309546E+3	4.374900E+2	2.650118E+1	3.162055E+0	1.514020E-4	3.015078E-3	1.514020E-3	2.639723E-1	6.983005E+0
1.317136E+3	4.378900E+2	2.647697E+1	4.482803E+0	1.514522E-4	3.097846E-3	1.514522E-3	1.783139E-1	4.723349E+0
1.324899E+3	4.384700E+2	2.644195E+1	-4.286104E+0	1.536988E-4	5.150477E-3	1.536988E-3	2.606116E-1	6.905092E+0
1.346877E+3	4.369000E+2	2.653696E+1	-1.367608E+0	1.509630E-4	7.524731E-3	1.509630E-3	2.856850E-1	7.570093E+0
1.354774E+3	4.367200E+2	2.654790E+1	3.545168E+0	1.483088E-4	2.815011E-3	1.483088E-3	2.832124E-1	7.504719E+0
1.362390E+3	4.371700E+2	2.652058E+1	4.366701E+0	1.484500E-4	3.461410E-3	1.484500E-3	1.919994E-1	5.094370E+0
1.370222E+3	4.377400E+2	2.648604E+1	-4.301075E+0	1.507886E-4	5.338653E-3	1.507886E-3	2.733124E-1	7.253826E+0
1.392542E+3	4.361400E+2	2.658321E+1	-1.088224E+0	1.477246E-4	7.416740E-3	1.477246E-3	2.951087E-1	7.833026E+0
1.400261E+3	4.360000E+2	2.659174E+1	3.551209E+0	1.452782E-4	2.586775E-3	1.452782E-3	2.765592E-1	7.343921E+0
1.408033E+3	4.364600E+2	2.656372E+1	-2.054142E+0	1.456180E-4	3.727597E-3	1.456180E-3	2.993768E-1	7.962239E+0
1.436366E+3	4.354900E+2	2.662288E+1	-2.234493E+0	1.452242E-4	7.723939E-3	1.452242E-3	2.495034E-1	6.636863E+0
1.444153E+3	4.352000E+2	2.664063E+1	3.648596E+0	1.425294E-4	3.468751E-3	1.425294E-3	2.154381E-1	5.731165E+0
1.451882E+3	4.356700E+2	2.661189E+1	4.158494E+0	1.424558E-4	2.956209E-3	1.424558E-3	1.719198E-1	4.577233E+0
1.459529E+3	4.362000E+2	2.657955E+1	-4.045798E+0	1.446322E-4	5.564054E-3	1.446322E-3	2.509455E-1	6.683192E+0
1.481626E+3	4.347100E+2	2.667065E+1	-1.999200E+0	1.422688E-4	7.334859E-3	1.422688E-3	2.828187E-1	7.532807E+0
1.489129E+3	4.344600E+2	2.668600E+1	3.324977E+0	1.396736E-4	3.444780E-3	1.396736E-3	2.820448E-1	7.512401E+0
1.496708E+3	4.348800E+2	2.666023E+1	4.729459E+0	1.395792E-4	2.889313E-3	1.395792E-3	1.502560E-1	4.007091E+0
1.504193E+3	4.354700E+2	2.662411E+1	-4.040126E+0	1.416498E-4	5.458432E-3	1.416498E-3	2.400324E-1	6.403270E+0
1.526024E+3	4.340000E+2	2.671429E+1	-2.322880E+0	1.396622E-4	7.652524E-3	1.396622E-3	2.761688E-1	7.367909E+0
1.533773E+3	4.337000E+2	2.673276E+1	2.995664E+0	1.369590E-4	3.741360E-3	1.369590E-3	2.731315E-1	7.287067E+0
1.541384E+3	4.340800E+2	2.670936E+1	4.984834E+0	1.367292E-4	2.623628E-3	1.367292E-3	1.926410E-1	5.147230E+0
1.548967E+3	4.347100E+2	2.667065E+1	-4.169299E+0	1.388044E-4	5.867881E-3	1.388044E-3	2.558236E-1	6.837140E+0
1.572712E+3	4.330600E+2	2.677227E+1	-7.015720E-1	1.361648E-4	7.459109E-3	1.361648E-3	2.680510E-1	7.165277E+0
1.580409E+3	4.329700E+2	2.677784E+1	4.533021E+0	1.338912E-4	2.458974E-3	1.338912E-3	2.493691E-1	6.669425E+0
1.588086E+3	4.335500E+2	2.674201E+1	-2.478306E+0	1.343116E-4	4.224236E-3	1.343116E-3	2.630694E-1	7.043995E+0
1.616896E+3	4.323600E+2	2.681562E+1	-1.193436E+0	1.336486E-4	8.103111E-3	1.336486E-3	2.134730E-1	5.717772E+0
1.624940E+3	4.322000E+2	2.682554E+1	4.077446E+0	1.312224E-4	2.852886E-3	1.312224E-3	2.007309E-1	5.376966E+0
1.632739E+3	4.327300E+2	2.679269E+1	4.194175E+0	1.314894E-4	3.968359E-3	1.314894E-3	1.893966E-1	5.077846E+0
1.640464E+3	4.332700E+2	2.675930E+1	-4.565100E+0	1.336916E-4	5.303726E-3	1.336916E-3	2.711484E-1	7.271485E+0
1.662676E+3	4.315800E+2	2.686408E+1	-6.151480E-1	1.306912E-4	7.781156E-3	1.306912E-3	2.894468E-1	7.763036E+0
1.670479E+3	4.315000E+2	2.686906E+1	3.804210E+0	1.285058E-4	2.501953E-3	1.285058E-3	2.961603E-1	7.943012E+0
1.678365E+3	4.320000E+2	2.683796E+1	4.203286E+0	1.289634E-4	4.442737E-3	1.289634E-3	1.849504E-1	4.967491E+0
1.686216E+3	4.325500E+2	2.680384E+1	-4.891226E+0	1.312038E-4	5.133886E-3	1.312038E-3	2.735375E-1	7.348313E+0
1.706947E+3	4.308600E+2	2.690897E+1	-1.136507E+0	1.283052E-4	8.044952E-3	1.283052E-3	2.920544E-1	7.846607E+0
1.714866E+3	4.307100E+2	2.691834E+1	4.369663E+0	1.259222E-4	3.038139E-3	1.259222E-3	2.679423E-1	7.200906E+0
1.722830E+3	4.312900E+2	2.688214E+1	-2.028070E+0	1.261990E-4	4.289629E-3	1.261990E-3	2.440590E-1	6.568150E+0
1.750048E+3	4.303700E+2	2.693961E+1	-3.507405E+0	1.265954E-4	7.903719E-3	1.265954E-3	2.448475E-1	6.590618E+0
1.757746E+3	4.299200E+2	2.696781E+1	2.359727E+0	1.238316E-4	4.861825E-3	1.238316E-3	2.024234E-1	5.449467E+0
1.765374E+3	4.302200E+2	2.694900E+1	5.357143E+0	1.232454E-4	2.063520E-3	1.232454E-3	1.918996E-1	5.171066E+0
1.772990E+3	4.309000E+2	2.690647E+1	-3.596021E+0	1.249768E-4	5.998930E-3	1.249768E-3	2.442775E-1	6.584653E+0
1.796516E+3	4.294900E+2	2.699481E+1	-2.396907E+0	1.233684E-4	7.996823E-3	1.233684E-3	2.709736E-1	7.305734E+0
1.804276E+3	4.291800E+2	2.701431E+1	3.889171E+0	1.209306E-4	3.741770E-3	1.209306E-3	2.604945E-1	7.023568E+0
1.812144E+3	4.296900E+2	2.698224E+1	4.473583E+0	1.208976E-4	3.468203E-3	1.208976E-3	1.787186E-1	4.824400E+0
1.819923E+3	4.302700E+2	2.694587E+1	-4.298735E+0	1.229506E-4	5.690597E-3	1.229506E-3	2.561746E-1	6.917408E+0
1.841976E+3	4.286900E+2	2.704518E+1	-1.897053E+0	1.206646E-4	7.876015E-3	1.206646E-3	2.790137E-1	7.535242E+0
1.849883E+3	4.284400E+2	2.706097E+1	4.229143E+0	1.183400E-4	3.129832E-3	1.183400E-3	2.839406E-1	7.668229E+0
1.857686E+3	4.289900E+2	2.702627E+1	4.168246E+0	1.185614E-4	4.148482E-3	1.185614E-3	1.973792E-1	5.338150E+0
1.865603E+3	4.295400E+2	2.699167E+1	-4.665969E+0	1.206460E-4	5.410850E-3	1.206460E-3	2.717631E-1	7.351573E+0
1.887592E+3	4.278300E+2	2.709955E+1	-6.830255E-1	1.178690E-4	8.049928E-3	1.178690E-3	2.889690E-1	7.818101E+0
1.895498E+3	4.277400E+2	2.710525E+1	4.185162E+0	1.157774E-4	2.624539E-3	1.157774E-3	2.612895E-1	7.072816E+0
1.903383E+3	4.282900E+2	2.707044E+1	-2.385555E+0	1.162144E-4	4.571663E-3	1.162144E-3	2.493242E-1	6.757650E+0
1.930798E+3	4.272000E+2	2.713951E+1	-2.070288E+0	1.160818E-4	8.057970E-3	1.160818E-3	2.220147E-1	6.019125E+0
1.938623E+3	4.269300E+2	2.715668E+1	3.483871E+0	1.136192E-4	4.262259E-3	1.136192E-3	1.930705E-1	5.234912E+0
1.946373E+3	4.273800E+2	2.712808E+1	4.635762E+0	1.134322E-4	3.303902E-3	1.134322E-3	1.778053E-1	4.825429E+0
1.954527E+3	4.280100E+2	2.708815E+1	-4.479194E+0	1.153740E-4	5.762671E-3	1.153740E-3	2.531585E-1	6.872576E+0
1.977165E+3	4.263200E+2	2.719553E+1	-9.691849E-1	1.130782E-4	8.328456E-3	1.130782E-3	2.692524E-1	7.310832E+0
1.985213E+3	4.261900E+2	2.720383E+1	4.471284E+0	1.109680E-4	2.870285E-3	1.109680E-3	2.718373E-1	7.380956E+0
1.992996E+3	4.267700E+2	2.716686E+1	4.091426E+0	1.113100E-4	4.598323E-3	1.113100E-3	1.713217E-1	4.657304E+0
2.000915E+3	4.273100E+2	2.713253E+1	-4.646632E+0	1.133584E-4	5.443391E-3	1.133584E-3	2.678003E-1	7.282189E+0
2.021446E+3	4.257200E+2	2.723386E+1	-2.324680E+0	1.110304E-4	8.173400E-3	1.110304E-3	2.946673E-1	8.013566E+0
2.029189E+3	4.254200E+2	2.725307E+1	3.973013E+0	1.087692E-4	3.819804E-3	1.087692E-3	2.996819E-1	8.150038E+0
2.037193E+3	4.259500E+2	2.721916E+1	4.425553E+0	1.088336E-4	4.073340E-3	1.088336E-3	1.810569E-1	4.930568E+0
2.045192E+3	4.265400E+2	2.718151E+1	-4.441584E+0	1.107596E-4	5.664765E-3	1.107596E-3	2.576649E-1	7.019009E+0
2.066941E+3	4.249300E+2	2.728449E+1	-2.093960E+0	1.085822E-4	7.929133E-3	1.085822E-3	2.880934E-1	7.848808E+0
2.074391E+3	4.246700E+2	2.730120E+1	3.790323E+0	1.064504E-4	3.790522E-3	1.064504E-3	2.869246E-1	7.817164E+0
2.081831E+3	4.251400E+2	2.727102E+1	4.917393E+0	1.063942E-4	3.502215E-3	1.063942E-3	1.808984E-1	4.935469E+0
2.089518E+3	4.257700E+2	2.723066E+1	-4.349131E+0	1.082396E-4	5.887943E-3	1.082396E-3	2.580820E-1	7.043193E+0
2.112833E+3	4.240800E+2	2.733918E+1	-9.919878E-1	1.060000E-4	8.156595E-3	1.060000E-3	2.753611E-1	7.515989E+0
2.120696E+3	4.239500E+2	2.734756E+1	4.313222E+0	1.040114E-4	2.771385E-3	1.040114E-3	2.507836E-1	6.848151E+0
2.128486E+3	4.245100E+2	2.731149E+1	-2.238565E+0	1.043622E-4	4.548260E-3	1.043622E-3	2.627461E-1	7.184914E+0
2.156361E+3	4.234700E+2	2.737856E+1	-2.557809E+0	1.043000E-4	8.400144E-3	1.043000E-3	2.371388E-1	6.486053E+0
2.164102E+3	4.231400E+2	2.739991E+1	3.260026E+0	1.020144E-4	4.446105E-3	1.020144E-3	2.015059E-1	5.512012E+0
2.171832E+3	4.235600E+2	2.737275E+1	5.301455E+0	1.018042E-4	3.196891E-3	1.018042E-3	1.862240E-1	5.098507E+0
2.179528E+3	4.242400E+2	2.732887E+1	-4.164903E+0	1.035614E-4	6.178281E-3	1.035614E-3	2.551210E-1	6.987072E+0
2.203154E+3	4.226000E+2	2.743493E+1	-1.450054E+0	1.015590E-4	8.059720E-3	1.015590E-3	2.713171E-1	7.432246E+0
2.210602E+3	4.224200E+2	2.744662E+1	4.709819E+0	9.961620E-5	3.272517E-3	9.961620E-4	2.383912E-1	6.532185E+0
2.218373E+3	4.230300E+2	2.740704E+1	-1.978291E+0	9.984400E-5	4.497283E-3	9.984400E-4	2.397176E-1	6.577433E+0
2.245366E+3	4.221400E+2	2.746482E+1	-3.873908E+0	1.003620E-4	8.103619E-3	1.003620E-3	2.370598E-1	6.505971E+0
2.253265E+3	4.216300E+2	2.749804E+1	3.017408E+0	9.792360E-5	5.560833E-3	9.792360E-4	1.966004E-1	5.396290E+0
2.261020E+3	4.220200E+2	2.747263E+1	5.057415E+0	9.738540E-5	2.434308E-3	9.738540E-4	1.585713E-1	4.356446E+0
2.269206E+3	4.227100E+2	2.742779E+1	-3.963012E+0	9.901120E-5	6.346762E-3	9.901120E-4	2.196728E-1	6.037025E+0
2.291159E+3	4.212600E+2	2.752220E+1	-2.848932E+0	9.796100E-5	8.296314E-3	9.796100E-4	2.633429E-1	7.238454E+0
2.299162E+3	4.208800E+2	2.754704E+1	3.223270E+0	9.564560E-5	5.012138E-3	9.564560E-4	2.535407E-1	6.969426E+0
2.306794E+3	4.212900E+2	2.752024E+1	5.302933E+0	9.530080E-5	2.870166E-3	9.530080E-4	1.457157E-1	4.010284E+0
2.314601E+3	4.219800E+2	2.747524E+1	-4.076490E+0	9.691800E-5	6.366834E-3	9.691800E-4	2.248408E-1	6.190333E+0
2.336826E+3	4.204700E+2	2.757391E+1	-2.715986E+0	9.568620E-5	8.323969E-3	9.568620E-4	2.647594E-1	7.290475E+0
2.344558E+3	4.201200E+2	2.759688E+1	3.288100E+0	9.351200E-5	4.809750E-3	9.351200E-4	2.589892E-1	7.131890E+0
2.352222E+3	4.205400E+2	2.756932E+1	5.084062E+0	9.321620E-5	2.917922E-3	9.321620E-4	1.589982E-1	4.383827E+0
2.359657E+3	4.211700E+2	2.752808E+1	-3.762976E+0	9.474740E-5	6.269260E-3	9.474740E-4	2.435658E-1	6.718314E+0
2.382777E+3	4.197200E+2	2.762318E+1	-2.767528E+0	9.338440E-5	8.361240E-3	9.338440E-4	2.744233E-1	7.570915E+0
2.390365E+3	4.193700E+2	2.764623E+1	4.057157E+0	9.133040E-5	4.424100E-3	9.133040E-4	2.698945E-1	7.446167E+0
2.398203E+3	4.199000E+2	2.761134E+1	4.497286E+0	9.124480E-5	3.725526E-3	9.124480E-4	1.650425E-1	4.558900E+0
2.405941E+3	4.204800E+2	2.757325E+1	-4.134929E+0	9.291960E-5	6.289690E-3	9.291960E-4	2.490451E-1	6.881653E+0
2.427997E+3	4.189600E+2	2.767329E+1	-2.653831E+0	9.134120E-5	8.425264E-3	9.134120E-4	2.803135E-1	7.746905E+0
2.435684E+3	4.186200E+2	2.769576E+1	3.901362E+0	8.930040E-5	4.522050E-3	8.930040E-4	2.850384E-1	7.877470E+0
2.443835E+3	4.191500E+2	2.766074E+1	4.344453E+0	8.923960E-5	3.921606E-3	8.923960E-4	1.749406E-1	4.841092E+0
2.451569E+3	4.197100E+2	2.762384E+1	-4.119493E+0	9.090180E-5	6.039451E-3	9.090180E-4	2.559947E-1	7.086690E+0
2.473562E+3	4.182000E+2	2.772358E+1	-2.625483E+0	8.925180E-5	8.365410E-3	8.925180E-4	2.847096E-1	7.882898E+0
2.481332E+3	4.178600E+2	2.774614E+1	4.351768E+0	8.730380E-5	4.172230E-3	8.730380E-4	2.695164E-1	7.464742E+0
2.489053E+3	4.184200E+2	2.770900E+1	-1.854553E+0	8.728300E-5	4.123735E-3	8.728300E-4	3.076986E-1	8.536879E+0
2.517847E+3	4.175300E+2	2.776806E+1	-3.255931E+0	8.754340E-5	8.655867E-3	8.754340E-4	2.354074E-1	6.531605E+0
2.525771E+3	4.171000E+2	2.779669E+1	3.637282E+0	8.547960E-5	5.090134E-3	8.547960E-4	1.950001E-1	5.411078E+0
2.533689E+3	4.175800E+2	2.776474E+1	4.949239E+0	8.524800E-5	3.538796E-3	8.524800E-4	1.700961E-1	4.723956E+0
2.541569E+3	4.182300E+2	2.772159E+1	-4.242560E+0	8.678900E-5	6.345808E-3	8.678900E-4	2.388445E-1	6.635426E+0
2.563914E+3	4.166500E+2	2.782671E+1	-2.234206E+0	8.535260E-5	8.551804E-3	8.535260E-4	2.701605E-1	7.506746E+0
2.571702E+3	4.163600E+2	2.784609E+1	3.879979E+0	8.345920E-5	4.330181E-3	8.345920E-4	2.664658E-1	7.404302E+0
2.579434E+3	4.168600E+2	2.781269E+1	4.871023E+0	8.339300E-5	3.875760E-3	8.339300E-4	1.530956E-1	4.259636E+0
2.587071E+3	4.174800E+2	2.777139E+1	-4.356508E+0	8.489320E-5	6.012809E-3	8.489320E-4	2.442410E-1	6.797802E+0
2.609107E+3	4.158800E+2	2.787823E+1	-2.002225E+0	8.342820E-5	8.654544E-3	8.342820E-4	2.727443E-1	7.592275E+0
2.617198E+3	4.156100E+2	2.789635E+1	3.854390E+0	8.152960E-5	4.242019E-3	8.152960E-4	2.539318E-1	7.071372E+0
2.625137E+3	4.161200E+2	2.786216E+1	-1.916462E+0	8.156060E-5	4.145052E-3	8.156060E-4	3.025434E-1	8.440116E+0
2.653627E+3	4.152100E+2	2.792322E+1	-2.941556E+0	8.179060E-5	8.489541E-3	8.179060E-4	2.327113E-1	6.492676E+0
2.661378E+3	4.148300E+2	2.794880E+1	3.572816E+0	7.986280E-5	5.277043E-3	7.986280E-4	1.836069E-1	5.123088E+0
2.669103E+3	4.152900E+2	2.791784E+1	5.067179E+0	7.957440E-5	3.107161E-3	7.957440E-4	1.415439E-1	3.951565E+0
2.676918E+3	4.159500E+2	2.787354E+1	-3.879310E+0	8.099500E-5	6.322806E-3	8.099500E-4	2.298836E-1	6.420973E+0
2.698726E+3	4.145400E+2	2.796835E+1	-3.624213E+0	7.997680E-5	8.408674E-3	7.997680E-4	2.743461E-1	7.664155E+0
2.706507E+3	4.140700E+2	2.800010E+1	3.484321E+0	7.807420E-5	5.459252E-3	7.807420E-4	2.662291E-1	7.437798E+0
2.714256E+3	4.145200E+2	2.796970E+1	5.261122E+0	7.774560E-5	3.064583E-3	7.774560E-4	1.857883E-1	5.197348E+0
2.722011E+3	4.152000E+2	2.792389E+1	-4.080947E+0	7.909480E-5	6.415534E-3	7.909480E-4	2.450871E-1	6.858363E+0
2.745829E+3	4.135800E+2	2.803327E+1	-1.639955E+0	7.764860E-5	8.652331E-3	7.764860E-4	2.637706E-1	7.383119E+0
2.753878E+3	4.133600E+2	2.804819E+1	4.820526E+0	7.600380E-5	3.484003E-3	7.600380E-4	2.634652E-1	7.374588E+0
2.761595E+3	4.139800E+2	2.800618E+1	3.978159E+0	7.621160E-5	4.937841E-3	7.621160E-4	1.892801E-1	5.304972E+0
2.769287E+3	4.144900E+2	2.797172E+1	-4.529428E+0	7.768400E-5	5.818444E-3	7.768400E-4	2.737765E-1	7.675680E+0
2.791409E+3	4.128200E+2	2.808488E+1	-1.709623E+0	7.577720E-5	8.645314E-3	7.577720E-4	2.938685E-1	8.240345E+0
2.799130E+3	4.126000E+2	2.809985E+1	4.728613E+0	7.422340E-5	3.673747E-3	7.422340E-4	2.646555E-1	7.423823E+0
2.806997E+3	4.132200E+2	2.805769E+1	-2.087034E+0	7.440980E-5	4.914945E-3	7.440980E-4	2.371915E-1	6.663097E+0
2.834021E+3	4.122800E+2	2.812166E+1	-3.608907E+0	7.479680E-5	8.455192E-3	7.479680E-4	2.333893E-1	6.557561E+0
2.841835E+3	4.118100E+2	2.815376E+1	2.743205E+0	7.290800E-5	6.243763E-3	7.290800E-4	1.853247E-1	5.207960E+0
2.849709E+3	4.121700E+2	2.812917E+1	5.413766E+0	7.240660E-5	2.356136E-3	7.240660E-4	1.726491E-1	4.855595E+0
2.857467E+3	4.128700E+2	2.808148E+1	-3.640654E+0	7.358700E-5	6.536827E-3	7.358700E-4	2.334651E-1	6.568908E+0
2.881199E+3	4.114300E+2	2.817976E+1	-2.825506E+0	7.261260E-5	8.937246E-3	7.261260E-4	2.633081E-1	7.410519E+0
2.889056E+3	4.110600E+2	2.820513E+1	4.194738E+0	7.095000E-5	4.701460E-3	7.095000E-4	2.553715E-1	7.187459E+0
2.896923E+3	4.116100E+2	2.816744E+1	4.477046E+0	7.088720E-5	4.165943E-3	7.088720E-4	1.472730E-1	4.149630E+0
2.904830E+3	4.122000E+2	2.812712E+1	-4.149940E+0	7.223960E-5	6.121163E-3	7.223960E-4	2.356529E-1	6.642704E+0
2.925505E+3	4.107700E+2	2.822504E+1	-3.662724E+0	7.120260E-5	8.441472E-3	7.120260E-4	2.823414E-1	7.959892E+0
2.933368E+3	4.102900E+2	2.825806E+1	3.483421E+0	6.945240E-5	5.818347E-3	6.945240E-4	2.845326E-1	8.021897E+0
2.941119E+3	4.107400E+2	2.822710E+1	4.623684E+0	6.907360E-5	2.917683E-3	6.907360E-4	1.762193E-1	4.975534E+0
2.948905E+3	4.113400E+2	2.818593E+1	-3.819562E+0	7.026400E-5	6.322759E-3	7.026400E-4	2.361100E-1	6.668605E+0
2.972625E+3	4.098300E+2	2.828978E+1	-2.061593E+0	6.915120E-5	8.802171E-3	6.915120E-4	2.649279E-1	7.484256E+0
2.980483E+3	4.095600E+2	2.830843E+1	4.019065E+0	6.760460E-5	4.410088E-3	6.760460E-4	2.625311E-1	7.416688E+0
2.988246E+3	4.100800E+2	2.827253E+1	4.560680E+0	6.760000E-5	4.307287E-3	6.760000E-4	1.698883E-1	4.805379E+0
2.996008E+3	4.106700E+2	2.823191E+1	-4.326468E+0	6.888680E-5	5.986350E-3	6.888680E-4	2.552785E-1	7.223240E+0
3.018197E+3	4.090700E+2	2.834234E+1	-2.107728E+0	6.748620E-5	8.688296E-3	6.748620E-4	2.851994E-1	8.071000E+0
3.025883E+3	4.088000E+2	2.836106E+1	3.957784E+0	6.600620E-5	4.395974E-3	6.600620E-4	2.830524E-1	8.010497E+0
3.033463E+3	4.093000E+2	2.832641E+1	4.740933E+0	6.596960E-5	4.070580E-3	6.596960E-4	1.790119E-1	5.073081E+0
3.041183E+3	4.099100E+2	2.828426E+1	-4.299507E+0	6.719960E-5	5.922753E-3	6.719960E-4	2.577337E-1	7.306336E+0
3.064488E+3	4.082400E+2	2.839996E+1	-1.262327E+0	6.571140E-5	8.348584E-3	6.571140E-4	2.783119E-1	7.891082E+0
3.072093E+3	4.080800E+2	2.841110E+1	4.278491E+0	6.437380E-5	3.748774E-3	6.437380E-4	2.541021E-1	7.207367E+0
3.079806E+3	4.086300E+2	2.837286E+1	-2.026667E+0	6.452720E-5	4.842992E-3	6.452720E-4	2.639079E-1	7.497306E+0
3.107931E+3	4.076800E+2	2.843897E+1	-3.270179E+0	6.464680E-5	8.433195E-3	6.464680E-4	2.473173E-1	7.027328E+0
3.115637E+3	4.072600E+2	2.846830E+1	3.067093E+0	6.307060E-5	5.806773E-3	6.307060E-4	1.985400E-1	5.642068E+0
3.123462E+3	4.076600E+2	2.844037E+1	5.246914E+0	6.276220E-5	3.110302E-3	6.276220E-4	1.737657E-1	4.941953E+0
3.131238E+3	4.083400E+2	2.839301E+1	-3.829787E+0	6.386720E-5	6.507692E-3	6.386720E-4	2.407980E-1	6.851245E+0
3.154738E+3	4.068400E+2	2.849769E+1	-2.643878E+0	6.283720E-5	8.327395E-3	6.283720E-4	2.699084E-1	7.681370E+0
3.162227E+3	4.065100E+2	2.852082E+1	4.298874E+0	6.142300E-5	4.949273E-3	6.142300E-4	2.617471E-1	7.449482E+0
3.170043E+3	4.070700E+2	2.848159E+1	4.180645E+0	6.132040E-5	3.920346E-3	6.132040E-4	1.485761E-1	4.233498E+0
3.177793E+3	4.076100E+2	2.844386E+1	-4.027028E+0	6.246740E-5	6.215906E-3	6.246740E-4	2.407845E-1	6.863687E+0
3.199844E+3	4.061300E+2	2.854751E+1	-2.904089E+0	6.140620E-5	8.628526E-3	6.140620E-4	2.760734E-1	7.871089E+0
3.207695E+3	4.057500E+2	2.857425E+1	4.063378E+0	5.996060E-5	5.106247E-3	5.996060E-4	2.796163E-1	7.972259E+0
3.215521E+3	4.062800E+2	2.853697E+1	4.205429E+0	5.982260E-5	3.921600E-3	5.982260E-4	1.518093E-1	4.333713E+0
3.223368E+3	4.068300E+2	2.849839E+1	-3.930551E+0	6.093680E-5	6.168247E-3	6.093680E-4	2.366483E-1	6.758526E+0
3.245197E+3	4.054000E+2	2.859891E+1	-3.263403E+0	5.999300E-5	8.592843E-3	5.999300E-4	2.833656E-1	8.093873E+0
3.252919E+3	4.049800E+2	2.862857E+1	3.114860E+0	5.855540E-5	5.716521E-3	5.855540E-4	2.812213E-1	8.033076E+0
3.260624E+3	4.053800E+2	2.860033E+1	5.190311E+0	5.826800E-5	2.855024E-3	5.826800E-4	1.950737E-1	5.579650E+0
3.268138E+3	4.060300E+2	2.855454E+1	-3.705635E+0	5.923180E-5	6.145596E-3	5.923180E-4	2.552694E-1	7.304139E+0
3.293073E+3	4.044900E+2	2.866325E+1	-1.825638E+0	5.809120E-5	8.422474E-3	5.809120E-4	2.754269E-1	7.883010E+0
3.300632E+3	4.042600E+2	2.867956E+1	4.617793E+0	5.688960E-5	3.963157E-3	5.688960E-4	2.430303E-1	6.958829E+0
3.308298E+3	4.048500E+2	2.863777E+1	-2.038386E+0	5.696940E-5	4.562108E-3	5.696940E-4	2.618861E-1	7.509620E+0
3.336850E+3	4.038800E+2	2.870655E+1	-3.220447E+0	5.709260E-5	8.494128E-3	5.709260E-4	2.415065E-1	6.926251E+0
3.344675E+3	4.034600E+2	2.873643E+1	2.969910E+0	5.569940E-5	5.775141E-3	5.569940E-4	1.938074E-1	5.559347E+0
3.352352E+3	4.038400E+2	2.870939E+1	4.817742E+0	5.539340E-5	2.858534E-3	5.539340E-4	1.551123E-1	4.453151E+0
3.360198E+3	4.044700E+2	2.866467E+1	-3.625456E+0	5.629620E-5	6.043041E-3	5.629620E-4	2.299441E-1	6.604343E+0
3.383202E+3	4.030800E+2	2.876352E+1	-2.891566E+0	5.558580E-5	8.327905E-3	5.558580E-4	2.745072E-1	7.885727E+0
3.391087E+3	4.027000E+2	2.879066E+1	3.099574E+0	5.424920E-5	5.498059E-3	5.424920E-4	2.632757E-1	7.563632E+0
3.398830E+3	4.031000E+2	2.876209E+1	4.763144E+0	5.401800E-5	3.017058E-3	5.401800E-4	1.700678E-1	4.892486E+0
3.406514E+3	4.037100E+2	2.871863E+1	-3.805284E+0	5.490780E-5	6.066071E-3	5.490780E-4	2.382640E-1	6.856925E+0
3.430323E+3	4.022000E+2	2.882645E+1	-1.997951E+0	5.398960E-5	8.228212E-3	5.398960E-4	2.657155E-1	7.648631E+0
3.438131E+3	4.019400E+2	2.884510E+1	4.081099E+0	5.280560E-5	4.442454E-3	5.280560E-4	2.580799E-1	7.429223E+0
3.445776E+3	4.024600E+2	2.880783E+1	3.901951E+0	5.274460E-5	3.927379E-3	5.274460E-4	1.552746E-1	4.475107E+0
3.453772E+3	4.029800E+2	2.877066E+1	-4.004479E+0	5.367980E-5	5.660964E-3	5.367980E-4	2.523905E-1	7.277031E+0
3.476097E+3	4.014900E+2	2.887743E+1	-2.300557E+0	5.266820E-5	8.461405E-3	5.266820E-4	2.829889E-1	8.160752E+0
3.484182E+3	4.011800E+2	2.889975E+1	3.985462E+0	5.146280E-5	4.550489E-3	5.146280E-4	2.825064E-1	8.147134E+0
3.492161E+3	4.017100E+2	2.886162E+1	3.770739E+0	5.141980E-5	3.935840E-3	5.141980E-4	1.563569E-1	4.515143E+0
3.500117E+3	4.022100E+2	2.882574E+1	-4.119747E+0	5.232060E-5	5.435816E-3	5.232060E-4	2.462670E-1	7.113993E+0
3.521963E+3	4.007100E+2	2.893364E+1	-1.986755E+0	5.136940E-5	8.457157E-3	5.136940E-4	2.824355E-1	8.159972E+0
3.530117E+3	4.004400E+2	2.895315E+1	3.199802E+0	5.017640E-5	4.840568E-3	5.017640E-4	2.849312E-1	8.232322E+0
3.538180E+3	4.008700E+2	2.892209E+1	3.920061E+0	5.009020E-5	3.567509E-3	5.009020E-4	1.900323E-1	5.498669E+0
3.545986E+3	4.013800E+2	2.888535E+1	-3.849238E+0	5.090060E-5	5.360184E-3	5.090060E-4	2.668783E-1	7.724965E+0
3.569679E+3	3.998600E+2	2.899515E+1	-1.163693E+0	4.981180E-5	7.826116E-3	4.981180E-4	2.906203E-1	8.413604E+0
3.577413E+3	3.997100E+2	2.900603E+1	3.598651E+0	4.881160E-5	3.851369E-3	4.881160E-4	2.872122E-1	8.315211E+0
3.585416E+3	4.001900E+2	2.897124E+1	3.371648E+0	4.886220E-5	3.994759E-3	4.886220E-4	1.659611E-1	4.811282E+0
3.593246E+3	4.006300E+2	2.893942E+1	-3.994892E+0	4.968060E-5	4.893038E-3	4.968060E-4	2.634885E-1	7.641326E+0
3.615174E+3	3.991700E+2	2.904527E+1	-1.804511E+0	4.865560E-5	7.894889E-3	4.865560E-4	2.972069E-1	8.619957E+0
3.623154E+3	3.989300E+2	2.906274E+1	3.174194E+0	4.762760E-5	4.253553E-3	4.762760E-4	3.004249E-1	8.713597E+0
3.630904E+3	3.993400E+2	2.903290E+1	3.678161E+0	4.755640E-5	3.324553E-3	4.755640E-4	1.632945E-1	4.742582E+0
3.638734E+3	3.998200E+2	2.899805E+1	-3.611049E+0	4.829700E-5	5.168742E-3	4.829700E-4	2.536116E-1	7.368926E+0
3.660999E+3	3.984800E+2	2.909556E+1	-2.599790E+0	4.747720E-5	7.623278E-3	4.747720E-4	2.940089E-1	8.543684E+0
3.668615E+3	3.981500E+2	2.911968E+1	2.852963E+0	4.646700E-5	4.973459E-3	4.646700E-4	2.933405E-1	8.524556E+0
3.676817E+3	3.985400E+2	2.909118E+1	3.611620E+0	4.629460E-5	2.818825E-3	4.629460E-4	1.905036E-1	5.544096E+0
3.684459E+3	3.990000E+2	2.905764E+1	-3.374182E+0	4.696360E-5	5.176752E-3	4.696360E-4	2.576431E-1	7.500806E+0
3.708287E+3	3.976600E+2	2.915556E+1	-2.108678E+0	4.612360E-5	7.337344E-3	4.612360E-4	2.940776E-1	8.562682E+0
3.715685E+3	3.974000E+2	2.917464E+1	2.770296E+0	4.522200E-5	4.373120E-3	4.522200E-4	2.908134E-1	8.467971E+0
3.723482E+3	3.977600E+2	2.914823E+1	3.523554E+0	4.510940E-5	2.756754E-3	4.510940E-4	1.908022E-1	5.564047E+0
3.731315E+3	3.982200E+2	2.911456E+1	-3.502834E+0	4.573560E-5	4.787309E-3	4.573560E-4	2.721148E-1	7.937596E+0
3.754953E+3	3.968400E+2	2.921580E+1	-1.176038E+0	4.485980E-5	7.311183E-3	4.485980E-4	2.958328E-1	8.630714E+0
3.763116E+3	3.966800E+2	2.922759E+1	2.973378E+0	4.396640E-5	3.653352E-3	4.396640E-4	2.773375E-1	8.094777E+0
3.771793E+3	3.971100E+2	2.919594E+1	-1.896961E+0	4.403280E-5	3.833254E-3	4.403280E-4	3.132311E-1	9.156902E+0
3.799627E+3	3.962300E+2	2.926078E+1	-2.493703E+0	4.390260E-5	7.067302E-3	4.390260E-4	3.007927E-1	8.793787E+0
3.807567E+3	3.959000E+2	2.928517E+1	1.786870E+0	4.299360E-5	4.967356E-3	4.299360E-4	2.490132E-1	7.281192E+0
3.815290E+3	3.961300E+2	2.926817E+1	3.485289E+0	4.273140E-5	1.542012E-3	4.273140E-4	2.130710E-1	6.236700E+0
3.823209E+3	3.965900E+2	2.923422E+1	-2.801615E+0	4.321400E-5	4.564489E-3	4.321400E-4	2.639158E-1	7.728162E+0
3.846981E+3	3.954800E+2	2.931627E+1	-2.639752E+0	4.263320E-5	6.840590E-3	4.263320E-4	3.093905E-1	9.060885E+0
3.854709E+3	3.951400E+2	2.934150E+1	2.131299E+0	4.181900E-5	4.339556E-3	4.181900E-4	3.039372E-1	8.901371E+0
3.862310E+3	3.954100E+2	2.932146E+1	2.801615E+0	4.160720E-5	1.623819E-3	4.160720E-4	2.286838E-1	6.708125E+0
3.870234E+3	3.957800E+2	2.929405E+1	-2.794760E+0	4.205600E-5	4.154557E-3	4.205600E-4	2.756051E-1	8.086816E+0
3.894279E+3	3.946600E+2	2.937719E+1	-2.023230E+0	4.140520E-5	6.797395E-3	4.140520E-4	3.118880E-1	9.152387E+0
3.902286E+3	3.943900E+2	2.939730E+1	2.267396E+0	4.066100E-5	3.743561E-3	4.066100E-4	3.104148E-1	9.109255E+0
3.909960E+3	3.946800E+2	2.937570E+1	2.567760E+0	4.054700E-5	1.910208E-3	4.054700E-4	1.956164E-1	5.748477E+0
3.917671E+3	3.950100E+2	2.935116E+1	-2.793373E+0	4.097660E-5	3.720960E-3	4.097660E-4	2.699785E-1	7.936911E+0
3.939580E+3	3.939900E+2	2.942714E+1	-2.595797E+0	4.043000E-5	6.504342E-3	4.043000E-4	3.207332E-1	9.429696E+0
3.947670E+3	3.936400E+2	2.945331E+1	1.503948E+0	3.965900E-5	4.519988E-3	3.965900E-4	3.270903E-1	9.616657E+0
3.955649E+3	3.938400E+2	2.943835E+1	2.898551E+0	3.945320E-5	1.455868E-3	3.945320E-4	2.382783E-1	7.016198E+0
3.963515E+3	3.942200E+2	2.940997E+1	-2.617055E+0	3.983140E-5	3.897011E-3	3.983140E-4	2.694616E-1	7.937070E+0
3.985983E+3	3.932400E+2	2.948327E+1	-2.719855E+0	3.934700E-5	6.060214E-3	3.934700E-4	3.230359E-1	9.515960E+0
3.993704E+3	3.928900E+2	2.950953E+1	1.021611E+0	3.863860E-5	4.444640E-3	3.863860E-4	3.281308E-1	9.665910E+0
4.001339E+3	3.930200E+2	2.949977E+1	2.733663E+0	3.837980E-5	6.797906E-4	3.837980E-4	2.739198E-1	8.083757E+0
4.009021E+3	3.933700E+2	2.947352E+1	-2.399232E+0	3.865920E-5	3.440485E-3	3.865920E-4	2.863760E-1	8.452858E+0
4.034029E+3	3.923700E+2	2.954864E+1	-1.879650E+0	3.815300E-5	5.819858E-3	3.815300E-4	3.222540E-1	9.512526E+0
4.041690E+3	3.921300E+2	2.956673E+1	1.477067E+0	3.753120E-5	3.832800E-3	3.753120E-4	3.112159E-1	9.186935E+0
4.049408E+3	3.923200E+2	2.955241E+1	2.391975E+0	3.736740E-5	1.204199E-3	3.736740E-4	2.447163E-1	7.234830E+0
4.057184E+3	3.926300E+2	2.952907E+1	-2.522400E+0	3.766180E-5	3.086983E-3	3.766180E-4	2.923500E-1	8.645745E+0
4.080733E+3	3.916400E+2	2.960372E+1	-2.036554E+0	3.710680E-5	5.701831E-3	3.710680E-4	3.335057E-1	9.863400E+0
4.088393E+3	3.913800E+2	2.962338E+1	1.102941E+0	3.651620E-5	3.700203E-3	3.651620E-4	3.363504E-1	9.947279E+0
4.096009E+3	3.915200E+2	2.961279E+1	2.231914E+0	3.634400E-5	9.084071E-4	3.634400E-4	2.917435E-1	8.644214E+0
4.103805E+3	3.918100E+2	2.959087E+1	-2.422934E+0	3.659700E-5	2.916642E-3	3.659700E-4	3.179528E-1	9.422303E+0
4.128816E+3	3.908000E+2	2.966735E+1	-1.287716E+0	3.597640E-5	5.732301E-3	3.597640E-4	3.447059E-1	1.021541E+1
4.136737E+3	3.906300E+2	2.968026E+1	1.358320E+0	3.546240E-5	2.989653E-3	3.546240E-4	3.284275E-1	9.735342E+0
4.144688E+3	3.908100E+2	2.966659E+1	-1.042099E+0	3.538240E-5	1.424196E-3	3.538240E-4	3.738388E-1	1.110232E+1
4.171173E+3	3.903500E+2	2.970155E+1	-3.361793E+0	3.532480E-5	4.676658E-3	3.532480E-4	3.842533E-1	1.141218E+1
4.178669E+3	3.899300E+2	2.973354E+1	-1.542416E-1	3.476000E-5	4.684751E-3	3.476000E-4	3.892609E-1	1.156083E+1
4.186449E+3	3.899100E+2	2.973507E+1	1.608784E+0	3.441480E-5	1.413599E-3	3.441480E-4	4.155478E-1	1.235840E+1
4.194281E+3	3.901200E+2	2.971906E+1	-1.528054E+0	3.446880E-5	1.941772E-3	3.446880E-4	3.363262E-1	1.000679E+1
4.219411E+3	3.894800E+2	2.976790E+1	-2.682563E+0	3.421100E-5	4.633543E-3	3.421100E-4	3.692917E-1	1.098828E+1
4.226792E+3	3.891500E+2	2.979314E+1	-9.056471E-10	3.370540E-5	4.173014E-3	3.370540E-4	3.785635E-1	1.126379E+1
4.234647E+3	3.891500E+2	2.979314E+1	1.646628E+0	3.342560E-5	8.531908E-4	3.342560E-4	3.876190E-1	1.155099E+1
4.242299E+3	3.893600E+2	2.977707E+1	-1.540634E+0	3.350680E-5	1.851983E-3	3.350680E-4	3.109554E-1	9.269791E+0
4.265666E+3	3.887600E+2	2.982303E+1	-2.688860E+0	3.328500E-5	4.564002E-3	3.328500E-4	3.547937E-1	1.057759E+1
4.273476E+3	3.884100E+2	2.984990E+1	-3.151261E-1	3.281000E-5	4.047393E-3	3.281000E-4	3.808800E-1	1.135476E+1
4.281092E+3	3.883700E+2	2.985298E+1	1.359275E+0	3.252060E-5	1.273537E-3	3.252060E-4	4.175918E-1	1.246902E+1
4.288596E+3	3.885400E+2	2.983991E+1	-1.452724E+0	3.254280E-5	1.389674E-3	3.254280E-4	3.423637E-1	1.022700E+1
4.312551E+3	3.879600E+2	2.988452E+1	-2.331411E+0	3.232200E-5	4.274523E-3	3.232200E-4	3.765600E-1	1.124913E+1
4.320529E+3	3.876500E+2	2.990842E+1	-1.500938E-1	3.187060E-5	4.044430E-3	3.187060E-4	3.970220E-1	1.185983E+1
4.328524E+3	3.876300E+2	2.990997E+1	9.935040E-1	3.160640E-5	1.139581E-3	3.160640E-4	4.334711E-1	1.296969E+1
4.336375E+3	3.877600E+2	2.989994E+1	-1.465263E+0	3.163120E-5	1.272728E-3	3.163120E-4	3.511464E-1	1.051032E+1
4.360125E+3	3.871800E+2	2.994473E+1	-2.227343E+0	3.136280E-5	3.943069E-3	3.136280E-4	3.774853E-1	1.129937E+1
4.367937E+3	3.868900E+2	2.996717E+1	-3.080873E-1	3.096440E-5	3.601206E-3	3.096440E-4	4.047763E-1	1.211576E+1
4.375727E+3	3.868500E+2	2.997027E+1	8.473488E-1	3.072060E-5	1.224817E-3	3.072060E-4	4.612480E-1	1.382658E+1
4.383516E+3	3.869600E+2	2.996175E+1	-1.263611E+0	3.072160E-5	9.086748E-4	3.072160E-4	3.551545E-1	1.065131E+1
4.405833E+3	3.864900E+2	2.999819E+1	-2.479019E+0	3.052500E-5	3.558726E-3	3.052500E-4	3.841312E-1	1.152159E+1
4.413578E+3	3.861700E+2	3.002305E+1	-7.716049E-1	3.014900E-5	3.693499E-3	3.014900E-4	4.224022E-1	1.266923E+1
4.421354E+3	3.860700E+2	3.003082E+1	6.802721E-1	2.987460E-5	1.767692E-3	2.987460E-4	4.875014E-1	1.464196E+1
4.429292E+3	3.861600E+2	3.002382E+1	-1.187038E+0	2.982680E-5	5.647068E-4	2.982680E-4	4.032010E-1	1.211719E+1
4.454565E+3	3.856600E+2	3.006275E+1	-2.283465E+0	2.955780E-5	3.483252E-3	2.955780E-4	4.052515E-1	1.217999E+1
4.462185E+3	3.853700E+2	3.008537E+1	-5.446058E-1	2.922440E-5	3.319021E-3	2.922440E-4	4.243715E-1	1.275440E+1
4.469897E+3	3.853000E+2	3.009084E+1	5.654281E-1	2.900580E-5	1.393695E-3	2.900580E-4	4.840230E-1	1.456671E+1
4.477325E+3	3.853700E+2	3.008537E+1	-1.118076E+0	2.896600E-5	4.142788E-4	2.896600E-4	3.975397E-1	1.197074E+1
4.500937E+3	3.849300E+2	3.011976E+1	-2.270059E+0	2.873220E-5	3.200128E-3	2.873220E-4	4.082884E-1	1.229595E+1
4.508602E+3	3.846400E+2	3.014247E+1	-8.428042E-1	2.841980E-5	3.359863E-3	2.841980E-4	4.398825E-1	1.324759E+1
4.516433E+3	3.845300E+2	3.015109E+1	2.356638E-1	2.818340E-5	1.759057E-3	2.818340E-4	5.005362E-1	1.509380E+1
4.524071E+3	3.845600E+2	3.014874E+1	-1.065761E+0	2.810620E-5	1.453972E-4	2.810620E-4	4.318932E-1	1.303173E+1
4.549405E+3	3.841100E+2	3.018406E+1	-2.056149E+0	2.782700E-5	2.992764E-3	2.782700E-4	4.285985E-1	1.293409E+1
4.556992E+3	3.838500E+2	3.020451E+1	-7.044091E-1	2.755300E-5	2.890423E-3	2.755300E-4	4.498005E-1	1.357433E+1
4.564658E+3	3.837600E+2	3.021159E+1	7.827789E-2	2.734960E-5	1.627922E-3	2.734960E-4	4.981089E-1	1.505127E+1
4.572323E+3	3.837700E+2	3.021080E+1	-1.046185E+0	2.727720E-5	1.911986E-4	2.727720E-4	4.259019E-1	1.287659E+1
4.595837E+3	3.833600E+2	3.024311E+1	-1.964122E+0	2.702420E-5	2.640713E-3	2.702420E-4	4.206083E-1	1.271861E+1
4.603474E+3	3.831100E+2	3.026285E+1	-9.241432E-1	2.677800E-5	2.877555E-3	2.677800E-4	4.480477E-1	1.354930E+1
4.611265E+3	3.829900E+2	3.027233E+1	-1.539251E-1	2.657600E-5	1.803984E-3	2.657600E-4	5.022454E-1	1.520640E+1
4.619061E+3	3.829700E+2	3.027391E+1	-9.989178E-1	2.647840E-5	5.605515E-4	2.647840E-4	4.568879E-1	1.384086E+1
4.643087E+3	3.825700E+2	3.030556E+1	-1.647323E+0	2.620500E-5	2.518170E-3	2.620500E-4	4.450303E-1	1.348449E+1
4.651100E+3	3.823500E+2	3.032300E+1	-1.014436E+0	2.598200E-5	2.617055E-3	2.598200E-4	4.679902E-1	1.418195E+1
4.658789E+3	3.822200E+2	3.033332E+1	-3.262051E-1	2.579580E-5	1.793823E-3	2.579580E-4	5.064975E-1	1.536651E+1
4.669825E+3	3.821600E+2	3.033808E+1	-1.078979E+0	2.566900E-5	5.672297E-4	2.566900E-4	4.570559E-1	1.387386E+1
4.690400E+3	3.817900E+2	3.036748E+1	-1.608168E+0	2.541240E-5	2.209368E-3	2.541240E-4	4.486369E-1	1.362144E+1
4.698235E+3	3.815800E+2	3.038419E+1	-9.293920E-1	2.521920E-5	2.427131E-3	2.521920E-4	4.698870E-1	1.426980E+1
4.705982E+3	3.814600E+2	3.039375E+1	-5.522515E-1	2.504260E-5	1.839602E-3	2.504260E-4	5.103955E-1	1.551633E+1
4.720106E+3	3.813300E+2	3.040411E+1	-1.112172E+0	2.487320E-5	7.566458E-4	2.487320E-4	4.753357E-1	1.445783E+1
4.737909E+3	3.810000E+2	3.043045E+1	-1.459667E+0	2.463020E-5	2.042051E-3	2.463020E-4	4.599068E-1	1.399255E+1
4.745719E+3	3.808100E+2	3.044563E+1	-9.975615E-1	2.446020E-5	2.153127E-3	2.446020E-4	4.812509E-1	1.464651E+1
4.754741E+3	3.806600E+2	3.045763E+1	-5.563084E-1	2.427700E-5	1.709313E-3	2.427700E-4	5.092527E-1	1.551278E+1
4.768762E+3	3.805300E+2	3.046803E+1	-1.127016E+0	2.411220E-5	9.116468E-4	2.411220E-4	4.796248E-1	1.461822E+1
4.784201E+3	3.802400E+2	3.049127E+1	-1.449116E+0	2.390080E-5	1.879153E-3	2.390080E-4	4.696820E-1	1.431998E+1
4.793310E+3	3.800200E+2	3.050892E+1	-9.593860E-1	2.370780E-5	2.167546E-3	2.370780E-4	4.871860E-1	1.485852E+1
4.802691E+3	3.798700E+2	3.052097E+1	-6.070241E-1	2.352920E-5	1.628769E-3	2.352920E-4	5.017180E-1	1.531555E+1
4.816529E+3	3.797300E+2	3.053222E+1	-1.143583E+0	2.336720E-5	1.021897E-3	2.336720E-4	4.770817E-1	1.457119E+1
4.833843E+3	3.794000E+2	3.055878E+1	-1.421053E+0	2.312320E-5	1.996945E-3	2.312320E-4	4.696386E-1	1.434837E+1
4.841443E+3	3.792200E+2	3.057328E+1	-9.089925E-1	2.297020E-5	2.106691E-3	2.297020E-4	4.873203E-1	1.489439E+1
4.850684E+3	3.790800E+2	3.058457E+1	-6.954730E-1	2.280160E-5	1.602896E-3	2.280160E-4	5.145806E-1	1.574115E+1
4.866213E+3	3.789000E+2	3.059910E+1	-1.095429E+0	2.261840E-5	1.111731E-3	2.261840E-4	4.923848E-1	1.506970E+1
4.880454E+3	3.786400E+2	3.062011E+1	-1.289491E+0	2.242200E-5	1.806124E-3	2.242200E-4	4.830380E-1	1.478911E+1
4.889760E+3	3.784400E+2	3.063630E+1	-9.315919E-1	2.225300E-5	1.968305E-3	2.225300E-4	4.910730E-1	1.504207E+1
4.900709E+3	3.782700E+2	3.065006E+1	-8.661480E-1	2.206940E-5	1.557362E-3	2.206940E-4	4.963743E-1	1.521585E+1
4.913178E+3	3.780900E+2	3.066466E+1	-1.020537E+0	2.190940E-5	1.242701E-3	2.190940E-4	4.844098E-1	1.485678E+1
4.929052E+3	3.778200E+2	3.068657E+1	-1.226598E+0	2.170620E-5	1.793589E-3	2.170620E-4	4.754972E-1	1.458922E+1
4.938346E+3	3.776300E+2	3.070201E+1	-1.012018E+0	2.154000E-5	1.887231E-3	2.154000E-4	4.947111E-1	1.518599E+1
4.947832E+3	3.774700E+2	3.071502E+1	-7.914468E-1	2.138700E-5	1.678388E-3	2.138700E-4	5.022783E-1	1.542941E+1
4.962236E+3	3.772800E+2	3.073049E+1	-1.015945E+0	2.121060E-5	1.244964E-3	2.121060E-4	4.820678E-1	1.481681E+1
4.976410E+3	3.770400E+2	3.075005E+1	-1.230385E+0	2.103400E-5	1.722047E-3	2.103400E-4	4.773375E-1	1.467755E+1
4.987626E+3	3.768100E+2	3.076882E+1	-1.057762E+0	2.085140E-5	2.047830E-3	2.085140E-4	4.950606E-1	1.522881E+1
4.997269E+3	3.766400E+2	3.078271E+1	-7.320261E-1	2.069260E-5	1.843577E-3	2.069260E-4	5.157547E-1	1.587565E+1
5.008744E+3	3.765000E+2	3.079416E+1	-9.521181E-1	2.054800E-5	1.370030E-3	2.054800E-4	4.995680E-1	1.538774E+1
5.023238E+3	3.762700E+2	3.081298E+1	-1.215165E+0	2.037520E-5	1.590880E-3	2.037520E-4	4.819569E-1	1.485158E+1
5.035582E+3	3.760200E+2	3.083347E+1	-1.089744E+0	2.018620E-5	1.911389E-3	2.018620E-4	4.800040E-1	1.479713E+1
5.044942E+3	3.758500E+2	3.084741E+1	-8.257772E-1	2.004232E-5	1.674783E-3	2.004232E-4	4.883905E-1	1.506515E+1
5.057294E+3	3.756800E+2	3.086137E+1	-9.865599E-1	1.989228E-5	1.333149E-3	1.989228E-4	5.035994E-1	1.554315E+1
5.071282E+3	3.754500E+2	3.088028E+1	-9.461967E-1	1.972490E-5	1.633037E-3	1.972490E-4	4.934295E-1	1.523738E+1
5.082062E+3	3.752800E+2	3.089427E+1	-1.163354E+0	1.957052E-5	1.811506E-3	1.957052E-4	5.012551E-1	1.548577E+1
5.094440E+3	3.750400E+2	3.091404E+1	-8.247045E-1	1.939352E-5	1.699995E-3	1.939352E-4	5.109045E-1	1.579313E+1
5.105353E+3	3.748900E+2	3.092641E+1	-9.424532E-1	1.925224E-5	1.555681E-3	1.925224E-4	5.002667E-1	1.547263E+1
5.119359E+3	3.746700E+2	3.094456E+1	-1.071516E+0	1.908568E-5	1.542823E-3	1.908568E-4	5.015503E-1	1.552133E+1
5.131678E+3	3.744500E+2	3.096275E+1	-1.091306E+0	1.891676E-5	1.831976E-3	1.891676E-4	4.960163E-1	1.535650E+1
5.142674E+3	3.742500E+2	3.097929E+1	-9.537167E-1	1.876150E-5	1.720269E-3	1.876150E-4	5.011088E-1	1.552331E+1
5.153369E+3	3.740800E+2	3.099337E+1	-9.322692E-1	1.862166E-5	1.538053E-3	1.862166E-4	4.969456E-1	1.540366E+1
5.167528E+3	3.738600E+2	3.101161E+1	-1.054061E+0	1.845818E-5	1.608949E-3	1.845818E-4	4.933903E-1	1.530126E+1
5.180051E+3	3.736400E+2	3.102987E+1	-1.059283E+0	1.829770E-5	1.740083E-3	1.829770E-4	4.981619E-1	1.545590E+1
5.190813E+3	3.734500E+2	3.104566E+1	-8.837338E-1	1.815246E-5	1.778437E-3	1.815246E-4	4.992273E-1	1.549840E+1
5.201676E+3	3.732900E+2	3.105896E+1	-9.968217E-1	1.801940E-5	1.454401E-3	1.801940E-4	4.941428E-1	1.535010E+1
5.215520E+3	3.730600E+2	3.107811E+1	-1.084309E+0	1.786156E-5	1.585914E-3	1.786156E-4	4.886686E-1	1.518712E+1
5.228247E+3	3.728300E+2	3.109728E+1	-1.060512E+0	1.769770E-5	1.875503E-3	1.769770E-4	4.929820E-1	1.532807E+1
5.237865E+3	3.726600E+2	3.111147E+1	-9.059123E-1	1.757060E-5	1.819405E-3	1.757060E-4	5.051832E-1	1.571677E+1
5.250449E+3	3.724700E+2	3.112734E+1	-9.571668E-1	1.742058E-5	1.560366E-3	1.742058E-4	4.981939E-1	1.550929E+1
5.262986E+3	3.722700E+2	3.114406E+1	-1.099488E+0	1.728098E-5	1.614281E-3	1.728098E-4	4.974489E-1	1.549332E+1
5.276083E+3	3.720300E+2	3.116415E+1	-9.832484E-1	1.711990E-5	1.877161E-3	1.711990E-4	4.978689E-1	1.551378E+1
5.287067E+3	3.718500E+2	3.117924E+1	-9.765802E-1	1.697970E-5	1.760971E-3	1.697970E-4	5.102189E-1	1.590705E+1
5.298126E+3	3.716700E+2	3.119434E+1	-8.768556E-1	1.684868E-5	1.652063E-3	1.684868E-4	5.016794E-1	1.565063E+1
5.311127E+3	3.714800E+2	3.121029E+1	-1.128426E+0	1.671058E-5	1.625787E-3	1.671058E-4	4.895879E-1	1.528151E+1
5.322293E+3	3.712700E+2	3.122795E+1	-1.006865E+0	1.658306E-5	1.795702E-3	1.658306E-4	4.946299E-1	1.544602E+1
5.335403E+3	3.710500E+2	3.124646E+1	-9.502515E-1	1.642496E-5	1.746914E-3	1.642496E-4	4.938804E-1	1.543104E+1
5.346137E+3	3.708800E+2	3.126079E+1	-1.038552E+0	1.629810E-5	1.670884E-3	1.629810E-4	5.056532E-1	1.580772E+1
5.358847E+3	3.706600E+2	3.127934E+1	-9.173574E-1	1.615880E-5	1.669443E-3	1.615880E-4	4.964858E-1	1.553013E+1
5.371274E+3	3.704700E+2	3.129538E+1	-1.066322E+0	1.602452E-5	1.625412E-3	1.602452E-4	4.968639E-1	1.554954E+1
5.383653E+3	3.702500E+2	3.131398E+1	-1.042619E+0	1.588104E-5	1.848888E-3	1.588104E-4	5.062609E-1	1.585276E+1
5.394587E+3	3.700600E+2	3.133005E+1	-1.016375E+0	1.574740E-5	1.860673E-3	1.574740E-4	5.120798E-1	1.604241E+1
5.406984E+3	3.698500E+2	3.134784E+1	-8.185539E-1	1.560700E-5	1.638242E-3	1.560700E-4	5.092412E-1	1.596341E+1
5.417979E+3	3.697000E+2	3.136056E+1	-1.032110E+0	1.549828E-5	1.495009E-3	1.549828E-4	4.990126E-1	1.565128E+1
5.431931E+3	3.694600E+2	3.138093E+1	-1.087449E+0	1.535098E-5	1.804453E-3	1.535098E-4	4.983217E-1	1.563766E+1
5.442966E+3	3.692600E+2	3.139793E+1	-1.061947E+0	1.522230E-5	1.831477E-3	1.522230E-4	5.097776E-1	1.600464E+1
5.453701E+3	3.690700E+2	3.141409E+1	-8.521517E-1	1.509442E-5	1.821675E-3	1.509442E-4	5.096174E-1	1.600996E+1
5.467783E+3	3.688700E+2	3.143113E+1	-1.068912E+0	1.494940E-5	1.554818E-3	1.494940E-4	5.048496E-1	1.586839E+1
5.480132E+3	3.686500E+2	3.144988E+1	-1.016949E+0	1.482910E-5	1.638961E-3	1.482910E-4	4.908208E-1	1.543564E+1
5.490752E+3	3.684700E+2	3.146525E+1	-1.125502E+0	1.471076E-5	1.906956E-3	1.471076E-4	4.963722E-1	1.561812E+1
5.501947E+3	3.682600E+2	3.148319E+1	-8.521382E-1	1.458602E-5	1.801978E-3	1.458602E-4	5.103659E-1	1.606813E+1
5.514621E+3	3.680800E+2	3.149859E+1	-1.027237E+0	1.445620E-5	1.709281E-3	1.445620E-4	5.030834E-1	1.584722E+1
5.527471E+3	3.678600E+2	3.151743E+1	-1.074595E+0	1.432932E-5	1.770124E-3	1.432932E-4	5.114967E-1	1.612080E+1
5.538638E+3	3.676600E+2	3.153457E+1	-9.122189E-1	1.420986E-5	1.786941E-3	1.420986E-4	5.046728E-1	1.591409E+1
5.551135E+3	3.674700E+2	3.155087E+1	-1.035503E+0	1.408052E-5	1.727267E-3	1.408052E-4	5.110908E-1	1.612569E+1
5.563303E+3	3.672600E+2	3.156892E+1	-1.027027E+0	1.395614E-5	1.770067E-3	1.395614E-4	5.150859E-1	1.626004E+1
5.574403E+3	3.670700E+2	3.158526E+1	-9.719222E-1	1.384418E-5	1.855268E-3	1.384418E-4	5.005223E-1	1.580982E+1
5.585515E+3	3.668900E+2	3.160075E+1	-1.048291E+0	1.372808E-5	1.901913E-3	1.372808E-4	5.085510E-1	1.607165E+1
5.599824E+3	3.666400E+2	3.162230E+1	-8.529542E-1	1.358920E-5	1.704770E-3	1.358920E-4	5.019759E-1	1.587266E+1
5.611079E+3	3.664800E+2	3.163611E+1	-1.098901E+0	1.348490E-5	1.709774E-3	1.348490E-4	4.918383E-1	1.556022E+1
5.623637E+3	3.662500E+2	3.165597E+1	-1.044243E+0	1.336132E-5	1.789437E-3	1.336132E-4	5.034709E-1	1.593749E+1
5.634554E+3	3.660600E+2	3.167240E+1	-9.036145E-1	1.325438E-5	1.787064E-3	1.325438E-4	4.950771E-1	1.568002E+1
5.647170E+3	3.658700E+2	3.168885E+1	-1.052464E+0	1.313394E-5	1.700506E-3	1.313394E-4	5.101558E-1	1.616634E+1
5.659712E+3	3.656500E+2	3.170792E+1	-8.843851E-1	1.301916E-5	1.717681E-3	1.301916E-4	5.031584E-1	1.595366E+1
5.670567E+3	3.654900E+2	3.172180E+1	-1.102148E+0	1.291822E-5	1.800648E-3	1.291822E-4	5.056599E-1	1.604073E+1
5.683088E+3	3.652600E+2	3.174177E+1	-8.998875E-1	1.279890E-5	1.800381E-3	1.279890E-4	5.068687E-1	1.608931E+1
5.693756E+3	3.651000E+2	3.175568E+1	-1.081003E+0	1.269604E-5	1.763816E-3	1.269604E-4	5.054783E-1	1.605306E+1
5.707632E+3	3.648500E+2	3.177744E+1	-9.160305E-1	1.256808E-5	1.761574E-3	1.256808E-4	5.077486E-1	1.613419E+1
5.720077E+3	3.646600E+2	3.179400E+1	-1.059578E+0	1.245536E-5	1.692457E-3	1.245536E-4	4.997368E-1	1.588703E+1
5.730836E+3	3.644700E+2	3.181057E+1	-9.796807E-1	1.235676E-5	1.805556E-3	1.235676E-4	4.985245E-1	1.585890E+1
5.741860E+3	3.642900E+2	3.182629E+1	-1.071777E+0	1.225780E-5	1.663036E-3	1.225780E-4	4.958487E-1	1.578215E+1
5.754176E+3	3.640700E+2	3.184552E+1	-9.353808E-1	1.214772E-5	1.793748E-3	1.214772E-4	5.036617E-1	1.603949E+1
5.767005E+3	3.638700E+2	3.186303E+1	-1.000476E+0	1.203462E-5	1.780865E-3	1.203462E-4	5.083975E-1	1.619839E+1
5.779599E+3	3.636600E+2	3.188143E+1	-9.899175E-1	1.192274E-5	1.868876E-3	1.192274E-4	5.151678E-1	1.642359E+1
5.790509E+3	3.634800E+2	3.189722E+1	-9.777561E-1	1.182608E-5	1.750383E-3	1.182608E-4	5.053021E-1	1.611828E+1
5.802782E+3	3.632800E+2	3.191478E+1	-1.032026E+0	1.172122E-5	1.759756E-3	1.172122E-4	4.994843E-1	1.594211E+1
5.814991E+3	3.630700E+2	3.193324E+1	-1.038307E+0	1.161620E-5	1.857099E-3	1.161620E-4	5.019121E-1	1.602746E+1
5.827704E+3	3.628500E+2	3.195260E+1	-9.641136E-1	1.150566E-5	1.875874E-3	1.150566E-4	5.070379E-1	1.619947E+1
5.838906E+3	3.626700E+2	3.196846E+1	-9.693923E-1	1.140808E-5	1.828376E-3	1.140808E-4	5.084371E-1	1.625448E+1
5.850047E+3	3.624900E+2	3.198433E+1	-1.002716E+0	1.131594E-5	1.782954E-3	1.131594E-4	5.014721E-1	1.604126E+1
5.864408E+3	3.622500E+2	3.200552E+1	-1.079914E+0	1.119940E-5	1.814345E-3	1.119940E-4	4.910258E-1	1.571505E+1
5.875520E+3	3.620500E+2	3.202320E+1	-1.084991E+0	1.110422E-5	1.945231E-3	1.110422E-4	4.940588E-1	1.582084E+1
5.886580E+3	3.618500E+2	3.204090E+1	-1.006942E+0	1.100822E-5	1.921870E-3	1.100822E-4	5.088107E-1	1.630248E+1
5.899689E+3	3.616300E+2	3.206039E+1	-8.385400E-1	1.089716E-5	2.037658E-3	1.089716E-4	5.170301E-1	1.657538E+1
5.911853E+3	3.614600E+2	3.207547E+1	-1.043148E+0	1.080704E-5	1.785880E-3	1.080704E-4	5.213436E-1	1.672296E+1
5.924507E+3	3.612400E+2	3.209501E+1	-1.021780E+0	1.070238E-5	1.956124E-3	1.070238E-4	5.238932E-1	1.681358E+1
5.935664E+3	3.610500E+2	3.211190E+1	-9.262623E-1	1.060800E-5	1.843774E-3	1.060800E-4	5.224723E-1	1.677654E+1
5.946676E+3	3.608800E+2	3.212702E+1	-9.413241E-1	1.052042E-5	1.764504E-3	1.052042E-4	5.141812E-1	1.652072E+1
5.959424E+3	3.606800E+2	3.214484E+1	-1.082411E+0	1.042428E-5	1.730802E-3	1.042428E-4	5.076447E-1	1.631938E+1
5.971619E+3	3.604600E+2	3.216446E+1	-9.640877E-1	1.032908E-5	1.837063E-3	1.032908E-4	5.025227E-1	1.616307E+1
5.984066E+3	3.602600E+2	3.218231E+1	-1.022064E+0	1.023174E-5	1.826595E-3	1.023174E-4	4.981016E-1	1.602988E+1
5.996394E+3	3.600500E+2	3.220108E+1	-1.093394E+0	1.013502E-5	1.847163E-3	1.013502E-4	5.093623E-1	1.640090E+1
6.007369E+3	3.598500E+2	3.221898E+1	-8.590604E-1	1.004990E-5	1.902222E-3	1.004990E-4	5.049253E-1	1.626788E+1
6.018544E+3	3.596900E+2	3.223331E+1	-1.031223E+0	9.969100E-6	1.748058E-3	9.969100E-5	5.026097E-1	1.620257E+1
6.032508E+3	3.594500E+2	3.225483E+1	-1.056142E+0	9.864660E-6	1.836982E-3	9.864660E-5	5.058669E-1	1.631633E+1
6.043302E+3	3.592600E+2	3.227189E+1	-9.811938E-1	9.783160E-6	1.823291E-3	9.783160E-5	5.068207E-1	1.635504E+1
6.055532E+3	3.590600E+2	3.228987E+1	-9.222555E-1	9.692160E-6	1.824171E-3	9.692160E-5	5.157635E-1	1.665365E+1
6.067893E+3	3.588700E+2	3.230696E+1	-1.010997E+0	9.602960E-6	1.888881E-3	9.602960E-5	5.077062E-1	1.640332E+1
6.079169E+3	3.586800E+2	3.232408E+1	-1.109771E+0	9.520980E-6	1.898675E-3	9.520980E-5	5.020464E-1	1.622946E+1
6.091604E+3	3.584500E+2	3.234482E+1	-9.735518E-1	9.429280E-6	1.843081E-3	9.429280E-5	4.981299E-1	1.611091E+1
6.103930E+3	3.582500E+2	3.236288E+1	-9.942920E-1	9.339520E-6	1.798081E-3	9.339520E-5	4.992016E-1	1.615486E+1
6.114792E+3	3.580700E+2	3.237914E+1	-1.040517E+0	9.263200E-6	1.833837E-3	9.263200E-5	5.093927E-1	1.649428E+1
6.127478E+3	3.578500E+2	3.239905E+1	-9.502860E-1	9.173900E-6	1.925518E-3	9.173900E-5	5.148009E-1	1.667840E+1
6.138843E+3	3.576700E+2	3.241535E+1	-9.383064E-1	9.093940E-6	1.919933E-3	9.093940E-5	5.225994E-1	1.693975E+1
6.151632E+3	3.574700E+2	3.243349E+1	-9.671353E-1	9.005080E-6	1.878958E-3	9.005080E-5	5.212118E-1	1.690578E+1
6.162799E+3	3.572900E+2	3.244983E+1	-1.014728E+0	8.929620E-6	1.889384E-3	8.929620E-5	5.008209E-1	1.625346E+1
6.176990E+3	3.570500E+2	3.247164E+1	-1.138829E+0	8.834060E-6	1.838166E-3	8.834060E-5	4.959117E-1	1.610211E+1
6.188054E+3	3.568400E+2	3.249075E+1	-9.176788E-1	8.756840E-6	1.944638E-3	8.756840E-5	5.034813E-1	1.635640E+1
6.199169E+3	3.566700E+2	3.250624E+1	-9.456265E-1	8.682340E-6	1.870288E-3	8.682340E-5	5.086886E-1	1.653655E+1
6.211859E+3	3.564700E+2	3.252448E+1	-1.067184E+0	8.599260E-6	1.869988E-3	8.599260E-5	5.088823E-1	1.655246E+1
6.224228E+3	3.562500E+2	3.254456E+1	-1.078943E+0	8.516340E-6	1.949611E-3	8.516340E-5	5.046757E-1	1.642392E+1
6.235350E+3	3.560500E+2	3.256284E+1	-9.376465E-1	8.440160E-6	2.037301E-3	8.440160E-5	5.164930E-1	1.681759E+1
6.248148E+3	3.558500E+2	3.258114E+1	-9.075711E-1	8.357280E-6	1.882796E-3	8.357280E-5	5.272481E-1	1.717782E+1
6.260709E+3	3.556600E+2	3.259855E+1	-1.050014E+0	8.276000E-6	1.887658E-3	8.276000E-5	5.228468E-1	1.704470E+1
6.271566E+3	3.554700E+2	3.261597E+1	-1.037654E+0	8.204960E-6	1.969531E-3	8.204960E-5	5.149038E-1	1.679425E+1
6.284287E+3	3.552500E+2	3.263617E+1	-8.840593E-1	8.123240E-6	1.867255E-3	8.123240E-5	4.993907E-1	1.629791E+1
6.295146E+3	3.550900E+2	3.265088E+1	-1.014942E+0	8.059360E-6	1.703045E-3	8.059360E-5	4.985221E-1	1.627879E+1
6.309334E+3	3.548500E+2	3.267296E+1	-1.106093E+0	7.975700E-6	1.986564E-3	7.975700E-5	5.041371E-1	1.647125E+1
6.320183E+3	3.546500E+2	3.269139E+1	-1.032702E+0	7.901880E-6	2.163235E-3	7.901880E-5	5.089048E-1	1.663546E+1
6.331222E+3	3.544600E+2	3.270891E+1	-9.654063E-1	7.827700E-6	1.977900E-3	7.827700E-5	5.265345E-1	1.722212E+1
6.343652E+3	3.542600E+2	3.272738E+1	-8.501259E-1	7.752920E-6	1.771082E-3	7.752920E-5	5.135955E-1	1.680951E+1
6.356356E+3	3.540800E+2	3.274401E+1	-1.157091E+0	7.683080E-6	1.840120E-3	7.683080E-5	5.068903E-1	1.659901E+1
6.368801E+3	3.538400E+2	3.276622E+1	-1.036835E+0	7.605720E-6	2.117326E-3	7.605720E-5	5.115332E-1	1.675940E+1
6.379796E+3	3.536500E+2	3.278383E+1	-9.414805E-1	7.533640E-6	2.043143E-3	7.533640E-5	5.167579E-1	1.693938E+1
6.390630E+3	3.534800E+2	3.279959E+1	-8.946088E-1	7.468380E-6	1.791141E-3	7.468380E-5	5.189768E-1	1.702446E+1
6.403373E+3	3.532900E+2	3.281723E+1	-1.048291E+0	7.400660E-6	1.754093E-3	7.400660E-5	5.067220E-1	1.663087E+1
6.417682E+3	3.530400E+2	3.284047E+1	-1.098664E+0	7.319160E-6	2.026553E-3	7.319160E-5	5.086370E-1	1.670148E+1
6.426966E+3	3.528700E+2	3.285629E+1	-9.725349E-1	7.259580E-6	2.145513E-3	7.259580E-5	5.176522E-1	1.700750E+1
6.438071E+3	3.526900E+2	3.287306E+1	-9.282048E-1	7.191660E-6	1.961654E-3	7.191660E-5	5.166442E-1	1.698609E+1
6.452292E+3	3.524700E+2	3.289358E+1	-1.054734E+0	7.115880E-6	1.751354E-3	7.115880E-5	5.029596E-1	1.654477E+1
6.464807E+3	3.522500E+2	3.291412E+1	-1.068376E+0	7.047960E-6	1.960751E-3	7.047960E-5	5.032957E-1	1.656377E+1
6.476039E+3	3.520500E+2	3.293282E+1	-8.898971E-1	6.983540E-6	2.033191E-3	6.983540E-5	5.125081E-1	1.687715E+1
6.487501E+3	3.518800E+2	3.294873E+1	-9.784128E-1	6.919040E-6	1.963108E-3	6.919040E-5	5.219062E-1	1.719779E+1
6.500379E+3	3.516700E+2	3.296841E+1	-1.054903E+0	6.850180E-6	1.934281E-3	6.850180E-5	5.203798E-1	1.715694E+1
6.512892E+3	3.514500E+2	3.298905E+1	-1.008314E+0	6.779780E-6	2.080352E-3	6.779780E-5	5.059493E-1	1.668956E+1
6.524198E+3	3.512600E+2	3.300689E+1	-1.028046E+0	6.717000E-6	1.918508E-3	6.717000E-5	5.059282E-1	1.669913E+1
6.535287E+3	3.510700E+2	3.302475E+1	-9.322034E-1	6.658520E-6	1.838028E-3	6.658520E-5	5.018518E-1	1.657460E+1
6.549447E+3	3.508500E+2	3.304546E+1	-1.075654E+0	6.588220E-6	1.881639E-3	6.588220E-5	5.061185E-1	1.672411E+1
6.560603E+3	3.506500E+2	3.306431E+1	-9.803032E-1	6.528460E-6	2.085399E-3	6.528460E-5	5.166804E-1	1.708282E+1
6.571620E+3	3.504700E+2	3.308129E+1	-1.002786E+0	6.467720E-6	2.054517E-3	6.467720E-5	5.189318E-1	1.716799E+1
6.584185E+3	3.502600E+2	3.310112E+1	-1.005025E+0	6.400620E-6	1.959406E-3	6.400620E-5	5.258603E-1	1.740638E+1
6.596722E+3	3.500500E+2	3.312098E+1	-9.133238E-1	6.337080E-6	1.956273E-3	6.337080E-5	5.159039E-1	1.708647E+1
6.607890E+3	3.498800E+2	3.313708E+1	-1.041667E+0	6.281780E-6	1.923190E-3	6.281780E-5	5.152235E-1	1.707411E+1
6.620562E+3	3.496600E+2	3.315792E+1	-9.841712E-1	6.217500E-6	1.905453E-3	6.217500E-5	5.161068E-1	1.711347E+1
6.632755E+3	3.494600E+2	3.317690E+1	-9.915794E-1	6.155480E-6	1.993571E-3	6.155480E-5	5.087637E-1	1.687877E+1
6.645462E+3	3.492500E+2	3.319685E+1	-1.043956E+0	6.092880E-6	1.980063E-3	6.092880E-5	5.132868E-1	1.703924E+1
6.656382E+3	3.490600E+2	3.321492E+1	-9.900990E-1	6.039200E-6	2.034640E-3	6.039200E-5	5.129850E-1	1.703877E+1
6.669108E+3	3.488500E+2	3.323491E+1	-1.013874E+0	5.975300E-6	2.101263E-3	5.975300E-5	5.251474E-1	1.745258E+1
6.680352E+3	3.486600E+2	3.325303E+1	-9.293226E-1	5.919640E-6	1.936970E-3	5.919640E-5	5.233467E-1	1.740270E+1
6.692619E+3	3.484700E+2	3.327116E+1	-1.084893E+0	5.859640E-6	1.935178E-3	5.859640E-5	5.175997E-1	1.722199E+1
6.703680E+3	3.482700E+2	3.329026E+1	-9.583935E-1	5.807360E-6	2.004489E-3	5.807360E-5	5.166550E-1	1.719963E+1
6.716827E+3	3.480600E+2	3.331035E+1	-9.760506E-1	5.746060E-6	1.981700E-3	5.746060E-5	5.132455E-1	1.709576E+1
6.727892E+3	3.478800E+2	3.332758E+1	-9.900990E-1	5.693960E-6	2.013666E-3	5.693960E-5	5.118845E-1	1.706133E+1
6.740618E+3	3.476700E+2	3.334771E+1	-1.083968E+0	5.635420E-6	1.952923E-3	5.635420E-5	5.109731E-1	1.704010E+1
6.753349E+3	3.474400E+2	3.336979E+1	-9.362952E-1	5.576360E-6	2.058906E-3	5.576360E-5	5.103493E-1	1.702810E+1
6.764243E+3	3.472700E+2	3.338613E+1	-1.033358E+0	5.525640E-6	2.003168E-3	5.525640E-5	5.186108E-1	1.731410E+1
6.775275E+3	3.470800E+2	3.340440E+1	-9.489917E-1	5.474980E-6	2.013096E-3	5.474980E-5	5.213856E-1	1.741820E+1
6.787920E+3	3.468800E+2	3.342366E+1	-1.006251E+0	5.418620E-6	1.911368E-3	5.418620E-5	5.144692E-1	1.719650E+1
6.801038E+3	3.466600E+2	3.344487E+1	-1.011561E+0	5.362040E-6	1.981587E-3	5.362040E-5	5.153245E-1	1.723447E+1
6.813494E+3	3.464500E+2	3.346515E+1	-1.021597E+0	5.305540E-6	2.089417E-3	5.305540E-5	5.111041E-1	1.710288E+1
6.824653E+3	3.462600E+2	3.348351E+1	-1.023339E+0	5.255480E-6	2.037099E-3	5.255480E-5	5.178172E-1	1.733734E+1
6.835793E+3	3.460700E+2	3.350189E+1	-9.211596E-1	5.207060E-6	1.977086E-3	5.207060E-5	5.200936E-1	1.742432E+1
6.846866E+3	3.459000E+2	3.351836E+1	-9.454233E-1	5.161060E-6	1.887362E-3	5.161060E-5	5.131973E-1	1.720323E+1
6.860828E+3	3.456800E+2	3.353969E+1	-1.080108E+0	5.103800E-6	1.985889E-3	5.103800E-5	5.127712E-1	1.719867E+1
6.871938E+3	3.454800E+2	3.355911E+1	-1.001351E+0	5.057000E-6	2.079529E-3	5.057000E-5	5.118622E-1	1.717688E+1
6.884521E+3	3.452700E+2	3.357952E+1	-9.932861E-1	5.002480E-6	2.080045E-3	5.002480E-5	5.113171E-1	1.716919E+1
6.895394E+3	3.450900E+2	3.359703E+1	-1.011398E+0	4.956480E-6	1.943855E-3	4.956480E-5	5.100930E-1	1.713934E+1
6.907852E+3	3.448800E+2	3.361749E+1	-1.029307E+0	4.906400E-6	1.901610E-3	4.906400E-5	5.021394E-1	1.688176E+1
6.921842E+3	3.446400E+2	3.364090E+1	-1.039956E+0	4.850220E-6	2.034229E-3	4.850220E-5	5.050990E-1	1.698983E+1
6.932804E+3	3.444500E+2	3.365946E+1	-9.551605E-1	4.804680E-6	2.182166E-3	4.804680E-5	5.165964E-1	1.738692E+1
6.944111E+3	3.442700E+2	3.367706E+1	-9.483917E-1	4.759340E-6	2.020181E-3	4.759340E-5	5.283306E-1	1.779343E+1
6.956764E+3	3.440700E+2	3.369663E+1	-9.654063E-1	4.710200E-6	1.960808E-3	4.710200E-5	5.269462E-1	1.775664E+1
6.969194E+3	3.438700E+2	3.371623E+1	-1.045200E+0	4.661500E-6	2.038592E-3	4.661500E-5	5.156897E-1	1.738746E+1
6.980101E+3	3.436800E+2	3.373487E+1	-1.062802E+0	4.617780E-6	2.071882E-3	4.617780E-5	5.163393E-1	1.741946E+1
6.992521E+3	3.434600E+2	3.375648E+1	-9.387468E-1	4.568520E-6	2.097651E-3	4.568520E-5	5.147595E-1	1.737588E+1
7.005304E+3	3.432600E+2	3.377615E+1	-1.036741E+0	4.519280E-6	2.060786E-3	4.519280E-5	5.170728E-1	1.746421E+1
7.016300E+3	3.430700E+2	3.379485E+1	-9.915014E-1	4.477300E-6	2.083739E-3	4.477300E-5	5.171448E-1	1.747722E+1
7.029008E+3	3.428600E+2	3.381555E+1	-9.760274E-1	4.429800E-6	2.113510E-3	4.429800E-5	5.029947E-1	1.700881E+1
7.040688E+3	3.426700E+2	3.383430E+1	-1.072674E+0	4.387480E-6	1.978680E-3	4.387480E-5	5.099274E-1	1.725304E+1
7.051875E+3	3.424700E+2	3.385406E+1	-9.261403E-1	4.346520E-6	2.041039E-3	4.346520E-5	5.096512E-1	1.725399E+1
7.064832E+3	3.422700E+2	3.387384E+1	-1.064018E+0	4.299140E-6	2.118465E-3	4.299140E-5	5.187775E-1	1.757292E+1
7.076110E+3	3.420700E+2	3.389365E+1	-9.517767E-1	4.257360E-6	2.136610E-3	4.257360E-5	5.263661E-1	1.784024E+1
7.088718E+3	3.418700E+2	3.391348E+1	-9.997369E-1	4.211320E-6	2.062132E-3	4.211320E-5	5.162091E-1	1.750673E+1
7.100121E+3	3.416800E+2	3.393233E+1	-1.044882E+0	4.170620E-6	2.100878E-3	4.170620E-5	5.153488E-1	1.748819E+1
7.112754E+3	3.414600E+2	3.395420E+1	-1.012292E+0	4.125680E-6	2.123278E-3	4.125680E-5	5.151646E-1	1.749190E+1
7.125201E+3	3.412500E+2	3.397509E+1	-9.603842E-1	4.081400E-6	2.049861E-3	4.081400E-5	5.163910E-1	1.754336E+1
7.137696E+3	3.410500E+2	3.399502E+1	-1.038724E+0	4.037240E-6	2.088032E-3	4.037240E-5	5.244367E-1	1.782769E+1
7.148671E+3	3.408600E+2	3.401396E+1	-9.376465E-1	3.999620E-6	2.163060E-3	3.999620E-5	5.194621E-1	1.766907E+1
7.161469E+3	3.406600E+2	3.403393E+1	-1.044052E+0	3.956440E-6	2.070226E-3	3.956440E-5	5.121317E-1	1.743012E+1
7.172388E+3	3.404700E+2	3.405293E+1	-1.001271E+0	3.919700E-6	2.045830E-3	3.919700E-5	5.118708E-1	1.743158E+1
7.184972E+3	3.402600E+2	3.407394E+1	-9.890110E-1	3.877760E-6	2.124788E-3	3.877760E-5	5.092431E-1	1.735239E+1
7.197712E+3	3.400500E+2	3.409499E+1	-9.984152E-1	3.836380E-6	2.032197E-3	3.836380E-5	5.176229E-1	1.764755E+1
7.210332E+3	3.398400E+2	3.411605E+1	-9.642857E-1	3.794560E-6	2.125800E-3	3.794560E-5	5.214884E-1	1.778946E+1
7.221532E+3	3.396600E+2	3.413413E+1	-9.929208E-1	3.758100E-6	2.023873E-3	3.758100E-5	5.169878E-1	1.764730E+1
7.232409E+3	3.394800E+2	3.415223E+1	-1.046290E+0	3.722960E-6	2.081079E-3	3.722960E-5	5.166832E-1	1.764757E+1
7.245025E+3	3.392600E+2	3.417438E+1	-9.488416E-1	3.682660E-6	2.078731E-3	3.682660E-5	5.164747E-1	1.764959E+1
7.257672E+3	3.390600E+2	3.419454E+1	-9.904622E-1	3.642760E-6	2.023119E-3	3.642760E-5	5.091573E-1	1.741019E+1
7.268576E+3	3.388800E+2	3.421270E+1	-1.102236E+0	3.608480E-6	2.055625E-3	3.608480E-5	5.172897E-1	1.769908E+1
7.281096E+3	3.386500E+2	3.423594E+1	-9.001184E-1	3.569000E-6	2.144327E-3	3.569000E-5	5.160021E-1	1.766485E+1
7.293761E+3	3.384600E+2	3.425516E+1	-1.019587E+0	3.530140E-6	2.078705E-3	3.530140E-5	5.176407E-1	1.773158E+1
7.304942E+3	3.382700E+2	3.427440E+1	-1.039861E+0	3.495660E-6	2.107865E-3	3.495660E-5	5.218809E-1	1.788814E+1
7.317636E+3	3.380500E+2	3.429670E+1	-1.010012E+0	3.456280E-6	2.159367E-3	3.456280E-5	5.121216E-1	1.756322E+1
7.328923E+3	3.378600E+2	3.431599E+1	-9.880395E-1	3.421980E-6	2.190291E-3	3.421980E-5	5.191027E-1	1.781293E+1
7.340461E+3	3.376700E+2	3.433530E+1	-9.281460E-1	3.388180E-6	2.100233E-3	3.388180E-5	5.267264E-1	1.808530E+1
7.353390E+3	3.374700E+2	3.435565E+1	-9.703504E-1	3.351040E-6	2.076354E-3	3.351040E-5	5.209417E-1	1.789789E+1
7.364520E+3	3.372900E+2	3.437398E+1	-1.076695E+0	3.318520E-6	2.206103E-3	3.318520E-5	5.211160E-1	1.791383E+1
7.377337E+3	3.370600E+2	3.439744E+1	-9.562600E-1	3.280740E-6	2.255753E-3	3.280740E-5	5.112687E-1	1.758625E+1
7.388631E+3	3.368800E+2	3.441582E+1	-1.067946E+0	3.247920E-6	2.220158E-3	3.247920E-5	5.124446E-1	1.763630E+1
7.401553E+3	3.366500E+2	3.443933E+1	-9.521291E-1	3.210760E-6	2.157088E-3	3.210760E-5	5.202692E-1	1.791625E+1
7.412896E+3	3.364700E+2	3.445775E+1	-9.601707E-1	3.179100E-6	2.168943E-3	3.179100E-5	5.122941E-1	1.765310E+1
7.424144E+3	3.362900E+2	3.447620E+1	-1.054259E+0	3.148280E-6	2.139541E-3	3.148280E-5	5.219015E-1	1.799500E+1
7.438372E+3	3.360400E+2	3.450185E+1	-9.205776E-1	3.108900E-6	2.222812E-3	3.108900E-5	5.180524E-1	1.787194E+1
7.449452E+3	3.358700E+2	3.451931E+1	-1.037165E+0	3.078260E-6	2.178202E-3	3.078260E-5	5.151919E-1	1.778413E+1
7.461022E+3	3.356700E+2	3.453988E+1	-1.022463E+0	3.046780E-6	2.133198E-3	3.046780E-5	5.194467E-1	1.794253E+1
7.473932E+3	3.354500E+2	3.456253E+1	-9.746413E-1	3.012060E-6	2.194408E-3	3.012060E-5	5.138097E-1	1.775763E+1
7.485013E+3	3.352700E+2	3.458108E+1	-9.971510E-1	2.982360E-6	2.216262E-3	2.982360E-5	5.282342E-1	1.826689E+1
7.497649E+3	3.350600E+2	3.460276E+1	-9.320579E-1	2.949320E-6	2.048362E-3	2.949320E-5	5.280391E-1	1.827216E+1
7.509880E+3	3.348700E+2	3.462239E+1	-1.053556E+0	2.916480E-6	2.109389E-3	2.916480E-5	5.239984E-1	1.814251E+1
7.522409E+3	3.346500E+2	3.464515E+1	-1.017221E+0	2.884160E-6	2.143737E-3	2.884160E-5	5.199458E-1	1.801280E+1
7.533616E+3	3.344600E+2	3.466483E+1	-1.003168E+0	2.854440E-6	2.321273E-3	2.854440E-5	5.150660E-1	1.785353E+1
7.544980E+3	3.342700E+2	3.468454E+1	-9.599147E-1	2.825700E-6	2.216013E-3	2.825700E-5	5.225248E-1	1.812436E+1
7.556231E+3	3.340900E+2	3.470322E+1	-9.810892E-1	2.797740E-6	2.085483E-3	2.797740E-5	5.222325E-1	1.812439E+1
7.570297E+3	3.338600E+2	3.472713E+1	-9.602561E-1	2.763220E-6	2.157371E-3	2.763220E-5	5.058737E-1	1.756790E+1
7.581544E+3	3.336800E+2	3.474586E+1	-1.156441E+0	2.736320E-6	2.109751E-3	2.736320E-5	5.028611E-1	1.747257E+1
7.593996E+3	3.334400E+2	3.477087E+1	-9.250862E-1	2.705620E-6	2.191488E-3	2.705620E-5	5.012167E-1	1.742671E+1
7.605022E+3	3.332700E+2	3.478861E+1	-1.042654E+0	2.678760E-6	2.166243E-3	2.678760E-5	5.081689E-1	1.767874E+1
7.617682E+3	3.330500E+2	3.481159E+1	-9.925558E-1	2.648300E-6	2.400662E-3	2.648300E-5	5.277454E-1	1.837131E+1
7.629772E+3	3.328500E+2	3.483251E+1	-9.194619E-1	2.619220E-6	2.364560E-3	2.619220E-5	5.204458E-1	1.812783E+1
7.641518E+3	3.326700E+2	3.485135E+1	-1.060326E+0	2.592120E-6	2.177958E-3	2.592120E-5	5.342778E-1	1.862095E+1
7.653967E+3	3.324500E+2	3.487442E+1	-8.692853E-1	2.562640E-6	2.203393E-3	2.562640E-5	5.294115E-1	1.846202E+1
7.666391E+3	3.322700E+2	3.489331E+1	-1.055653E+0	2.534380E-6	2.121435E-3	2.534380E-5	5.212155E-1	1.818702E+1
7.677190E+3	3.320800E+2	3.491327E+1	-1.015883E+0	2.509920E-6	2.167341E-3	2.509920E-5	5.137272E-1	1.793774E+1
7.689593E+3	3.318700E+2	3.493537E+1	-1.056592E+0	2.481660E-6	2.191874E-3	2.481660E-5	5.115961E-1	1.787221E+1
7.702086E+3	3.316500E+2	3.495854E+1	-8.883953E-1	2.453400E-6	2.192140E-3	2.453400E-5	5.246527E-1	1.833975E+1
7.712892E+3	3.314900E+2	3.497541E+1	-9.871951E-1	2.429540E-6	2.167185E-3	2.429540E-5	5.258542E-1	1.839330E+1
7.726871E+3	3.312600E+2	3.499970E+1	-1.037024E+0	2.398800E-6	2.281225E-3	2.398800E-5	5.221152E-1	1.827361E+1
7.737864E+3	3.310700E+2	3.501978E+1	-1.040146E+0	2.374840E-6	2.237205E-3	2.374840E-5	5.139099E-1	1.799617E+1
7.748824E+3	3.308800E+2	3.503989E+1	-9.792721E-1	2.350840E-6	2.192791E-3	2.350840E-5	5.080380E-1	1.780274E+1
7.761078E+3	3.306800E+2	3.506109E+1	-1.079313E+0	2.324380E-6	2.204107E-3	2.324380E-5	5.175566E-1	1.814666E+1
7.773308E+3	3.304600E+2	3.508443E+1	-8.999763E-1	2.298280E-6	2.277864E-3	2.298280E-5	5.224564E-1	1.832941E+1
7.785975E+3	3.302700E+2	3.510461E+1	-1.031772E+0	2.272300E-6	2.122687E-3	2.272300E-5	5.207985E-1	1.828221E+1
7.798187E+3	3.300600E+2	3.512695E+1	-1.028324E+0	2.246180E-6	2.288217E-3	2.246180E-5	5.257389E-1	1.846735E+1
7.809273E+3	3.298700E+2	3.514718E+1	-9.705597E-1	2.223300E-6	2.183875E-3	2.223300E-5	5.224163E-1	1.836143E+1
7.821637E+3	3.296700E+2	3.516850E+1	-9.564802E-1	2.198260E-6	2.143758E-3	2.198260E-5	5.202323E-1	1.829668E+1
7.834183E+3	3.294700E+2	3.518985E+1	-1.040927E+0	2.173180E-6	2.197789E-3	2.173180E-5	5.220290E-1	1.837025E+1
7.846864E+3	3.292500E+2	3.521336E+1	-9.817289E-1	2.148060E-6	2.230352E-3	2.148060E-5	5.203184E-1	1.832122E+1
7.857865E+3	3.290700E+2	3.523263E+1	-1.011479E+0	2.125940E-6	2.261399E-3	2.125940E-5	5.194109E-1	1.830082E+1
7.870322E+3	3.288600E+2	3.525512E+1	-1.011967E+0	2.101060E-6	2.220347E-3	2.101060E-5	5.220334E-1	1.840442E+1
7.882773E+3	3.286500E+2	3.527765E+1	-1.001577E+0	2.076720E-6	2.215921E-3	2.076720E-5	5.167188E-1	1.822776E+1
7.893556E+3	3.284700E+2	3.529698E+1	-1.002945E+0	2.056220E-6	2.199370E-3	2.056220E-5	5.164436E-1	1.822982E+1
7.906119E+3	3.282600E+2	3.531956E+1	-9.932209E-1	2.032500E-6	2.264025E-3	2.032500E-5	5.134969E-1	1.813706E+1
7.918805E+3	3.280500E+2	3.534217E+1	-1.071907E+0	2.008580E-6	2.275081E-3	2.008580E-5	5.128213E-1	1.812396E+1
7.930000E+3	3.278500E+2	3.536373E+1	-1.039604E+0	1.987160E-6	2.440049E-3	1.987160E-5	5.158147E-1	1.824086E+1
7.942120E+3	3.276400E+2	3.538640E+1	-9.451169E-1	1.963978E-6	2.605269E-3	1.963978E-5	5.136230E-1	1.817495E+1
7.954182E+3	3.274500E+2	3.540693E+1	-1.044170E+0	1.942582E-6	2.381962E-3	1.942582E-5	5.174601E-1	1.832122E+1
7.966249E+3	3.272400E+2	3.542965E+1	-9.407858E-1	1.920798E-6	2.567807E-3	1.920798E-5	5.278025E-1	1.869850E+1
7.977091E+3	3.270700E+2	3.544807E+1	-8.584984E-1	1.902146E-6	2.375689E-3	1.902146E-5	5.229939E-1	1.854037E+1
7.990370E+3	3.268800E+2	3.546867E+1	-1.102853E+0	1.879838E-6	2.205583E-3	1.879838E-5	5.287939E-1	1.875723E+1
8.002883E+3	3.266500E+2	3.549365E+1	-9.565140E-1	1.857418E-6	2.373773E-3	1.857418E-5	5.244613E-1	1.861353E+1
8.014174E+3	3.264700E+2	3.551322E+1	-1.015590E+0	1.837388E-6	2.399382E-3	1.837388E-5	5.217804E-1	1.852944E+1
8.025399E+3	3.262800E+2	3.553390E+1	-9.576251E-1	1.817880E-6	2.299977E-3	1.817880E-5	5.243726E-1	1.863459E+1
8.037930E+3	3.260800E+2	3.555569E+1	-1.045876E+0	1.796778E-6	2.195967E-3	1.796778E-5	5.166267E-1	1.837025E+1
8.050551E+3	3.258600E+2	3.557970E+1	-9.803159E-1	1.775476E-6	2.210410E-3	1.775476E-5	5.170780E-1	1.839663E+1
8.063404E+3	3.256500E+2	3.560264E+1	-9.748172E-1	1.754362E-6	2.237258E-3	1.754362E-5	5.123154E-1	1.823887E+1
8.074483E+3	3.254700E+2	3.562233E+1	-1.070733E+0	1.736266E-6	2.231274E-3	1.736266E-5	5.163892E-1	1.839542E+1
8.086811E+3	3.252500E+2	3.564643E+1	-9.845032E-1	1.715560E-6	2.360785E-3	1.715560E-5	5.198442E-1	1.852985E+1
8.097781E+3	3.250700E+2	3.566616E+1	-9.596929E-1	1.697716E-6	2.265118E-3	1.697716E-5	5.284799E-1	1.884938E+1
8.110285E+3	3.248700E+2	3.568812E+1	-9.271616E-1	1.677808E-6	2.271494E-3	1.677808E-5	5.283128E-1	1.885551E+1
8.124522E+3	3.246500E+2	3.571231E+1	-1.082107E+0	1.655818E-6	2.193798E-3	1.655818E-5	5.225088E-1	1.865945E+1
8.135057E+3	3.244600E+2	3.573322E+1	-1.022976E+0	1.639188E-6	2.301720E-3	1.639188E-5	5.144720E-1	1.838358E+1
8.147374E+3	3.242500E+2	3.575636E+1	-1.051467E+0	1.619364E-6	2.385485E-3	1.619364E-5	5.181172E-1	1.852552E+1
8.158216E+3	3.240600E+2	3.577733E+1	-9.257831E-1	1.602258E-6	2.391079E-3	1.602258E-5	5.265406E-1	1.883766E+1
8.171178E+3	3.238600E+2	3.579942E+1	-1.016566E+0	1.582704E-6	2.184217E-3	1.582704E-5	5.218957E-1	1.868359E+1
8.181802E+3	3.236800E+2	3.581933E+1	-1.000715E+0	1.566710E-6	2.211367E-3	1.566710E-5	5.233251E-1	1.874617E+1
8.194393E+3	3.234700E+2	3.584258E+1	-9.497428E-1	1.548504E-6	2.211864E-3	1.548504E-5	5.161193E-1	1.849986E+1
8.207028E+3	3.232700E+2	3.586476E+1	-1.048118E+0	1.530028E-6	2.335594E-3	1.530028E-5	5.174705E-1	1.855904E+1
8.219622E+3	3.230500E+2	3.588918E+1	-1.020774E+0	1.511242E-6	2.469372E-3	1.511242E-5	5.286363E-1	1.897129E+1
8.230790E+3	3.228600E+2	3.591030E+1	-9.347978E-1	1.494840E-6	2.387405E-3	1.494840E-5	5.253678E-1	1.886583E+1
8.243627E+3	3.226600E+2	3.593256E+1	-1.087646E+0	1.475954E-6	2.378396E-3	1.475954E-5	5.291650E-1	1.901403E+1
8.254660E+3	3.224600E+2	3.595485E+1	-9.743775E-1	1.459892E-6	2.423997E-3	1.459892E-5	5.263309E-1	1.892388E+1
8.265744E+3	3.222800E+2	3.597493E+1	-9.869194E-1	1.444268E-6	2.326698E-3	1.444268E-5	5.149799E-1	1.852791E+1
8.278511E+3	3.220700E+2	3.599839E+1	-1.014916E+0	1.426694E-6	2.399386E-3	1.426694E-5	5.273960E-1	1.898598E+1
8.291517E+3	3.218500E+2	3.602299E+1	-8.984868E-1	1.409188E-6	2.338495E-3	1.409188E-5	5.253086E-1	1.892162E+1
8.304205E+3	3.216600E+2	3.604427E+1	-1.049724E+0	1.392078E-6	2.340177E-3	1.392078E-5	5.246088E-1	1.890830E+1
8.315065E+3	3.214700E+2	3.606557E+1	-1.024996E+0	1.377400E-6	2.398039E-3	1.377400E-5	5.186419E-1	1.870617E+1
8.326187E+3	3.212800E+2	3.608690E+1	-1.043891E+0	1.362274E-6	2.395452E-3	1.362274E-5	5.127209E-1	1.850369E+1
8.338832E+3	3.210600E+2	3.611163E+1	-9.803922E-1	1.345522E-6	2.350866E-3	1.345522E-5	5.239788E-1	1.892128E+1
8.351072E+3	3.208600E+2	3.613414E+1	-9.433221E-1	1.329264E-6	2.392488E-3	1.329264E-5	5.279241E-1	1.907516E+1
8.363793E+3	3.206600E+2	3.615668E+1	-1.010818E+0	1.313036E-6	2.328090E-3	1.313036E-5	5.303377E-1	1.917532E+1
8.375071E+3	3.204700E+2	3.617811E+1	-9.842212E-1	1.298642E-6	2.392173E-3	1.298642E-5	5.174516E-1	1.872120E+1
8.387873E+3	3.202600E+2	3.620184E+1	-1.086464E+0	1.282658E-6	2.359633E-3	1.282658E-5	5.155317E-1	1.866314E+1
8.398918E+3	3.200600E+2	3.622446E+1	-9.451796E-1	1.268588E-6	2.425165E-3	1.268588E-5	5.194992E-1	1.881883E+1
8.411614E+3	3.198600E+2	3.624711E+1	-1.015072E+0	1.252928E-6	2.365130E-3	1.252928E-5	5.222366E-1	1.892991E+1
8.424618E+3	3.196400E+2	3.627206E+1	-1.040906E+0	1.236750E-6	2.443577E-3	1.236750E-5	5.234763E-1	1.898640E+1
8.435570E+3	3.194500E+2	3.629363E+1	-1.010638E+0	1.222968E-6	2.551009E-3	1.222968E-5	5.154754E-1	1.870822E+1
8.446850E+3	3.192600E+2	3.631523E+1	-1.000079E+0	1.209642E-6	2.363609E-3	1.209642E-5	5.157292E-1	1.872918E+1
8.459449E+3	3.190500E+2	3.633913E+1	-9.624811E-1	1.194832E-6	2.363541E-3	1.194832E-5	5.248517E-1	1.907187E+1
8.470670E+3	3.188700E+2	3.635964E+1	-9.186251E-1	1.182010E-6	2.361334E-3	1.182010E-5	5.263923E-1	1.913952E+1
8.483733E+3	3.186700E+2	3.638246E+1	-1.045105E+0	1.167134E-6	2.362691E-3	1.167134E-5	5.272213E-1	1.918225E+1
8.494641E+3	3.184800E+2	3.640417E+1	-9.914234E-1	1.154686E-6	2.405996E-3	1.154686E-5	5.246204E-1	1.909878E+1
8.507350E+3	3.182700E+2	3.642819E+1	-1.004405E+0	1.139978E-6	2.489758E-3	1.139978E-5	5.181359E-1	1.887500E+1
8.518700E+3	3.180800E+2	3.644995E+1	-1.013903E+0	1.127072E-6	2.526787E-3	1.127072E-5	5.251184E-1	1.914066E+1
8.531719E+3	3.178600E+2	3.647518E+1	-9.654926E-1	1.112666E-6	2.428872E-3	1.112666E-5	5.217354E-1	1.903000E+1
8.542905E+3	3.176800E+2	3.649584E+1	-1.011339E+0	1.100170E-6	2.508744E-3	1.100170E-5	5.197701E-1	1.896991E+1
8.555957E+3	3.174600E+2	3.652114E+1	-1.011445E+0	1.086114E-6	2.501417E-3	1.086114E-5	5.271592E-1	1.925202E+1
8.567228E+3	3.172700E+2	3.654301E+1	-9.277872E-1	1.073982E-6	2.442657E-3	1.073982E-5	5.238038E-1	1.914168E+1
8.580162E+3	3.170700E+2	3.656606E+1	-1.048035E+0	1.060194E-6	2.402718E-3	1.060194E-5	5.314986E-1	1.943609E+1
8.592757E+3	3.168500E+2	3.659145E+1	-9.739507E-1	1.046746E-6	2.527259E-3	1.046746E-5	5.224172E-1	1.911613E+1
8.605694E+3	3.166400E+2	3.661572E+1	-1.118112E+0	1.032832E-6	2.502124E-3	1.032832E-5	5.105446E-1	1.869260E+1
8.616963E+3	3.164300E+2	3.664002E+1	-1.049059E+0	1.021004E-6	2.549145E-3	1.021004E-5	5.158858E-1	1.890073E+1
8.626686E+3	3.162600E+2	3.665971E+1	-9.178322E-1	1.010764E-6	2.665585E-3	1.010764E-5	5.193213E-1	1.903872E+1
8.640414E+3	3.160500E+2	3.668407E+1	-9.440994E-1	9.973680E-7	2.548512E-3	9.973680E-6	5.308211E-1	1.947294E+1
8.652489E+3	3.158600E+2	3.670614E+1	-9.751341E-1	9.857220E-7	2.592425E-3	9.857220E-6	5.344044E-1	1.961599E+1
8.664795E+3	3.156600E+2	3.672939E+1	-9.383797E-1	9.739220E-7	2.482553E-3	9.739220E-6	5.218163E-1	1.916640E+1
8.677583E+3	3.154600E+2	3.675268E+1	-1.120030E+0	9.615700E-7	2.471653E-3	9.615700E-6	5.199183E-1	1.910784E+1
8.688297E+3	3.152600E+2	3.677599E+1	-9.725349E-1	9.508980E-7	2.582401E-3	9.508980E-6	5.138985E-1	1.889916E+1
8.699402E+3	3.150800E+2	3.679700E+1	-1.048534E+0	9.400880E-7	2.452335E-3	9.400880E-6	5.186515E-1	1.908573E+1
8.711991E+3	3.148600E+2	3.682271E+1	-9.016134E-1	9.282160E-7	2.447859E-3	9.282160E-6	5.205944E-1	1.917030E+1
8.724635E+3	3.146700E+2	3.684495E+1	-1.098551E+0	9.165820E-7	2.420511E-3	9.165820E-6	5.143866E-1	1.895304E+1
8.737197E+3	3.144400E+2	3.687190E+1	-1.016586E+0	9.047080E-7	2.604656E-3	9.047080E-6	5.225514E-1	1.926610E+1
8.748411E+3	3.142500E+2	3.689419E+1	-9.286413E-1	8.943780E-7	2.450484E-3	8.943780E-6	5.198711E-1	1.917948E+1
8.760687E+3	3.140600E+2	3.691651E+1	-9.984943E-1	8.832420E-7	2.374116E-3	8.832420E-6	5.279980E-1	1.949229E+1
8.773306E+3	3.138500E+2	3.694121E+1	-1.000927E+0	8.721580E-7	2.331558E-3	8.721580E-6	5.255984E-1	1.941562E+1
8.784096E+3	3.136700E+2	3.696241E+1	-9.706382E-1	8.626280E-7	2.392147E-3	8.626280E-6	5.172361E-1	1.911898E+1
8.796459E+3	3.134700E+2	3.698600E+1	-9.907997E-1	8.520280E-7	2.390407E-3	8.520280E-6	5.220165E-1	1.930823E+1
8.809176E+3	3.132600E+2	3.701079E+1	-9.685230E-1	8.412820E-7	2.387220E-3	8.412820E-6	5.213261E-1	1.929408E+1
8.821566E+3	3.130600E+2	3.703443E+1	-1.022697E+0	8.306520E-7	2.465082E-3	8.306520E-6	5.236583E-1	1.939304E+1
8.832713E+3	3.128700E+2	3.705692E+1	-9.773503E-1	8.212200E-7	2.484049E-3	8.212200E-6	5.212280E-1	1.931649E+1
8.845605E+3	3.126600E+2	3.708181E+1	-1.052128E+0	8.103240E-7	2.480099E-3	8.103240E-6	5.180523E-1	1.921039E+1
8.858151E+3	3.124400E+2	3.710792E+1	-9.798585E-1	7.997740E-7	2.559296E-3	7.997740E-6	5.217637E-1	1.935928E+1
8.869173E+3	3.122600E+2	3.712932E+1	-9.811047E-1	7.908240E-7	2.455753E-3	7.908240E-6	5.232506E-1	1.942755E+1
8.880181E+3	3.120800E+2	3.715073E+1	-9.744026E-1	7.818140E-7	2.463636E-3	7.818140E-6	5.197373E-1	1.931102E+1
8.893112E+3	3.118700E+2	3.717575E+1	-1.053976E+0	7.715660E-7	2.467594E-3	7.715660E-6	5.148811E-1	1.914152E+1
8.905636E+3	3.116500E+2	3.720199E+1	-9.771103E-1	7.617780E-7	2.521913E-3	7.617780E-6	5.223345E-1	1.942915E+1
8.916689E+3	3.114700E+2	3.722349E+1	-8.054327E-1	7.532120E-7	2.429947E-3	7.532120E-6	5.237979E-1	1.949786E+1
8.929353E+3	3.113000E+2	3.724382E+1	-1.001530E+0	7.443240E-7	2.334767E-3	7.443240E-6	5.232415E-1	1.949071E+1
8.943731E+3	3.110600E+2	3.727255E+1	-1.085973E+0	7.338220E-7	2.499509E-3	7.338220E-6	5.122042E-1	1.909114E+1
8.954781E+3	3.108600E+2	3.729653E+1	-1.132686E+0	7.250880E-7	2.599536E-3	7.250880E-6	5.093845E-1	1.899694E+1
8.965905E+3	3.106500E+2	3.732174E+1	-9.704605E-1	7.159040E-7	2.865668E-3	7.159040E-6	5.263745E-1	1.964436E+1
8.977652E+3	3.104600E+2	3.734459E+1	-9.661058E-1	7.069320E-7	2.576960E-3	7.069320E-6	5.371383E-1	2.005855E+1
8.990073E+3	3.102600E+2	3.736866E+1	-9.674819E-1	6.976340E-7	2.554411E-3	6.976340E-6	5.292046E-1	1.977617E+1
9.001236E+3	3.100800E+2	3.739035E+1	-1.060497E+0	6.896700E-7	2.457900E-3	6.896700E-6	5.218586E-1	1.951394E+1
9.013683E+3	3.098600E+2	3.741690E+1	-9.532888E-1	6.808900E-7	2.466528E-3	6.808900E-6	5.151842E-1	1.927620E+1
9.026271E+3	3.096600E+2	3.744106E+1	-1.026195E+0	6.719080E-7	2.551476E-3	6.719080E-6	5.154486E-1	1.929826E+1
9.037380E+3	3.094700E+2	3.746405E+1	-9.805447E-1	6.641560E-7	2.562751E-3	6.641560E-6	5.210960E-1	1.952313E+1
9.050230E+3	3.092600E+2	3.748949E+1	-9.923917E-1	6.554920E-7	2.438849E-3	6.554920E-6	5.213184E-1	1.954385E+1
9.062322E+3	3.090600E+2	3.751375E+1	-9.652510E-1	6.472160E-7	2.462587E-3	6.472160E-6	5.273482E-1	1.978279E+1
9.074754E+3	3.088600E+2	3.753804E+1	-9.942397E-1	6.387620E-7	2.520535E-3	6.387620E-6	5.235846E-1	1.965448E+1
9.087427E+3	3.086500E+2	3.756358E+1	-1.041381E+0	6.302720E-7	2.551776E-3	6.302720E-6	5.247358E-1	1.971028E+1
9.098374E+3	3.084600E+2	3.758672E+1	-9.481669E-1	6.230980E-7	2.550286E-3	6.230980E-6	5.173171E-1	1.944496E+1
9.111030E+3	3.082600E+2	3.761111E+1	-1.053304E+0	6.147660E-7	2.529525E-3	6.147660E-6	5.189200E-1	1.951755E+1
9.123562E+3	3.080400E+2	3.763797E+1	-9.715725E-1	6.066760E-7	2.581423E-3	6.066760E-6	5.186102E-1	1.951877E+1
9.134678E+3	3.078600E+2	3.765998E+1	-1.021198E+0	5.995500E-7	2.592660E-3	5.995500E-6	5.154272E-1	1.941107E+1
9.147604E+3	3.076400E+2	3.768691E+1	-9.664430E-1	5.914560E-7	2.588041E-3	5.914560E-6	5.267898E-1	1.985225E+1
9.158779E+3	3.074600E+2	3.770897E+1	-9.248555E-1	5.845640E-7	2.643552E-3	5.845640E-6	5.303587E-1	1.999860E+1
9.171754E+3	3.072600E+2	3.773352E+1	-9.691314E-1	5.767440E-7	2.560929E-3	5.767440E-6	5.282472E-1	1.993337E+1
9.182898E+3	3.070800E+2	3.775563E+1	-1.029963E+0	5.700120E-7	2.602191E-3	5.700120E-6	5.151783E-1	1.945312E+1
9.195714E+3	3.068600E+2	3.778270E+1	-1.023811E+0	5.624100E-7	2.566915E-3	5.624100E-6	5.082159E-1	1.920179E+1
9.208607E+3	3.066400E+2	3.780981E+1	-9.734992E-1	5.548940E-7	2.530671E-3	5.548940E-6	5.103351E-1	1.929388E+1
9.219701E+3	3.064600E+2	3.783202E+1	-9.744026E-1	5.483860E-7	2.609838E-3	5.483860E-6	5.195547E-1	1.965552E+1
9.232632E+3	3.062500E+2	3.785796E+1	-9.665294E-1	5.410160E-7	2.601110E-3	5.410160E-6	5.242641E-1	1.984686E+1
9.243806E+3	3.060700E+2	3.788022E+1	-9.768638E-1	5.346960E-7	2.623002E-3	5.346960E-6	5.319611E-1	2.015176E+1
9.255476E+3	3.058800E+2	3.790375E+1	-9.109512E-1	5.282280E-7	2.568632E-3	5.282280E-6	5.360059E-1	2.031807E+1
9.270625E+3	3.056500E+2	3.793228E+1	-9.674819E-1	5.198100E-7	2.655966E-3	5.198100E-6	5.318651E-1	2.017315E+1
9.281788E+3	3.054700E+2	3.795463E+1	-1.046063E+0	5.138020E-7	2.563600E-3	5.138020E-6	5.259520E-1	1.996217E+1
9.292686E+3	3.052800E+2	3.797825E+1	-9.783368E-1	5.077160E-7	2.703623E-3	5.077160E-6	5.158077E-1	1.959113E+1
9.305565E+3	3.050700E+2	3.800439E+1	-1.009049E+0	5.008560E-7	2.528992E-3	5.008560E-6	5.244978E-1	1.993344E+1
9.318052E+3	3.048600E+2	3.803057E+1	-9.122700E-1	4.940780E-7	2.730240E-3	4.940780E-6	5.301848E-1	2.016187E+1
9.331206E+3	3.046600E+2	3.805554E+1	-9.822647E-1	4.872660E-7	2.605757E-3	4.872660E-6	5.261657E-1	2.002292E+1
9.342201E+3	3.044800E+2	3.807803E+1	-1.003344E+0	4.816460E-7	2.554949E-3	4.816460E-6	5.211971E-1	1.984836E+1
9.354759E+3	3.042700E+2	3.810432E+1	-9.815776E-1	4.753240E-7	2.471779E-3	4.753240E-6	5.132201E-1	1.955661E+1
9.368818E+3	3.040400E+2	3.813314E+1	-9.763153E-1	4.682080E-7	2.597105E-3	4.682080E-6	5.221270E-1	1.990779E+1
9.379880E+3	3.038600E+2	3.815573E+1	-8.884732E-1	4.628500E-7	2.521114E-3	4.628500E-6	5.278687E-1	2.014054E+1
9.392711E+3	3.036700E+2	3.817960E+1	-9.538193E-1	4.566980E-7	2.538669E-3	4.566980E-6	5.276276E-1	2.014569E+1
9.405292E+3	3.034700E+2	3.820476E+1	-9.349435E-1	4.508540E-7	2.444478E-3	4.508540E-6	5.348931E-1	2.043513E+1
9.418127E+3	3.032700E+2	3.822996E+1	-8.373391E-1	4.449740E-7	2.505366E-3	4.449740E-6	5.291608E-1	2.022974E+1
9.431025E+3	3.030900E+2	3.825266E+1	-9.185804E-1	4.392500E-7	2.440753E-3	4.392500E-6	5.303104E-1	2.028768E+1
9.445395E+3	3.028700E+2	3.828045E+1	-8.614796E-1	4.331120E-7	2.384149E-3	4.331120E-6	5.338795E-1	2.043615E+1
9.460021E+3	3.026600E+2	3.830701E+1	-7.646356E-1	4.270960E-7	2.347334E-3	4.270960E-6	5.251842E-1	2.011677E+1
9.472576E+3	3.025000E+2	3.832727E+1	-8.682522E-1	4.222200E-7	2.153973E-3	4.222200E-6	5.321803E-1	2.039864E+1
9.488470E+3	3.022700E+2	3.835644E+1	-7.348438E-1	4.161100E-7	2.253643E-3	4.161100E-6	5.329906E-1	2.044307E+1
9.503167E+3	3.020900E+2	3.837929E+1	-7.486898E-1	4.108480E-7	2.143667E-3	4.108480E-6	5.281758E-1	2.027071E+1
9.519195E+3	3.018900E+2	3.840472E+1	-7.369649E-1	4.053180E-7	2.095188E-3	4.053180E-6	5.299164E-1	2.035174E+1
9.535478E+3	3.016900E+2	3.843018E+1	-7.167107E-1	4.000260E-7	1.933023E-3	4.000260E-6	5.255000E-1	2.019436E+1
9.551384E+3	3.015000E+2	3.845439E+1	-6.599132E-1	3.950020E-7	1.945605E-3	3.950020E-6	5.257602E-1	2.021812E+1
9.568659E+3	3.013100E+2	3.847864E+1	-6.530189E-1	3.898840E-7	1.830297E-3	3.898840E-6	5.396300E-1	2.076388E+1
9.587954E+3	3.011000E+2	3.850548E+1	-5.457957E-1	3.844420E-7	1.698886E-3	3.844420E-6	5.412875E-1	2.084209E+1
9.605543E+3	3.009400E+2	3.852595E+1	-6.153846E-1	3.797700E-7	1.723974E-3	3.797700E-6	5.393852E-1	2.078170E+1
9.627968E+3	3.007100E+2	3.855542E+1	-5.595480E-1	3.740860E-7	1.623460E-3	3.740860E-6	5.258197E-1	2.027320E+1
9.646197E+3	3.005400E+2	3.857723E+1	-5.968530E-1	3.697420E-7	1.450098E-3	3.697420E-6	5.168105E-1	1.993726E+1
9.668313E+3	3.003200E+2	3.860549E+1	-4.917361E-1	3.646780E-7	1.574693E-3	3.646780E-6	5.238888E-1	2.022442E+1
9.690276E+3	3.001400E+2	3.862864E+1	-4.919444E-1	3.600560E-7	1.405458E-3	3.600560E-6	5.249216E-1	2.027771E+1
9.714669E+3	2.999400E+2	3.865440E+1	-4.821213E-1	3.551040E-7	1.398232E-3	3.551040E-6	5.373865E-1	2.077248E+1
9.742048E+3	2.997200E+2	3.868277E+1	-4.105547E-1	3.499660E-7	1.306094E-3	3.499660E-6	5.323787E-1	2.059235E+1
9.765431E+3	2.995600E+2	3.870343E+1	-4.346108E-1	3.458500E-7	1.193392E-3	3.458500E-6	5.363352E-1	2.075887E+1
9.795803E+3	2.993400E+2	3.873188E+1	-3.738706E-1	3.408380E-7	1.141301E-3	3.408380E-6	5.350152E-1	2.072242E+1
9.824690E+3	2.991600E+2	3.875518E+1	-3.903588E-1	3.364180E-7	1.081268E-3	3.364180E-6	5.231671E-1	2.027597E+1
9.856968E+3	2.989500E+2	3.878241E+1	-3.714595E-1	3.317760E-7	9.961529E-4	3.317760E-6	5.125219E-1	1.987766E+1
9.889273E+3	2.987500E+2	3.880837E+1	-3.602058E-1	3.274520E-7	9.321599E-4	3.274520E-6	5.074127E-1	1.969090E+1
9.924253E+3	2.985400E+2	3.883567E+1	-3.017930E-1	3.231280E-7	8.860391E-4	3.231280E-6	5.123718E-1	1.989709E+1
9.958051E+3	2.983700E+2	3.885779E+1	-2.977175E-1	3.192420E-7	8.519376E-4	3.192420E-6	5.274503E-1	2.049588E+1
1.000037E+4	2.981600E+2	3.888516E+1	-2.500116E-1	3.147620E-7	7.838254E-4	3.147620E-6	5.212685E-1	2.027041E+1
1.004357E+4	2.979800E+2	3.890865E+1	-2.919191E-1	3.105900E-7	7.231745E-4	3.105900E-6	5.149155E-1	2.003525E+1
1.008879E+4	2.977600E+2	3.893740E+1	-2.216430E-1	3.065620E-7	7.170429E-4	3.065620E-6	5.069789E-1	1.974006E+1
1.013752E+4	2.975800E+2	3.896095E+1	-2.298515E-1	3.026360E-7	6.113401E-4	3.026360E-6	5.023335E-1	1.957139E+1
1.019233E+4	2.973700E+2	3.898847E+1	-1.971534E-1	2.985980E-7	5.826655E-4	2.985980E-6	5.109629E-1	1.992167E+1
1.025016E+4	2.971800E+2	3.901339E+1	-1.849084E-1	2.947560E-7	5.420792E-4	2.947560E-6	5.040652E-1	1.966533E+1
1.031505E+4	2.969800E+2	3.903967E+1	-1.652733E-1	2.908880E-7	5.164639E-4	2.908880E-6	4.925788E-1	1.923066E+1
1.038766E+4	2.967800E+2	3.906597E+1	-1.718287E-1	2.870800E-7	4.077156E-4	2.870800E-6	4.802732E-1	1.876248E+1
1.045750E+4	2.965800E+2	3.909232E+1	-1.377395E-1	2.837720E-7	3.966603E-4	2.837720E-6	4.700266E-1	1.837450E+1
1.054462E+4	2.963800E+2	3.911870E+1	-1.297606E-1	2.801460E-7	3.335206E-4	2.801460E-6	4.732967E-1	1.851402E+1
1.063710E+4	2.961800E+2	3.914511E+1	-1.016662E-1	2.767760E-7	3.207264E-4	2.767760E-6	NaN	NaN
1.074333E+4	2.960000E+2	3.916892E+1	NaN	2.734180E-7	2.591342E-4	2.734180E-6	NaN	NaN
--------------------
6/1/2024 4:57 PM
