6/26/2024
6:53 PM
fast cooling up 450_2024.06.26_COND_FILE END.txt

Data taken by: Akshat Sharma
ammeter is Keithley 6517A at GPIB0::27::INSTR
voltage source is Keithley 6517A at GPIB0::27::INSTR
temperature controller is Lake Shore 330 at GPIB0::12::INSTR with the settings: control sensor=A;sample sensor=;loop=1
Readings: 1
Voltage (V): 100
Geo Factor: 1000
Ea Window (pts): 5
Shut off V when done?: TRUE
Mconnect?: TRUE
Use Abs(Cond)?: TRUE
Rate (K/min): 5
Heater: High
DESCRIPTION
********************
Time (s)	Temperature (K)	1/kT (1/eV)	Rate (K/min)	Current (A)	Current Std Dev/Mean	Conductivity (Ohm-cm)^-1	Ea (eV)	Reduced Ea	
7.480500E+1	2.964100E+2	3.911474E+1	3.818855E+0	1.551170E-7	NaN	1.551170E-6	NaN	NaN
7.809700E+1	2.967100E+2	3.907519E+1	4.272618E+0	1.583870E-7	NaN	1.583870E-6	NaN	NaN
8.116800E+1	2.970300E+2	3.903309E+1	4.672635E+0	1.616610E-7	NaN	1.616610E-6	NaN	NaN
8.419900E+1	2.973400E+2	3.899240E+1	5.024330E+0	1.649720E-7	NaN	1.649720E-6	NaN	NaN
8.729200E+1	2.976700E+2	3.894917E+1	5.315346E+0	1.684760E-7	NaN	1.684760E-6	NaN	NaN
9.047400E+1	2.980700E+2	3.889690E+1	5.564758E+0	1.721980E-7	NaN	1.721980E-6	NaN	NaN
9.351900E+1	2.982700E+2	3.887082E+1	5.831115E+0	1.757560E-7	NaN	1.757560E-6	4.200212E-1	1.647624E+1
9.664700E+1	2.986700E+2	3.881876E+1	5.948462E+0	1.794990E-7	NaN	1.794990E-6	4.267129E-1	1.673182E+1
9.988500E+1	2.989500E+2	3.878241E+1	6.062621E+0	1.833330E-7	NaN	1.833330E-6	4.311692E-1	1.689853E+1
1.029800E+2	2.992300E+2	3.874612E+1	6.107149E+0	1.870170E-7	NaN	1.870170E-6	4.360304E-1	1.708144E+1
1.061360E+2	2.995300E+2	3.870731E+1	6.096154E+0	1.908030E-7	NaN	1.908030E-6	4.407104E-1	1.725738E+1
1.091400E+2	2.998100E+2	3.867116E+1	6.056857E+0	1.944300E-7	NaN	1.944300E-6	4.449559E-1	1.741618E+1
1.121960E+2	3.000800E+2	3.863636E+1	6.013493E+0	1.981560E-7	NaN	1.981560E-6	4.488031E-1	1.755942E+1
1.154030E+2	3.003400E+2	3.860292E+1	5.948791E+0	2.020230E-7	NaN	2.020230E-6	4.524636E-1	1.769542E+1
1.182380E+2	3.006200E+2	3.856696E+1	5.822983E+0	2.055950E-7	NaN	2.055950E-6	4.561153E-1	1.783118E+1
1.213630E+2	3.008800E+2	3.853363E+1	5.719151E+0	2.094350E-7	NaN	2.094350E-6	4.592189E-1	1.794538E+1
1.243390E+2	3.011600E+2	3.849781E+1	5.596874E+0	2.134000E-7	NaN	2.134000E-6	4.622212E-1	1.805567E+1
1.273590E+2	3.014300E+2	3.846332E+1	5.501741E+0	2.172100E-7	NaN	2.172100E-6	4.649920E-1	1.815679E+1
1.303990E+2	3.016900E+2	3.843018E+1	5.484383E+0	2.211400E-7	NaN	2.211400E-6	4.674935E-1	1.824733E+1
1.333590E+2	3.019700E+2	3.839454E+1	5.384096E+0	2.249300E-7	NaN	2.249300E-6	4.698733E-1	1.833313E+1
1.366010E+2	3.022300E+2	3.836151E+1	5.386238E+0	2.291900E-7	NaN	2.291900E-6	4.718902E-1	1.840461E+1
1.397200E+2	3.025900E+2	3.831587E+1	5.354503E+0	2.333800E-7	NaN	2.333800E-6	4.739415E-1	1.847747E+1
1.429980E+2	3.028500E+2	3.828298E+1	5.388152E+0	2.377600E-7	NaN	2.377600E-6	4.753136E-1	1.852320E+1
1.460240E+2	3.031100E+2	3.825014E+1	5.401967E+0	2.419300E-7	NaN	2.419300E-6	4.767745E-1	1.857251E+1
1.489720E+2	3.033700E+2	3.821736E+1	5.414404E+0	2.460100E-7	NaN	2.460100E-6	4.781826E-1	1.861982E+1
1.521340E+2	3.036300E+2	3.818463E+1	5.421012E+0	2.504500E-7	NaN	2.504500E-6	4.794819E-1	1.866294E+1
1.552430E+2	3.039100E+2	3.814945E+1	5.386663E+0	2.549200E-7	NaN	2.549200E-6	4.807886E-1	1.870637E+1
1.582560E+2	3.041700E+2	3.811684E+1	5.376575E+0	2.593500E-7	NaN	2.593500E-6	4.819843E-1	1.874540E+1
1.617350E+2	3.044300E+2	3.808429E+1	5.345229E+0	2.645200E-7	NaN	2.645200E-6	4.831395E-1	1.878288E+1
1.649160E+2	3.047000E+2	3.805054E+1	5.288924E+0	2.693400E-7	NaN	2.693400E-6	4.844447E-1	1.882623E+1
1.680440E+2	3.049600E+2	3.801810E+1	5.232586E+0	2.742000E-7	NaN	2.742000E-6	4.857094E-1	1.886797E+1
1.711200E+2	3.053100E+2	3.797452E+1	5.163846E+0	2.790500E-7	NaN	2.790500E-6	4.869641E-1	1.890932E+1
1.744860E+2	3.055800E+2	3.794096E+1	5.176005E+0	2.843700E-7	NaN	2.843700E-6	4.878386E-1	1.893543E+1
1.774090E+2	3.058500E+2	3.790747E+1	5.145621E+0	2.892100E-7	NaN	2.892100E-6	4.887685E-1	1.896372E+1
1.805250E+2	3.061300E+2	3.787280E+1	5.195462E+0	2.944000E-7	NaN	2.944000E-6	4.896219E-1	1.898903E+1
1.836270E+2	3.064000E+2	3.783943E+1	5.232377E+0	2.996800E-7	NaN	2.996800E-6	4.904272E-1	1.901243E+1
1.867180E+2	3.066600E+2	3.780734E+1	5.264473E+0	3.049600E-7	NaN	3.049600E-6	4.912222E-1	1.903542E+1
1.897880E+2	3.069300E+2	3.777409E+1	5.291142E+0	3.103400E-7	NaN	3.103400E-6	4.925304E-1	1.907643E+1
1.929910E+2	3.072000E+2	3.774089E+1	5.306308E+0	3.159900E-7	NaN	3.159900E-6	4.938360E-1	1.911709E+1
1.959780E+2	3.074700E+2	3.770774E+1	5.320413E+0	3.213600E-7	NaN	3.213600E-6	4.951714E-1	1.915862E+1
1.992470E+2	3.077400E+2	3.767466E+1	5.340302E+0	3.273700E-7	NaN	3.273700E-6	4.964806E-1	1.919880E+1
2.022320E+2	3.080000E+2	3.764286E+1	5.308187E+0	3.329900E-7	NaN	3.329900E-6	4.978819E-1	1.924218E+1
2.053120E+2	3.082900E+2	3.760745E+1	5.264217E+0	3.387900E-7	NaN	3.387900E-6	4.993072E-1	1.928613E+1
2.085120E+2	3.086500E+2	3.756358E+1	5.218455E+0	3.449200E-7	NaN	3.449200E-6	5.007193E-1	1.932899E+1
2.117530E+2	3.089100E+2	3.753197E+1	5.294463E+0	3.512900E-7	NaN	3.512900E-6	5.019049E-1	1.936224E+1
2.149930E+2	3.091800E+2	3.749919E+1	5.321737E+0	3.576700E-7	NaN	3.576700E-6	5.032184E-1	1.939997E+1
2.181900E+2	3.094400E+2	3.746768E+1	5.341844E+0	3.641400E-7	NaN	3.641400E-6	5.045935E-1	1.943954E+1
2.213710E+2	3.097100E+2	3.743502E+1	5.347780E+0	3.707200E-7	NaN	3.707200E-6	5.060748E-1	1.948263E+1
2.244310E+2	3.099800E+2	3.740241E+1	5.344353E+0	3.772300E-7	NaN	3.772300E-6	5.075988E-1	1.952674E+1
2.276420E+2	3.102600E+2	3.736866E+1	5.332987E+0	3.841400E-7	NaN	3.841400E-6	5.091463E-1	1.957106E+1
2.305980E+2	3.105500E+2	3.733376E+1	5.319511E+0	3.908400E-7	NaN	3.908400E-6	5.106779E-1	1.961410E+1
2.337230E+2	3.109100E+2	3.729053E+1	5.317942E+0	3.980100E-7	NaN	3.980100E-6	5.121403E-1	1.965370E+1
2.368960E+2	3.111900E+2	3.725698E+1	5.378867E+0	4.052100E-7	NaN	4.052100E-6	5.133660E-1	1.968314E+1
2.398860E+2	3.114700E+2	3.722349E+1	5.409586E+0	4.122900E-7	NaN	4.122900E-6	5.145365E-1	1.970988E+1
2.429670E+2	3.117400E+2	3.719125E+1	5.432399E+0	4.197700E-7	NaN	4.197700E-6	5.155649E-1	1.973068E+1
2.461900E+2	3.120100E+2	3.715907E+1	5.450599E+0	4.275700E-7	NaN	4.275700E-6	5.165303E-1	1.974870E+1
2.491730E+2	3.122900E+2	3.712575E+1	5.509925E+0	4.350100E-7	NaN	4.350100E-6	5.175083E-1	1.976686E+1
2.522500E+2	3.125600E+2	3.709368E+1	5.554434E+0	4.427400E-7	NaN	4.427400E-6	5.182870E-1	1.977725E+1
2.554560E+2	3.128500E+2	3.705929E+1	5.572968E+0	4.508300E-7	NaN	4.508300E-6	5.189674E-1	1.978378E+1
2.585910E+2	3.131200E+2	3.702734E+1	5.563705E+0	4.587800E-7	NaN	4.587800E-6	5.195269E-1	1.978560E+1
2.617020E+2	3.133900E+2	3.699544E+1	5.523103E+0	4.668600E-7	NaN	4.668600E-6	5.199362E-1	1.978181E+1
2.646620E+2	3.136500E+2	3.696477E+1	5.462311E+0	4.745200E-7	NaN	4.745200E-6	5.202731E-1	1.977542E+1
2.676470E+2	3.139100E+2	3.693415E+1	5.382022E+0	4.821900E-7	NaN	4.821900E-6	5.206439E-1	1.977041E+1
2.707050E+2	3.141700E+2	3.690359E+1	5.307833E+0	4.902800E-7	NaN	4.902800E-6	5.209495E-1	1.976314E+1
2.736550E+2	3.144300E+2	3.687307E+1	5.288099E+0	4.981600E-7	NaN	4.981600E-6	5.212443E-1	1.975564E+1
2.765410E+2	3.146900E+2	3.684261E+1	5.268510E+0	5.061000E-7	NaN	5.061000E-6	5.214646E-1	1.974560E+1
2.795860E+2	3.149700E+2	3.680985E+1	5.267490E+0	5.145100E-7	NaN	5.145100E-6	5.214060E-1	1.972571E+1
2.830730E+2	3.152300E+2	3.677949E+1	5.275255E+0	5.241300E-7	NaN	5.241300E-6	5.216568E-1	1.971702E+1
2.859860E+2	3.154900E+2	3.674918E+1	5.234096E+0	5.323600E-7	NaN	5.323600E-6	5.217271E-1	1.970228E+1
2.890070E+2	3.157600E+2	3.671776E+1	5.215107E+0	5.411200E-7	NaN	5.411200E-6	5.218838E-1	1.969084E+1
2.921770E+2	3.160200E+2	3.668755E+1	5.203973E+0	5.503200E-7	NaN	5.503200E-6	5.220784E-1	1.968086E+1
2.953430E+2	3.163700E+2	3.664696E+1	5.190548E+0	5.599500E-7	NaN	5.599500E-6	5.223082E-1	1.967240E+1
2.983670E+2	3.166300E+2	3.661687E+1	5.235115E+0	5.690400E-7	NaN	5.690400E-6	5.223483E-1	1.965647E+1
3.015160E+2	3.169000E+2	3.658567E+1	5.268767E+0	5.787500E-7	NaN	5.787500E-6	5.224472E-1	1.964281E+1
3.046110E+2	3.171800E+2	3.655338E+1	5.294408E+0	5.885600E-7	NaN	5.885600E-6	5.226711E-1	1.963381E+1
3.077870E+2	3.174400E+2	3.652344E+1	5.322203E+0	5.985000E-7	NaN	5.985000E-6	5.228311E-1	1.962244E+1
3.106090E+2	3.177100E+2	3.649240E+1	5.324948E+0	6.076500E-7	NaN	6.076500E-6	5.231015E-1	1.961521E+1
3.138230E+2	3.179700E+2	3.646256E+1	5.343446E+0	6.184100E-7	NaN	6.184100E-6	5.233258E-1	1.960627E+1
3.168000E+2	3.182400E+2	3.643162E+1	5.346914E+0	6.281900E-7	NaN	6.281900E-6	5.236312E-1	1.960044E+1
3.198560E+2	3.185100E+2	3.640074E+1	5.367670E+0	6.385900E-7	NaN	6.385900E-6	5.239467E-1	1.959490E+1
3.228390E+2	3.187800E+2	3.636991E+1	5.347721E+0	6.492500E-7	NaN	6.492500E-6	5.241938E-1	1.958686E+1
3.259490E+2	3.190700E+2	3.633685E+1	5.330799E+0	6.604400E-7	NaN	6.604400E-6	5.245403E-1	1.958244E+1
3.288910E+2	3.193400E+2	3.630613E+1	5.323162E+0	6.711100E-7	NaN	6.711100E-6	5.245787E-1	1.956692E+1
3.320620E+2	3.196100E+2	3.627546E+1	5.298568E+0	6.826200E-7	NaN	6.826200E-6	5.246789E-1	1.955366E+1
3.351360E+2	3.198700E+2	3.624597E+1	5.319035E+0	6.939800E-7	NaN	6.939800E-6	5.248314E-1	1.954233E+1
3.384120E+2	3.201300E+2	3.621654E+1	5.324920E+0	7.061900E-7	NaN	7.061900E-6	5.250080E-1	1.953192E+1
3.414740E+2	3.204000E+2	3.618602E+1	5.301897E+0	7.178100E-7	NaN	7.178100E-6	5.253158E-1	1.952637E+1
3.446320E+2	3.207600E+2	3.614540E+1	5.288655E+0	7.303400E-7	NaN	7.303400E-6	5.255934E-1	1.951974E+1
3.478140E+2	3.210300E+2	3.611500E+1	5.323722E+0	7.430600E-7	NaN	7.430600E-6	5.256753E-1	1.950537E+1
3.507820E+2	3.213200E+2	3.608241E+1	5.359348E+0	7.548300E-7	NaN	7.548300E-6	5.259628E-1	1.949855E+1
3.541160E+2	3.216000E+2	3.605100E+1	5.389732E+0	7.685300E-7	NaN	7.685300E-6	5.262031E-1	1.948986E+1
3.570460E+2	3.218600E+2	3.602187E+1	5.403646E+0	7.807300E-7	NaN	7.807300E-6	5.265703E-1	1.948577E+1
3.602350E+2	3.221200E+2	3.599280E+1	5.410057E+0	7.938400E-7	NaN	7.938400E-6	5.266780E-1	1.947256E+1
3.635040E+2	3.223900E+2	3.596265E+1	5.397496E+0	8.080400E-7	NaN	8.080400E-6	5.269168E-1	1.946425E+1
3.665740E+2	3.226500E+2	3.593367E+1	5.379176E+0	8.208900E-7	NaN	8.208900E-6	5.272075E-1	1.945789E+1
3.695580E+2	3.229100E+2	3.590474E+1	5.361659E+0	8.339900E-7	NaN	8.339900E-6	5.274943E-1	1.945147E+1
3.726550E+2	3.231700E+2	3.587585E+1	5.335432E+0	8.477700E-7	NaN	8.477700E-6	5.278160E-1	1.944637E+1
3.757970E+2	3.234300E+2	3.584701E+1	5.290541E+0	8.618400E-7	NaN	8.618400E-6	5.282214E-1	1.944432E+1
3.788820E+2	3.238000E+2	3.580605E+1	5.208784E+0	8.756300E-7	NaN	8.756300E-6	5.286828E-1	1.944434E+1
3.821260E+2	3.240500E+2	3.577843E+1	5.198330E+0	8.905400E-7	NaN	8.905400E-6	5.288804E-1	1.943414E+1
3.851600E+2	3.243200E+2	3.574864E+1	5.219578E+0	9.046400E-7	NaN	9.046400E-6	5.291647E-1	1.942723E+1
3.882210E+2	3.245700E+2	3.572111E+1	5.235435E+0	9.184800E-7	NaN	9.184800E-6	5.295074E-1	1.942243E+1
3.913070E+2	3.248300E+2	3.569252E+1	5.261805E+0	9.335100E-7	NaN	9.335100E-6	5.298996E-1	1.941944E+1
3.945140E+2	3.250900E+2	3.566397E+1	5.273769E+0	9.488200E-7	NaN	9.488200E-6	5.302734E-1	1.941589E+1
3.974190E+2	3.253500E+2	3.563547E+1	5.277072E+0	9.626500E-7	NaN	9.626500E-6	5.304162E-1	1.940441E+1
4.004600E+2	3.256200E+2	3.560592E+1	5.274624E+0	9.779800E-7	NaN	9.779800E-6	5.306033E-1	1.939449E+1
4.034550E+2	3.258900E+2	3.557642E+1	5.264012E+0	9.930500E-7	NaN	9.930500E-6	5.308281E-1	1.938593E+1
4.064250E+2	3.261400E+2	3.554915E+1	5.252157E+0	1.007970E-6	NaN	1.007970E-5	5.311011E-1	1.937903E+1
4.095030E+2	3.264000E+2	3.552083E+1	5.230020E+0	1.024090E-6	NaN	1.024090E-5	5.314313E-1	1.937426E+1
4.123630E+2	3.266600E+2	3.549256E+1	5.190051E+0	1.038930E-6	NaN	1.038930E-5	5.318142E-1	1.937140E+1
4.157610E+2	3.269100E+2	3.546542E+1	5.142321E+0	1.056640E-6	NaN	1.056640E-5	5.321815E-1	1.936799E+1
4.189470E+2	3.271800E+2	3.543615E+1	5.145290E+0	1.073860E-6	NaN	1.073860E-5	5.326121E-1	1.936704E+1
4.222510E+2	3.274400E+2	3.540801E+1	5.127474E+0	1.091800E-6	NaN	1.091800E-5	5.328047E-1	1.935789E+1
4.254080E+2	3.278000E+2	3.536913E+1	5.104420E+0	1.109790E-6	NaN	1.109790E-5	5.330745E-1	1.935162E+1
4.286120E+2	3.280700E+2	3.534002E+1	5.147117E+0	1.127820E-6	NaN	1.127820E-5	5.330803E-1	1.933542E+1
4.317100E+2	3.283300E+2	3.531203E+1	5.175764E+0	1.145790E-6	NaN	1.145790E-5	5.331586E-1	1.932187E+1
4.348890E+2	3.285800E+2	3.528517E+1	5.181087E+0	1.163980E-6	NaN	1.163980E-5	5.333512E-1	1.931251E+1
4.379130E+2	3.288400E+2	3.525727E+1	5.172223E+0	1.182300E-6	NaN	1.182300E-5	5.335885E-1	1.930493E+1
4.411680E+2	3.291000E+2	3.522941E+1	5.169693E+0	1.201700E-6	NaN	1.201700E-5	5.338895E-1	1.929969E+1
4.442220E+2	3.293600E+2	3.520160E+1	5.163352E+0	1.219800E-6	NaN	1.219800E-5	5.342477E-1	1.929666E+1
4.471920E+2	3.296400E+2	3.517170E+1	5.155096E+0	1.238600E-6	NaN	1.238600E-5	5.346304E-1	1.929453E+1
4.501910E+2	3.299100E+2	3.514292E+1	5.164585E+0	1.257510E-6	NaN	1.257510E-5	5.349987E-1	1.929181E+1
4.531970E+2	3.301900E+2	3.511312E+1	5.195829E+0	1.277720E-6	NaN	1.277720E-5	5.353487E-1	1.928838E+1
4.562220E+2	3.304600E+2	3.508443E+1	5.206199E+0	1.297700E-6	NaN	1.297700E-5	5.356819E-1	1.928425E+1
4.593830E+2	3.307400E+2	3.505473E+1	5.212250E+0	1.319330E-6	NaN	1.319330E-5	5.360421E-1	1.928104E+1
4.625290E+2	3.310000E+2	3.502719E+1	5.192700E+0	1.340860E-6	NaN	1.340860E-5	5.364170E-1	1.927827E+1
4.656620E+2	3.313700E+2	3.498808E+1	5.230003E+0	1.362660E-6	NaN	1.362660E-5	5.368421E-1	1.927731E+1
4.690060E+2	3.316400E+2	3.495959E+1	5.337184E+0	1.386250E-6	NaN	1.386250E-5	5.369470E-1	1.926444E+1
4.719830E+2	3.319200E+2	3.493010E+1	5.409118E+0	1.407910E-6	NaN	1.407910E-5	5.372891E-1	1.926004E+1
4.751810E+2	3.321800E+2	3.490276E+1	5.463537E+0	1.430440E-6	NaN	1.430440E-5	5.375841E-1	1.925387E+1
4.781430E+2	3.324400E+2	3.487547E+1	5.485741E+0	1.451390E-6	NaN	1.451390E-5	5.379213E-1	1.924929E+1
4.810940E+2	3.327000E+2	3.484821E+1	5.475892E+0	1.472800E-6	NaN	1.472800E-5	5.382965E-1	1.924602E+1
4.841100E+2	3.328700E+2	3.483041E+1	5.447822E+0	1.494420E-6	NaN	1.494420E-5	5.384198E-1	1.923420E+1
4.869990E+2	3.332000E+2	3.479592E+1	5.353567E+0	1.515610E-6	NaN	1.515610E-5	5.388080E-1	1.923226E+1
4.900660E+2	3.334500E+2	3.476983E+1	5.322621E+0	1.537930E-6	NaN	1.537930E-5	5.389578E-1	1.922149E+1
4.930400E+2	3.336200E+2	3.475211E+1	5.283186E+0	1.559830E-6	NaN	1.559830E-5	5.391073E-1	1.921085E+1
4.959320E+2	3.338800E+2	3.472505E+1	5.175536E+0	1.581220E-6	NaN	1.581220E-5	5.395405E-1	1.921068E+1
4.990910E+2	3.341300E+2	3.469907E+1	5.082200E+0	1.604800E-6	NaN	1.604800E-5	5.398283E-1	1.920533E+1
5.020790E+2	3.344600E+2	3.466483E+1	4.960791E+0	1.627150E-6	NaN	1.627150E-5	5.402408E-1	1.920438E+1
5.052860E+2	3.347100E+2	3.463894E+1	4.989359E+0	1.651970E-6	NaN	1.651970E-5	5.403431E-1	1.919209E+1
5.082000E+2	3.349600E+2	3.461309E+1	4.989705E+0	1.674760E-6	NaN	1.674760E-5	5.404985E-1	1.918176E+1
5.112290E+2	3.352100E+2	3.458727E+1	5.017941E+0	1.698410E-6	NaN	1.698410E-5	5.406374E-1	1.917087E+1
5.142450E+2	3.354600E+2	3.456150E+1	5.035151E+0	1.722640E-6	NaN	1.722640E-5	5.407383E-1	1.915878E+1
5.173800E+2	3.357200E+2	3.453473E+1	5.059401E+0	1.749670E-6	NaN	1.749670E-5	5.408205E-1	1.914607E+1
5.205140E+2	3.360000E+2	3.450595E+1	5.093481E+0	1.775830E-6	NaN	1.775830E-5	5.409901E-1	1.913647E+1
5.235870E+2	3.362500E+2	3.448030E+1	5.069687E+0	1.802250E-6	NaN	1.802250E-5	5.411557E-1	1.912658E+1
5.266480E+2	3.365100E+2	3.445366E+1	5.107587E+0	1.828650E-6	NaN	1.828650E-5	5.414674E-1	1.912182E+1
5.296300E+2	3.367700E+2	3.442706E+1	5.143611E+0	1.855240E-6	NaN	1.855240E-5	5.417826E-1	1.911716E+1
5.327620E+2	3.370300E+2	3.440050E+1	5.118084E+0	1.883380E-6	NaN	1.883380E-5	5.418220E-1	1.910321E+1
5.358960E+2	3.373000E+2	3.437296E+1	5.094893E+0	1.912290E-6	NaN	1.912290E-5	5.419444E-1	1.909220E+1
5.389570E+2	3.375500E+2	3.434750E+1	5.055569E+0	1.941120E-6	NaN	1.941120E-5	5.419653E-1	1.907771E+1
5.420750E+2	3.378100E+2	3.432107E+1	5.070312E+0	1.970470E-6	NaN	1.970470E-5	5.421039E-1	1.906747E+1
5.451990E+2	3.380900E+2	3.429264E+1	5.067354E+0	2.000330E-6	NaN	2.000330E-5	5.422731E-1	1.905830E+1
5.483400E+2	3.383500E+2	3.426629E+1	5.080931E+0	2.030400E-6	NaN	2.030400E-5	5.424702E-1	1.904998E+1
5.513730E+2	3.386100E+2	3.423998E+1	5.084677E+0	2.059820E-6	NaN	2.059820E-5	5.427848E-1	1.904578E+1
5.544160E+2	3.388700E+2	3.421371E+1	5.086380E+0	2.090020E-6	NaN	2.090020E-5	5.431096E-1	1.904190E+1
5.573690E+2	3.391200E+2	3.418849E+1	5.084170E+0	2.118900E-6	NaN	2.118900E-5	5.434606E-1	1.903889E+1
5.602910E+2	3.393800E+2	3.416230E+1	5.092917E+0	2.148600E-6	NaN	2.148600E-5	5.438588E-1	1.903750E+1
5.634220E+2	3.396400E+2	3.413614E+1	5.102118E+0	2.180900E-6	NaN	2.180900E-5	5.442939E-1	1.903732E+1
5.663460E+2	3.399100E+2	3.410903E+1	5.105312E+0	2.211900E-6	NaN	2.211900E-5	5.443781E-1	1.902539E+1
5.693060E+2	3.402000E+2	3.407995E+1	5.129929E+0	2.244100E-6	NaN	2.244100E-5	5.445332E-1	1.901581E+1
5.724190E+2	3.404600E+2	3.405393E+1	5.175541E+0	2.278200E-6	NaN	2.278200E-5	5.445767E-1	1.900224E+1
5.754920E+2	3.407200E+2	3.402794E+1	5.212712E+0	2.312000E-6	NaN	2.312000E-5	5.446853E-1	1.899091E+1
5.785020E+2	3.409900E+2	3.400100E+1	5.232234E+0	2.346500E-6	NaN	2.346500E-5	5.448684E-1	1.898216E+1
5.817170E+2	3.412500E+2	3.397509E+1	5.248987E+0	2.381900E-6	NaN	2.381900E-5	5.451054E-1	1.897523E+1
5.847420E+2	3.415100E+2	3.394923E+1	5.256347E+0	2.416100E-6	NaN	2.416100E-5	5.453289E-1	1.896783E+1
5.877530E+2	3.417700E+2	3.392340E+1	5.251531E+0	2.451400E-6	NaN	2.451400E-5	5.455418E-1	1.896008E+1
5.908600E+2	3.420400E+2	3.389662E+1	5.242814E+0	2.486400E-6	NaN	2.486400E-5	5.457284E-1	1.895146E+1
5.942570E+2	3.423800E+2	3.386296E+1	5.230402E+0	2.526600E-6	NaN	2.526600E-5	5.458897E-1	1.894185E+1
5.973030E+2	3.426300E+2	3.383825E+1	5.245996E+0	2.562400E-6	NaN	2.562400E-5	5.459386E-1	1.892799E+1
6.003110E+2	3.428700E+2	3.381457E+1	5.248056E+0	2.597900E-6	NaN	2.597900E-5	5.459596E-1	1.891323E+1
6.032630E+2	3.431200E+2	3.378993E+1	5.219128E+0	2.633300E-6	NaN	2.633300E-5	5.461650E-1	1.890485E+1
6.064050E+2	3.433700E+2	3.376533E+1	5.196111E+0	2.670100E-6	NaN	2.670100E-5	5.463923E-1	1.889728E+1
6.093560E+2	3.436100E+2	3.374174E+1	5.184393E+0	2.705600E-6	NaN	2.705600E-5	5.467301E-1	1.889350E+1
6.123540E+2	3.438600E+2	3.371721E+1	5.158562E+0	2.742100E-6	NaN	2.742100E-5	5.467779E-1	1.888025E+1
6.153100E+2	3.441300E+2	3.369076E+1	5.126588E+0	2.779400E-6	NaN	2.779400E-5	5.468352E-1	1.886739E+1
6.184930E+2	3.443800E+2	3.366630E+1	5.119956E+0	2.818500E-6	NaN	2.818500E-5	5.468662E-1	1.885356E+1
6.213810E+2	3.446300E+2	3.364188E+1	5.084274E+0	2.855800E-6	NaN	2.855800E-5	5.470025E-1	1.884334E+1
6.244170E+2	3.448800E+2	3.361749E+1	5.053605E+0	2.894400E-6	NaN	2.894400E-5	5.471527E-1	1.883360E+1
6.274020E+2	3.451400E+2	3.359217E+1	5.019025E+0	2.934500E-6	NaN	2.934500E-5	5.473807E-1	1.882653E+1
6.304830E+2	3.453900E+2	3.356785E+1	4.994925E+0	2.975200E-6	NaN	2.975200E-5	5.475935E-1	1.881890E+1
6.333980E+2	3.456400E+2	3.354357E+1	5.010083E+0	3.014200E-6	NaN	3.014200E-5	5.477719E-1	1.881021E+1
6.364020E+2	3.458200E+2	3.352611E+1	5.028403E+0	3.056100E-6	NaN	3.056100E-5	5.478991E-1	1.879980E+1
6.392580E+2	3.460900E+2	3.349996E+1	4.983026E+0	3.095800E-6	NaN	3.095800E-5	5.482611E-1	1.879784E+1
6.425320E+2	3.463500E+2	3.347481E+1	4.973700E+0	3.142600E-6	NaN	3.142600E-5	5.485219E-1	1.879234E+1
6.454350E+2	3.466900E+2	3.344198E+1	4.947838E+0	3.184300E-6	NaN	3.184300E-5	5.488732E-1	1.878998E+1
6.484870E+2	3.469500E+2	3.341692E+1	4.996224E+0	3.227200E-6	NaN	3.227200E-5	5.490015E-1	1.877958E+1
6.514990E+2	3.472000E+2	3.339286E+1	5.038979E+0	3.271800E-6	NaN	3.271800E-5	5.487662E-1	1.875728E+1
6.548950E+2	3.474500E+2	3.336883E+1	5.091537E+0	3.321400E-6	NaN	3.321400E-5	5.486625E-1	1.873957E+1
6.578190E+2	3.477000E+2	3.334484E+1	5.096264E+0	3.366300E-6	NaN	3.366300E-5	5.486308E-1	1.872451E+1
6.608880E+2	3.479500E+2	3.332088E+1	5.109521E+0	3.412200E-6	NaN	3.412200E-5	5.486688E-1	1.871189E+1
6.639390E+2	3.482200E+2	3.329504E+1	5.110893E+0	3.458200E-6	NaN	3.458200E-5	5.487006E-1	1.869913E+1
6.670140E+2	3.484800E+2	3.327020E+1	5.130048E+0	3.506500E-6	NaN	3.506500E-5	5.486600E-1	1.868389E+1
6.700380E+2	3.487400E+2	3.324540E+1	5.140876E+0	3.554200E-6	NaN	3.554200E-5	5.489490E-1	1.867947E+1
6.731380E+2	3.490100E+2	3.321968E+1	5.158081E+0	3.605200E-6	NaN	3.605200E-5	5.489187E-1	1.866454E+1
6.761320E+2	3.492700E+2	3.319495E+1	5.115763E+0	3.655000E-6	NaN	3.655000E-5	5.489136E-1	1.865042E+1
6.792480E+2	3.495400E+2	3.316931E+1	5.092152E+0	3.707800E-6	NaN	3.707800E-5	5.492098E-1	1.864613E+1
6.824220E+2	3.498000E+2	3.314465E+1	5.050401E+0	3.761900E-6	NaN	3.761900E-5	5.494488E-1	1.863987E+1
6.855680E+2	3.500700E+2	3.311909E+1	5.074394E+0	3.817100E-6	NaN	3.817100E-5	5.497894E-1	1.863700E+1
6.885180E+2	3.503500E+2	3.309262E+1	5.105527E+0	3.869600E-6	NaN	3.869600E-5	5.498341E-1	1.862442E+1
6.916190E+2	3.506100E+2	3.306808E+1	5.157894E+0	3.924200E-6	NaN	3.924200E-5	5.498774E-1	1.861168E+1
6.946340E+2	3.508700E+2	3.304358E+1	5.172187E+0	3.979100E-6	NaN	3.979100E-5	5.499170E-1	1.859882E+1
6.977000E+2	3.511200E+2	3.302005E+1	5.185500E+0	4.033400E-6	NaN	4.033400E-5	5.499674E-1	1.858631E+1
7.008730E+2	3.514500E+2	3.298905E+1	5.175715E+0	4.090600E-6	NaN	4.090600E-5	5.500507E-1	1.857493E+1
7.040900E+2	3.517000E+2	3.296560E+1	5.214974E+0	4.147900E-6	NaN	4.147900E-5	5.499970E-1	1.855863E+1
7.071180E+2	3.519500E+2	3.294218E+1	5.222757E+0	4.202800E-6	NaN	4.202800E-5	5.499430E-1	1.854250E+1
7.101180E+2	3.521900E+2	3.291973E+1	5.218490E+0	4.256600E-6	NaN	4.256600E-5	5.499478E-1	1.852837E+1
7.135780E+2	3.524500E+2	3.289545E+1	5.201040E+0	4.318900E-6	NaN	4.318900E-5	5.499672E-1	1.851484E+1
7.164870E+2	3.526900E+2	3.287306E+1	5.157103E+0	4.372600E-6	NaN	4.372600E-5	5.500456E-1	1.850334E+1
7.193530E+2	3.529400E+2	3.284978E+1	5.113578E+0	4.425600E-6	NaN	4.425600E-5	5.501517E-1	1.849283E+1
7.222800E+2	3.531800E+2	3.282745E+1	5.068663E+0	4.480200E-6	NaN	4.480200E-5	5.502111E-1	1.848082E+1
7.252990E+2	3.534300E+2	3.280423E+1	5.019352E+0	4.536800E-6	NaN	4.536800E-5	5.503325E-1	1.847090E+1
7.283770E+2	3.536800E+2	3.278105E+1	4.991557E+0	4.596700E-6	NaN	4.596700E-5	5.504720E-1	1.846162E+1
7.315660E+2	3.539300E+2	3.275789E+1	4.957910E+0	4.658700E-6	NaN	4.658700E-5	5.505953E-1	1.845190E+1
7.344470E+2	3.541800E+2	3.273477E+1	4.918825E+0	4.715600E-6	NaN	4.715600E-5	5.507896E-1	1.844459E+1
7.374570E+2	3.544400E+2	3.271075E+1	4.883870E+0	4.775500E-6	NaN	4.775500E-5	5.509402E-1	1.843583E+1
7.406090E+2	3.546900E+2	3.268770E+1	4.915759E+0	4.838600E-6	NaN	4.838600E-5	5.510608E-1	1.842605E+1
7.436340E+2	3.549400E+2	3.266468E+1	4.930283E+0	4.902100E-6	NaN	4.902100E-5	5.512015E-1	1.841693E+1
7.466320E+2	3.551800E+2	3.264260E+1	4.948541E+0	4.965800E-6	NaN	4.965800E-5	5.513329E-1	1.840753E+1
7.497880E+2	3.554300E+2	3.261964E+1	4.957636E+0	5.032400E-6	NaN	5.032400E-5	5.515501E-1	1.840104E+1
7.527210E+2	3.556900E+2	3.259580E+1	4.938836E+0	5.095200E-6	NaN	5.095200E-5	5.517544E-1	1.839419E+1
7.558010E+2	3.559400E+2	3.257291E+1	4.934957E+0	5.162400E-6	NaN	5.162400E-5	5.517994E-1	1.838213E+1
7.587840E+2	3.561900E+2	3.255004E+1	4.938507E+0	5.228000E-6	NaN	5.228000E-5	5.519231E-1	1.837272E+1
7.617540E+2	3.564600E+2	3.252539E+1	4.944618E+0	5.295600E-6	NaN	5.295600E-5	5.520739E-1	1.836423E+1
7.647650E+2	3.567100E+2	3.250259E+1	4.970704E+0	5.366500E-6	NaN	5.366500E-5	5.521714E-1	1.835394E+1
7.678600E+2	3.569700E+2	3.247892E+1	4.991512E+0	5.436100E-6	NaN	5.436100E-5	5.523650E-1	1.834686E+1
7.707770E+2	3.572200E+2	3.245619E+1	5.000165E+0	5.504600E-6	NaN	5.504600E-5	5.525477E-1	1.833941E+1
7.738080E+2	3.574700E+2	3.243349E+1	5.020845E+0	5.576300E-6	NaN	5.576300E-5	5.527490E-1	1.833259E+1
7.768520E+2	3.577200E+2	3.241082E+1	5.046398E+0	5.648900E-6	NaN	5.648900E-5	5.529377E-1	1.832542E+1
7.800730E+2	3.579800E+2	3.238728E+1	5.057464E+0	5.725000E-6	NaN	5.725000E-5	5.529750E-1	1.831361E+1
7.830810E+2	3.582300E+2	3.236468E+1	5.058569E+0	5.799100E-6	NaN	5.799100E-5	5.530615E-1	1.830341E+1
7.860990E+2	3.585200E+2	3.233850E+1	5.049898E+0	5.874000E-6	NaN	5.874000E-5	5.532153E-1	1.829540E+1
7.891050E+2	3.587800E+2	3.231507E+1	5.057248E+0	5.952500E-6	NaN	5.952500E-5	5.532519E-1	1.828337E+1
7.922220E+2	3.590400E+2	3.229167E+1	5.076922E+0	6.034100E-6	NaN	6.034100E-5	5.533300E-1	1.827269E+1
7.951610E+2	3.593100E+2	3.226740E+1	5.082658E+0	6.111600E-6	NaN	6.111600E-5	5.534660E-1	1.826387E+1
7.981630E+2	3.595700E+2	3.224407E+1	5.099771E+0	6.190900E-6	NaN	6.190900E-5	5.535465E-1	1.825315E+1
8.011670E+2	3.598300E+2	3.222077E+1	5.132335E+0	6.272300E-6	NaN	6.272300E-5	5.535476E-1	1.823988E+1
8.042610E+2	3.600900E+2	3.219751E+1	5.161140E+0	6.355800E-6	NaN	6.355800E-5	5.535905E-1	1.822796E+1
8.074120E+2	3.603400E+2	3.217517E+1	5.181295E+0	6.443400E-6	NaN	6.443400E-5	5.536308E-1	1.821596E+1
8.104320E+2	3.606100E+2	3.215108E+1	5.186260E+0	6.523900E-6	NaN	6.523900E-5	5.537539E-1	1.820671E+1
8.134420E+2	3.608700E+2	3.212791E+1	5.193754E+0	6.605400E-6	NaN	6.605400E-5	5.537927E-1	1.819466E+1
8.167470E+2	3.611100E+2	3.210656E+1	5.192872E+0	6.696900E-6	NaN	6.696900E-5	5.538240E-1	1.818232E+1
8.198460E+2	3.613600E+2	3.208435E+1	5.142188E+0	6.780100E-6	NaN	6.780100E-5	5.539552E-1	1.817334E+1
8.228810E+2	3.615900E+2	3.206394E+1	5.075308E+0	6.864800E-6	NaN	6.864800E-5	5.543873E-1	1.817389E+1
8.257680E+2	3.618300E+2	3.204267E+1	5.017022E+0	6.944700E-6	NaN	6.944700E-5	5.547853E-1	1.817345E+1
8.287760E+2	3.620700E+2	3.202143E+1	4.966691E+0	7.027800E-6	NaN	7.027800E-5	5.552490E-1	1.817515E+1
8.319200E+2	3.623300E+2	3.199845E+1	4.909577E+0	7.116100E-6	NaN	7.116100E-5	5.553560E-1	1.816559E+1
8.351900E+2	3.626500E+2	3.197022E+1	4.875023E+0	7.208500E-6	NaN	7.208500E-5	5.553996E-1	1.815396E+1
8.381610E+2	3.629000E+2	3.194820E+1	4.891042E+0	7.294700E-6	NaN	7.294700E-5	5.552729E-1	1.813648E+1
8.413220E+2	3.631500E+2	3.192620E+1	4.917635E+0	7.385900E-6	NaN	7.385900E-5	5.552476E-1	1.812228E+1
8.445920E+2	3.633900E+2	3.190512E+1	4.938053E+0	7.482900E-6	NaN	7.482900E-5	5.552496E-1	1.810899E+1
8.477110E+2	3.636400E+2	3.188318E+1	4.926894E+0	7.577700E-6	NaN	7.577700E-5	5.553666E-1	1.809949E+1
8.507990E+2	3.639000E+2	3.186040E+1	4.931013E+0	7.673200E-6	NaN	7.673200E-5	5.554437E-1	1.808877E+1
8.540240E+2	3.641700E+2	3.183678E+1	4.955580E+0	7.772300E-6	NaN	7.772300E-5	5.555171E-1	1.807792E+1
8.571250E+2	3.644200E+2	3.181494E+1	4.961083E+0	7.871400E-6	NaN	7.871400E-5	5.555510E-1	1.806575E+1
8.601030E+2	3.646800E+2	3.179226E+1	4.959363E+0	7.967500E-6	NaN	7.967500E-5	5.556196E-1	1.805480E+1
8.630670E+2	3.649300E+2	3.177048E+1	4.952852E+0	8.065500E-6	NaN	8.065500E-5	5.556536E-1	1.804271E+1
8.662510E+2	3.651800E+2	3.174873E+1	4.949216E+0	8.170000E-6	NaN	8.170000E-5	5.557037E-1	1.803121E+1
8.693530E+2	3.655200E+2	3.171919E+1	4.925936E+0	8.273700E-6	NaN	8.273700E-5	5.558681E-1	1.802347E+1
8.724590E+2	3.657600E+2	3.169838E+1	4.962588E+0	8.375500E-6	NaN	8.375500E-5	5.557926E-1	1.800766E+1
8.756640E+2	3.660100E+2	3.167673E+1	5.018011E+0	8.485300E-6	NaN	8.485300E-5	5.556960E-1	1.799138E+1
8.787540E+2	3.662800E+2	3.165338E+1	5.062928E+0	8.589900E-6	NaN	8.589900E-5	5.557036E-1	1.797855E+1
8.817690E+2	3.665300E+2	3.163179E+1	5.107547E+0	8.692300E-6	NaN	8.692300E-5	5.556852E-1	1.796486E+1
8.848310E+2	3.667800E+2	3.161023E+1	5.120819E+0	8.800100E-6	NaN	8.800100E-5	5.556998E-1	1.795227E+1
8.877120E+2	3.670200E+2	3.158956E+1	5.115842E+0	8.899200E-6	NaN	8.899200E-5	5.555135E-1	1.793357E+1
8.907160E+2	3.672700E+2	3.156806E+1	5.107241E+0	9.004400E-6	NaN	9.004400E-5	5.553721E-1	1.791638E+1
8.938850E+2	3.675300E+2	3.154572E+1	5.093304E+0	9.119300E-6	NaN	9.119300E-5	5.552299E-1	1.789922E+1
8.968750E+2	3.677800E+2	3.152428E+1	5.062773E+0	9.228100E-6	NaN	9.228100E-5	5.551284E-1	1.788335E+1
8.999160E+2	3.680400E+2	3.150201E+1	5.036980E+0	9.339600E-6	NaN	9.339600E-5	5.551034E-1	1.787001E+1
9.030670E+2	3.683200E+2	3.147806E+1	5.013556E+0	9.463400E-6	NaN	9.463400E-5	5.550531E-1	1.785582E+1
9.061510E+2	3.685800E+2	3.145586E+1	4.983920E+0	9.583300E-6	NaN	9.583300E-5	5.549335E-1	1.783936E+1
9.092370E+2	3.688500E+2	3.143283E+1	5.020147E+0	9.706300E-6	NaN	9.706300E-5	5.548260E-1	1.782327E+1
9.122880E+2	3.691000E+2	3.141154E+1	5.050090E+0	9.830900E-6	NaN	9.830900E-5	5.546935E-1	1.780637E+1
9.153230E+2	3.693600E+2	3.138943E+1	5.057777E+0	9.955300E-6	NaN	9.955300E-5	5.546473E-1	1.779229E+1
9.184150E+2	3.696300E+2	3.136650E+1	5.076590E+0	1.008390E-5	NaN	1.008390E-4	5.546632E-1	1.778020E+1
9.215780E+2	3.698800E+2	3.134530E+1	5.099015E+0	1.021430E-5	NaN	1.021430E-4	5.546351E-1	1.776669E+1
9.246820E+2	3.701400E+2	3.132328E+1	5.100034E+0	1.034130E-5	NaN	1.034130E-4	5.546296E-1	1.775399E+1
9.277560E+2	3.704100E+2	3.130045E+1	5.097136E+0	1.046940E-5	NaN	1.046940E-4	5.546525E-1	1.774220E+1
9.308760E+2	3.706600E+2	3.127934E+1	5.099147E+0	1.059840E-5	NaN	1.059840E-4	5.546639E-1	1.773001E+1
9.338320E+2	3.709100E+2	3.125826E+1	5.082668E+0	1.072350E-5	NaN	1.072350E-4	5.547587E-1	1.772046E+1
9.370080E+2	3.712300E+2	3.123131E+1	5.063535E+0	1.085400E-5	NaN	1.085400E-4	5.548962E-1	1.771229E+1
9.402090E+2	3.714800E+2	3.121029E+1	5.084671E+0	1.098760E-5	NaN	1.098760E-4	5.547639E-1	1.769532E+1
9.432740E+2	3.717200E+2	3.119014E+1	5.095049E+0	1.111710E-5	NaN	1.111710E-4	5.547049E-1	1.768073E+1
9.462560E+2	3.719600E+2	3.117002E+1	5.087737E+0	1.124160E-5	NaN	1.124160E-4	5.546816E-1	1.766735E+1
9.492360E+2	3.722000E+2	3.114992E+1	5.079301E+0	1.136790E-5	NaN	1.136790E-4	5.545932E-1	1.765204E+1
9.522720E+2	3.724600E+2	3.112817E+1	5.057744E+0	1.149870E-5	NaN	1.149870E-4	5.545536E-1	1.763832E+1
9.557670E+2	3.727000E+2	3.110813E+1	5.044718E+0	1.164790E-5	NaN	1.164790E-4	5.544499E-1	1.762259E+1
9.589760E+2	3.729400E+2	3.108811E+1	5.000504E+0	1.178780E-5	NaN	1.178780E-4	5.544665E-1	1.761076E+1
9.621270E+2	3.731900E+2	3.106728E+1	4.929887E+0	1.192830E-5	NaN	1.192830E-4	5.545651E-1	1.760158E+1
9.651260E+2	3.734400E+2	3.104649E+1	4.859777E+0	1.206150E-5	NaN	1.206150E-4	5.547076E-1	1.759379E+1
9.681480E+2	3.736900E+2	3.102572E+1	4.811884E+0	1.220290E-5	NaN	1.220290E-4	5.548393E-1	1.758566E+1
9.713540E+2	3.740200E+2	3.099834E+1	4.765425E+0	1.234670E-5	NaN	1.234670E-4	5.550027E-1	1.757853E+1
9.747130E+2	3.742800E+2	3.097681E+1	4.778248E+0	1.250470E-5	NaN	1.250470E-4	5.547821E-1	1.755911E+1
9.781220E+2	3.746200E+2	3.094869E+1	4.827765E+0	1.266580E-5	NaN	1.266580E-4	5.546395E-1	1.754220E+1
9.819650E+2	3.748600E+2	3.092888E+1	4.916610E+0	1.285120E-5	NaN	1.285120E-4	5.543394E-1	1.752005E+1
9.853600E+2	3.752000E+2	3.090085E+1	4.934217E+0	1.301890E-5	NaN	1.301890E-4	5.542543E-1	1.750492E+1
9.885460E+2	3.754400E+2	3.088110E+1	4.996639E+0	1.317980E-5	NaN	1.317980E-4	5.539724E-1	1.748335E+1
9.917170E+2	3.757000E+2	3.085973E+1	5.034201E+0	1.333730E-5	NaN	1.333730E-4	5.538039E-1	1.746551E+1
9.949500E+2	3.759500E+2	3.083921E+1	5.078860E+0	1.350230E-5	NaN	1.350230E-4	5.536633E-1	1.744861E+1
9.982300E+2	3.762200E+2	3.081708E+1	5.073135E+0	1.367210E-5	NaN	1.367210E-4	5.536915E-1	1.743708E+1
1.001503E+3	3.764800E+2	3.079579E+1	5.045380E+0	1.384580E-5	NaN	1.384580E-4	5.536665E-1	1.742396E+1
1.004616E+3	3.767400E+2	3.077454E+1	4.998333E+0	1.401290E-5	NaN	1.401290E-4	5.536688E-1	1.741177E+1
1.007691E+3	3.770000E+2	3.075332E+1	4.950581E+0	1.417990E-5	NaN	1.417990E-4	5.538301E-1	1.740453E+1
1.010692E+3	3.773500E+2	3.072479E+1	4.900935E+0	1.434920E-5	NaN	1.434920E-4	5.540003E-1	1.739759E+1
1.013803E+3	3.776200E+2	3.070282E+1	4.969311E+0	1.452800E-5	NaN	1.452800E-4	5.539641E-1	1.738375E+1
1.016889E+3	3.778800E+2	3.068170E+1	5.024142E+0	1.470490E-5	NaN	1.470490E-4	5.539394E-1	1.737024E+1
1.020226E+3	3.781600E+2	3.065898E+1	5.122847E+0	1.489630E-5	NaN	1.489630E-4	5.539654E-1	1.735832E+1
1.023155E+3	3.784100E+2	3.063873E+1	5.148921E+0	1.506810E-5	NaN	1.506810E-4	5.540080E-1	1.734692E+1
1.026053E+3	3.786700E+2	3.061769E+1	5.214534E+0	1.523760E-5	NaN	1.523760E-4	5.538654E-1	1.733005E+1
1.029116E+3	3.789200E+2	3.059749E+1	5.264789E+0	1.541600E-5	NaN	1.541600E-4	5.536647E-1	1.731141E+1
1.032352E+3	3.791700E+2	3.057731E+1	5.294510E+0	1.560050E-5	NaN	1.560050E-4	5.535168E-1	1.729449E+1
1.035205E+3	3.794100E+2	3.055797E+1	5.277206E+0	1.576720E-5	NaN	1.576720E-4	5.535280E-1	1.728256E+1
1.038218E+3	3.796600E+2	3.053785E+1	5.244668E+0	1.594090E-5	NaN	1.594090E-4	5.535690E-1	1.727161E+1
1.041151E+3	3.798900E+2	3.051936E+1	5.184110E+0	1.610970E-5	NaN	1.610970E-4	5.535922E-1	1.726016E+1
1.044387E+3	3.801400E+2	3.049929E+1	5.096354E+0	1.629800E-5	NaN	1.629800E-4	5.536209E-1	1.724905E+1
1.047539E+3	3.803800E+2	3.048005E+1	4.981206E+0	1.648300E-5	NaN	1.648300E-4	5.537333E-1	1.724056E+1
1.050580E+3	3.806300E+2	3.046003E+1	4.926885E+0	1.666010E-5	NaN	1.666010E-4	5.538609E-1	1.723263E+1
1.053717E+3	3.808700E+2	3.044083E+1	4.885294E+0	1.684800E-5	NaN	1.684800E-4	5.539719E-1	1.722418E+1
1.057139E+3	3.811200E+2	3.042086E+1	4.837630E+0	1.705210E-5	NaN	1.705210E-4	5.541920E-1	1.721914E+1
1.060214E+3	3.814500E+2	3.039455E+1	4.777987E+0	1.724210E-5	NaN	1.724210E-4	5.541942E-1	1.720770E+1
1.063449E+3	3.816900E+2	3.037544E+1	4.795915E+0	1.744070E-5	NaN	1.744070E-4	5.539835E-1	1.718934E+1
1.066398E+3	3.819400E+2	3.035555E+1	4.813553E+0	1.763050E-5	NaN	1.763050E-4	5.539170E-1	1.717552E+1
1.069494E+3	3.822100E+2	3.033411E+1	4.841675E+0	1.782620E-5	NaN	1.782620E-4	5.537840E-1	1.715973E+1
1.072499E+3	3.824600E+2	3.031428E+1	4.873093E+0	1.802230E-5	NaN	1.802230E-4	5.535797E-1	1.714169E+1
1.075869E+3	3.827100E+2	3.029448E+1	4.912502E+0	1.824500E-5	NaN	1.824500E-4	5.534028E-1	1.712453E+1
1.078880E+3	3.829600E+2	3.027470E+1	4.936375E+0	1.844300E-5	NaN	1.844300E-4	5.533046E-1	1.710982E+1
1.082119E+3	3.832100E+2	3.025495E+1	4.958827E+0	1.866450E-5	NaN	1.866450E-4	5.531797E-1	1.709429E+1
1.085119E+3	3.834700E+2	3.023444E+1	4.959440E+0	1.887080E-5	NaN	1.887080E-4	5.531510E-1	1.708178E+1
1.088163E+3	3.837200E+2	3.021474E+1	4.957621E+0	1.908120E-5	NaN	1.908120E-4	5.530898E-1	1.706823E+1
1.091266E+3	3.839700E+2	3.019507E+1	4.955643E+0	1.929500E-5	NaN	1.929500E-4	5.530129E-1	1.705424E+1
1.094277E+3	3.842400E+2	3.017385E+1	4.933893E+0	1.950470E-5	NaN	1.950470E-4	5.529428E-1	1.704056E+1
1.097329E+3	3.844900E+2	3.015423E+1	4.899483E+0	1.972190E-5	NaN	1.972190E-4	5.528208E-1	1.702523E+1
1.100467E+3	3.848100E+2	3.012915E+1	4.923209E+0	1.994180E-5	NaN	1.994180E-4	5.527122E-1	1.701039E+1
1.103723E+3	3.850500E+2	3.011038E+1	4.971810E+0	2.017360E-5	NaN	2.017360E-4	5.524681E-1	1.699112E+1
1.106910E+3	3.853000E+2	3.009084E+1	4.996273E+0	2.040290E-5	NaN	2.040290E-4	5.523439E-1	1.697564E+1
1.109945E+3	3.855500E+2	3.007133E+1	5.019682E+0	2.062300E-5	NaN	2.062300E-4	5.522720E-1	1.696183E+1
1.112993E+3	3.858000E+2	3.005184E+1	5.044624E+0	2.083660E-5	NaN	2.083660E-4	5.522878E-1	1.695070E+1
1.116122E+3	3.860700E+2	3.003082E+1	5.043124E+0	2.106600E-5	NaN	2.106600E-4	5.522877E-1	1.693910E+1
1.119253E+3	3.863300E+2	3.001061E+1	5.048278E+0	2.130700E-5	NaN	2.130700E-4	5.522177E-1	1.692535E+1
1.122328E+3	3.865900E+2	2.999043E+1	5.034346E+0	2.154300E-5	NaN	2.154300E-4	5.522165E-1	1.691367E+1
1.125583E+3	3.869400E+2	2.996330E+1	5.028595E+0	2.180500E-5	NaN	2.180500E-4	5.522191E-1	1.690207E+1
1.128945E+3	3.872000E+2	2.994318E+1	5.075513E+0	2.207400E-5	NaN	2.207400E-4	5.517777E-1	1.687682E+1
1.131954E+3	3.874600E+2	2.992309E+1	5.086071E+0	2.232500E-5	NaN	2.232500E-4	5.514814E-1	1.685603E+1
1.135331E+3	3.877300E+2	2.990225E+1	5.107896E+0	2.260900E-5	NaN	2.260900E-4	5.512536E-1	1.683732E+1
1.138504E+3	3.879800E+2	2.988298E+1	5.106611E+0	2.286700E-5	NaN	2.286700E-4	5.511205E-1	1.682145E+1
1.141593E+3	3.882600E+2	2.986143E+1	5.135395E+0	2.312300E-5	NaN	2.312300E-4	5.510508E-1	1.680750E+1
1.144629E+3	3.885100E+2	2.984222E+1	5.153402E+0	2.338300E-5	NaN	2.338300E-4	5.508761E-1	1.679032E+1
1.147910E+3	3.888400E+2	2.981689E+1	5.148932E+0	2.365500E-5	NaN	2.365500E-4	5.508984E-1	1.677909E+1
1.151213E+3	3.890900E+2	2.979773E+1	5.174200E+0	2.392600E-5	NaN	2.392600E-4	5.508111E-1	1.676420E+1
1.154506E+3	3.893300E+2	2.977936E+1	5.161095E+0	2.420300E-5	NaN	2.420300E-4	5.508315E-1	1.675260E+1
1.157646E+3	3.895700E+2	2.976102E+1	5.117065E+0	2.446100E-5	NaN	2.446100E-4	5.509410E-1	1.674377E+1
1.160689E+3	3.898100E+2	2.974270E+1	5.049114E+0	2.471600E-5	NaN	2.471600E-4	5.511129E-1	1.673683E+1
1.163933E+3	3.900700E+2	2.972287E+1	4.969224E+0	2.498500E-5	NaN	2.498500E-4	5.510262E-1	1.672237E+1
1.166951E+3	3.903100E+2	2.970459E+1	4.945995E+0	2.524100E-5	NaN	2.524100E-4	5.509971E-1	1.670964E+1
1.170124E+3	3.906300E+2	2.968026E+1	4.906023E+0	2.550200E-5	NaN	2.550200E-4	5.507490E-1	1.669063E+1
1.173335E+3	3.908700E+2	2.966204E+1	4.921091E+0	2.578300E-5	NaN	2.578300E-4	5.505455E-1	1.667265E+1
1.176380E+3	3.911100E+2	2.964383E+1	4.908281E+0	2.604200E-5	NaN	2.604200E-4	5.502151E-1	1.665121E+1
1.179476E+3	3.913600E+2	2.962490E+1	4.876517E+0	2.631800E-5	NaN	2.631800E-4	5.499955E-1	1.663315E+1
1.182604E+3	3.916100E+2	2.960599E+1	4.861387E+0	2.659500E-5	NaN	2.659500E-4	5.497942E-1	1.661569E+1
1.185822E+3	3.918800E+2	2.958559E+1	4.842772E+0	2.688600E-5	NaN	2.688600E-4	5.496808E-1	1.660089E+1
1.188983E+3	3.921300E+2	2.956673E+1	4.884366E+0	2.718100E-5	NaN	2.718100E-4	5.495687E-1	1.658614E+1
1.191895E+3	3.923800E+2	2.954789E+1	4.910224E+0	2.745000E-5	NaN	2.745000E-4	5.495793E-1	1.657513E+1
1.195256E+3	3.927200E+2	2.952231E+1	4.925684E+0	2.776900E-5	NaN	2.776900E-4	5.495793E-1	1.656382E+1
1.198544E+3	3.929700E+2	2.950352E+1	4.975732E+0	2.808500E-5	NaN	2.808500E-4	5.493982E-1	1.654681E+1
1.201674E+3	3.932200E+2	2.948477E+1	4.993976E+0	2.838600E-5	NaN	2.838600E-4	5.489895E-1	1.652338E+1
1.204620E+3	3.934700E+2	2.946603E+1	4.994390E+0	2.867000E-5	NaN	2.867000E-4	5.486339E-1	1.650166E+1
1.207841E+3	3.937200E+2	2.944732E+1	4.987385E+0	2.898600E-5	NaN	2.898600E-4	5.482910E-1	1.648040E+1
1.210916E+3	3.939800E+2	2.942789E+1	5.012228E+0	2.928600E-5	NaN	2.928600E-4	5.480411E-1	1.646208E+1
1.213998E+3	3.942300E+2	2.940923E+1	5.022952E+0	2.959500E-5	NaN	2.959500E-4	5.477885E-1	1.644370E+1
1.217094E+3	3.944800E+2	2.939059E+1	5.019846E+0	2.991100E-5	NaN	2.991100E-4	5.475260E-1	1.642510E+1
1.220252E+3	3.947300E+2	2.937198E+1	5.005943E+0	3.022600E-5	NaN	3.022600E-4	5.473384E-1	1.640880E+1
1.223311E+3	3.949800E+2	2.935338E+1	4.974872E+0	3.054000E-5	NaN	3.054000E-4	5.472385E-1	1.639516E+1
1.226425E+3	3.952400E+2	2.933408E+1	4.944009E+0	3.086600E-5	NaN	3.086600E-4	5.471495E-1	1.638184E+1
1.229490E+3	3.955000E+2	2.931479E+1	4.904860E+0	3.119200E-5	NaN	3.119200E-4	5.470543E-1	1.636835E+1
1.232680E+3	3.958600E+2	2.928813E+1	4.875712E+0	3.153300E-5	NaN	3.153300E-4	5.469841E-1	1.635553E+1
1.235874E+3	3.961500E+2	2.926669E+1	4.972403E+0	3.188800E-5	NaN	3.188800E-4	5.466646E-1	1.633492E+1
1.239049E+3	3.964000E+2	2.924823E+1	5.062872E+0	3.224700E-5	NaN	3.224700E-4	5.463718E-1	1.631500E+1
1.242114E+3	3.966600E+2	2.922906E+1	5.122876E+0	3.259100E-5	NaN	3.259100E-4	5.461556E-1	1.629743E+1
1.245440E+3	3.969200E+2	2.920992E+1	5.181600E+0	3.296400E-5	NaN	3.296400E-4	5.460165E-1	1.628214E+1
1.248495E+3	3.971700E+2	2.919153E+1	5.201510E+0	3.331000E-5	NaN	3.331000E-4	5.460544E-1	1.627211E+1
1.251490E+3	3.974200E+2	2.917317E+1	5.212648E+0	3.365100E-5	NaN	3.365100E-4	5.458506E-1	1.625520E+1
1.254775E+3	3.976700E+2	2.915483E+1	5.211124E+0	3.401700E-5	NaN	3.401700E-4	5.457406E-1	1.624109E+1
1.257809E+3	3.979900E+2	2.913139E+1	5.175966E+0	3.436000E-5	NaN	3.436000E-4	5.456900E-1	1.622877E+1
1.261054E+3	3.982500E+2	2.911237E+1	5.172447E+0	3.471400E-5	NaN	3.471400E-4	5.453536E-1	1.620783E+1
1.264121E+3	3.984800E+2	2.909556E+1	5.139622E+0	3.505700E-5	NaN	3.505700E-4	5.450163E-1	1.618687E+1
1.267357E+3	3.987200E+2	2.907805E+1	5.072065E+0	3.542100E-5	NaN	3.542100E-4	5.448593E-1	1.617135E+1
1.270400E+3	3.989600E+2	2.906056E+1	4.972998E+0	3.576300E-5	NaN	3.576300E-4	5.447675E-1	1.615782E+1
1.273410E+3	3.991900E+2	2.904381E+1	4.937316E+0	3.610100E-5	NaN	3.610100E-4	5.447813E-1	1.614745E+1
1.276387E+3	3.994400E+2	2.902564E+1	4.912850E+0	3.644300E-5	NaN	3.644300E-4	5.448035E-1	1.613741E+1
1.279544E+3	3.996900E+2	2.900748E+1	4.888601E+0	3.680700E-5	NaN	3.680700E-4	5.448183E-1	1.612713E+1
1.282652E+3	3.999300E+2	2.899007E+1	4.868003E+0	3.716900E-5	NaN	3.716900E-4	5.448765E-1	1.611811E+1
1.285736E+3	4.002000E+2	2.897051E+1	4.830597E+0	3.754400E-5	NaN	3.754400E-4	5.448973E-1	1.610807E+1
1.288707E+3	4.004600E+2	2.895171E+1	4.810717E+0	3.790400E-5	NaN	3.790400E-4	5.449023E-1	1.609747E+1
1.291940E+3	4.007100E+2	2.893364E+1	4.809359E+0	3.830300E-5	NaN	3.830300E-4	5.446277E-1	1.607882E+1
1.294936E+3	4.009700E+2	2.891488E+1	4.781955E+0	3.868200E-5	NaN	3.868200E-4	5.445168E-1	1.606496E+1
1.298334E+3	4.013100E+2	2.889038E+1	4.829358E+0	3.910500E-5	NaN	3.910500E-4	5.444323E-1	1.605182E+1
1.301364E+3	4.015600E+2	2.887240E+1	4.927277E+0	3.948500E-5	NaN	3.948500E-4	5.441538E-1	1.603270E+1
1.304425E+3	4.018100E+2	2.885443E+1	5.005917E+0	3.989000E-5	NaN	3.989000E-4	5.438456E-1	1.601271E+1
1.307620E+3	4.020700E+2	2.883577E+1	5.056928E+0	4.030500E-5	NaN	4.030500E-4	5.435355E-1	1.599275E+1
1.310618E+3	4.023300E+2	2.881714E+1	5.090826E+0	4.069500E-5	NaN	4.069500E-4	5.432782E-1	1.597435E+1
1.313932E+3	4.025700E+2	2.879996E+1	5.113121E+0	4.112300E-5	NaN	4.112300E-4	5.429849E-1	1.595488E+1
1.317299E+3	4.029000E+2	2.877637E+1	5.104849E+0	4.155600E-5	NaN	4.155600E-4	5.425543E-1	1.593178E+1
1.320489E+3	4.031400E+2	2.875924E+1	5.121313E+0	4.197200E-5	NaN	4.197200E-4	5.420362E-1	1.590590E+1
1.323529E+3	4.033900E+2	2.874142E+1	5.093699E+0	4.237300E-5	NaN	4.237300E-4	5.416099E-1	1.588282E+1
1.326677E+3	4.036300E+2	2.872433E+1	5.067935E+0	4.278400E-5	NaN	4.278400E-4	5.412884E-1	1.586287E+1
1.329729E+3	4.038700E+2	2.870726E+1	5.031434E+0	4.318800E-5	NaN	4.318800E-4	5.410819E-1	1.584634E+1
1.333001E+3	4.041400E+2	2.868808E+1	4.967354E+0	4.362400E-5	NaN	4.362400E-4	5.408428E-1	1.582899E+1
1.336061E+3	4.043800E+2	2.867105E+1	4.908176E+0	4.403700E-5	NaN	4.403700E-4	5.406439E-1	1.581277E+1
1.339299E+3	4.046400E+2	2.865263E+1	4.887765E+0	4.447700E-5	NaN	4.447700E-4	5.402757E-1	1.579191E+1
1.342441E+3	4.049000E+2	2.863423E+1	4.867723E+0	4.492600E-5	NaN	4.492600E-4	5.399907E-1	1.577346E+1
1.345492E+3	4.051600E+2	2.861586E+1	4.852441E+0	4.537900E-5	NaN	4.537900E-4	5.398507E-1	1.575921E+1
1.348725E+3	4.055200E+2	2.859045E+1	4.846056E+0	4.586700E-5	NaN	4.586700E-4	5.397811E-1	1.574696E+1
1.351804E+3	4.057900E+2	2.857143E+1	4.923566E+0	4.634100E-5	NaN	4.634100E-4	5.394969E-1	1.572810E+1
1.355024E+3	4.060500E+2	2.855313E+1	4.977887E+0	4.682700E-5	NaN	4.682700E-4	5.392347E-1	1.570990E+1
1.358313E+3	4.063300E+2	2.853346E+1	5.060822E+0	4.733700E-5	NaN	4.733700E-4	5.390602E-1	1.569424E+1
1.361397E+3	4.065900E+2	2.851521E+1	5.124273E+0	4.781600E-5	NaN	4.781600E-4	5.386580E-1	1.567216E+1
1.364329E+3	4.068500E+2	2.849699E+1	5.181936E+0	4.827800E-5	NaN	4.827800E-4	5.383756E-1	1.565354E+1
1.367499E+3	4.071000E+2	2.847949E+1	5.226373E+0	4.876900E-5	NaN	4.876900E-4	5.380925E-1	1.563489E+1
1.370578E+3	4.073500E+2	2.846201E+1	5.237772E+0	4.923100E-5	NaN	4.923100E-4	5.379002E-1	1.561893E+1
1.373765E+3	4.075900E+2	2.844525E+1	5.230762E+0	4.971200E-5	NaN	4.971200E-4	5.377344E-1	1.560375E+1
1.376875E+3	4.079000E+2	2.842363E+1	5.181330E+0	5.017400E-5	NaN	5.017400E-4	5.376193E-1	1.559015E+1
1.380098E+3	4.081600E+2	2.840553E+1	5.151223E+0	5.065100E-5	NaN	5.065100E-4	5.373650E-1	1.557234E+1
1.383134E+3	4.083900E+2	2.838953E+1	5.095699E+0	5.111200E-5	NaN	5.111200E-4	5.370653E-1	1.555323E+1
1.386102E+3	4.085500E+2	2.837841E+1	5.011668E+0	5.154400E-5	NaN	5.154400E-4	5.366121E-1	1.553004E+1
1.388984E+3	4.087900E+2	2.836175E+1	4.930172E+0	5.198400E-5	NaN	5.198400E-4	5.364724E-1	1.551620E+1
1.391984E+3	4.090300E+2	2.834511E+1	4.870918E+0	5.242500E-5	NaN	5.242500E-4	5.363379E-1	1.550252E+1
1.394961E+3	4.093600E+2	2.832226E+1	4.809193E+0	5.288200E-5	NaN	5.288200E-4	5.361453E-1	1.548719E+1
1.398240E+3	4.096000E+2	2.830566E+1	4.826876E+0	5.339100E-5	NaN	5.339100E-4	5.357223E-1	1.546495E+1
1.401200E+3	4.098300E+2	2.828978E+1	4.826766E+0	5.386200E-5	NaN	5.386200E-4	5.353508E-1	1.544428E+1
1.404326E+3	4.101000E+2	2.827115E+1	4.835749E+0	5.436800E-5	NaN	5.436800E-4	5.350489E-1	1.542567E+1
1.407486E+3	4.103600E+2	2.825324E+1	4.852451E+0	5.488600E-5	NaN	5.488600E-4	5.347521E-1	1.540716E+1
1.410604E+3	4.106100E+2	2.823604E+1	4.870604E+0	5.540200E-5	NaN	5.540200E-4	5.344966E-1	1.538980E+1
1.413751E+3	4.108700E+2	2.821817E+1	4.867640E+0	5.592200E-5	NaN	5.592200E-4	5.342949E-1	1.537398E+1
1.416858E+3	4.111200E+2	2.820101E+1	4.915433E+0	5.644800E-5	NaN	5.644800E-4	5.341064E-1	1.535854E+1
1.420180E+3	4.113700E+2	2.818387E+1	4.962003E+0	5.702800E-5	NaN	5.702800E-4	5.339584E-1	1.534427E+1
1.423326E+3	4.117100E+2	2.816060E+1	4.981252E+0	5.756600E-5	NaN	5.756600E-4	5.335951E-1	1.532419E+1
1.426698E+3	4.119800E+2	2.814214E+1	4.997755E+0	5.816100E-5	NaN	5.816100E-4	5.329324E-1	1.529539E+1
1.429716E+3	4.122300E+2	2.812508E+1	4.997955E+0	5.869400E-5	NaN	5.869400E-4	5.324291E-1	1.527115E+1
1.432855E+3	4.124800E+2	2.810803E+1	4.982015E+0	5.923300E-5	NaN	5.923300E-4	5.319627E-1	1.524804E+1
1.436209E+3	4.127200E+2	2.809168E+1	5.020317E+0	5.982400E-5	NaN	5.982400E-4	5.316096E-1	1.522823E+1
1.439264E+3	4.129600E+2	2.807536E+1	5.005849E+0	6.036200E-5	NaN	6.036200E-4	5.314257E-1	1.521333E+1
1.442524E+3	4.132900E+2	2.805294E+1	4.972937E+0	6.092400E-5	NaN	6.092400E-4	5.313019E-1	1.520018E+1
1.445689E+3	4.135300E+2	2.803666E+1	4.995911E+0	6.148500E-5	NaN	6.148500E-4	5.310404E-1	1.518287E+1
1.448832E+3	4.137700E+2	2.802040E+1	4.997889E+0	6.204300E-5	NaN	6.204300E-4	5.306079E-1	1.516096E+1
1.451952E+3	4.140400E+2	2.800213E+1	4.977492E+0	6.260400E-5	NaN	6.260400E-4	5.302225E-1	1.514049E+1
1.455072E+3	4.143000E+2	2.798455E+1	4.965667E+0	6.317300E-5	NaN	6.317300E-4	5.298552E-1	1.512046E+1
1.458195E+3	4.145600E+2	2.796700E+1	4.947673E+0	6.376400E-5	NaN	6.376400E-4	5.295597E-1	1.510245E+1
1.461437E+3	4.148300E+2	2.794880E+1	4.906899E+0	6.440200E-5	NaN	6.440200E-4	5.292984E-1	1.508538E+1
1.464607E+3	4.151100E+2	2.792995E+1	4.930363E+0	6.504000E-5	NaN	6.504000E-4	5.291171E-1	1.507052E+1
1.467613E+3	4.153700E+2	2.791246E+1	4.963377E+0	6.565100E-5	NaN	6.565100E-4	5.289080E-1	1.505481E+1
1.470594E+3	4.156500E+2	2.789366E+1	5.005874E+0	6.624100E-5	NaN	6.624100E-4	5.287400E-1	1.504026E+1
1.473446E+3	4.159100E+2	2.787622E+1	5.064228E+0	6.683400E-5	NaN	6.683400E-4	5.285381E-1	1.502464E+1
1.476645E+3	4.161800E+2	2.785814E+1	5.101322E+0	6.748000E-5	NaN	6.748000E-4	5.282848E-1	1.500760E+1
1.479683E+3	4.164300E+2	2.784141E+1	5.117132E+0	6.807600E-5	NaN	6.807600E-4	5.280027E-1	1.498976E+1
1.482760E+3	4.166700E+2	2.782538E+1	5.168462E+0	6.867900E-5	NaN	6.867900E-4	5.278077E-1	1.497439E+1
1.485752E+3	4.169100E+2	2.780936E+1	5.180863E+0	6.926400E-5	NaN	6.926400E-4	5.276429E-1	1.495994E+1
1.488905E+3	4.171500E+2	2.779336E+1	5.159866E+0	6.986000E-5	NaN	6.986000E-4	5.272880E-1	1.494042E+1
1.491871E+3	4.173900E+2	2.777738E+1	5.121307E+0	7.041300E-5	NaN	7.041300E-4	5.269561E-1	1.492159E+1
1.495032E+3	4.177000E+2	2.775676E+1	5.072965E+0	7.101600E-5	NaN	7.101600E-4	5.266389E-1	1.490320E+1
1.498303E+3	4.179500E+2	2.774016E+1	5.055921E+0	7.163400E-5	NaN	7.163400E-4	5.261560E-1	1.487999E+1
1.501435E+3	4.181900E+2	2.772424E+1	5.011840E+0	7.222500E-5	NaN	7.222500E-4	5.256521E-1	1.485624E+1
1.504500E+3	4.184300E+2	2.770834E+1	4.960193E+0	7.282100E-5	NaN	7.282100E-4	5.252726E-1	1.483601E+1
1.507589E+3	4.186700E+2	2.769245E+1	4.904693E+0	7.342000E-5	NaN	7.342000E-4	5.247027E-1	1.481068E+1
1.510679E+3	4.189200E+2	2.767593E+1	4.866095E+0	7.404500E-5	NaN	7.404500E-4	5.242092E-1	1.478753E+1
1.513709E+3	4.191700E+2	2.765942E+1	4.849562E+0	7.466400E-5	NaN	7.466400E-4	5.237123E-1	1.476429E+1
1.516791E+3	4.194200E+2	2.764294E+1	4.846813E+0	7.530300E-5	NaN	7.530300E-4	5.232510E-1	1.474205E+1
1.519766E+3	4.196700E+2	2.762647E+1	4.849390E+0	7.593800E-5	NaN	7.593800E-4	5.228236E-1	1.472073E+1
1.522747E+3	4.199300E+2	2.760936E+1	4.852648E+0	7.658700E-5	NaN	7.658700E-4	5.223780E-1	1.469896E+1
1.525748E+3	4.202000E+2	2.759162E+1	4.867159E+0	7.724400E-5	NaN	7.724400E-4	5.219426E-1	1.467743E+1
1.528619E+3	4.204600E+2	2.757456E+1	4.884913E+0	7.787400E-5	NaN	7.787400E-4	5.214727E-1	1.465490E+1
1.531720E+3	4.207100E+2	2.755818E+1	4.913998E+0	7.854800E-5	NaN	7.854800E-4	5.209770E-1	1.463164E+1
1.534809E+3	4.209700E+2	2.754115E+1	4.979559E+0	7.924000E-5	NaN	7.924000E-4	5.205375E-1	1.460998E+1
1.537986E+3	4.212300E+2	2.752416E+1	5.033846E+0	7.994100E-5	NaN	7.994100E-4	5.198476E-1	1.458162E+1
1.541065E+3	4.214800E+2	2.750783E+1	5.068531E+0	8.063200E-5	NaN	8.063200E-4	5.191871E-1	1.455414E+1
1.544079E+3	4.217200E+2	2.749217E+1	5.084845E+0	8.129300E-5	NaN	8.129300E-4	5.186230E-1	1.452941E+1
1.547112E+3	4.219700E+2	2.747589E+1	5.076381E+0	8.195700E-5	NaN	8.195700E-4	5.181197E-1	1.450650E+1
1.550314E+3	4.222400E+2	2.745832E+1	5.057823E+0	8.266000E-5	NaN	8.266000E-4	5.176427E-1	1.448437E+1
1.553565E+3	4.225600E+2	2.743752E+1	5.037486E+0	8.337300E-5	NaN	8.337300E-4	5.171279E-1	1.446119E+1
1.556728E+3	4.228100E+2	2.742130E+1	5.046079E+0	8.405700E-5	NaN	8.405700E-4	5.165104E-1	1.443497E+1
1.559740E+3	4.230600E+2	2.740510E+1	5.035818E+0	8.472000E-5	NaN	8.472000E-4	5.159179E-1	1.440948E+1
1.562957E+3	4.233200E+2	2.738826E+1	5.026963E+0	8.547200E-5	NaN	8.547200E-4	5.153889E-1	1.438577E+1
1.566039E+3	4.235800E+2	2.737145E+1	5.023059E+0	8.619500E-5	NaN	8.619500E-4	5.146988E-1	1.435776E+1
1.569051E+3	4.238500E+2	2.735402E+1	5.037049E+0	8.691900E-5	NaN	8.691900E-4	5.140008E-1	1.432958E+1
1.572283E+3	4.241100E+2	2.733725E+1	5.057524E+0	8.770100E-5	NaN	8.770100E-4	5.133256E-1	1.430198E+1
1.575272E+3	4.243900E+2	2.731921E+1	5.069420E+0	8.845100E-5	NaN	8.845100E-4	5.129489E-1	1.428247E+1
1.578251E+3	4.246600E+2	2.730184E+1	5.097627E+0	8.918400E-5	NaN	8.918400E-4	5.125039E-1	1.426097E+1
1.581276E+3	4.249200E+2	2.728514E+1	5.129209E+0	8.994000E-5	NaN	8.994000E-4	5.119957E-1	1.423767E+1
1.584299E+3	4.251700E+2	2.726909E+1	5.146471E+0	9.066600E-5	NaN	9.066600E-4	5.111838E-1	1.420619E+1
1.587387E+3	4.254200E+2	2.725307E+1	5.146767E+0	9.142100E-5	NaN	9.142100E-4	5.104599E-1	1.417715E+1
1.590423E+3	4.256600E+2	2.723770E+1	5.130360E+0	9.214000E-5	NaN	9.214000E-4	5.098091E-1	1.415014E+1
1.593423E+3	4.259000E+2	2.722235E+1	5.135479E+0	9.284000E-5	NaN	9.284000E-4	5.091399E-1	1.412272E+1
1.596428E+3	4.261400E+2	2.720702E+1	5.116877E+0	9.353600E-5	NaN	9.353600E-4	5.084769E-1	1.409554E+1
1.599536E+3	4.263900E+2	2.719107E+1	5.085045E+0	9.424800E-5	NaN	9.424800E-4	5.078364E-1	1.406902E+1
1.602649E+3	4.266300E+2	2.717577E+1	5.035313E+0	9.496400E-5	NaN	9.496400E-4	5.071667E-1	1.404172E+1
1.605661E+3	4.268700E+2	2.716049E+1	4.970462E+0	9.567900E-5	NaN	9.567900E-4	5.065385E-1	1.401561E+1
1.608908E+3	4.271100E+2	2.714523E+1	4.914393E+0	9.642000E-5	NaN	9.642000E-4	5.060383E-1	1.399304E+1
1.611893E+3	4.273500E+2	2.712999E+1	4.831948E+0	9.712600E-5	NaN	9.712600E-4	5.052957E-1	1.396406E+1
1.615092E+3	4.275900E+2	2.711476E+1	4.778099E+0	9.789900E-5	NaN	9.789900E-4	5.045999E-1	1.393645E+1
1.618095E+3	4.278400E+2	2.709892E+1	4.736424E+0	9.864300E-5	NaN	9.864300E-4	5.039681E-1	1.391065E+1
1.621174E+3	4.281900E+2	2.707676E+1	4.720621E+0	9.940300E-5	NaN	9.940300E-4	5.033409E-1	1.388498E+1
1.624256E+3	4.284500E+2	2.706033E+1	4.793235E+0	1.001820E-4	NaN	1.001820E-3	5.025396E-1	1.385422E+1
1.627336E+3	4.287100E+2	2.704392E+1	4.868599E+0	1.009860E-4	NaN	1.009860E-3	5.017744E-1	1.382442E+1
1.630328E+3	4.289600E+2	2.702816E+1	4.940343E+0	1.017700E-4	NaN	1.017700E-3	5.007907E-1	1.378885E+1
1.633334E+3	4.292200E+2	2.701179E+1	5.007061E+0	1.025580E-4	NaN	1.025580E-3	4.998910E-1	1.375560E+1
1.636601E+3	4.294700E+2	2.699606E+1	5.074255E+0	1.034250E-4	NaN	1.034250E-3	4.990346E-1	1.372353E+1
1.639605E+3	4.297200E+2	2.698036E+1	5.116340E+0	1.041990E-4	NaN	1.041990E-3	4.982212E-1	1.369274E+1
1.642666E+3	4.299700E+2	2.696467E+1	5.142211E+0	1.049740E-4	NaN	1.049740E-3	4.973966E-1	1.366170E+1
1.645720E+3	4.302300E+2	2.694838E+1	5.153491E+0	1.057640E-4	NaN	1.057640E-3	4.965876E-1	1.363115E+1
1.648697E+3	4.304800E+2	2.693273E+1	5.138961E+0	1.065770E-4	NaN	1.065770E-3	4.958099E-1	1.360149E+1
1.652027E+3	4.307200E+2	2.691772E+1	5.111267E+0	1.074530E-4	NaN	1.074530E-3	4.950734E-1	1.357307E+1
1.655206E+3	4.309500E+2	2.690335E+1	5.022400E+0	1.083110E-4	NaN	1.083110E-3	4.944799E-1	1.354865E+1
1.658429E+3	4.312800E+2	2.688277E+1	4.900507E+0	1.091540E-4	NaN	1.091540E-3	4.939297E-1	1.352558E+1
1.661741E+3	4.315200E+2	2.686782E+1	4.906064E+0	1.100220E-4	NaN	1.100220E-3	4.931620E-1	1.349641E+1
1.664991E+3	4.317700E+2	2.685226E+1	4.889528E+0	1.109110E-4	NaN	1.109110E-3	4.925179E-1	1.347074E+1
1.668204E+3	4.320200E+2	2.683672E+1	4.868006E+0	1.117690E-4	NaN	1.117690E-3	4.919639E-1	1.344757E+1
1.671320E+3	4.322900E+2	2.681996E+1	4.844580E+0	1.126150E-4	NaN	1.126150E-3	4.915050E-1	1.342702E+1
1.674788E+3	4.325400E+2	2.680446E+1	4.849462E+0	1.135910E-4	NaN	1.135910E-3	4.910349E-1	1.340611E+1
1.677626E+3	4.329000E+2	2.678217E+1	4.820482E+0	1.144330E-4	NaN	1.144330E-3	4.907363E-1	1.338989E+1
1.680682E+3	4.331800E+2	2.676486E+1	4.893283E+0	1.153420E-4	NaN	1.153420E-3	4.900828E-1	1.336372E+1
1.683906E+3	4.334500E+2	2.674818E+1	4.977415E+0	1.163320E-4	NaN	1.163320E-3	4.892165E-1	1.333190E+1
1.686918E+3	4.337300E+2	2.673092E+1	5.062374E+0	1.172810E-4	NaN	1.172810E-3	4.884456E-1	1.330271E+1
1.690021E+3	4.339900E+2	2.671490E+1	5.166586E+0	1.182410E-4	NaN	1.182410E-3	4.876866E-1	1.327383E+1
1.693166E+3	4.342500E+2	2.669891E+1	5.232212E+0	1.192050E-4	NaN	1.192050E-3	4.870081E-1	1.324716E+1
1.696278E+3	4.345300E+2	2.668170E+1	5.253095E+0	1.201520E-4	NaN	1.201520E-3	4.864058E-1	1.322259E+1
1.699357E+3	4.347800E+2	2.666636E+1	5.325559E+0	1.210440E-4	NaN	1.210440E-3	4.857978E-1	1.319785E+1
1.702369E+3	4.350200E+2	2.665165E+1	5.348475E+0	1.219160E-4	NaN	1.219160E-3	4.852119E-1	1.317376E+1
1.705525E+3	4.352500E+2	2.663756E+1	5.327855E+0	1.227900E-4	NaN	1.227900E-3	4.846796E-1	1.315119E+1
1.708544E+3	4.354800E+2	2.662350E+1	5.247389E+0	1.236290E-4	NaN	1.236290E-3	4.842171E-1	1.313060E+1
1.711547E+3	4.357100E+2	2.660944E+1	5.143342E+0	1.244180E-4	NaN	1.244180E-3	4.837715E-1	1.311057E+1
1.714465E+3	4.359400E+2	2.659540E+1	4.978612E+0	1.252340E-4	NaN	1.252340E-3	4.832715E-1	1.308917E+1
1.717480E+3	4.361800E+2	2.658077E+1	4.897146E+0	1.260510E-4	NaN	1.260510E-3	4.827261E-1	1.306663E+1
1.720588E+3	4.364300E+2	2.656554E+1	4.832652E+0	1.269240E-4	NaN	1.269240E-3	4.821890E-1	1.304434E+1
1.723819E+3	4.366700E+2	2.655094E+1	4.771643E+0	1.278430E-4	NaN	1.278430E-3	4.816598E-1	1.302229E+1
1.726828E+3	4.369200E+2	2.653575E+1	4.724952E+0	1.287440E-4	NaN	1.287440E-3	4.812076E-1	1.300239E+1
1.729802E+3	4.371800E+2	2.651997E+1	4.697482E+0	1.296350E-4	NaN	1.296350E-3	4.807996E-1	1.298368E+1
1.733120E+3	4.375200E+2	2.649936E+1	4.696303E+0	1.306580E-4	NaN	1.306580E-3	4.803861E-1	1.296477E+1
1.736566E+3	4.377800E+2	2.648362E+1	4.780743E+0	1.317410E-4	NaN	1.317410E-3	4.797978E-1	1.294096E+1
1.739608E+3	4.380400E+2	2.646790E+1	4.850016E+0	1.327100E-4	NaN	1.327100E-3	4.792971E-1	1.291957E+1
1.742504E+3	4.383000E+2	2.645220E+1	4.926141E+0	1.336450E-4	NaN	1.336450E-3	4.786339E-1	1.289399E+1
1.745670E+3	4.385700E+2	2.643592E+1	4.996742E+0	1.346580E-4	NaN	1.346580E-3	4.779593E-1	1.286812E+1
1.748681E+3	4.388200E+2	2.642086E+1	5.056711E+0	1.356290E-4	NaN	1.356290E-3	4.772689E-1	1.284182E+1
1.751720E+3	4.390800E+2	2.640521E+1	5.098712E+0	1.366010E-4	NaN	1.366010E-3	4.766594E-1	1.281775E+1
1.754643E+3	4.393300E+2	2.639019E+1	5.132801E+0	1.375300E-4	NaN	1.375300E-3	4.760579E-1	1.279393E+1
1.757815E+3	4.395700E+2	2.637578E+1	5.157995E+0	1.385260E-4	NaN	1.385260E-3	4.754231E-1	1.276930E+1
1.761045E+3	4.398100E+2	2.636138E+1	5.150233E+0	1.395150E-4	NaN	1.395150E-3	4.749265E-1	1.274844E+1
1.764130E+3	4.400500E+2	2.634701E+1	5.088837E+0	1.404650E-4	NaN	1.404650E-3	4.744508E-1	1.272827E+1
1.767102E+3	4.403000E+2	2.633205E+1	5.008570E+0	1.413770E-4	NaN	1.413770E-3	4.739681E-1	1.270801E+1
1.770281E+3	4.405500E+2	2.631710E+1	4.936798E+0	1.423470E-4	NaN	1.423470E-3	4.734720E-1	1.268742E+1
1.773355E+3	4.407900E+2	2.630277E+1	4.909106E+0	1.433300E-4	NaN	1.433300E-3	4.729939E-1	1.266734E+1
1.776499E+3	4.410300E+2	2.628846E+1	4.855151E+0	1.443040E-4	NaN	1.443040E-3	4.725979E-1	1.264949E+1
1.779599E+3	4.413600E+2	2.626881E+1	4.798619E+0	1.452800E-4	NaN	1.452800E-3	4.722600E-1	1.263322E+1
1.782831E+3	4.416100E+2	2.625393E+1	4.823256E+0	1.463050E-4	NaN	1.463050E-3	4.716948E-1	1.261067E+1
1.785787E+3	4.418700E+2	2.623849E+1	4.843624E+0	1.472930E-4	NaN	1.472930E-3	4.711618E-1	1.258900E+1
1.788943E+3	4.421300E+2	2.622306E+1	4.880021E+0	1.483640E-4	NaN	1.483640E-3	4.705840E-1	1.256614E+1
1.791892E+3	4.424100E+2	2.620646E+1	4.925677E+0	1.493980E-4	NaN	1.493980E-3	4.700479E-1	1.254437E+1
1.794924E+3	4.427100E+2	2.618870E+1	5.009266E+0	1.505140E-4	NaN	1.505140E-3	4.694612E-1	1.252119E+1
1.797986E+3	4.429800E+2	2.617274E+1	5.110369E+0	1.516440E-4	NaN	1.516440E-3	4.688455E-1	1.249714E+1
1.801027E+3	4.432600E+2	2.615621E+1	5.190540E+0	1.527690E-4	NaN	1.527690E-3	4.682532E-1	1.247368E+1
1.804114E+3	4.435200E+2	2.614087E+1	5.263451E+0	1.539200E-4	NaN	1.539200E-3	4.677178E-1	1.245167E+1
1.807286E+3	4.437800E+2	2.612556E+1	5.323376E+0	1.550660E-4	NaN	1.550660E-3	4.672441E-1	1.243133E+1
1.810294E+3	4.440300E+2	2.611085E+1	5.347477E+0	1.561260E-4	NaN	1.561260E-3	4.665160E-1	1.240447E+1
1.813270E+3	4.442800E+2	2.609616E+1	5.337035E+0	1.571200E-4	NaN	1.571200E-3	4.657936E-1	1.237784E+1
1.816279E+3	4.445100E+2	2.608265E+1	5.286189E+0	1.581210E-4	NaN	1.581210E-3	4.650514E-1	1.235074E+1
1.819171E+3	4.447500E+2	2.606858E+1	5.258284E+0	1.590400E-4	NaN	1.590400E-3	4.643545E-1	1.232492E+1
1.822068E+3	4.449800E+2	2.605510E+1	5.199382E+0	1.599670E-4	NaN	1.599670E-3	4.635859E-1	1.229726E+1
1.825134E+3	4.452000E+2	2.604223E+1	5.128775E+0	1.609200E-4	NaN	1.609200E-3	4.628882E-1	1.227153E+1
1.828050E+3	4.454300E+2	2.602878E+1	5.015549E+0	1.618450E-4	NaN	1.618450E-3	4.622042E-1	1.224624E+1
1.831064E+3	4.455900E+2	2.601943E+1	4.914709E+0	1.628080E-4	NaN	1.628080E-3	4.614809E-1	1.221996E+1
1.834011E+3	4.458400E+2	2.600484E+1	4.785030E+0	1.637950E-4	NaN	1.637950E-3	4.609140E-1	1.219803E+1
1.836920E+3	4.460800E+2	2.599085E+1	4.689314E+0	1.647970E-4	NaN	1.647970E-3	4.603101E-1	1.217512E+1
1.839759E+3	4.463400E+2	2.597571E+1	4.635061E+0	1.657700E-4	NaN	1.657700E-3	4.597984E-1	1.215461E+1
1.842687E+3	4.466200E+2	2.595943E+1	4.624981E+0	1.668370E-4	NaN	1.668370E-3	4.593164E-1	1.213478E+1
1.845732E+3	4.468800E+2	2.594433E+1	4.661482E+0	1.680020E-4	NaN	1.680020E-3	4.585315E-1	1.210706E+1
1.848779E+3	4.471400E+2	2.592924E+1	4.719306E+0	1.692100E-4	NaN	1.692100E-3	4.578591E-1	1.208228E+1
1.851751E+3	4.474000E+2	2.591417E+1	4.799183E+0	1.703420E-4	NaN	1.703420E-3	4.573105E-1	1.206074E+1
1.854944E+3	4.476600E+2	2.589912E+1	4.883403E+0	1.715670E-4	NaN	1.715670E-3	4.568004E-1	1.204018E+1
1.857923E+3	4.479200E+2	2.588409E+1	4.971274E+0	1.726890E-4	NaN	1.726890E-3	4.563036E-1	1.202001E+1
1.860972E+3	4.482200E+2	2.586676E+1	5.067081E+0	1.738160E-4	NaN	1.738160E-3	4.559416E-1	1.200334E+1
1.864401E+3	4.484700E+2	2.585234E+1	5.171445E+0	1.751160E-4	NaN	1.751160E-3	4.551170E-1	1.197465E+1
1.867562E+3	4.487100E+2	2.583851E+1	5.228784E+0	1.762620E-4	NaN	1.762620E-3	4.543839E-1	1.194847E+1
1.870340E+3	4.489600E+2	2.582413E+1	5.184107E+0	1.771420E-4	NaN	1.771420E-3	4.537741E-1	1.192562E+1
1.873299E+3	4.492200E+2	2.580918E+1	5.149324E+0	1.783910E-4	NaN	1.783910E-3	4.530209E-1	1.189905E+1
1.876167E+3	4.494700E+2	2.579483E+1	5.110908E+0	1.794940E-4	NaN	1.794940E-3	4.523882E-1	1.187568E+1
1.879198E+3	4.497400E+2	2.577934E+1	5.086893E+0	1.806320E-4	NaN	1.806320E-3	4.518128E-1	1.185386E+1
1.882208E+3	4.499800E+2	2.576559E+1	5.094584E+0	1.818070E-4	NaN	1.818070E-3	4.511769E-1	1.183048E+1
1.885187E+3	4.502300E+2	2.575128E+1	5.089273E+0	1.829090E-4	NaN	1.829090E-3	4.506212E-1	1.180926E+1
1.888161E+3	4.504700E+2	2.573756E+1	5.082424E+0	1.840410E-4	NaN	1.840410E-3	4.500791E-1	1.178841E+1
1.891108E+3	4.506300E+2	2.572842E+1	5.073108E+0	1.851530E-4	NaN	1.851530E-3	4.496239E-1	1.176982E+1
1.894001E+3	4.508800E+2	2.571416E+1	4.987471E+0	1.862550E-4	NaN	1.862550E-3	4.494266E-1	1.175814E+1
1.896942E+3	4.511200E+2	2.570048E+1	4.924121E+0	1.873700E-4	NaN	1.873700E-3	4.491758E-1	1.174501E+1
1.899915E+3	4.513700E+2	2.568624E+1	4.905322E+0	1.884820E-4	NaN	1.884820E-3	4.489255E-1	1.173186E+1
1.903068E+3	4.516300E+2	2.567146E+1	4.869118E+0	1.897600E-4	NaN	1.897600E-3	4.486099E-1	1.171698E+1
1.906323E+3	4.519600E+2	2.565271E+1	4.819033E+0	1.910130E-4	NaN	1.910130E-3	4.483092E-1	1.170246E+1
1.909399E+3	4.522100E+2	2.563853E+1	4.838126E+0	1.922450E-4	NaN	1.922450E-3	4.478799E-1	1.168439E+1
1.912392E+3	4.524500E+2	2.562493E+1	4.863907E+0	1.934640E-4	NaN	1.934640E-3	4.474846E-1	1.166721E+1
1.915408E+3	4.526200E+2	2.561531E+1	4.893906E+0	1.947140E-4	NaN	1.947140E-3	4.470949E-1	1.165022E+1
1.918248E+3	4.529600E+2	2.559608E+1	4.881980E+0	1.958880E-4	NaN	1.958880E-3	4.467790E-1	1.163551E+1
1.921453E+3	4.532100E+2	2.558196E+1	4.957756E+0	1.971810E-4	NaN	1.971810E-3	4.463071E-1	1.161655E+1
1.924453E+3	4.534600E+2	2.556786E+1	5.025114E+0	1.984310E-4	NaN	1.984310E-3	4.458981E-1	1.159927E+1
1.927450E+3	4.536400E+2	2.555771E+1	5.090656E+0	1.996700E-4	NaN	1.996700E-3	4.454896E-1	1.158203E+1
1.930397E+3	4.539800E+2	2.553857E+1	5.032550E+0	2.008730E-4	NaN	2.008730E-3	4.452976E-1	1.157061E+1
1.933538E+3	4.542300E+2	2.552451E+1	5.056050E+0	2.022110E-4	NaN	2.022110E-3	4.448712E-1	1.155290E+1
1.936449E+3	4.544000E+2	2.551496E+1	5.057070E+0	2.033830E-4	NaN	2.033830E-3	4.445067E-1	1.153685E+1
1.939487E+3	4.546500E+2	2.550093E+1	4.996590E+0	2.046590E-4	NaN	2.046590E-3	4.443197E-1	1.152557E+1
1.942484E+3	4.548900E+2	2.548748E+1	4.932349E+0	2.059690E-4	NaN	2.059690E-3	4.442210E-1	1.151655E+1
1.945393E+3	4.551400E+2	2.547348E+1	4.916269E+0	2.071910E-4	NaN	2.071910E-3	4.442455E-1	1.151072E+1
1.948274E+3	4.553900E+2	2.545950E+1	4.911854E+0	2.083960E-4	NaN	2.083960E-3	4.442792E-1	1.150507E+1
1.951186E+3	4.556300E+2	2.544609E+1	4.915994E+0	2.096420E-4	NaN	2.096420E-3	4.442437E-1	1.149762E+1
1.954143E+3	4.558900E+2	2.543157E+1	4.850780E+0	2.108100E-4	NaN	2.108100E-3	4.442309E-1	1.149075E+1
1.957035E+3	4.561500E+2	2.541708E+1	4.885982E+0	2.120600E-4	NaN	2.120600E-3	4.441799E-1	1.148282E+1
1.959833E+3	4.564200E+2	2.540204E+1	4.929313E+0	2.133400E-4	NaN	2.133400E-3	4.441243E-1	1.147471E+1
1.962770E+3	4.565900E+2	2.539258E+1	5.005101E+0	2.146800E-4	NaN	2.146800E-3	4.437598E-1	1.145875E+1
1.965629E+3	4.568700E+2	2.537702E+1	4.956670E+0	2.160600E-4	NaN	2.160600E-3	4.436809E-1	1.145033E+1
1.968599E+3	4.571400E+2	2.536203E+1	5.028879E+0	2.174300E-4	NaN	2.174300E-3	4.435254E-1	1.143989E+1
1.971544E+3	4.574200E+2	2.534651E+1	5.114796E+0	2.188300E-4	NaN	2.188300E-3	4.433767E-1	1.142959E+1
1.974799E+3	4.576900E+2	2.533156E+1	5.161870E+0	2.203800E-4	NaN	2.203800E-3	4.431224E-1	1.141658E+1
1.977728E+3	4.579400E+2	2.531773E+1	5.190226E+0	2.217800E-4	NaN	2.217800E-3	4.428637E-1	1.140355E+1
1.980704E+3	4.581900E+2	2.530391E+1	5.199619E+0	2.231200E-4	NaN	2.231200E-3	4.426719E-1	1.139229E+1
1.983771E+3	4.584200E+2	2.529122E+1	5.201282E+0	2.243500E-4	NaN	2.243500E-3	4.424723E-1	1.138091E+1
1.986803E+3	4.586600E+2	2.527798E+1	5.176425E+0	2.258800E-4	NaN	2.258800E-3	4.423390E-1	1.137129E+1
1.989648E+3	4.589000E+2	2.526476E+1	5.129538E+0	2.271100E-4	NaN	2.271100E-3	4.423866E-1	1.136639E+1
1.992677E+3	4.591300E+2	2.525211E+1	5.089770E+0	2.283800E-4	NaN	2.283800E-3	4.424182E-1	1.136109E+1
1.995805E+3	4.593600E+2	2.523946E+1	5.043122E+0	2.297500E-4	NaN	2.297500E-3	4.424270E-1	1.135526E+1
1.998824E+3	4.596100E+2	2.522573E+1	5.004835E+0	2.310300E-4	NaN	2.310300E-3	4.425226E-1	1.135166E+1
2.001611E+3	4.598500E+2	2.521257E+1	4.906688E+0	2.322700E-4	NaN	2.322700E-3	4.425055E-1	1.134516E+1
2.004764E+3	4.600000E+2	2.520435E+1	4.849317E+0	2.336200E-4	NaN	2.336200E-3	4.424145E-1	1.133676E+1
2.007670E+3	4.600000E+2	2.520435E+1	4.728132E+0	2.348600E-4	NaN	2.348600E-3	4.425953E-1	1.133546E+1
