6/1/2024
1:01 PM
fast cooling at 460K at 20k per minute_2024.06.01_COND_FILE END.txt

Data taken by: Akshat Sharma
ammeter is Keithley 6517A at GPIB0::27::INSTR
voltage source is Keithley 6517A at GPIB0::27::INSTR
temperature controller is Lake Shore 330 at GPIB0::12::INSTR with the settings: control sensor=A;sample sensor=;loop=1
Readings: 5
Voltage (V): 100
Geo Factor: 1000
Ea Window (pts): 5
Shut off V when done?: TRUE
Mconnect?: TRUE
Use Abs(Cond)?: TRUE
Rate (K/min): 15
Heater: Off
DESCRIPTION
********************
Time (s)	Temperature (K)	1/kT (1/eV)	Rate (K/min)	Current (A)	Current Std Dev/Mean	Conductivity (Ohm-cm)^-1	Ea (eV)	Reduced Ea	
1.712000E+0	4.580300E+2	2.531275E+1	NaN	2.662000E-4	1.159093E-2	2.662000E-3	NaN	NaN
1.014400E+1	4.544900E+2	2.550991E+1	NaN	2.492120E-4	2.902278E-2	2.492120E-3	NaN	NaN
1.792500E+1	4.496500E+2	2.578450E+1	-2.518975E+1	2.230620E-4	4.031873E-2	2.230620E-3	NaN	NaN
2.585600E+1	4.453100E+2	2.603580E+1	-3.093114E+1	1.950938E-4	4.163953E-2	1.950938E-3	NaN	NaN
3.340500E+1	4.402000E+2	2.633803E+1	-3.212276E+1	1.697906E-4	4.564362E-2	1.697906E-3	NaN	NaN
4.121800E+1	4.353100E+2	2.663389E+1	-3.643588E+1	1.465486E-4	4.599831E-2	1.465486E-3	NaN	NaN
4.911700E+1	4.311400E+2	2.689150E+1	-3.728391E+1	1.264080E-4	4.545004E-2	1.264080E-3	NaN	NaN
5.666400E+1	4.263900E+2	2.719107E+1	-3.663195E+1	1.093458E-4	4.629390E-2	1.093458E-3	NaN	NaN
6.441600E+1	4.219100E+2	2.747979E+1	-3.521624E+1	9.443360E-5	4.687904E-2	9.443360E-4	NaN	NaN
7.238400E+1	4.175900E+2	2.776407E+1	-3.495242E+1	8.141220E-5	4.560633E-2	8.141220E-4	NaN	NaN
8.025900E+1	4.139200E+2	2.801024E+1	-3.490132E+1	7.029360E-5	4.593325E-2	7.029360E-4	4.917422E-1	1.302721E+1
8.820200E+1	4.097800E+2	2.829323E+1	-3.178884E+1	6.111300E-5	4.284601E-2	6.111300E-4	4.983514E-1	1.326376E+1
9.577700E+1	4.058700E+2	2.856580E+1	-3.033764E+1	5.322360E-5	4.410749E-2	5.322360E-4	5.020455E-1	1.342722E+1
1.036600E+2	4.021100E+2	2.883291E+1	-3.017985E+1	4.626280E-5	4.361418E-2	4.626280E-4	5.044401E-1	1.355697E+1
1.115850E+2	3.983900E+2	2.910214E+1	-3.034720E+1	4.029100E-5	4.448768E-2	4.029100E-4	5.065015E-1	1.367760E+1
1.196670E+2	3.953300E+2	2.932740E+1	-2.915812E+1	3.519120E-5	4.066470E-2	3.519120E-4	5.080114E-1	1.378376E+1
1.273820E+2	3.919500E+2	2.958030E+1	-2.663170E+1	3.083420E-5	4.234616E-2	3.083420E-4	5.106507E-1	1.391579E+1
1.353620E+2	3.886100E+2	2.983454E+1	-2.539020E+1	2.704620E-5	4.101591E-2	2.704620E-4	5.126980E-1	1.403242E+1
1.433460E+2	3.854700E+2	3.007757E+1	-2.483082E+1	2.379620E-5	3.866829E-2	2.379620E-4	5.142017E-1	1.413494E+1
1.511580E+2	3.824300E+2	3.031666E+1	-2.499273E+1	2.099146E-5	3.922009E-2	2.099146E-4	5.154629E-1	1.423033E+1
1.589580E+2	3.797900E+2	3.052740E+1	-2.398282E+1	1.857866E-5	3.812352E-2	1.857866E-4	5.165041E-1	1.431912E+1
1.668250E+2	3.769600E+2	3.075658E+1	-2.252237E+1	1.646224E-5	3.838182E-2	1.646224E-4	5.216125E-1	1.458763E+1
1.748690E+2	3.742200E+2	3.098178E+1	-2.160340E+1	1.458968E-5	3.703879E-2	1.458968E-4	5.251253E-1	1.482045E+1
1.826680E+2	3.715100E+2	3.120777E+1	-2.085554E+1	1.299802E-5	3.605116E-2	1.299802E-4	5.270456E-1	1.500843E+1
1.905930E+2	3.689700E+2	3.142261E+1	-2.090028E+1	1.159500E-5	3.503022E-2	1.159500E-4	5.290544E-1	1.520445E+1
1.986330E+2	3.664900E+2	3.163524E+1	-2.023688E+1	1.034036E-5	3.467863E-2	1.034036E-4	5.299708E-1	1.536600E+1
2.064620E+2	3.643300E+2	3.182280E+1	-1.948468E+1	9.265760E-6	3.339124E-2	9.265760E-5	5.304541E-1	1.551216E+1
2.141250E+2	3.620100E+2	3.202674E+1	-1.814821E+1	8.342860E-6	3.300821E-2	8.342860E-5	5.323126E-1	1.569986E+1
2.220140E+2	3.597900E+2	3.222435E+1	-1.762814E+1	7.510560E-6	3.305412E-2	7.510560E-5	5.331310E-1	1.585403E+1
2.298850E+2	3.575800E+2	3.242351E+1	-1.728783E+1	6.773540E-6	3.244536E-2	6.773540E-5	5.334902E-1	1.599170E+1
2.380250E+2	3.555100E+2	3.261230E+1	-1.724756E+1	6.102440E-6	3.177061E-2	6.102440E-5	5.334559E-1	1.611502E+1
2.460710E+2	3.535100E+2	3.279681E+1	-1.636712E+1	5.523200E-6	3.114164E-2	5.523200E-5	5.347921E-1	1.628238E+1
2.540680E+2	3.515200E+2	3.298248E+1	-1.561913E+1	5.017680E-6	2.938677E-2	5.017680E-5	5.355198E-1	1.642781E+1
2.618940E+2	3.498700E+2	3.313802E+1	-1.502358E+1	4.570860E-6	2.850368E-2	4.570860E-5	5.355328E-1	1.654876E+1
2.696800E+2	3.480700E+2	3.330939E+1	-1.425650E+1	4.176120E-6	2.848034E-2	4.176120E-5	5.359680E-1	1.667746E+1
2.774570E+2	3.462600E+2	3.348351E+1	-1.371035E+1	3.826280E-6	2.683459E-2	3.826280E-5	5.357919E-1	1.678292E+1
2.853030E+2	3.445700E+2	3.364773E+1	-1.353077E+1	3.508040E-6	2.676492E-2	3.508040E-5	5.363446E-1	1.691416E+1
2.931310E+2	3.431400E+2	3.378796E+1	-1.362190E+1	3.222180E-6	2.595985E-2	3.222180E-5	5.366336E-1	1.703479E+1
3.009750E+2	3.415300E+2	3.394724E+1	-1.264379E+1	2.964380E-6	2.610566E-2	2.964380E-5	5.372064E-1	1.715893E+1
3.089700E+2	3.399900E+2	3.410100E+1	-1.195698E+1	2.728680E-6	2.582513E-2	2.728680E-5	5.374159E-1	1.726941E+1
3.170340E+2	3.384900E+2	3.425212E+1	-1.168141E+1	2.514740E-6	2.581949E-2	2.514740E-5	5.373502E-1	1.736825E+1
3.252510E+2	3.370100E+2	3.440254E+1	-1.165902E+1	2.322940E-6	2.423673E-2	2.322940E-5	5.380828E-1	1.749426E+1
3.332060E+2	3.356200E+2	3.454502E+1	-1.116942E+1	2.155820E-6	2.270053E-2	2.155820E-5	5.385599E-1	1.761061E+1
3.408390E+2	3.342700E+2	3.468454E+1	-1.081786E+1	2.003078E-6	2.334896E-2	2.003078E-5	5.389084E-1	1.772088E+1
3.488420E+2	3.329200E+2	3.482518E+1	-1.062185E+1	1.861920E-6	2.316289E-2	1.861920E-5	5.385916E-1	1.780601E+1
3.569360E+2	3.316600E+2	3.495749E+1	-1.042202E+1	1.733960E-6	2.178563E-2	1.733960E-5	5.379094E-1	1.787690E+1
3.648580E+2	3.305800E+2	3.507169E+1	-1.002005E+1	1.619438E-6	2.083552E-2	1.619438E-5	5.372122E-1	1.794411E+1
3.727360E+2	3.293400E+2	3.520374E+1	-9.231174E+0	1.513616E-6	2.074918E-2	1.513616E-5	5.379994E-1	1.805985E+1
3.805490E+2	3.281800E+2	3.532817E+1	-8.909366E+0	1.416706E-6	2.045477E-2	1.416706E-5	5.380578E-1	1.814962E+1
3.886410E+2	3.270400E+2	3.545132E+1	-8.902319E+0	1.325086E-6	2.114064E-2	1.325086E-5	5.379379E-1	1.823144E+1
3.969520E+2	3.259100E+2	3.557424E+1	-8.927205E+0	1.241508E-6	1.972711E-2	1.241508E-5	5.374383E-1	1.829735E+1
4.047540E+2	3.248100E+2	3.569471E+1	-8.491618E+0	1.167106E-6	1.939581E-2	1.167106E-5	5.371138E-1	1.836737E+1
4.127090E+2	3.237600E+2	3.581048E+1	-8.332995E+0	1.099020E-6	1.798320E-2	1.099020E-5	5.365548E-1	1.842742E+1
4.202650E+2	3.227100E+2	3.592699E+1	-8.204221E+0	1.037096E-6	1.903209E-2	1.037096E-5	5.353370E-1	1.846136E+1
4.284190E+2	3.218400E+2	3.602411E+1	-8.202970E+0	9.772600E-7	1.801100E-2	9.772600E-6	5.347975E-1	1.851972E+1
4.363110E+2	3.208600E+2	3.613414E+1	-7.602841E+0	9.222480E-7	1.802205E-2	9.222480E-6	5.348959E-1	1.859670E+1
4.443400E+2	3.198800E+2	3.624484E+1	-7.266985E+0	8.709320E-7	1.814740E-2	8.709320E-6	5.341738E-1	1.864236E+1
4.524350E+2	3.189500E+2	3.635053E+1	-7.090813E+0	8.232260E-7	1.717466E-2	8.232260E-6	5.330132E-1	1.867082E+1
4.602030E+2	3.180200E+2	3.645683E+1	-7.229861E+0	7.800620E-7	1.680393E-2	7.800620E-6	5.330523E-1	1.874253E+1
4.679700E+2	3.171000E+2	3.656260E+1	-7.107723E+0	7.398720E-7	1.664864E-2	7.398720E-6	5.325935E-1	1.879535E+1
4.758950E+2	3.163300E+2	3.665160E+1	-7.070509E+0	7.018560E-7	1.619155E-2	7.018560E-6	5.318733E-1	1.883789E+1
4.837080E+2	3.154600E+2	3.675268E+1	-6.739525E+0	6.664880E-7	1.614970E-2	6.664880E-6	5.319648E-1	1.890636E+1
4.916840E+2	3.146000E+2	3.685315E+1	-6.462681E+0	6.322940E-7	1.619823E-2	6.322940E-6	5.317249E-1	1.896153E+1
4.997990E+2	3.137700E+2	3.695063E+1	-6.360424E+0	6.005540E-7	1.595316E-2	6.005540E-6	5.312309E-1	1.900650E+1
5.078690E+2	3.129800E+2	3.704390E+1	-6.429049E+0	5.719320E-7	1.454112E-2	5.719320E-6	5.305737E-1	1.904420E+1
5.153530E+2	3.121800E+2	3.713883E+1	-6.156119E+0	5.461480E-7	1.461481E-2	5.461480E-6	5.295368E-1	1.906592E+1
5.231940E+2	3.115200E+2	3.721751E+1	-6.106389E+0	5.213340E-7	1.468269E-2	5.213340E-6	5.280296E-1	1.906938E+1
5.310380E+2	3.107800E+2	3.730613E+1	-5.831403E+0	4.986420E-7	1.359188E-2	4.986420E-6	5.282937E-1	1.913642E+1
5.387210E+2	3.100500E+2	3.739397E+1	-5.629099E+0	4.770120E-7	1.385992E-2	4.770120E-6	5.279215E-1	1.917897E+1
5.468240E+2	3.093700E+2	3.747616E+1	-5.487737E+0	4.564560E-7	1.348890E-2	4.564560E-6	5.273314E-1	1.921280E+1
5.547430E+2	3.086900E+2	3.755872E+1	-5.481221E+0	4.374320E-7	1.330618E-2	4.374320E-6	5.271387E-1	1.925980E+1
5.626330E+2	3.080300E+2	3.763919E+1	-5.262563E+0	4.198900E-7	1.301161E-2	4.198900E-6	5.268914E-1	1.930349E+1
5.706290E+2	3.074700E+2	3.770774E+1	-5.076865E+0	4.037500E-7	1.214440E-2	4.037500E-6	5.261710E-1	1.932826E+1
5.783910E+2	3.068700E+2	3.778147E+1	-4.811222E+0	3.885160E-7	1.226722E-2	3.885160E-6	5.257238E-1	1.936071E+1
5.865840E+2	3.062900E+2	3.785302E+1	-4.575393E+0	3.739200E-7	1.161495E-2	3.739200E-6	5.245559E-1	1.936457E+1
5.946350E+2	3.057100E+2	3.792483E+1	-4.385477E+0	3.607380E-7	1.078159E-2	3.607380E-6	5.248421E-1	1.942291E+1
6.022970E+2	3.051800E+2	3.799069E+1	-4.382554E+0	3.488600E-7	1.035861E-2	3.488600E-6	5.249025E-1	1.947227E+1
6.101900E+2	3.046400E+2	3.805804E+1	-4.250157E+0	3.370960E-7	1.069575E-2	3.370960E-6	5.246547E-1	1.950872E+1
6.184630E+2	3.041400E+2	3.812060E+1	-4.189926E+0	3.260100E-7	1.046794E-2	3.260100E-6	5.244270E-1	1.954517E+1
6.266040E+2	3.036600E+2	3.818086E+1	-3.966271E+0	3.157200E-7	1.006160E-2	3.157200E-6	5.239379E-1	1.957031E+1
6.348690E+2	3.032000E+2	3.823879E+1	-3.738099E+0	3.062980E-7	9.241946E-3	3.062980E-6	5.229436E-1	1.957461E+1
6.426730E+2	3.027600E+2	3.829436E+1	-3.504568E+0	2.976680E-7	8.993329E-3	2.976680E-6	5.231285E-1	1.962356E+1
6.506380E+2	3.023200E+2	3.835009E+1	-3.411974E+0	2.895160E-7	8.533074E-3	2.895160E-6	5.229995E-1	1.965948E+1
6.585000E+2	3.019200E+2	3.840090E+1	-3.348895E+0	2.819060E-7	8.342170E-3	2.819060E-6	5.226500E-1	1.968586E+1
6.665650E+2	3.015400E+2	3.844929E+1	-3.256431E+0	2.745820E-7	8.160675E-3	2.745820E-6	5.224453E-1	1.971616E+1
6.749010E+2	3.011600E+2	3.849781E+1	-3.062391E+0	2.677340E-7	7.590271E-3	2.677340E-6	5.224727E-1	1.975387E+1
6.828630E+2	3.008100E+2	3.854260E+1	-2.863506E+0	2.615960E-7	7.254129E-3	2.615960E-6	5.215991E-1	1.975562E+1
6.907960E+2	3.004600E+2	3.858750E+1	-2.733926E+0	2.557600E-7	7.068463E-3	2.557600E-6	5.219792E-1	1.980514E+1
6.989410E+2	3.001500E+2	3.862735E+1	-2.670905E+0	2.502360E-7	6.735784E-3	2.502360E-6	5.217785E-1	1.983150E+1
7.072110E+2	2.998200E+2	3.866987E+1	-2.532800E+0	2.449780E-7	6.327849E-3	2.449780E-6	5.213635E-1	1.984793E+1
7.154620E+2	2.995300E+2	3.870731E+1	-2.423408E+0	2.400280E-7	6.236092E-3	2.400280E-6	5.210087E-1	1.986588E+1
7.236620E+2	2.992600E+2	3.874223E+1	-2.275447E+0	2.355120E-7	5.720732E-3	2.355120E-6	5.206674E-1	1.988277E+1
7.316060E+2	2.989900E+2	3.877722E+1	-2.155145E+0	2.314080E-7	5.248590E-3	2.314080E-6	5.200968E-1	1.988914E+1
7.393890E+2	2.987500E+2	3.880837E+1	-2.034856E+0	2.276280E-7	4.879285E-3	2.276280E-6	5.203841E-1	1.992834E+1
7.470600E+2	2.985100E+2	3.883957E+1	-1.964544E+0	2.240600E-7	4.968684E-3	2.240600E-6	5.208043E-1	1.997160E+1
7.549840E+2	2.982700E+2	3.887082E+1	-1.916250E+0	2.206220E-7	4.752403E-3	2.206220E-6	5.215627E-1	2.002711E+1
7.628230E+2	2.980500E+2	3.889951E+1	-1.850710E+0	2.174320E-7	4.451601E-3	2.174320E-6	5.216595E-1	2.005611E+1
7.705930E+2	2.978700E+2	3.892302E+1	-1.794626E+0	2.144600E-7	4.246929E-3	2.144600E-6	5.213567E-1	2.006896E+1
7.783360E+2	2.976700E+2	3.894917E+1	-1.637377E+0	2.116640E-7	4.034044E-3	2.116640E-6	5.211399E-1	2.008348E+1
7.860030E+2	2.974700E+2	3.897536E+1	-1.526590E+0	2.090260E-7	3.873137E-3	2.090260E-6	5.210614E-1	2.010250E+1
7.938720E+2	2.972900E+2	3.899896E+1	-1.506045E+0	2.064580E-7	3.777604E-3	2.064580E-6	5.209341E-1	2.011899E+1
8.018300E+2	2.971400E+2	3.901864E+1	-1.501637E+0	2.040840E-7	3.581084E-3	2.040840E-6	5.209351E-1	2.013961E+1
8.096780E+2	2.969800E+2	3.903967E+1	-1.354643E+0	2.018800E-7	3.352822E-3	2.018800E-6	5.212668E-1	2.017200E+1
8.174790E+2	2.968200E+2	3.906071E+1	-1.230580E+0	1.996294E-7	3.711668E-3	1.996294E-6	5.209055E-1	2.017643E+1
8.254900E+2	2.966800E+2	3.907914E+1	-1.197315E+0	1.975390E-7	3.100894E-3	1.975390E-6	5.206173E-1	2.018303E+1
8.334590E+2	2.965200E+2	3.910023E+1	-1.172627E+0	1.956790E-7	2.866123E-3	1.956790E-6	5.212690E-1	2.022544E+1
8.411590E+2	2.963800E+2	3.911870E+1	-1.149147E+0	1.939066E-7	2.779159E-3	1.939066E-6	5.213020E-1	2.024331E+1
8.493350E+2	2.962600E+2	3.913454E+1	-1.123914E+0	1.921440E-7	2.723044E-3	1.921440E-6	5.210249E-1	2.024858E+1
8.574720E+2	2.961400E+2	3.915040E+1	-1.059612E+0	1.905010E-7	2.487866E-3	1.905010E-6	5.205703E-1	2.024586E+1
8.655400E+2	2.960300E+2	3.916495E+1	-9.417850E-1	1.890282E-7	2.362490E-3	1.890282E-6	5.209450E-1	2.027498E+1
8.733510E+2	2.960000E+2	3.916892E+1	-8.637251E-1	1.876110E-7	2.478217E-3	1.876110E-6	5.207427E-1	2.028048E+1
8.812220E+2	2.960000E+2	3.916892E+1	-6.679689E-1	1.863766E-7	1.803450E-3	1.863766E-6	5.239558E-1	2.041752E+1
