6/17/2024
9:58 AM
slow cooling at 475K at 1k per minute_2024.06.17_COND_FILE END.txt

Data taken by: Akshat Sharma
ammeter is Keithley 6517A at GPIB0::27::INSTR
voltage source is Keithley 6517A at GPIB0::27::INSTR
temperature controller is Lake Shore 330 at GPIB0::12::INSTR with the settings: control sensor=A;sample sensor=;loop=1
Readings: 1
Voltage (V): 100
Geo Factor: 1000
Ea Window (pts): 5
Shut off V when done?: TRUE
Mconnect?: TRUE
Use Abs(Cond)?: TRUE
Rate (K/min): 1
Heater: High
DESCRIPTION
********************
Time (s)	Temperature (K)	1/kT (1/eV)	Rate (K/min)	Current (A)	Current Std Dev/Mean	Conductivity (Ohm-cm)^-1	Ea (eV)	Reduced Ea	
1.455000E+0	4.750100E+2	2.440791E+1	NaN	3.405600E-4	NaN	3.405600E-3	NaN	NaN
2.725700E+1	4.747100E+2	2.442333E+1	NaN	3.385600E-4	NaN	3.385600E-3	NaN	NaN
3.571500E+1	4.745000E+2	2.443414E+1	NaN	3.366600E-4	NaN	3.366600E-3	NaN	NaN
4.426400E+1	4.743200E+2	2.444341E+1	NaN	3.349400E-4	NaN	3.349400E-3	NaN	NaN
6.122700E+1	4.741400E+2	2.445269E+1	NaN	3.311000E-4	NaN	3.311000E-3	NaN	NaN
7.478500E+1	4.739300E+2	2.446353E+1	NaN	3.286300E-4	NaN	3.286300E-3	NaN	NaN
8.326200E+1	4.737300E+2	2.447386E+1	NaN	3.271700E-4	NaN	3.271700E-3	NaN	NaN
9.460100E+1	4.735400E+2	2.448368E+1	-1.009641E+0	3.253900E-4	NaN	3.253900E-3	NaN	NaN
1.089900E+2	4.733600E+2	2.449299E+1	-1.007063E+0	3.237900E-4	NaN	3.237900E-3	NaN	NaN
1.228670E+2	4.731100E+2	2.450593E+1	-9.949177E-1	3.222300E-4	NaN	3.222300E-3	NaN	NaN
1.311630E+2	4.729400E+2	2.451474E+1	-9.961857E-1	3.221600E-4	NaN	3.221600E-3	NaN	NaN
1.421730E+2	4.727500E+2	2.452459E+1	-1.002447E+0	3.208700E-4	NaN	3.208700E-3	NaN	NaN
1.561150E+2	4.725600E+2	2.453445E+1	-1.002294E+0	3.180500E-4	NaN	3.180500E-3	NaN	NaN
1.700450E+2	4.723200E+2	2.454692E+1	-9.979512E-1	3.160500E-4	NaN	3.160500E-3	NaN	NaN
1.815790E+2	4.721300E+2	2.455680E+1	-1.001438E+0	3.143600E-4	NaN	3.143600E-3	NaN	NaN
1.924500E+2	4.719300E+2	2.456720E+1	-9.890394E-1	3.128400E-4	NaN	3.128400E-3	NaN	NaN
2.034350E+2	4.717500E+2	2.457658E+1	-9.870747E-1	3.117000E-4	NaN	3.117000E-3	NaN	NaN
2.193950E+2	4.715100E+2	2.458909E+1	-9.985986E-1	3.096300E-4	NaN	3.096300E-3	NaN	NaN
2.307510E+2	4.713100E+2	2.459952E+1	-9.984051E-1	3.080700E-4	NaN	3.080700E-3	NaN	NaN
2.419970E+2	4.711100E+2	2.460996E+1	-9.922615E-1	3.066000E-4	NaN	3.066000E-3	NaN	NaN
2.503390E+2	4.709700E+2	2.461728E+1	-9.926781E-1	3.054800E-4	NaN	3.054800E-3	NaN	NaN
2.645050E+2	4.707400E+2	2.462931E+1	-9.994793E-1	3.040100E-4	NaN	3.040100E-3	NaN	NaN
2.755640E+2	4.705700E+2	2.463820E+1	-9.999842E-1	3.027900E-4	NaN	3.027900E-3	NaN	NaN
2.889580E+2	4.703400E+2	2.465025E+1	-9.943622E-1	3.011400E-4	NaN	3.011400E-3	NaN	NaN
3.022380E+2	4.701100E+2	2.466231E+1	-9.968464E-1	2.996500E-4	NaN	2.996500E-3	NaN	NaN
3.131280E+2	4.699400E+2	2.467123E+1	-1.001689E+0	2.983700E-4	NaN	2.983700E-3	NaN	NaN
3.242770E+2	4.697600E+2	2.468069E+1	-1.001344E+0	2.969400E-4	NaN	2.969400E-3	NaN	NaN
3.379080E+2	4.695200E+2	2.469330E+1	-9.978031E-1	2.954000E-4	NaN	2.954000E-3	NaN	NaN
3.488980E+2	4.693200E+2	2.470383E+1	-9.985068E-1	2.940500E-4	NaN	2.940500E-3	NaN	NaN
3.601360E+2	4.691400E+2	2.471331E+1	-1.001843E+0	2.925500E-4	NaN	2.925500E-3	NaN	NaN
3.711190E+2	4.689500E+2	2.472332E+1	-1.005393E+0	2.913100E-4	NaN	2.913100E-3	NaN	NaN
3.851290E+2	4.687400E+2	2.473439E+1	-1.001846E+0	2.898200E-4	NaN	2.898200E-3	NaN	NaN
3.964130E+2	4.685400E+2	2.474495E+1	-9.988832E-1	2.885100E-4	NaN	2.885100E-3	NaN	NaN
4.071580E+2	4.683500E+2	2.475499E+1	-9.990713E-1	2.872300E-4	NaN	2.872300E-3	NaN	NaN
4.209790E+2	4.681400E+2	2.476610E+1	-1.002689E+0	2.859500E-4	NaN	2.859500E-3	4.849760E-1	1.192316E+1
4.346180E+2	4.679200E+2	2.477774E+1	-1.001545E+0	2.843300E-4	NaN	2.843300E-3	4.832487E-1	1.188358E+1
4.458520E+2	4.677200E+2	2.478833E+1	-9.990309E-1	2.830200E-4	NaN	2.830200E-3	4.819073E-1	1.185291E+1
4.569000E+2	4.675100E+2	2.479947E+1	-9.984980E-1	2.816600E-4	NaN	2.816600E-3	4.806779E-1	1.182502E+1
4.679080E+2	4.673200E+2	2.480955E+1	-1.002335E+0	2.803600E-4	NaN	2.803600E-3	4.793581E-1	1.179496E+1
4.788780E+2	4.671600E+2	2.481805E+1	-1.004959E+0	2.792100E-4	NaN	2.792100E-3	4.782196E-1	1.176931E+1
4.929470E+2	4.669300E+2	2.483027E+1	-1.003317E+0	2.777900E-4	NaN	2.777900E-3	4.769016E-1	1.173977E+1
5.039440E+2	4.667600E+2	2.483932E+1	-1.001034E+0	2.765000E-4	NaN	2.765000E-3	4.758496E-1	1.171619E+1
5.151380E+2	4.665500E+2	2.485050E+1	-1.000607E+0	2.751900E-4	NaN	2.751900E-3	4.749290E-1	1.169584E+1
5.288730E+2	4.663400E+2	2.486169E+1	-1.002075E+0	2.737400E-4	NaN	2.737400E-3	4.738568E-1	1.167233E+1
5.401690E+2	4.661600E+2	2.487129E+1	-1.003233E+0	2.726200E-4	NaN	2.726200E-3	4.729978E-1	1.165348E+1
5.514120E+2	4.659700E+2	2.488143E+1	-1.000736E+0	2.713800E-4	NaN	2.713800E-3	4.721589E-1	1.163511E+1
5.652460E+2	4.657200E+2	2.489479E+1	-9.987435E-1	2.698700E-4	NaN	2.698700E-3	4.711002E-1	1.161192E+1
5.762600E+2	4.655300E+2	2.490495E+1	-1.001016E+0	2.685800E-4	NaN	2.685800E-3	4.702980E-1	1.159448E+1
5.873560E+2	4.653500E+2	2.491458E+1	-1.003162E+0	2.674300E-4	NaN	2.674300E-3	4.695859E-1	1.157924E+1
6.008880E+2	4.651200E+2	2.492690E+1	-1.001240E+0	2.659600E-4	NaN	2.659600E-3	4.687324E-1	1.156107E+1
6.120240E+2	4.649300E+2	2.493709E+1	-9.986784E-1	2.648600E-4	NaN	2.648600E-3	4.681108E-1	1.154803E+1
6.237510E+2	4.647500E+2	2.494675E+1	-9.979194E-1	2.636400E-4	NaN	2.636400E-3	4.674394E-1	1.153378E+1
6.376600E+2	4.645100E+2	2.495963E+1	-1.001995E+0	2.621800E-4	NaN	2.621800E-3	4.665940E-1	1.151582E+1
6.484780E+2	4.643400E+2	2.496877E+1	-1.004127E+0	2.610400E-4	NaN	2.610400E-3	4.659916E-1	1.150326E+1
6.624650E+2	4.641000E+2	2.498168E+1	-1.002721E+0	2.596400E-4	NaN	2.596400E-3	4.653094E-1	1.148927E+1
6.712200E+2	4.639500E+2	2.498976E+1	-1.002656E+0	2.586800E-4	NaN	2.586800E-3	4.648643E-1	1.148002E+1
6.848340E+2	4.637100E+2	2.500270E+1	-1.005439E+0	2.572800E-4	NaN	2.572800E-3	4.641241E-1	1.146465E+1
6.960480E+2	4.635200E+2	2.501294E+1	-1.006465E+0	2.564500E-4	NaN	2.564500E-3	4.634184E-1	1.144955E+1
7.075470E+2	4.633500E+2	2.502212E+1	-1.007562E+0	2.553200E-4	NaN	2.553200E-3	4.626620E-1	1.143321E+1
7.211140E+2	4.631200E+2	2.503455E+1	-1.004320E+0	2.539000E-4	NaN	2.539000E-3	4.618158E-1	1.141519E+1
7.320080E+2	4.629500E+2	2.504374E+1	-1.002772E+0	2.529300E-4	NaN	2.529300E-3	4.611117E-1	1.140009E+1
7.433320E+2	4.627500E+2	2.505457E+1	-1.001921E+0	2.517800E-4	NaN	2.517800E-3	4.604992E-1	1.138723E+1
7.551030E+2	4.625600E+2	2.506486E+1	-1.002659E+0	2.506100E-4	NaN	2.506100E-3	4.598699E-1	1.137398E+1
7.693130E+2	4.623100E+2	2.507841E+1	-1.000727E+0	2.491900E-4	NaN	2.491900E-3	4.592008E-1	1.136029E+1
7.806260E+2	4.621200E+2	2.508872E+1	-9.992143E-1	2.480900E-4	NaN	2.480900E-3	4.586664E-1	1.134938E+1
7.922660E+2	4.619300E+2	2.509904E+1	-9.998284E-1	2.469300E-4	NaN	2.469300E-3	4.581103E-1	1.133794E+1
8.035810E+2	4.617400E+2	2.510937E+1	-1.001057E+0	2.458400E-4	NaN	2.458400E-3	4.575534E-1	1.132650E+1
8.146250E+2	4.615500E+2	2.511971E+1	-1.001119E+0	2.447400E-4	NaN	2.447400E-3	4.570564E-1	1.131651E+1
8.290390E+2	4.613200E+2	2.513223E+1	-1.000029E+0	2.433400E-4	NaN	2.433400E-3	4.564472E-1	1.130433E+1
8.401040E+2	4.611300E+2	2.514258E+1	-9.987830E-1	2.422200E-4	NaN	2.422200E-3	4.557637E-1	1.129021E+1
8.514320E+2	4.609500E+2	2.515240E+1	-9.990890E-1	2.411200E-4	NaN	2.411200E-3	4.542825E-1	1.125795E+1
8.653470E+2	4.607000E+2	2.516605E+1	-9.995406E-1	2.397900E-4	NaN	2.397900E-3	4.523047E-1	1.121452E+1
8.765880E+2	4.605300E+2	2.517534E+1	-1.002173E+0	2.387600E-4	NaN	2.387600E-3	4.506439E-1	1.117765E+1
8.876000E+2	4.603500E+2	2.518519E+1	-1.000801E+0	2.377400E-4	NaN	2.377400E-3	4.490956E-1	1.114348E+1
9.018490E+2	4.601100E+2	2.519832E+1	-9.997607E-1	2.363900E-4	NaN	2.363900E-3	4.476711E-1	1.111358E+1
9.105750E+2	4.599500E+2	2.520709E+1	-9.994011E-1	2.354900E-4	NaN	2.354900E-3	4.472198E-1	1.110574E+1
9.218670E+2	4.597500E+2	2.521805E+1	-1.002060E+0	2.343500E-4	NaN	2.343500E-3	4.466418E-1	1.109585E+1
9.355810E+2	4.595500E+2	2.522903E+1	-1.001986E+0	2.331500E-4	NaN	2.331500E-3	4.460317E-1	1.108620E+1
9.492940E+2	4.593200E+2	2.524166E+1	-9.984811E-1	2.319100E-4	NaN	2.319100E-3	4.455181E-1	1.107894E+1
9.602700E+2	4.591200E+2	2.525266E+1	-9.981447E-1	2.308000E-4	NaN	2.308000E-3	4.450615E-1	1.107200E+1
9.714160E+2	4.589300E+2	2.526311E+1	-1.001518E+0	2.297800E-4	NaN	2.297800E-3	4.442101E-1	1.105515E+1
9.855760E+2	4.587100E+2	2.527523E+1	-1.002023E+0	2.285300E-4	NaN	2.285300E-3	4.431028E-1	1.103295E+1
9.968640E+2	4.585300E+2	2.528515E+1	-1.002141E+0	2.276000E-4	NaN	2.276000E-3	4.426007E-1	1.102481E+1
1.008045E+3	4.583500E+2	2.529508E+1	-1.000589E+0	2.265000E-4	NaN	2.265000E-3	4.421563E-1	1.101811E+1
1.019012E+3	4.581400E+2	2.530667E+1	-9.999248E-1	2.254900E-4	NaN	2.254900E-3	4.417427E-1	1.101216E+1
1.030237E+3	4.579500E+2	2.531717E+1	-1.001000E+0	2.243800E-4	NaN	2.243800E-3	4.413695E-1	1.100723E+1
1.041457E+3	4.577700E+2	2.532713E+1	-1.003213E+0	2.233600E-4	NaN	2.233600E-3	4.410364E-1	1.100328E+1
1.055064E+3	4.575500E+2	2.533931E+1	-1.002267E+0	2.222400E-4	NaN	2.222400E-3	4.406821E-1	1.099991E+1
1.069355E+3	4.573100E+2	2.535261E+1	-9.998168E-1	2.210000E-4	NaN	2.210000E-3	4.403486E-1	1.099706E+1
1.080556E+3	4.571200E+2	2.536314E+1	-9.998957E-1	2.199800E-4	NaN	2.199800E-3	4.401264E-1	1.099589E+1
1.091897E+3	4.569400E+2	2.537313E+1	-1.002432E+0	2.190200E-4	NaN	2.190200E-3	4.399121E-1	1.099489E+1
1.103405E+3	4.567500E+2	2.538369E+1	-1.001449E+0	2.182400E-4	NaN	2.182400E-3	4.397071E-1	1.099412E+1
1.117616E+3	4.565100E+2	2.539703E+1	-9.978615E-1	2.170600E-4	NaN	2.170600E-3	4.388996E-1	1.097943E+1
1.126219E+3	4.563600E+2	2.540538E+1	-9.971425E-1	2.161900E-4	NaN	2.161900E-3	4.386275E-1	1.097592E+1
1.137329E+3	4.561600E+2	2.541652E+1	-9.995889E-1	2.153700E-4	NaN	2.153700E-3	4.382405E-1	1.097064E+1
1.151854E+3	4.559300E+2	2.542934E+1	-1.002512E+0	2.140200E-4	NaN	2.140200E-3	4.375795E-1	1.095963E+1
1.163715E+3	4.557500E+2	2.543939E+1	-1.002356E+0	2.133900E-4	NaN	2.133900E-3	4.371606E-1	1.095356E+1
1.175269E+3	4.555400E+2	2.545111E+1	-1.000233E+0	2.122300E-4	NaN	2.122300E-3	4.366652E-1	1.094558E+1
1.188959E+3	4.553200E+2	2.546341E+1	-9.982505E-1	2.145200E-4	NaN	2.145200E-3	4.348290E-1	1.090524E+1
1.200153E+3	4.551400E+2	2.547348E+1	-1.000024E+0	2.136200E-4	NaN	2.136200E-3	4.327604E-1	1.085793E+1
1.211471E+3	4.549400E+2	2.548468E+1	-1.000923E+0	2.127100E-4	NaN	2.127100E-3	4.307620E-1	1.081233E+1
1.225324E+3	4.547300E+2	2.549645E+1	-1.000373E+0	2.116100E-4	NaN	2.116100E-3	4.283112E-1	1.075647E+1
1.236450E+3	4.545400E+2	2.550711E+1	-9.989385E-1	2.106400E-4	NaN	2.106400E-3	4.264361E-1	1.071385E+1
1.247273E+3	4.543400E+2	2.551833E+1	-9.989738E-1	2.095900E-4	NaN	2.095900E-3	4.246209E-1	1.067268E+1
1.258177E+3	4.541400E+2	2.552957E+1	-1.000897E+0	2.086300E-4	NaN	2.086300E-3	4.228384E-1	1.063228E+1
1.272150E+3	4.539200E+2	2.554195E+1	-1.001471E+0	2.074700E-4	NaN	2.074700E-3	4.207098E-1	1.058424E+1
1.283162E+3	4.537500E+2	2.555152E+1	-9.993853E-1	2.066600E-4	NaN	2.066600E-3	4.190899E-1	1.054784E+1
1.296915E+3	4.535200E+2	2.556447E+1	-9.972070E-1	2.054500E-4	NaN	2.054500E-3	4.171379E-1	1.050409E+1
1.308343E+3	4.533100E+2	2.557632E+1	-9.991462E-1	2.044500E-4	NaN	2.044500E-3	4.156348E-1	1.047048E+1
1.319475E+3	4.531500E+2	2.558535E+1	-1.001397E+0	2.035300E-4	NaN	2.035300E-3	4.142409E-1	1.043961E+1
1.333588E+3	4.529100E+2	2.559890E+1	-1.000426E+0	2.023900E-4	NaN	2.023900E-3	4.126175E-1	1.040396E+1
1.345315E+3	4.527100E+2	2.561021E+1	-1.000650E+0	2.014100E-4	NaN	2.014100E-3	4.113335E-1	1.037580E+1
1.357192E+3	4.525100E+2	2.562153E+1	-1.000436E+0	2.003700E-4	NaN	2.003700E-3	4.101630E-1	1.035048E+1
1.365708E+3	4.523500E+2	2.563060E+1	-1.001147E+0	1.996400E-4	NaN	1.996400E-3	4.093336E-1	1.033270E+1
1.379562E+3	4.521400E+2	2.564250E+1	-1.003157E+0	1.984950E-4	NaN	1.984950E-3	4.080536E-1	1.030564E+1
1.393776E+3	4.519100E+2	2.565555E+1	-1.000871E+0	1.974000E-4	NaN	1.974000E-3	4.068787E-1	1.028116E+1
1.405103E+3	4.517100E+2	2.566691E+1	-9.978569E-1	1.964410E-4	NaN	1.964410E-3	4.059930E-1	1.026292E+1
1.413767E+3	4.515700E+2	2.567487E+1	-9.977589E-1	1.957010E-4	NaN	1.957010E-3	4.053491E-1	1.024974E+1
1.427696E+3	4.513400E+2	2.568795E+1	-9.988354E-1	1.946270E-4	NaN	1.946270E-3	4.044159E-1	1.023129E+1
1.438976E+3	4.511600E+2	2.569820E+1	-1.000259E+0	1.936760E-4	NaN	1.936760E-3	4.037539E-1	1.021865E+1
1.453176E+3	4.509300E+2	2.571131E+1	-9.994111E-1	1.926100E-4	NaN	1.926100E-3	4.030378E-1	1.020565E+1
1.464274E+3	4.507200E+2	2.572329E+1	-9.982111E-1	1.916930E-4	NaN	1.916930E-3	4.024779E-1	1.019557E+1
1.475371E+3	4.505400E+2	2.573356E+1	-9.997419E-1	1.907350E-4	NaN	1.907350E-3	4.019979E-1	1.018751E+1
1.486535E+3	4.503600E+2	2.574385E+1	-1.001851E+0	1.897730E-4	NaN	1.897730E-3	4.015879E-1	1.018120E+1
1.500769E+3	4.501300E+2	2.575700E+1	-1.000281E+0	1.887340E-4	NaN	1.887340E-3	4.012424E-1	1.017754E+1
1.511989E+3	4.499400E+2	2.576788E+1	-9.979944E-1	1.879040E-4	NaN	1.879040E-3	4.010267E-1	1.017614E+1
1.523469E+3	4.497400E+2	2.577934E+1	-9.966748E-1	1.869960E-4	NaN	1.869960E-3	4.008226E-1	1.017501E+1
1.534848E+3	4.495600E+2	2.578966E+1	-9.976356E-1	1.860600E-4	NaN	1.860600E-3	4.006425E-1	1.017450E+1
1.548834E+3	4.493300E+2	2.580286E+1	-9.989035E-1	1.849740E-4	NaN	1.849740E-3	4.003969E-1	1.017331E+1
1.562372E+3	4.491000E+2	2.581608E+1	-9.961915E-1	1.839690E-4	NaN	1.839690E-3	4.002459E-1	1.017452E+1
1.573389E+3	4.489100E+2	2.582700E+1	-9.947055E-1	1.830370E-4	NaN	1.830370E-3	4.001709E-1	1.017666E+1
1.581745E+3	4.487500E+2	2.583621E+1	-9.967488E-1	1.823690E-4	NaN	1.823690E-3	4.001412E-1	1.017897E+1
1.596149E+3	4.485200E+2	2.584946E+1	-1.001400E+0	1.813610E-4	NaN	1.813610E-3	4.001194E-1	1.018353E+1
1.607192E+3	4.483500E+2	2.585926E+1	-1.001041E+0	1.805830E-4	NaN	1.805830E-3	4.001855E-1	1.018928E+1
1.621256E+3	4.481200E+2	2.587253E+1	-9.989715E-1	1.795490E-4	NaN	1.795490E-3	4.003407E-1	1.019833E+1
1.632421E+3	4.479300E+2	2.588351E+1	-9.980724E-1	1.786230E-4	NaN	1.786230E-3	4.004862E-1	1.020610E+1
1.643663E+3	4.477400E+2	2.589449E+1	-1.000597E+0	1.777590E-4	NaN	1.777590E-3	4.007428E-1	1.021671E+1
1.654940E+3	4.475600E+2	2.590491E+1	-1.002590E+0	1.769170E-4	NaN	1.769170E-3	4.010545E-1	1.022873E+1
1.669031E+3	4.473300E+2	2.591823E+1	-1.001959E+0	1.759040E-4	NaN	1.759040E-3	4.015331E-1	1.024603E+1
1.680084E+3	4.471400E+2	2.592924E+1	-9.994905E-1	1.751150E-4	NaN	1.751150E-3	4.019634E-1	1.026110E+1
1.691239E+3	4.469400E+2	2.594084E+1	-9.991422E-1	1.741990E-4	NaN	1.741990E-3	4.024615E-1	1.027795E+1
1.702459E+3	4.467600E+2	2.595129E+1	-1.003072E+0	1.733240E-4	NaN	1.733240E-3	4.030138E-1	1.029623E+1
1.716501E+3	4.465300E+2	2.596466E+1	-1.002657E+0	1.723110E-4	NaN	1.723110E-3	4.038228E-1	1.032209E+1
1.727766E+3	4.463500E+2	2.597513E+1	-9.998141E-1	1.715180E-4	NaN	1.715180E-3	4.045209E-1	1.034410E+1
1.738929E+3	4.461500E+2	2.598678E+1	-9.969087E-1	1.707100E-4	NaN	1.707100E-3	4.052508E-1	1.036695E+1
1.753159E+3	4.459200E+2	2.600018E+1	-9.983443E-1	1.696930E-4	NaN	1.696930E-3	4.062111E-1	1.039679E+1
1.764273E+3	4.457400E+2	2.601068E+1	-1.000124E+0	1.689310E-4	NaN	1.689310E-3	4.070450E-1	1.042234E+1
1.775218E+3	4.455600E+2	2.602119E+1	-9.994046E-1	1.680950E-4	NaN	1.680950E-3	4.079427E-1	1.044955E+1
1.788703E+3	4.453100E+2	2.603580E+1	-9.979299E-1	1.669950E-4	NaN	1.669950E-3	4.092134E-1	1.048744E+1
1.799962E+3	4.451200E+2	2.604691E+1	-9.996024E-1	1.661530E-4	NaN	1.661530E-3	4.102852E-1	1.051924E+1
1.810994E+3	4.449500E+2	2.605686E+1	-1.001678E+0	1.654050E-4	NaN	1.654050E-3	4.114431E-1	1.055325E+1
1.824526E+3	4.447400E+2	2.606916E+1	-1.000335E+0	1.644320E-4	NaN	1.644320E-3	4.129485E-1	1.059729E+1
1.835285E+3	4.445500E+2	2.608031E+1	-9.983898E-1	1.636780E-4	NaN	1.636780E-3	4.142145E-1	1.063416E+1
1.848832E+3	4.443200E+2	2.609381E+1	-9.965089E-1	1.627590E-4	NaN	1.627590E-3	4.158120E-1	1.068070E+1
1.859390E+3	4.441400E+2	2.610438E+1	-9.968540E-1	1.620190E-4	NaN	1.620190E-3	4.171452E-1	1.071938E+1
1.873259E+3	4.439200E+2	2.611732E+1	-1.000073E+0	1.610810E-4	NaN	1.610810E-3	4.188616E-1	1.076904E+1
1.883985E+3	4.437300E+2	2.612850E+1	-1.000897E+0	1.603960E-4	NaN	1.603960E-3	4.202925E-1	1.081033E+1
1.894925E+3	4.435600E+2	2.613852E+1	-1.001339E+0	1.595640E-4	NaN	1.595640E-3	4.217588E-1	1.085260E+1
1.908768E+3	4.433300E+2	2.615208E+1	-1.001573E+0	1.586960E-4	NaN	1.586960E-3	4.236599E-1	1.090726E+1
1.919372E+3	4.431500E+2	2.616270E+1	-1.001501E+0	1.580010E-4	NaN	1.580010E-3	4.252243E-1	1.095216E+1
1.932743E+3	4.429400E+2	2.617510E+1	-9.993857E-1	1.572290E-4	NaN	1.572290E-3	4.271950E-1	1.100874E+1
1.943405E+3	4.427600E+2	2.618574E+1	-9.963859E-1	1.564630E-4	NaN	1.564630E-3	4.287741E-1	1.105413E+1
1.956753E+3	4.425300E+2	2.619935E+1	-9.957814E-1	1.555740E-4	NaN	1.555740E-3	4.303902E-1	1.110165E+1
1.967655E+3	4.423400E+2	2.621061E+1	-9.975193E-1	1.548150E-4	NaN	1.548150E-3	4.319534E-1	1.114671E+1
1.978517E+3	4.421700E+2	2.622068E+1	-9.991209E-1	1.539590E-4	NaN	1.539590E-3	4.334793E-1	1.119083E+1
1.991745E+3	4.419400E+2	2.623433E+1	-9.999215E-1	1.530480E-4	NaN	1.530480E-3	4.354604E-1	1.124795E+1
2.002588E+3	4.417600E+2	2.624502E+1	-1.000895E+0	1.523990E-4	NaN	1.523990E-3	4.370609E-1	1.129411E+1
2.016501E+3	4.415200E+2	2.625929E+1	-1.002196E+0	1.515170E-4	NaN	1.515170E-3	4.387111E-1	1.134275E+1
2.028179E+3	4.413500E+2	2.626940E+1	-1.003426E+0	1.507840E-4	NaN	1.507840E-3	4.387542E-1	1.134854E+1
2.038950E+3	4.411600E+2	2.628071E+1	-1.001849E+0	1.501450E-4	NaN	1.501450E-3	4.387852E-1	1.135401E+1
2.052348E+3	4.409400E+2	2.629383E+1	-1.001763E+0	1.492030E-4	NaN	1.492030E-3	4.387542E-1	1.135904E+1
2.065530E+3	4.407100E+2	2.630755E+1	-1.000978E+0	1.484070E-4	NaN	1.484070E-3	4.387313E-1	1.136428E+1
2.076457E+3	4.405400E+2	2.631770E+1	-1.000789E+0	1.477280E-4	NaN	1.477280E-3	4.386575E-1	1.136702E+1
2.087014E+3	4.403400E+2	2.632965E+1	-1.000169E+0	1.470090E-4	NaN	1.470090E-3	4.385951E-1	1.137008E+1
2.097642E+3	4.401600E+2	2.634042E+1	-1.001762E+0	1.462220E-4	NaN	1.462220E-3	4.385208E-1	1.137283E+1
2.110776E+3	4.399600E+2	2.635240E+1	-1.001376E+0	1.453470E-4	NaN	1.453470E-3	4.385222E-1	1.137873E+1
2.124167E+3	4.397300E+2	2.636618E+1	-9.992402E-1	1.445830E-4	NaN	1.445830E-3	4.385080E-1	1.138421E+1
2.135050E+3	4.395600E+2	2.637638E+1	-9.977633E-1	1.439310E-4	NaN	1.439310E-3	4.384541E-1	1.138750E+1
2.145903E+3	4.393700E+2	2.638778E+1	-9.978855E-1	1.432370E-4	NaN	1.432370E-3	4.383819E-1	1.139032E+1
2.159461E+3	4.391500E+2	2.640100E+1	-9.987727E-1	1.424640E-4	NaN	1.424640E-3	4.383401E-1	1.139513E+1
2.172870E+3	4.389300E+2	2.641423E+1	-9.987111E-1	1.416280E-4	NaN	1.416280E-3	4.382145E-1	1.139775E+1
2.186054E+3	4.387300E+2	2.642628E+1	-9.972548E-1	1.408810E-4	NaN	1.408810E-3	4.381197E-1	1.140112E+1
2.196818E+3	4.385200E+2	2.643893E+1	-9.940621E-1	1.401480E-4	NaN	1.401480E-3	4.380180E-1	1.140312E+1
2.207407E+3	4.383300E+2	2.645039E+1	-9.969517E-1	1.394050E-4	NaN	1.394050E-3	4.379174E-1	1.140521E+1
2.217802E+3	4.381600E+2	2.646065E+1	-1.000311E+0	1.387080E-4	NaN	1.387080E-3	4.378634E-1	1.140854E+1
2.231016E+3	4.379500E+2	2.647334E+1	-1.000654E+0	1.380270E-4	NaN	1.380270E-3	4.378017E-1	1.141281E+1
2.244471E+3	4.377400E+2	2.648604E+1	-9.981706E-1	1.372540E-4	NaN	1.372540E-3	4.376784E-1	1.141543E+1
2.255214E+3	4.375500E+2	2.649754E+1	-9.987037E-1	1.366240E-4	NaN	1.366240E-3	4.375825E-1	1.141762E+1
2.268610E+3	4.373300E+2	2.651087E+1	-1.001176E+0	1.357420E-4	NaN	1.357420E-3	4.374948E-1	1.142121E+1
2.279402E+3	4.371400E+2	2.652240E+1	-1.001558E+0	1.350770E-4	NaN	1.350770E-3	4.374298E-1	1.142421E+1
2.292698E+3	4.369300E+2	2.653514E+1	-1.000878E+0	1.343660E-4	NaN	1.343660E-3	4.373258E-1	1.142733E+1
2.303702E+3	4.367400E+2	2.654669E+1	-9.994771E-1	1.337650E-4	NaN	1.337650E-3	4.372273E-1	1.142944E+1
2.314503E+3	4.365600E+2	2.655763E+1	-1.001607E+0	1.330620E-4	NaN	1.330620E-3	4.371518E-1	1.143220E+1
2.328047E+3	4.363200E+2	2.657224E+1	-1.003317E+0	1.322680E-4	NaN	1.322680E-3	4.370661E-1	1.143589E+1
2.338767E+3	4.361600E+2	2.658199E+1	-1.003215E+0	1.316780E-4	NaN	1.316780E-3	4.369606E-1	1.143788E+1
2.352215E+3	4.359400E+2	2.659540E+1	-9.971487E-1	1.309380E-4	NaN	1.309380E-3	4.368127E-1	1.143990E+1
2.365433E+3	4.357200E+2	2.660883E+1	-9.940059E-1	1.301600E-4	NaN	1.301600E-3	4.366911E-1	1.144262E+1
2.376070E+3	4.355500E+2	2.661922E+1	-9.961776E-1	1.295310E-4	NaN	1.295310E-3	4.366195E-1	1.144547E+1
2.389081E+3	4.353300E+2	2.663267E+1	-9.995251E-1	1.287700E-4	NaN	1.287700E-3	4.365142E-1	1.144864E+1
2.399748E+3	4.351400E+2	2.664430E+1	-9.989573E-1	1.281960E-4	NaN	1.281960E-3	4.364315E-1	1.145117E+1
2.412978E+3	4.349400E+2	2.665655E+1	-9.967236E-1	1.274550E-4	NaN	1.274550E-3	4.362533E-1	1.145235E+1
2.423924E+3	4.347300E+2	2.666943E+1	-9.962291E-1	1.267820E-4	NaN	1.267820E-3	4.361268E-1	1.145374E+1
2.434840E+3	4.345300E+2	2.668170E+1	-9.985443E-1	1.260930E-4	NaN	1.260930E-3	4.359771E-1	1.145456E+1
2.448280E+3	4.343300E+2	2.669399E+1	-1.001552E+0	1.254490E-4	NaN	1.254490E-3	4.358204E-1	1.145638E+1
2.459048E+3	4.341500E+2	2.670506E+1	-1.000764E+0	1.249270E-4	NaN	1.249270E-3	4.356792E-1	1.145740E+1
2.472221E+3	4.339400E+2	2.671798E+1	-9.984297E-1	1.242310E-4	NaN	1.242310E-3	4.354604E-1	1.145756E+1
2.485528E+3	4.337200E+2	2.673153E+1	-9.998568E-1	1.234980E-4	NaN	1.234980E-3	4.352254E-1	1.145730E+1
2.496098E+3	4.335500E+2	2.674201E+1	-1.000910E+0	1.229060E-4	NaN	1.229060E-3	4.350323E-1	1.145694E+1
2.509418E+3	4.333300E+2	2.675559E+1	-1.001056E+0	1.221710E-4	NaN	1.221710E-3	4.347725E-1	1.145596E+1
2.520177E+3	4.331500E+2	2.676671E+1	-9.992293E-1	1.215920E-4	NaN	1.215920E-3	4.346288E-1	1.145686E+1
2.530810E+3	4.329500E+2	2.677907E+1	-9.979909E-1	1.209730E-4	NaN	1.209730E-3	4.345080E-1	1.145839E+1
2.544907E+3	4.327200E+2	2.679331E+1	-1.000336E+0	1.201820E-4	NaN	1.201820E-3	4.343239E-1	1.145946E+1
2.556211E+3	4.325300E+2	2.680508E+1	-1.000800E+0	1.195790E-4	NaN	1.195790E-3	4.342069E-1	1.146109E+1
2.567819E+3	4.323500E+2	2.681624E+1	-1.000513E+0	1.190220E-4	NaN	1.190220E-3	4.340853E-1	1.146261E+1
2.578792E+3	4.321800E+2	2.682679E+1	-9.984905E-1	1.184240E-4	NaN	1.184240E-3	4.339104E-1	1.146274E+1
2.592195E+3	4.319500E+2	2.684107E+1	-9.976900E-1	1.177090E-4	NaN	1.177090E-3	4.337435E-1	1.146426E+1
2.605640E+3	4.317200E+2	2.685537E+1	-1.001047E+0	1.170020E-4	NaN	1.170020E-3	4.336579E-1	1.146792E+1
2.616591E+3	4.315300E+2	2.686719E+1	-1.001627E+0	1.164520E-4	NaN	1.164520E-3	4.336254E-1	1.147178E+1
2.627347E+3	4.313700E+2	2.687716E+1	-1.001485E+0	1.159030E-4	NaN	1.159030E-3	4.335473E-1	1.147446E+1
2.640478E+3	4.311300E+2	2.689212E+1	-9.999722E-1	1.151850E-4	NaN	1.151850E-3	4.335031E-1	1.147923E+1
2.651157E+3	4.309400E+2	2.690398E+1	-1.000789E+0	1.145630E-4	NaN	1.145630E-3	4.334855E-1	1.148353E+1
2.664645E+3	4.307300E+2	2.691709E+1	-1.002582E+0	1.138700E-4	NaN	1.138700E-3	4.334532E-1	1.148863E+1
2.675453E+3	4.305500E+2	2.692835E+1	-1.001456E+0	1.133580E-4	NaN	1.133580E-3	4.334606E-1	1.149357E+1
2.688907E+3	4.303300E+2	2.694211E+1	-9.992665E-1	1.126660E-4	NaN	1.126660E-3	4.334571E-1	1.149942E+1
2.699365E+3	4.301500E+2	2.695339E+1	-9.995445E-1	1.121450E-4	NaN	1.121450E-3	4.334191E-1	1.150314E+1
2.712811E+3	4.299300E+2	2.696718E+1	-1.000100E+0	1.114880E-4	NaN	1.114880E-3	4.334164E-1	1.150899E+1
2.724241E+3	4.297600E+2	2.697785E+1	-1.000835E+0	1.109180E-4	NaN	1.109180E-3	4.333628E-1	1.151231E+1
2.737736E+3	4.295200E+2	2.699292E+1	-9.977435E-1	1.102400E-4	NaN	1.102400E-3	4.333458E-1	1.151778E+1
2.748596E+3	4.293300E+2	2.700487E+1	-9.974428E-1	1.096400E-4	NaN	1.096400E-3	4.332604E-1	1.152028E+1
2.759233E+3	4.291400E+2	2.701682E+1	-9.988016E-1	1.090860E-4	NaN	1.090860E-3	4.332116E-1	1.152378E+1
2.772698E+3	4.289200E+2	2.703068E+1	-1.000605E+0	1.084120E-4	NaN	1.084120E-3	4.331425E-1	1.152792E+1
2.783627E+3	4.287500E+2	2.704140E+1	-1.000739E+0	1.078930E-4	NaN	1.078930E-3	4.330875E-1	1.153123E+1
2.794699E+3	4.285700E+2	2.705276E+1	-9.998767E-1	1.073890E-4	NaN	1.073890E-3	4.330602E-1	1.153529E+1
2.808357E+3	4.283300E+2	2.706791E+1	-9.986341E-1	1.067150E-4	NaN	1.067150E-3	4.330530E-1	1.154106E+1
2.821476E+3	4.281100E+2	2.708182E+1	-1.000506E+0	1.061000E-4	NaN	1.061000E-3	4.330252E-1	1.154628E+1
2.832650E+3	4.279300E+2	2.709322E+1	-1.001737E+0	1.055970E-4	NaN	1.055970E-3	4.329780E-1	1.154979E+1
2.843978E+3	4.277500E+2	2.710462E+1	-1.001862E+0	1.050610E-4	NaN	1.050610E-3	4.329157E-1	1.155291E+1
2.857298E+3	4.275300E+2	2.711856E+1	-1.000552E+0	1.044460E-4	NaN	1.044460E-3	4.327801E-1	1.155526E+1
2.867976E+3	4.273300E+2	2.713126E+1	-9.996382E-1	1.038230E-4	NaN	1.038230E-3	4.327367E-1	1.155888E+1
2.879071E+3	4.271400E+2	2.714333E+1	-1.002157E+0	1.032310E-4	NaN	1.032310E-3	4.327288E-1	1.156349E+1
2.893007E+3	4.269200E+2	2.715731E+1	-1.002552E+0	1.025860E-4	NaN	1.025860E-3	4.327172E-1	1.156918E+1
2.903721E+3	4.267500E+2	2.716813E+1	-1.000622E+0	1.021220E-4	NaN	1.021220E-3	4.327080E-1	1.157371E+1
2.917290E+3	4.265200E+2	2.718278E+1	-9.996275E-1	1.015110E-4	NaN	1.015110E-3	4.327622E-1	1.158113E+1
2.928019E+3	4.263500E+2	2.719362E+1	-1.000673E+0	1.010290E-4	NaN	1.010290E-3	4.328158E-1	1.158738E+1
2.941457E+3	4.261200E+2	2.720830E+1	-1.000936E+0	1.003870E-4	NaN	1.003870E-3	4.328712E-1	1.159487E+1
2.952458E+3	4.259500E+2	2.721916E+1	-1.000362E+0	9.987900E-5	NaN	9.987900E-4	4.328973E-1	1.160037E+1
2.963134E+3	4.257700E+2	2.723066E+1	-9.988737E-1	9.937300E-5	NaN	9.937300E-4	4.329430E-1	1.160637E+1
2.976639E+3	4.255300E+2	2.724602E+1	-9.975899E-1	9.870800E-5	NaN	9.870800E-4	4.329981E-1	1.161385E+1
2.987389E+3	4.253500E+2	2.725755E+1	-9.983137E-1	9.817000E-5	NaN	9.817000E-4	4.330800E-1	1.162087E+1
3.000926E+3	4.251300E+2	2.727166E+1	-9.996425E-1	9.754900E-5	NaN	9.754900E-4	4.332240E-1	1.163081E+1
3.011338E+3	4.249500E+2	2.728321E+1	-9.988589E-1	9.708800E-5	NaN	9.708800E-4	4.333235E-1	1.163831E+1
3.024656E+3	4.247300E+2	2.729734E+1	-9.965764E-1	9.655200E-5	NaN	9.655200E-4	4.334419E-1	1.164745E+1
3.038200E+3	4.245200E+2	2.731085E+1	-9.971107E-1	9.593000E-5	NaN	9.593000E-4	4.335561E-1	1.165652E+1
3.049014E+3	4.243300E+2	2.732307E+1	-9.997816E-1	9.541300E-5	NaN	9.541300E-4	4.336381E-1	1.166357E+1
3.059664E+3	4.241500E+2	2.733467E+1	-9.996935E-1	9.495200E-5	NaN	9.495200E-4	4.337344E-1	1.167100E+1
3.073064E+3	4.239300E+2	2.734885E+1	-1.000101E+0	9.439400E-5	NaN	9.439400E-4	4.338333E-1	1.167970E+1
3.083919E+3	4.237400E+2	2.736112E+1	-9.996669E-1	9.390500E-5	NaN	9.390500E-4	4.339351E-1	1.168731E+1
3.094521E+3	4.235600E+2	2.737275E+1	-1.001385E+0	9.339700E-5	NaN	9.339700E-4	4.340168E-1	1.169438E+1
3.107797E+3	4.233400E+2	2.738697E+1	-1.002957E+0	9.282700E-5	NaN	9.282700E-4	4.341508E-1	1.170411E+1
3.120992E+3	4.231300E+2	2.740056E+1	-1.002423E+0	9.229000E-5	NaN	9.229000E-4	4.342327E-1	1.171241E+1
3.131733E+3	4.229500E+2	2.741222E+1	-9.995867E-1	9.182900E-5	NaN	9.182900E-4	4.343007E-1	1.171908E+1
3.145184E+3	4.227300E+2	2.742649E+1	-1.000527E+0	9.122100E-5	NaN	9.122100E-4	4.343767E-1	1.172719E+1
3.155974E+3	4.225500E+2	2.743817E+1	-1.001473E+0	9.075900E-5	NaN	9.075900E-4	4.344638E-1	1.173440E+1
3.169156E+3	4.223300E+2	2.745247E+1	-1.001480E+0	9.019900E-5	NaN	9.019900E-4	4.345909E-1	1.174392E+1
3.179770E+3	4.221500E+2	2.746417E+1	-9.998852E-1	8.973700E-5	NaN	8.973700E-4	4.347119E-1	1.175206E+1
3.193090E+3	4.219200E+2	2.747914E+1	-9.985900E-1	8.913500E-5	NaN	8.913500E-4	4.348817E-1	1.176276E+1
3.203791E+3	4.217200E+2	2.749217E+1	-9.989119E-1	8.863300E-5	NaN	8.863300E-4	4.350342E-1	1.177180E+1
3.216960E+3	4.215100E+2	2.750587E+1	-1.001000E+0	8.808800E-5	NaN	8.808800E-4	4.352287E-1	1.178323E+1
3.227773E+3	4.213500E+2	2.751632E+1	-1.001316E+0	8.765400E-5	NaN	8.765400E-4	4.353890E-1	1.179252E+1
3.238742E+3	4.211700E+2	2.752808E+1	-9.994202E-1	8.721300E-5	NaN	8.721300E-4	4.355675E-1	1.180228E+1
3.252444E+3	4.209400E+2	2.754312E+1	-9.979871E-1	8.664600E-5	NaN	8.664600E-4	4.358102E-1	1.181500E+1
3.263116E+3	4.207600E+2	2.755490E+1	-9.989503E-1	8.619100E-5	NaN	8.619100E-4	4.359861E-1	1.182470E+1
3.276369E+3	4.205400E+2	2.756932E+1	-1.001071E+0	8.569000E-5	NaN	8.569000E-4	4.360835E-1	1.183354E+1
3.289361E+3	4.203400E+2	2.758243E+1	-1.000781E+0	8.519300E-5	NaN	8.519300E-4	4.361548E-1	1.184169E+1
3.299907E+3	4.201500E+2	2.759491E+1	-9.980510E-1	8.476300E-5	NaN	8.476300E-4	4.362262E-1	1.184858E+1
3.310517E+3	4.199700E+2	2.760673E+1	-9.981974E-1	8.428600E-5	NaN	8.428600E-4	4.362650E-1	1.185463E+1
3.323861E+3	4.197200E+2	2.762318E+1	-9.994526E-1	8.368900E-5	NaN	8.368900E-4	4.363646E-1	1.186360E+1
3.334924E+3	4.195600E+2	2.763371E+1	-1.001859E+0	8.325700E-5	NaN	8.325700E-4	4.364475E-1	1.187091E+1
3.348293E+3	4.193500E+2	2.764755E+1	-9.973620E-1	8.277700E-5	NaN	8.277700E-4	4.365926E-1	1.188109E+1
3.359006E+3	4.191700E+2	2.765942E+1	-9.962367E-1	8.235800E-5	NaN	8.235800E-4	4.367024E-1	1.188908E+1
3.372449E+3	4.189300E+2	2.767527E+1	-9.967585E-1	8.178400E-5	NaN	8.178400E-4	4.368741E-1	1.190001E+1
3.383297E+3	4.187600E+2	2.768650E+1	-9.993089E-1	8.135900E-5	NaN	8.135900E-4	4.369681E-1	1.190758E+1
3.396696E+3	4.185300E+2	2.770172E+1	-9.996232E-1	8.084900E-5	NaN	8.084900E-4	4.370798E-1	1.191690E+1
3.409856E+3	4.183200E+2	2.771562E+1	-9.982109E-1	8.037900E-5	NaN	8.037900E-4	4.371808E-1	1.192592E+1
3.420732E+3	4.181300E+2	2.772822E+1	-9.974061E-1	7.994100E-5	NaN	7.994100E-4	4.372327E-1	1.193238E+1
3.431268E+3	4.179400E+2	2.774082E+1	-9.999234E-1	7.949400E-5	NaN	7.949400E-4	4.372523E-1	1.193797E+1
3.444478E+3	4.177300E+2	2.775477E+1	-1.003208E+0	7.899900E-5	NaN	7.899900E-4	4.372896E-1	1.194534E+1
3.455004E+3	4.175500E+2	2.776673E+1	-1.001866E+0	7.862400E-5	NaN	7.862400E-4	4.373147E-1	1.195107E+1
3.468537E+3	4.173500E+2	2.778004E+1	-9.981571E-1	7.813200E-5	NaN	7.813200E-4	4.373820E-1	1.195919E+1
3.479302E+3	4.171700E+2	2.779203E+1	-9.974498E-1	7.771000E-5	NaN	7.771000E-4	4.374506E-1	1.196612E+1
3.492446E+3	4.169300E+2	2.780803E+1	-1.000356E+0	7.719100E-5	NaN	7.719100E-4	4.375565E-1	1.197535E+1
3.503042E+3	4.167700E+2	2.781870E+1	-1.001520E+0	7.677500E-5	NaN	7.677500E-4	4.376361E-1	1.198261E+1
3.516555E+3	4.165500E+2	2.783339E+1	-9.981791E-1	7.629300E-5	NaN	7.629300E-4	4.377568E-1	1.199229E+1
3.529882E+3	4.163100E+2	2.784944E+1	-9.955213E-1	7.578300E-5	NaN	7.578300E-4	4.378200E-1	1.200038E+1
3.540840E+3	4.161300E+2	2.786149E+1	-9.980247E-1	7.534800E-5	NaN	7.534800E-4	4.378953E-1	1.200760E+1
3.551536E+3	4.159400E+2	2.787421E+1	-1.000828E+0	7.494300E-5	NaN	7.494300E-4	4.379622E-1	1.201458E+1
3.564773E+3	4.157400E+2	2.788762E+1	-1.001056E+0	7.448900E-5	NaN	7.448900E-4	4.380541E-1	1.202351E+1
3.578163E+3	4.155300E+2	2.790172E+1	-9.975825E-1	7.401600E-5	NaN	7.401600E-4	4.381851E-1	1.203348E+1
3.588679E+3	4.153400E+2	2.791448E+1	-9.969316E-1	7.361600E-5	NaN	7.361600E-4	4.382965E-1	1.204164E+1
3.599349E+3	4.151500E+2	2.792726E+1	-9.995602E-1	7.321200E-5	NaN	7.321200E-4	4.383710E-1	1.204881E+1
3.612911E+3	4.149300E+2	2.794206E+1	-1.002488E+0	7.272300E-5	NaN	7.272300E-4	4.384680E-1	1.205792E+1
3.623822E+3	4.147500E+2	2.795419E+1	-1.002845E+0	7.235200E-5	NaN	7.235200E-4	4.385463E-1	1.206523E+1
3.637387E+3	4.145300E+2	2.796903E+1	-1.000426E+0	7.187800E-5	NaN	7.187800E-4	4.386029E-1	1.207324E+1
3.648181E+3	4.143300E+2	2.798253E+1	-1.000147E+0	7.145700E-5	NaN	7.145700E-4	4.386122E-1	1.207865E+1
3.658863E+3	4.141400E+2	2.799536E+1	-1.001772E+0	7.106100E-5	NaN	7.106100E-4	4.386156E-1	1.208394E+1
3.672468E+3	4.139400E+2	2.800889E+1	-1.002546E+0	7.060300E-5	NaN	7.060300E-4	4.386417E-1	1.209113E+1
3.683259E+3	4.137500E+2	2.802175E+1	-1.001033E+0	7.023500E-5	NaN	7.023500E-4	4.387025E-1	1.209795E+1
3.696704E+3	4.135400E+2	2.803598E+1	-9.999214E-1	6.977900E-5	NaN	6.977900E-4	4.387908E-1	1.210682E+1
3.710307E+3	4.133100E+2	2.805158E+1	-1.000612E+0	6.931500E-5	NaN	6.931500E-4	4.388807E-1	1.211575E+1
3.721114E+3	4.131400E+2	2.806313E+1	-1.001636E+0	6.893000E-5	NaN	6.893000E-4	4.389360E-1	1.212245E+1
3.734424E+3	4.129000E+2	2.807944E+1	-9.997532E-1	6.846200E-5	NaN	6.846200E-4	4.390206E-1	1.213125E+1
3.745199E+3	4.127300E+2	2.809100E+1	-9.975362E-1	6.807000E-5	NaN	6.807000E-4	4.390687E-1	1.213776E+1
3.756005E+3	4.125400E+2	2.810394E+1	-9.967006E-1	6.770000E-5	NaN	6.770000E-4	4.391458E-1	1.214509E+1
3.766497E+3	4.123700E+2	2.811553E+1	-9.976964E-1	6.732300E-5	NaN	6.732300E-4	4.392599E-1	1.215345E+1
3.780421E+3	4.121300E+2	2.813190E+1	-9.994532E-1	6.683800E-5	NaN	6.683800E-4	4.394091E-1	1.216410E+1
3.791067E+3	4.119500E+2	2.814419E+1	-9.993919E-1	6.649400E-5	NaN	6.649400E-4	4.395608E-1	1.217350E+1
3.804639E+3	4.117400E+2	2.815855E+1	-9.986020E-1	6.606600E-5	NaN	6.606600E-4	4.397385E-1	1.218492E+1
3.815236E+3	4.115500E+2	2.817155E+1	-9.996005E-1	6.573100E-5	NaN	6.573100E-4	4.398767E-1	1.219396E+1
3.828621E+3	4.113400E+2	2.818593E+1	-1.001602E+0	6.528100E-5	NaN	6.528100E-4	4.400241E-1	1.220460E+1
3.840596E+3	4.111400E+2	2.819964E+1	-1.001881E+0	6.488100E-5	NaN	6.488100E-4	4.401041E-1	1.221206E+1
3.853003E+3	4.109300E+2	2.821405E+1	-1.001506E+0	6.447100E-5	NaN	6.447100E-4	4.402154E-1	1.222042E+1
3.865125E+3	4.107200E+2	2.822848E+1	-1.000981E+0	6.405600E-5	NaN	6.405600E-4	4.403430E-1	1.222928E+1
3.876084E+3	4.105400E+2	2.824085E+1	-1.001076E+0	6.369400E-5	NaN	6.369400E-4	4.404812E-1	1.223848E+1
3.886713E+3	4.103600E+2	2.825324E+1	-1.001041E+0	6.334700E-5	NaN	6.334700E-4	4.405866E-1	1.224677E+1
3.899966E+3	4.101300E+2	2.826909E+1	-9.998008E-1	6.291900E-5	NaN	6.291900E-4	4.407004E-1	1.225660E+1
3.913234E+3	4.099200E+2	2.828357E+1	-9.989648E-1	6.251100E-5	NaN	6.251100E-4	4.408201E-1	1.226657E+1
3.923773E+3	4.097600E+2	2.829461E+1	-9.984126E-1	6.218400E-5	NaN	6.218400E-4	4.409139E-1	1.227448E+1
3.937153E+3	4.095400E+2	2.830981E+1	-9.977124E-1	6.176100E-5	NaN	6.176100E-4	4.410095E-1	1.228377E+1
3.950675E+3	4.093000E+2	2.832641E+1	-9.966435E-1	6.133100E-5	NaN	6.133100E-4	4.411398E-1	1.229402E+1
3.961680E+3	4.091100E+2	2.833957E+1	-9.974368E-1	6.096400E-5	NaN	6.096400E-4	4.412330E-1	1.230195E+1
3.972599E+3	4.088800E+2	2.835551E+1	-9.983239E-1	6.061900E-5	NaN	6.061900E-4	4.413585E-1	1.231078E+1
3.983865E+3	4.087500E+2	2.836453E+1	-1.001098E+0	6.024800E-5	NaN	6.024800E-4	4.414184E-1	1.231654E+1
3.997026E+3	4.085200E+2	2.838050E+1	-1.002255E+0	5.982900E-5	NaN	5.982900E-4	4.416192E-1	1.232895E+1
4.007875E+3	4.083500E+2	2.839231E+1	-1.002371E+0	5.949700E-5	NaN	5.949700E-4	4.417942E-1	1.233925E+1
4.021329E+3	4.081200E+2	2.840831E+1	-1.001055E+0	5.909600E-5	NaN	5.909600E-4	4.420285E-1	1.235253E+1
4.032001E+3	4.079500E+2	2.842015E+1	-1.000300E+0	5.879500E-5	NaN	5.879500E-4	4.422026E-1	1.236279E+1
4.045350E+3	4.077200E+2	2.843618E+1	-1.000088E+0	5.838300E-5	NaN	5.838300E-4	4.424192E-1	1.237559E+1
4.056114E+3	4.075600E+2	2.844735E+1	-1.000403E+0	5.805800E-5	NaN	5.805800E-4	4.425854E-1	1.238565E+1
4.069446E+3	4.073400E+2	2.846271E+1	-1.000292E+0	5.765500E-5	NaN	5.765500E-4	4.428398E-1	1.239950E+1
4.080055E+3	4.071500E+2	2.847599E+1	-9.990165E-1	5.732300E-5	NaN	5.732300E-4	4.430460E-1	1.241065E+1
4.093281E+3	4.069200E+2	2.849209E+1	-9.982790E-1	5.689300E-5	NaN	5.689300E-4	4.432530E-1	1.242317E+1
4.104040E+3	4.067300E+2	2.850540E+1	-9.989970E-1	5.655500E-5	NaN	5.655500E-4	4.434551E-1	1.243426E+1
4.114830E+3	4.065700E+2	2.851661E+1	-9.978032E-1	5.623800E-5	NaN	5.623800E-4	4.436546E-1	1.244528E+1
4.128308E+3	4.063400E+2	2.853276E+1	-9.973054E-1	5.589600E-5	NaN	5.589600E-4	4.439048E-1	1.245904E+1
4.141721E+3	4.061300E+2	2.854751E+1	-9.979889E-1	5.550900E-5	NaN	5.550900E-4	4.440994E-1	1.247123E+1
4.152811E+3	4.059400E+2	2.856087E+1	-9.987794E-1	5.518000E-5	NaN	5.518000E-4	4.442729E-1	1.248149E+1
4.163465E+3	4.057500E+2	2.857425E+1	-9.999480E-1	5.487600E-5	NaN	5.487600E-4	4.444556E-1	1.249207E+1
4.176859E+3	4.055400E+2	2.858904E+1	-1.000692E+0	5.448100E-5	NaN	5.448100E-4	4.446658E-1	1.250477E+1
4.187409E+3	4.053700E+2	2.860103E+1	-9.996465E-1	5.418300E-5	NaN	5.418300E-4	4.448613E-1	1.251569E+1
4.200721E+3	4.051100E+2	2.861939E+1	-1.000264E+0	5.378100E-5	NaN	5.378100E-4	4.450740E-1	1.252846E+1
4.211388E+3	4.049400E+2	2.863140E+1	-1.002777E+0	5.347000E-5	NaN	5.347000E-4	4.452340E-1	1.253842E+1
4.224936E+3	4.047300E+2	2.864626E+1	-1.003374E+0	5.308900E-5	NaN	5.308900E-4	4.454531E-1	1.255142E+1
4.238147E+3	4.045200E+2	2.866113E+1	-1.000672E+0	5.273100E-5	NaN	5.273100E-4	4.456556E-1	1.256389E+1
4.249005E+3	4.043400E+2	2.867389E+1	-9.987550E-1	5.241000E-5	NaN	5.241000E-4	4.458138E-1	1.257374E+1
4.259939E+3	4.041500E+2	2.868737E+1	-9.996318E-1	5.209900E-5	NaN	5.209900E-4	4.459947E-1	1.258427E+1
4.273536E+3	4.039100E+2	2.870441E+1	-1.001828E+0	5.171900E-5	NaN	5.171900E-4	4.462056E-1	1.259704E+1
4.284344E+3	4.037500E+2	2.871579E+1	-1.002430E+0	5.143900E-5	NaN	5.143900E-4	4.463798E-1	1.260745E+1
4.297644E+3	4.035300E+2	2.873144E+1	-9.997804E-1	5.108500E-5	NaN	5.108500E-4	4.465962E-1	1.262039E+1
4.308338E+3	4.033400E+2	2.874498E+1	-9.984832E-1	5.077700E-5	NaN	5.077700E-4	4.467474E-1	1.263016E+1
4.319143E+3	4.031500E+2	2.875853E+1	-9.999871E-1	5.046100E-5	NaN	5.046100E-4	4.469105E-1	1.264031E+1
4.332343E+3	4.029300E+2	2.877423E+1	-1.002092E+0	5.011100E-5	NaN	5.011100E-4	4.471189E-1	1.265314E+1
4.346025E+3	4.027000E+2	2.879066E+1	-1.000167E+0	4.975200E-5	NaN	4.975200E-4	4.473249E-1	1.266589E+1
4.356805E+3	4.025300E+2	2.880282E+1	-9.994989E-1	4.947000E-5	NaN	4.947000E-4	4.474664E-1	1.267542E+1
4.367388E+3	4.023500E+2	2.881571E+1	-1.001382E+0	4.919500E-5	NaN	4.919500E-4	4.476067E-1	1.268491E+1
4.381156E+3	4.021200E+2	2.883219E+1	-1.003191E+0	4.883300E-5	NaN	4.883300E-4	4.477872E-1	1.269695E+1
4.392123E+3	4.019500E+2	2.884438E+1	-1.003758E+0	4.855200E-5	NaN	4.855200E-4	4.479305E-1	1.270662E+1
4.405574E+3	4.017200E+2	2.886090E+1	-1.001551E+0	4.820700E-5	NaN	4.820700E-4	4.481188E-1	1.271898E+1
4.416181E+3	4.015600E+2	2.887240E+1	-9.985711E-1	4.793400E-5	NaN	4.793400E-4	4.482687E-1	1.272882E+1
4.429492E+3	4.013200E+2	2.888966E+1	-9.980546E-1	4.757100E-5	NaN	4.757100E-4	4.484406E-1	1.274070E+1
4.440319E+3	4.011200E+2	2.890407E+1	-1.000427E+0	4.726000E-5	NaN	4.726000E-4	4.485652E-1	1.274989E+1
4.451061E+3	4.009400E+2	2.891704E+1	-1.001609E+0	4.698200E-5	NaN	4.698200E-4	4.487002E-1	1.275939E+1
4.464603E+3	4.007500E+2	2.893075E+1	-9.989968E-1	4.665500E-5	NaN	4.665500E-4	4.488915E-1	1.277188E+1
4.477833E+3	4.005200E+2	2.894737E+1	-9.973704E-1	4.633400E-5	NaN	4.633400E-4	4.490840E-1	1.278436E+1
4.488476E+3	4.003400E+2	2.896038E+1	-9.978074E-1	4.606000E-5	NaN	4.606000E-4	4.492515E-1	1.279477E+1
4.499344E+3	4.001600E+2	2.897341E+1	-9.996712E-1	4.577100E-5	NaN	4.577100E-4	4.493786E-1	1.280406E+1
4.512488E+3	3.999300E+2	2.899007E+1	-9.996371E-1	4.544700E-5	NaN	4.544700E-4	4.495669E-1	1.281653E+1
4.526209E+3	3.997200E+2	2.900530E+1	-9.998911E-1	4.510900E-5	NaN	4.510900E-4	4.497356E-1	1.282846E+1
4.537237E+3	3.995300E+2	2.901910E+1	-9.984953E-1	4.482400E-5	NaN	4.482400E-4	4.499009E-1	1.283888E+1
4.547841E+3	3.993300E+2	2.903363E+1	-9.987497E-1	4.454200E-5	NaN	4.454200E-4	4.500904E-1	1.285003E+1
4.558549E+3	3.991600E+2	2.904600E+1	-1.001908E+0	4.426100E-5	NaN	4.426100E-4	4.502539E-1	1.286047E+1
4.571894E+3	3.989400E+2	2.906201E+1	-1.003122E+0	4.394300E-5	NaN	4.394300E-4	4.505143E-1	1.287512E+1
4.585205E+3	3.987300E+2	2.907732E+1	-9.990627E-1	4.364200E-5	NaN	4.364200E-4	4.508069E-1	1.289069E+1
4.595835E+3	3.985600E+2	2.908972E+1	-9.982689E-1	4.338400E-5	NaN	4.338400E-4	4.510369E-1	1.290302E+1
4.609150E+3	3.983400E+2	2.910579E+1	-1.000538E+0	4.305700E-5	NaN	4.305700E-4	4.513256E-1	1.291851E+1
4.619866E+3	3.981500E+2	2.911968E+1	-1.002248E+0	4.279100E-5	NaN	4.279100E-4	4.515318E-1	1.293021E+1
4.633485E+3	3.979300E+2	2.913578E+1	-9.997636E-1	4.246400E-5	NaN	4.246400E-4	4.517911E-1	1.294490E+1
4.644006E+3	3.977400E+2	2.914970E+1	-9.981145E-1	4.222400E-5	NaN	4.222400E-4	4.519976E-1	1.295667E+1
4.654782E+3	3.975500E+2	2.916363E+1	-9.990230E-1	4.196000E-5	NaN	4.196000E-4	4.521593E-1	1.296717E+1
4.668229E+3	3.973300E+2	2.917977E+1	-1.000716E+0	4.162600E-5	NaN	4.162600E-4	4.524053E-1	1.298153E+1
4.679020E+3	3.971500E+2	2.919300E+1	-1.002577E+0	4.137900E-5	NaN	4.137900E-4	4.526111E-1	1.299324E+1
4.692610E+3	3.969400E+2	2.920844E+1	-1.000346E+0	4.106400E-5	NaN	4.106400E-4	4.529103E-1	1.300906E+1
4.705920E+3	3.967200E+2	2.922464E+1	-9.978786E-1	4.075500E-5	NaN	4.075500E-4	4.532126E-1	1.302497E+1
4.716673E+3	3.965300E+2	2.923865E+1	-9.993692E-1	4.050400E-5	NaN	4.050400E-4	4.534450E-1	1.303746E+1
4.727554E+3	3.963500E+2	2.925192E+1	-1.001981E+0	4.026200E-5	NaN	4.026200E-4	4.536867E-1	1.305026E+1
4.741159E+3	3.961300E+2	2.926817E+1	-1.002939E+0	3.995800E-5	NaN	3.995800E-4	4.539627E-1	1.306555E+1
4.751793E+3	3.959500E+2	2.928147E+1	-9.998531E-1	3.971600E-5	NaN	3.971600E-4	4.541943E-1	1.307809E+1
4.765394E+3	3.957100E+2	2.929923E+1	-9.989334E-1	3.939600E-5	NaN	3.939600E-4	4.544594E-1	1.309313E+1
4.773788E+3	3.955700E+2	2.930960E+1	-1.000555E+0	3.919900E-5	NaN	3.919900E-4	4.546003E-1	1.310164E+1
4.786828E+3	3.953600E+2	2.932517E+1	-1.002217E+0	3.891600E-5	NaN	3.891600E-4	4.548560E-1	1.311640E+1
4.800238E+3	3.951400E+2	2.934150E+1	-1.000598E+0	3.863300E-5	NaN	3.863300E-4	4.551360E-1	1.313176E+1
4.813594E+3	3.949300E+2	2.935710E+1	-9.984909E-1	3.834900E-5	NaN	3.834900E-4	4.554409E-1	1.314784E+1
4.825026E+3	3.947400E+2	2.937123E+1	-9.984497E-1	3.809800E-5	NaN	3.809800E-4	4.556634E-1	1.316013E+1
4.835817E+3	3.945500E+2	2.938538E+1	-9.997135E-1	3.785200E-5	NaN	3.785200E-4	4.558796E-1	1.317226E+1
4.849023E+3	3.943300E+2	2.940177E+1	-1.000610E+0	3.756800E-5	NaN	3.756800E-4	4.561304E-1	1.318688E+1
4.859797E+3	3.941500E+2	2.941520E+1	-9.994506E-1	3.734700E-5	NaN	3.734700E-4	4.563348E-1	1.319867E+1
4.873099E+3	3.939200E+2	2.943237E+1	-9.979542E-1	3.704700E-5	NaN	3.704700E-4	4.565987E-1	1.321370E+1
4.883821E+3	3.937400E+2	2.944583E+1	-1.000084E+0	3.680400E-5	NaN	3.680400E-4	4.568056E-1	1.322564E+1
4.894435E+3	3.935600E+2	2.945929E+1	-1.002129E+0	3.658300E-5	NaN	3.658300E-4	4.570090E-1	1.323750E+1
4.908153E+3	3.933400E+2	2.947577E+1	-1.001465E+0	3.631100E-5	NaN	3.631100E-4	4.573166E-1	1.325383E+1
4.921467E+3	3.931300E+2	2.949152E+1	-9.979163E-1	3.604500E-5	NaN	3.604500E-4	4.576302E-1	1.327034E+1
4.932026E+3	3.929600E+2	2.950428E+1	-9.979655E-1	3.581700E-5	NaN	3.581700E-4	4.578932E-1	1.328393E+1
4.945524E+3	3.927200E+2	2.952231E+1	-9.996819E-1	3.552300E-5	NaN	3.552300E-4	4.581542E-1	1.329894E+1
4.956233E+3	3.925500E+2	2.953509E+1	-1.001062E+0	3.530100E-5	NaN	3.530100E-4	4.583620E-1	1.331096E+1
4.969641E+3	3.923200E+2	2.955241E+1	-9.996576E-1	3.502900E-5	NaN	3.502900E-4	4.586382E-1	1.332644E+1
4.980273E+3	3.921400E+2	2.956597E+1	-9.975138E-1	3.481400E-5	NaN	3.481400E-4	4.588403E-1	1.333828E+1
4.993347E+3	3.919200E+2	2.958257E+1	-9.978653E-1	3.453800E-5	NaN	3.453800E-4	4.591037E-1	1.335346E+1
5.003972E+3	3.917300E+2	2.959692E+1	-9.980435E-1	3.432300E-5	NaN	3.432300E-4	4.593072E-1	1.336539E+1
5.014643E+3	3.915700E+2	2.960901E+1	-9.991807E-1	3.410800E-5	NaN	3.410800E-4	4.594763E-1	1.337629E+1
5.027902E+3	3.913500E+2	2.962565E+1	-9.976533E-1	3.384600E-5	NaN	3.384600E-4	4.597576E-1	1.339197E+1
5.041387E+3	3.911200E+2	2.964308E+1	-9.973732E-1	3.357800E-5	NaN	3.357800E-4	4.600668E-1	1.340849E+1
5.052109E+3	3.909500E+2	2.965597E+1	-1.000248E+0	3.336700E-5	NaN	3.336700E-4	4.603067E-1	1.342155E+1
5.065556E+3	3.907300E+2	2.967266E+1	-1.001876E+0	3.310800E-5	NaN	3.310800E-4	4.606082E-1	1.343790E+1
5.076185E+3	3.905600E+2	2.968558E+1	-1.000609E+0	3.291000E-5	NaN	3.291000E-4	4.608524E-1	1.345106E+1
5.089285E+3	3.903400E+2	2.970231E+1	-9.982093E-1	3.264800E-5	NaN	3.264800E-4	4.611359E-1	1.346689E+1
5.100104E+3	3.901300E+2	2.971830E+1	-9.977789E-1	3.242400E-5	NaN	3.242400E-4	4.613858E-1	1.348027E+1
5.110594E+3	3.899600E+2	2.973125E+1	-9.999045E-1	3.221400E-5	NaN	3.221400E-4	4.615960E-1	1.349254E+1
5.124239E+3	3.897400E+2	2.974804E+1	-1.002117E+0	3.195500E-5	NaN	3.195500E-4	4.618643E-1	1.350799E+1
5.137780E+3	3.895300E+2	2.976407E+1	-1.000719E+0	3.170900E-5	NaN	3.170900E-4	4.621344E-1	1.352348E+1
5.148700E+3	3.893400E+2	2.977860E+1	-9.996434E-1	3.150600E-5	NaN	3.150600E-4	4.623780E-1	1.353672E+1
5.162141E+3	3.891200E+2	2.979544E+1	-9.989803E-1	3.125600E-5	NaN	3.125600E-4	4.626416E-1	1.355207E+1
5.172941E+3	3.889300E+2	2.980999E+1	-9.989389E-1	3.105400E-5	NaN	3.105400E-4	4.628603E-1	1.356460E+1
5.186040E+3	3.887200E+2	2.982610E+1	-9.984006E-1	3.080600E-5	NaN	3.080600E-4	4.631233E-1	1.357998E+1
5.196912E+3	3.885400E+2	2.983991E+1	-9.974324E-1	3.060700E-5	NaN	3.060700E-4	4.633219E-1	1.359191E+1
5.207670E+3	3.883600E+2	2.985374E+1	-9.973189E-1	3.040400E-5	NaN	3.040400E-4	4.635091E-1	1.360356E+1
5.221336E+3	3.881200E+2	2.987220E+1	-9.990237E-1	3.014000E-5	NaN	3.014000E-4	4.637544E-1	1.361849E+1
5.232049E+3	3.879400E+2	2.988606E+1	-9.995817E-1	2.994400E-5	NaN	2.994400E-4	4.639603E-1	1.363076E+1
5.242722E+3	3.877700E+2	2.989917E+1	-9.993816E-1	2.976000E-5	NaN	2.976000E-4	4.641292E-1	1.364189E+1
5.256298E+3	3.875400E+2	2.991691E+1	-9.980735E-1	2.952600E-5	NaN	2.952600E-4	4.643602E-1	1.365639E+1
5.269731E+3	3.873300E+2	2.993313E+1	-9.972172E-1	2.929200E-5	NaN	2.929200E-4	4.646247E-1	1.367189E+1
5.280638E+3	3.871500E+2	2.994705E+1	-9.983455E-1	2.909800E-5	NaN	2.909800E-4	4.648452E-1	1.368460E+1
5.294458E+3	3.869000E+2	2.996640E+1	-9.990589E-1	2.885200E-5	NaN	2.885200E-4	4.650653E-1	1.369888E+1
5.305295E+3	3.867400E+2	2.997880E+1	-9.994674E-1	2.866400E-5	NaN	2.866400E-4	4.652159E-1	1.370958E+1
5.316059E+3	3.865500E+2	2.999353E+1	-9.990645E-1	2.847800E-5	NaN	2.847800E-4	4.654022E-1	1.372133E+1
5.329601E+3	3.863200E+2	3.001139E+1	-9.991570E-1	2.823400E-5	NaN	2.823400E-4	4.656010E-1	1.373506E+1
5.340428E+3	3.861300E+2	3.002616E+1	-1.000154E+0	2.804600E-5	NaN	2.804600E-4	4.657632E-1	1.374615E+1
5.351490E+3	3.859500E+2	3.004016E+1	-1.000044E+0	2.785900E-5	NaN	2.785900E-4	4.659428E-1	1.375777E+1
5.364938E+3	3.857400E+2	3.005651E+1	-9.997238E-1	2.763700E-5	NaN	2.763700E-4	4.661459E-1	1.377163E+1
5.378271E+3	3.855300E+2	3.007289E+1	-9.984723E-1	2.741900E-5	NaN	2.741900E-4	4.663867E-1	1.378660E+1
5.389078E+3	3.853400E+2	3.008771E+1	-9.988143E-1	2.723400E-5	NaN	2.723400E-4	4.665752E-1	1.379848E+1
5.402391E+3	3.851300E+2	3.010412E+1	-1.000001E+0	2.700900E-5	NaN	2.700900E-4	4.668039E-1	1.381319E+1
5.413263E+3	3.849400E+2	3.011898E+1	-1.000363E+0	2.682900E-5	NaN	2.682900E-4	4.670089E-1	1.382559E+1
5.426934E+3	3.847000E+2	3.013777E+1	-9.989169E-1	2.660100E-5	NaN	2.660100E-4	4.672488E-1	1.384064E+1
5.437826E+3	3.845000E+2	3.015345E+1	-9.993581E-1	2.641100E-5	NaN	2.641100E-4	4.674454E-1	1.385288E+1
5.448788E+3	3.843400E+2	3.016600E+1	-9.998774E-1	2.622800E-5	NaN	2.622800E-4	4.676416E-1	1.386512E+1
5.459518E+3	3.841600E+2	3.018013E+1	-1.000292E+0	2.605800E-5	NaN	2.605800E-4	4.678333E-1	1.387721E+1
5.472877E+3	3.839400E+2	3.019743E+1	-1.000274E+0	2.585000E-5	NaN	2.585000E-4	4.680382E-1	1.389129E+1
5.486155E+3	3.837300E+2	3.021395E+1	-9.983498E-1	2.564600E-5	NaN	2.564600E-4	4.682822E-1	1.390650E+1
5.496862E+3	3.835500E+2	3.022813E+1	-9.976358E-1	2.547500E-5	NaN	2.547500E-4	4.684850E-1	1.391891E+1
5.510637E+3	3.833000E+2	3.024785E+1	-9.986245E-1	2.525400E-5	NaN	2.525400E-4	4.687617E-1	1.393517E+1
5.522534E+3	3.831000E+2	3.026364E+1	-1.000958E+0	2.506500E-5	NaN	2.506500E-4	4.689550E-1	1.394740E+1
5.531747E+3	3.829400E+2	3.027628E+1	-1.001618E+0	2.491800E-5	NaN	2.491800E-4	4.690877E-1	1.395622E+1
5.544010E+3	3.827400E+2	3.029210E+1	-1.003003E+0	2.471700E-5	NaN	2.471700E-4	4.692672E-1	1.396814E+1
5.555638E+3	3.825500E+2	3.030715E+1	-1.003708E+0	2.453600E-5	NaN	2.453600E-4	4.694727E-1	1.398088E+1
5.569196E+3	3.823200E+2	3.032538E+1	-1.004529E+0	2.433200E-5	NaN	2.433200E-4	4.697432E-1	1.399723E+1
5.579973E+3	3.821700E+2	3.033728E+1	-1.003132E+0	2.417600E-5	NaN	2.417600E-4	4.699232E-1	1.400918E+1
5.593365E+3	3.819300E+2	3.035635E+1	-9.996854E-1	2.397400E-5	NaN	2.397400E-4	4.701785E-1	1.402496E+1
5.604022E+3	3.817600E+2	3.036987E+1	-9.988706E-1	2.381100E-5	NaN	2.381100E-4	4.703842E-1	1.403764E+1
5.617447E+3	3.815200E+2	3.038897E+1	-9.998265E-1	2.360600E-5	NaN	2.360600E-4	4.706279E-1	1.405314E+1
5.628371E+3	3.813600E+2	3.040172E+1	-1.000353E+0	2.344700E-5	NaN	2.344700E-4	4.708267E-1	1.406569E+1
5.641734E+3	3.811300E+2	3.042007E+1	-9.995230E-1	2.325000E-5	NaN	2.325000E-4	4.710642E-1	1.408097E+1
5.652767E+3	3.809300E+2	3.043604E+1	-9.977952E-1	2.308200E-5	NaN	2.308200E-4	4.712538E-1	1.409320E+1
5.665995E+3	3.807000E+2	3.045443E+1	-9.965387E-1	2.288100E-5	NaN	2.288100E-4	4.714846E-1	1.410833E+1
5.676733E+3	3.805400E+2	3.046723E+1	-9.969330E-1	2.272200E-5	NaN	2.272200E-4	4.716579E-1	1.412012E+1
5.690071E+3	3.803100E+2	3.048566E+1	-9.975740E-1	2.253700E-5	NaN	2.253700E-4	4.719077E-1	1.413581E+1
5.700869E+3	3.801400E+2	3.049929E+1	-9.977339E-1	2.238500E-5	NaN	2.238500E-4	4.721012E-1	1.414814E+1
5.714113E+3	3.799300E+2	3.051615E+1	-9.996796E-1	2.219900E-5	NaN	2.219900E-4	4.722892E-1	1.416195E+1
5.724900E+3	3.797400E+2	3.053142E+1	-1.000446E+0	2.205000E-5	NaN	2.205000E-4	4.724790E-1	1.417419E+1
5.738486E+3	3.795100E+2	3.054992E+1	-1.001454E+0	2.186000E-5	NaN	2.186000E-4	4.726551E-1	1.418770E+1
5.749256E+3	3.793500E+2	3.056280E+1	-1.000301E+0	2.170800E-5	NaN	2.170800E-4	4.728117E-1	1.419897E+1
5.760866E+3	3.791400E+2	3.057973E+1	-9.985184E-1	2.154200E-5	NaN	2.154200E-4	4.729841E-1	1.421072E+1
5.771897E+3	3.789700E+2	3.059345E+1	-9.983680E-1	2.138200E-5	NaN	2.138200E-4	4.731491E-1	1.422230E+1
5.785043E+3	3.787200E+2	3.061365E+1	-9.996987E-1	2.119300E-5	NaN	2.119300E-4	4.733981E-1	1.423808E+1
5.795897E+3	3.785600E+2	3.062658E+1	-1.000700E+0	2.104400E-5	NaN	2.104400E-4	4.735826E-1	1.425028E+1
5.809475E+3	3.783200E+2	3.064601E+1	-9.994762E-1	2.086800E-5	NaN	2.086800E-4	4.738357E-1	1.426617E+1
5.820242E+3	3.781400E+2	3.066060E+1	-9.996608E-1	2.072900E-5	NaN	2.072900E-4	4.739963E-1	1.427764E+1
5.834149E+3	3.779300E+2	3.067764E+1	-1.000544E+0	2.054600E-5	NaN	2.054600E-4	4.741996E-1	1.429207E+1
5.844912E+3	3.777500E+2	3.069226E+1	-1.000082E+0	2.040200E-5	NaN	2.040200E-4	4.743925E-1	1.430455E+1
5.858324E+3	3.775300E+2	3.071014E+1	-9.997163E-1	2.022200E-5	NaN	2.022200E-4	4.746245E-1	1.431989E+1
5.869343E+3	3.773500E+2	3.072479E+1	-9.985628E-1	2.007500E-5	NaN	2.007500E-4	4.748182E-1	1.433240E+1
5.880061E+3	3.771400E+2	3.074190E+1	-9.983641E-1	1.993090E-5	NaN	1.993090E-4	4.750029E-1	1.434467E+1
5.890802E+3	3.769500E+2	3.075739E+1	-9.999620E-1	1.978200E-5	NaN	1.978200E-4	4.751660E-1	1.435635E+1
5.904350E+3	3.767400E+2	3.077454E+1	-1.002281E+0	1.961010E-5	NaN	1.961010E-4	4.753738E-1	1.437108E+1
5.917837E+3	3.765300E+2	3.079170E+1	-1.000835E+0	1.944050E-5	NaN	1.944050E-4	4.755968E-1	1.438626E+1
5.928535E+3	3.763500E+2	3.080643E+1	-9.998743E-1	1.930980E-5	NaN	1.930980E-4	4.757839E-1	1.439863E+1
5.941961E+3	3.761300E+2	3.082445E+1	-9.986121E-1	1.914440E-5	NaN	1.914440E-4	4.760170E-1	1.441409E+1
5.952724E+3	3.759500E+2	3.083921E+1	-9.992690E-1	1.900780E-5	NaN	1.900780E-4	4.761938E-1	1.442618E+1
5.965944E+3	3.757400E+2	3.085644E+1	-9.974651E-1	1.883900E-5	NaN	1.883900E-4	4.764609E-1	1.444270E+1
5.976624E+3	3.755600E+2	3.087123E+1	-9.970282E-1	1.870210E-5	NaN	1.870210E-4	4.766797E-1	1.445608E+1
5.989870E+3	3.753100E+2	3.089180E+1	-9.985318E-1	1.852670E-5	NaN	1.852670E-4	4.769544E-1	1.447288E+1
6.000555E+3	3.751400E+2	3.090580E+1	-9.997867E-1	1.839350E-5	NaN	1.839350E-4	4.771760E-1	1.448644E+1
6.014019E+3	3.749100E+2	3.092476E+1	-9.997232E-1	1.823050E-5	NaN	1.823050E-4	4.774663E-1	1.450380E+1
6.024670E+3	3.747500E+2	3.093796E+1	-9.989017E-1	1.810730E-5	NaN	1.810730E-4	4.776897E-1	1.451741E+1
6.038218E+3	3.745400E+2	3.095531E+1	-9.969431E-1	1.794590E-5	NaN	1.794590E-4	4.779956E-1	1.453521E+1
6.049348E+3	3.743300E+2	3.097267E+1	-9.966177E-1	1.781000E-5	NaN	1.781000E-4	4.782595E-1	1.455004E+1
6.060140E+3	3.741600E+2	3.098674E+1	-9.993406E-1	1.768150E-5	NaN	1.768150E-4	4.784971E-1	1.456413E+1
6.073597E+3	3.739300E+2	3.100580E+1	-1.001055E+0	1.752530E-5	NaN	1.752530E-4	4.787878E-1	1.458157E+1
6.086724E+3	3.737100E+2	3.102406E+1	-1.000740E+0	1.737530E-5	NaN	1.737530E-4	4.791032E-1	1.459981E+1
6.097527E+3	3.735400E+2	3.103818E+1	-1.001412E+0	1.725140E-5	NaN	1.725140E-4	4.792997E-1	1.461276E+1
6.108569E+3	3.733500E+2	3.105397E+1	-1.000833E+0	1.711950E-5	NaN	1.711950E-4	4.795133E-1	1.462620E+1
6.122063E+3	3.731100E+2	3.107395E+1	-1.000367E+0	1.695850E-5	NaN	1.695850E-4	4.797660E-1	1.464260E+1
6.132817E+3	3.729500E+2	3.108728E+1	-9.985158E-1	1.683620E-5	NaN	1.683620E-4	4.799893E-1	1.465638E+1
6.143813E+3	3.727600E+2	3.110312E+1	-9.971566E-1	1.671210E-5	NaN	1.671210E-4	4.802062E-1	1.466996E+1
6.157132E+3	3.725400E+2	3.112149E+1	-9.988182E-1	1.656010E-5	NaN	1.656010E-4	4.804684E-1	1.468669E+1
6.170530E+3	3.723100E+2	3.114072E+1	-1.001493E+0	1.641400E-5	NaN	1.641400E-4	4.807384E-1	1.470367E+1
6.181544E+3	3.721400E+2	3.115494E+1	-1.001742E+0	1.629560E-5	NaN	1.629560E-4	4.809593E-1	1.471743E+1
6.192470E+3	3.719700E+2	3.116918E+1	-1.000787E+0	1.617730E-5	NaN	1.617730E-4	4.811793E-1	1.473120E+1
6.205918E+3	3.717200E+2	3.119014E+1	-9.980434E-1	1.602490E-5	NaN	1.602490E-4	4.814426E-1	1.474808E+1
6.216865E+3	3.715300E+2	3.120609E+1	-9.989490E-1	1.589720E-5	NaN	1.589720E-4	4.816387E-1	1.476119E+1
6.227762E+3	3.713600E+2	3.122038E+1	-1.000370E+0	1.577630E-5	NaN	1.577630E-4	4.818733E-1	1.477553E+1
6.241336E+3	3.711300E+2	3.123973E+1	-1.000778E+0	1.563150E-5	NaN	1.563150E-4	4.821681E-1	1.479352E+1
6.252118E+3	3.709700E+2	3.125320E+1	-9.998256E-1	1.552380E-5	NaN	1.552380E-4	4.823978E-1	1.480769E+1
6.265835E+3	3.707700E+2	3.127006E+1	-9.954527E-1	1.539940E-5	NaN	1.539940E-4	4.826938E-1	1.482563E+1
6.279151E+3	3.705300E+2	3.129031E+1	-9.904197E-1	1.525250E-5	NaN	1.525250E-4	4.829766E-1	1.484320E+1
6.289719E+3	3.703200E+2	3.130806E+1	-9.908220E-1	1.513110E-5	NaN	1.513110E-4	4.831585E-1	1.485596E+1
6.300605E+3	3.701400E+2	3.132328E+1	-9.928307E-1	1.501150E-5	NaN	1.501150E-4	4.833560E-1	1.486930E+1
6.313814E+3	3.699300E+2	3.134106E+1	-9.949713E-1	1.487560E-5	NaN	1.487560E-4	4.836455E-1	1.488729E+1
6.324892E+3	3.697500E+2	3.135632E+1	-9.962052E-1	1.476330E-5	NaN	1.476330E-4	4.838669E-1	1.490137E+1
6.338364E+3	3.695300E+2	3.137499E+1	-9.967505E-1	1.462310E-5	NaN	1.462310E-4	4.841346E-1	1.491866E+1
6.348856E+3	3.693600E+2	3.138943E+1	-9.969915E-1	1.451330E-5	NaN	1.451330E-4	4.843520E-1	1.493255E+1
6.362209E+3	3.691100E+2	3.141069E+1	-9.965121E-1	1.437700E-5	NaN	1.437700E-4	4.846394E-1	1.495034E+1
6.373037E+3	3.689500E+2	3.142431E+1	-9.988856E-1	1.427010E-5	NaN	1.427010E-4	4.848553E-1	1.496413E+1
6.386423E+3	3.687200E+2	3.144391E+1	-1.001296E+0	1.414260E-5	NaN	1.414260E-4	4.851529E-1	1.498225E+1
6.397287E+3	3.685600E+2	3.145756E+1	-1.003422E+0	1.404050E-5	NaN	1.404050E-4	4.853686E-1	1.499608E+1
6.410950E+3	3.683400E+2	3.147635E+1	-1.003736E+0	1.390960E-5	NaN	1.390960E-4	4.856564E-1	1.501394E+1
6.421610E+3	3.681400E+2	3.149345E+1	-1.000855E+0	1.380420E-5	NaN	1.380420E-4	4.858800E-1	1.502802E+1
6.432474E+3	3.679600E+2	3.150886E+1	-9.975332E-1	1.369240E-5	NaN	1.369240E-4	4.860828E-1	1.504152E+1
6.445739E+3	3.677300E+2	3.152857E+1	-9.948164E-1	1.355660E-5	NaN	1.355660E-4	4.863789E-1	1.505974E+1
6.456373E+3	3.675500E+2	3.154401E+1	-9.984262E-1	1.345270E-5	NaN	1.345270E-4	4.866045E-1	1.507401E+1
6.469889E+3	3.673400E+2	3.156204E+1	-1.001401E+0	1.333070E-5	NaN	1.333070E-4	4.868975E-1	1.509214E+1
6.483218E+3	3.671100E+2	3.158181E+1	-1.001099E+0	1.321080E-5	NaN	1.321080E-4	4.871976E-1	1.511049E+1
6.493937E+3	3.669400E+2	3.159645E+1	-1.000560E+0	1.311440E-5	NaN	1.311440E-4	4.874041E-1	1.512416E+1
6.507293E+3	3.667200E+2	3.161540E+1	-9.993220E-1	1.299150E-5	NaN	1.299150E-4	4.876848E-1	1.514197E+1
6.518247E+3	3.665400E+2	3.163093E+1	-9.986643E-1	1.289270E-5	NaN	1.289270E-4	4.878793E-1	1.515529E+1
6.531638E+3	3.663000E+2	3.165165E+1	-9.990687E-1	1.277130E-5	NaN	1.277130E-4	4.881276E-1	1.517216E+1
6.542382E+3	3.661300E+2	3.166635E+1	-1.000273E+0	1.267150E-5	NaN	1.267150E-4	4.882794E-1	1.518421E+1
6.553635E+3	3.659300E+2	3.168366E+1	-1.001720E+0	1.256620E-5	NaN	1.256620E-4	4.884433E-1	1.519670E+1
6.564742E+3	3.657500E+2	3.169925E+1	-1.002687E+0	1.246720E-5	NaN	1.246720E-4	4.886121E-1	1.520939E+1
6.578011E+3	3.655200E+2	3.171919E+1	-1.001358E+0	1.235390E-5	NaN	1.235390E-4	4.887959E-1	1.522435E+1
6.591147E+3	3.653100E+2	3.173743E+1	-9.986574E-1	1.224210E-5	NaN	1.224210E-4	4.890098E-1	1.524022E+1
6.601827E+3	3.651500E+2	3.175134E+1	-9.975566E-1	1.214890E-5	NaN	1.214890E-4	4.891676E-1	1.525247E+1
6.614857E+3	3.649200E+2	3.177135E+1	-9.972471E-1	1.203660E-5	NaN	1.203660E-4	4.894191E-1	1.526950E+1
6.625597E+3	3.647400E+2	3.178703E+1	-9.984385E-1	1.194230E-5	NaN	1.194230E-4	4.895773E-1	1.528180E+1
6.639001E+3	3.645300E+2	3.180534E+1	-9.983759E-1	1.182760E-5	NaN	1.182760E-4	4.897634E-1	1.529681E+1
6.649550E+3	3.643500E+2	3.182105E+1	-9.981899E-1	1.173680E-5	NaN	1.173680E-4	4.899077E-1	1.530871E+1
6.660408E+3	3.641600E+2	3.183765E+1	-9.999624E-1	1.164270E-5	NaN	1.164270E-4	4.900483E-1	1.532053E+1
6.673840E+3	3.639200E+2	3.185865E+1	-1.000902E+0	1.152800E-5	NaN	1.152800E-4	4.902222E-1	1.533527E+1
6.684728E+3	3.637600E+2	3.187266E+1	-1.000925E+0	1.143970E-5	NaN	1.143970E-4	4.903758E-1	1.534751E+1
6.698074E+3	3.635300E+2	3.189283E+1	-9.993042E-1	1.133090E-5	NaN	1.133090E-4	4.905584E-1	1.536246E+1
6.708873E+3	3.633600E+2	3.190775E+1	-9.990824E-1	1.124220E-5	NaN	1.124220E-4	4.906880E-1	1.537391E+1
6.722200E+3	3.631400E+2	3.192708E+1	-1.000500E+0	1.113450E-5	NaN	1.113450E-4	4.908764E-1	1.538908E+1
6.735603E+3	3.629100E+2	3.194731E+1	-1.001810E+0	1.102720E-5	NaN	1.102720E-4	4.910736E-1	1.540454E+1
6.746301E+3	3.627400E+2	3.196229E+1	-1.002503E+0	1.094230E-5	NaN	1.094230E-4	4.912011E-1	1.541599E+1
6.759893E+3	3.625000E+2	3.198345E+1	-1.000584E+0	1.083420E-5	NaN	1.083420E-4	4.913765E-1	1.543081E+1
6.770478E+3	3.623300E+2	3.199845E+1	-9.984891E-1	1.074910E-5	NaN	1.074910E-4	4.915227E-1	1.544290E+1
6.781291E+3	3.621400E+2	3.201524E+1	-9.986889E-1	1.065980E-5	NaN	1.065980E-4	4.916878E-1	1.545564E+1
6.794820E+3	3.619300E+2	3.203382E+1	-9.984971E-1	1.055430E-5	NaN	1.055430E-4	4.918976E-1	1.547166E+1
6.805640E+3	3.617400E+2	3.205064E+1	-9.965356E-1	1.047230E-5	NaN	1.047230E-4	4.920814E-1	1.548493E+1
6.819322E+3	3.615100E+2	3.207104E+1	-9.965737E-1	1.036780E-5	NaN	1.036780E-4	4.922956E-1	1.550109E+1
6.830042E+3	3.613500E+2	3.208524E+1	-9.975445E-1	1.028700E-5	NaN	1.028700E-4	4.924913E-1	1.551480E+1
6.843224E+3	3.611300E+2	3.210478E+1	-9.986898E-1	1.018790E-5	NaN	1.018790E-4	4.927213E-1	1.553152E+1
6.854029E+3	3.609400E+2	3.212168E+1	-9.983923E-1	1.010680E-5	NaN	1.010680E-4	4.929311E-1	1.554574E+1
6.864800E+3	3.607500E+2	3.213860E+1	-9.982126E-1	1.002720E-5	NaN	1.002720E-4	4.930967E-1	1.555855E+1
6.878151E+3	3.605300E+2	3.215821E+1	-9.987525E-1	9.926400E-6	NaN	9.926400E-5	4.933193E-1	1.557508E+1
6.888857E+3	3.603400E+2	3.217517E+1	-1.000340E+0	9.846600E-6	NaN	9.846600E-5	4.934702E-1	1.558750E+1
6.902130E+3	3.601200E+2	3.219482E+1	-1.001184E+0	9.749800E-6	NaN	9.749800E-5	4.936411E-1	1.560246E+1
6.912871E+3	3.599600E+2	3.220913E+1	-1.002150E+0	9.673400E-6	NaN	9.673400E-5	4.937709E-1	1.561423E+1
6.926307E+3	3.597300E+2	3.222973E+1	-1.000891E+0	9.580800E-6	NaN	9.580800E-5	4.939392E-1	1.562909E+1
6.937142E+3	3.595600E+2	3.224497E+1	-1.000804E+0	9.505700E-6	NaN	9.505700E-5	4.940634E-1	1.564067E+1
6.951021E+3	3.593400E+2	3.226471E+1	-1.001662E+0	9.408700E-6	NaN	9.408700E-5	4.942298E-1	1.565553E+1
6.961737E+3	3.591500E+2	3.228178E+1	-9.993945E-1	9.333800E-6	NaN	9.333800E-5	4.943875E-1	1.566816E+1
6.975297E+3	3.589300E+2	3.230156E+1	-9.984170E-1	9.239300E-6	NaN	9.239300E-5	4.945607E-1	1.568326E+1
6.985933E+3	3.587300E+2	3.231957E+1	-9.975891E-1	9.163300E-6	NaN	9.163300E-5	4.946876E-1	1.569500E+1
6.996735E+3	3.585600E+2	3.233490E+1	-9.980320E-1	9.086700E-6	NaN	9.086700E-5	4.948090E-1	1.570661E+1
7.002164E+3	3.584600E+2	3.234392E+1	-1.008435E+0	9.048400E-6	NaN	9.048400E-5	4.946585E-1	1.570593E+1
7.021090E+3	3.581500E+2	3.237191E+1	-1.005980E+0	8.923400E-6	NaN	8.923400E-5	4.948836E-1	1.572661E+1
7.034374E+3	3.579400E+2	3.239090E+1	-1.003175E+0	8.836900E-6	NaN	8.836900E-5	4.950549E-1	1.574168E+1
7.045432E+3	3.577500E+2	3.240811E+1	-1.001072E+0	8.763800E-6	NaN	8.763800E-5	4.952071E-1	1.575421E+1
7.058712E+3	3.575300E+2	3.242805E+1	-9.996577E-1	8.674900E-6	NaN	8.674900E-5	4.954223E-1	1.577070E+1
7.069724E+3	3.573500E+2	3.244438E+1	-9.992091E-1	8.602300E-6	NaN	8.602300E-5	4.955834E-1	1.578364E+1
7.083761E+3	3.571100E+2	3.246619E+1	-9.986667E-1	8.511800E-6	NaN	8.511800E-5	4.957626E-1	1.579916E+1
7.094464E+3	3.569500E+2	3.248074E+1	-9.972211E-1	8.443300E-6	NaN	8.443300E-5	4.958789E-1	1.581067E+1
7.107900E+3	3.567000E+2	3.250350E+1	-9.955424E-1	8.356400E-6	NaN	8.356400E-5	4.960272E-1	1.582512E+1
7.118745E+3	3.565300E+2	3.251900E+1	-9.943460E-1	8.285000E-6	NaN	8.285000E-5	4.961583E-1	1.583713E+1
7.129286E+3	3.563400E+2	3.253634E+1	-9.928018E-1	8.218200E-6	NaN	8.218200E-5	4.963061E-1	1.584970E+1
7.142657E+3	3.561300E+2	3.255553E+1	-9.900090E-1	8.135400E-6	NaN	8.135400E-5	4.965173E-1	1.586625E+1
7.153508E+3	3.559500E+2	3.257199E+1	-9.900439E-1	8.069700E-6	NaN	8.069700E-5	4.966882E-1	1.587957E+1
7.166852E+3	3.557400E+2	3.259122E+1	-1.000021E+0	7.988900E-6	NaN	7.988900E-5	4.969091E-1	1.589646E+1
7.177789E+3	3.555500E+2	3.260863E+1	-1.001015E+0	7.923800E-6	NaN	7.923800E-5	4.970683E-1	1.590940E+1
7.191066E+3	3.553400E+2	3.262791E+1	-9.998654E-1	7.843900E-6	NaN	7.843900E-5	4.972736E-1	1.592580E+1
7.202531E+3	3.551300E+2	3.264720E+1	-1.000122E+0	7.774500E-6	NaN	7.774500E-5	4.974074E-1	1.593799E+1
7.213628E+3	3.549400E+2	3.266468E+1	-9.992210E-1	7.705200E-6	NaN	7.705200E-5	4.975548E-1	1.595066E+1
7.224477E+3	3.547600E+2	3.268125E+1	-9.996077E-1	7.637300E-6	NaN	7.637300E-5	4.977137E-1	1.596376E+1
7.238175E+3	3.545400E+2	3.270153E+1	-1.000211E+0	7.556900E-6	NaN	7.556900E-5	4.979403E-1	1.598102E+1
7.248901E+3	3.543600E+2	3.271814E+1	-1.000619E+0	7.494200E-6	NaN	7.494200E-5	4.981443E-1	1.599554E+1
7.262247E+3	3.541500E+2	3.273754E+1	-9.991103E-1	7.417300E-6	NaN	7.417300E-5	4.983877E-1	1.601330E+1
7.272988E+3	3.539700E+2	3.275419E+1	-9.988876E-1	7.357200E-6	NaN	7.357200E-5	4.986030E-1	1.602818E+1
7.286218E+3	3.537500E+2	3.277456E+1	-9.978373E-1	7.284100E-6	NaN	7.284100E-5	4.988743E-1	1.604686E+1
7.297157E+3	3.535700E+2	3.279124E+1	-9.988124E-1	7.223200E-6	NaN	7.223200E-5	4.990688E-1	1.606112E+1
7.310418E+3	3.533500E+2	3.281166E+1	-9.970781E-1	7.148600E-6	NaN	7.148600E-5	4.992971E-1	1.607846E+1
7.323622E+3	3.531200E+2	3.283303E+1	-9.969693E-1	7.073300E-6	NaN	7.073300E-5	4.995248E-1	1.609584E+1
7.334297E+3	3.529300E+2	3.285071E+1	-9.977744E-1	7.012800E-6	NaN	7.012800E-5	4.996840E-1	1.610901E+1
7.345233E+3	3.527500E+2	3.286747E+1	-9.996998E-1	6.953300E-6	NaN	6.953300E-5	4.998301E-1	1.612180E+1
7.358467E+3	3.525400E+2	3.288705E+1	-9.976778E-1	6.882500E-6	NaN	6.882500E-5	5.000448E-1	1.613877E+1
7.371885E+3	3.523200E+2	3.290758E+1	-9.971690E-1	6.811700E-6	NaN	6.811700E-5	5.002338E-1	1.615485E+1
7.382564E+3	3.521400E+2	3.292441E+1	-9.974164E-1	6.755300E-6	NaN	6.755300E-5	5.003853E-1	1.616774E+1
7.393720E+3	3.519500E+2	3.294218E+1	-9.986082E-1	6.697000E-6	NaN	6.697000E-5	5.005212E-1	1.618016E+1
7.406993E+3	3.517300E+2	3.296278E+1	-9.992101E-1	6.628000E-6	NaN	6.628000E-5	5.006788E-1	1.619534E+1
7.417817E+3	3.515500E+2	3.297966E+1	-1.000739E+0	6.573200E-6	NaN	6.573200E-5	5.008056E-1	1.620756E+1
7.431343E+3	3.513500E+2	3.299843E+1	-1.000240E+0	6.505400E-6	NaN	6.505400E-5	5.009467E-1	1.622227E+1
7.442091E+3	3.511500E+2	3.301723E+1	-9.986896E-1	6.449900E-6	NaN	6.449900E-5	5.010759E-1	1.623456E+1
7.455597E+3	3.509200E+2	3.303887E+1	-9.977010E-1	6.377900E-6	NaN	6.377900E-5	5.012197E-1	1.624941E+1
7.466194E+3	3.507300E+2	3.305677E+1	-9.978737E-1	6.322800E-6	NaN	6.322800E-5	5.013236E-1	1.626093E+1
7.477432E+3	3.505500E+2	3.307374E+1	-9.979781E-1	6.266400E-6	NaN	6.266400E-5	5.014117E-1	1.627193E+1
7.490798E+3	3.503400E+2	3.309357E+1	-9.992785E-1	6.201600E-6	NaN	6.201600E-5	5.015472E-1	1.628655E+1
7.501994E+3	3.501400E+2	3.311247E+1	-1.000545E+0	6.148700E-6	NaN	6.148700E-5	5.016727E-1	1.629881E+1
7.516189E+3	3.499300E+2	3.313234E+1	-1.000670E+0	6.080700E-6	NaN	6.080700E-5	5.018301E-1	1.631421E+1
7.526878E+3	3.497500E+2	3.314939E+1	-9.985889E-1	6.028400E-6	NaN	6.028400E-5	5.019685E-1	1.632692E+1
7.540364E+3	3.495200E+2	3.317121E+1	-9.964058E-1	5.962600E-6	NaN	5.962600E-5	5.021449E-1	1.634294E+1
7.551241E+3	3.493300E+2	3.318925E+1	-9.959660E-1	5.909200E-6	NaN	5.909200E-5	5.022903E-1	1.635596E+1
7.562192E+3	3.491400E+2	3.320731E+1	-9.971823E-1	5.855600E-6	NaN	5.855600E-5	5.023990E-1	1.636782E+1
7.572851E+3	3.489700E+2	3.322349E+1	-9.988148E-1	5.805700E-6	NaN	5.805700E-5	5.025320E-1	1.638047E+1
7.586222E+3	3.487400E+2	3.324540E+1	-1.000233E+0	5.744800E-6	NaN	5.744800E-5	5.027050E-1	1.639651E+1
7.599955E+3	3.485300E+2	3.326543E+1	-9.980650E-1	5.683200E-6	NaN	5.683200E-5	5.028622E-1	1.641201E+1
7.610841E+3	3.483500E+2	3.328262E+1	-9.962212E-1	5.633500E-6	NaN	5.633500E-5	5.030333E-1	1.642591E+1
7.624226E+3	3.481200E+2	3.330461E+1	-9.951891E-1	5.572400E-6	NaN	5.572400E-5	5.032239E-1	1.644254E+1
7.634895E+3	3.479400E+2	3.332184E+1	-9.970924E-1	5.525400E-6	NaN	5.525400E-5	5.033788E-1	1.645596E+1
7.645600E+3	3.477600E+2	3.333908E+1	-9.987084E-1	5.477800E-6	NaN	5.477800E-5	5.035165E-1	1.646883E+1
7.658994E+3	3.475400E+2	3.336019E+1	-9.997656E-1	5.417500E-6	NaN	5.417500E-5	5.037066E-1	1.648552E+1
7.669638E+3	3.473600E+2	3.337748E+1	-1.001283E+0	5.369800E-6	NaN	5.369800E-5	5.038517E-1	1.649865E+1
7.683620E+3	3.471200E+2	3.340055E+1	-1.000921E+0	5.307700E-6	NaN	5.307700E-5	5.040343E-1	1.651515E+1
7.694249E+3	3.469500E+2	3.341692E+1	-9.990787E-1	5.262300E-6	NaN	5.262300E-5	5.041849E-1	1.652850E+1
7.707514E+3	3.467400E+2	3.343716E+1	-9.963920E-1	5.207000E-6	NaN	5.207000E-5	5.043875E-1	1.654561E+1
7.718391E+3	3.465500E+2	3.345549E+1	-9.953617E-1	5.162100E-6	NaN	5.162100E-5	5.045656E-1	1.655985E+1
7.731837E+3	3.463300E+2	3.347674E+1	-9.964192E-1	5.105700E-6	NaN	5.105700E-5	5.047405E-1	1.657615E+1
7.742568E+3	3.461400E+2	3.349512E+1	-9.971502E-1	5.061200E-6	NaN	5.061200E-5	5.048775E-1	1.658909E+1
7.756606E+3	3.459300E+2	3.351545E+1	-9.979832E-1	5.004200E-6	NaN	5.004200E-5	5.050014E-1	1.660376E+1
7.767379E+3	3.457400E+2	3.353387E+1	-9.966749E-1	4.959500E-6	NaN	4.959500E-5	5.051384E-1	1.661677E+1
7.780671E+3	3.455100E+2	3.355619E+1	-9.952502E-1	4.904200E-6	NaN	4.904200E-5	5.053115E-1	1.663313E+1
7.791507E+3	3.453200E+2	3.357466E+1	-9.967489E-1	4.859800E-6	NaN	4.859800E-5	5.054129E-1	1.664503E+1
7.802274E+3	3.451500E+2	3.359119E+1	-9.983817E-1	4.817700E-6	NaN	4.817700E-5	5.054967E-1	1.665632E+1
7.815828E+3	3.449300E+2	3.361262E+1	-9.984791E-1	4.765600E-6	NaN	4.765600E-5	5.054570E-1	1.666546E+1
7.829187E+3	3.447100E+2	3.363407E+1	-9.988714E-1	4.714300E-6	NaN	4.714300E-5	5.055595E-1	1.667950E+1
7.839961E+3	3.445300E+2	3.365164E+1	-9.993550E-1	4.673400E-6	NaN	4.673400E-5	5.056582E-1	1.669131E+1
7.851027E+3	3.443600E+2	3.366825E+1	-1.001064E+0	4.631200E-6	NaN	4.631200E-5	5.057291E-1	1.670221E+1
7.864495E+3	3.441400E+2	3.368978E+1	-9.982920E-1	4.580200E-6	NaN	4.580200E-5	5.058793E-1	1.671786E+1
7.875187E+3	3.439400E+2	3.370937E+1	-9.967925E-1	4.538000E-6	NaN	4.538000E-5	5.059800E-1	1.672978E+1
7.888604E+3	3.437100E+2	3.373193E+1	-9.976530E-1	4.485600E-6	NaN	4.485600E-5	5.060737E-1	1.674365E+1
7.899119E+3	3.435300E+2	3.374960E+1	-9.997056E-1	4.445800E-6	NaN	4.445800E-5	5.061625E-1	1.675522E+1
7.910002E+3	3.433500E+2	3.376729E+1	-1.000166E+0	4.406900E-6	NaN	4.406900E-5	5.062719E-1	1.676748E+1
7.923501E+3	3.431400E+2	3.378796E+1	-9.995171E-1	4.358400E-6	NaN	4.358400E-5	5.063699E-1	1.678148E+1
7.934156E+3	3.429600E+2	3.380569E+1	-9.980604E-1	4.320800E-6	NaN	4.320800E-5	5.064756E-1	1.679357E+1
7.947530E+3	3.427400E+2	3.382739E+1	-9.968359E-1	4.273200E-6	NaN	4.273200E-5	5.065750E-1	1.680760E+1
7.958241E+3	3.425700E+2	3.384418E+1	-9.989005E-1	4.235200E-6	NaN	4.235200E-5	5.066598E-1	1.681906E+1
7.971645E+3	3.423400E+2	3.386692E+1	-9.976222E-1	4.187800E-6	NaN	4.187800E-5	5.067656E-1	1.683336E+1
7.985184E+3	3.421100E+2	3.388968E+1	-9.968618E-1	4.140600E-6	NaN	4.140600E-5	5.068812E-1	1.684800E+1
7.996041E+3	3.419300E+2	3.390752E+1	-9.971255E-1	4.101400E-6	NaN	4.101400E-5	5.069466E-1	1.685886E+1
8.006674E+3	3.417500E+2	3.392538E+1	-9.980447E-1	4.063600E-6	NaN	4.063600E-5	5.070319E-1	1.687043E+1
8.020050E+3	3.415200E+2	3.394823E+1	-9.975622E-1	4.017500E-6	NaN	4.017500E-5	5.071110E-1	1.688394E+1
8.030571E+3	3.413600E+2	3.396414E+1	-9.965674E-1	3.982500E-6	NaN	3.982500E-5	5.071876E-1	1.689516E+1
8.044025E+3	3.411400E+2	3.398605E+1	-9.968678E-1	3.937800E-6	NaN	3.937800E-5	5.073079E-1	1.690999E+1
8.057383E+3	3.409100E+2	3.400898E+1	-9.983167E-1	3.894900E-6	NaN	3.894900E-5	5.074599E-1	1.692588E+1
8.068320E+3	3.407500E+2	3.402494E+1	-9.986670E-1	3.859500E-6	NaN	3.859500E-5	5.075726E-1	1.693831E+1
8.079123E+3	3.405600E+2	3.404393E+1	-9.985256E-1	3.823900E-6	NaN	3.823900E-5	5.077055E-1	1.695144E+1
8.092770E+3	3.403200E+2	3.406794E+1	-9.982032E-1	3.779500E-6	NaN	3.779500E-5	5.078371E-1	1.696677E+1
8.103199E+3	3.401400E+2	3.408596E+1	-9.984701E-1	3.745100E-6	NaN	3.745100E-5	5.079469E-1	1.697921E+1
8.117011E+3	3.399100E+2	3.410903E+1	-9.995626E-1	3.700700E-6	NaN	3.700700E-5	5.080563E-1	1.699389E+1
8.127938E+3	3.397300E+2	3.412710E+1	-1.000250E+0	3.666000E-6	NaN	3.666000E-5	5.081598E-1	1.700618E+1
8.138795E+3	3.395600E+2	3.414419E+1	-9.995597E-1	3.632700E-6	NaN	3.632700E-5	5.082567E-1	1.701827E+1
8.152639E+3	3.393300E+2	3.416733E+1	-9.980831E-1	3.590400E-6	NaN	3.590400E-5	5.083591E-1	1.703273E+1
8.163438E+3	3.391400E+2	3.418647E+1	-9.973321E-1	3.558400E-6	NaN	3.558400E-5	5.084601E-1	1.704498E+1
8.176938E+3	3.389300E+2	3.420765E+1	-9.984055E-1	3.518200E-6	NaN	3.518200E-5	5.085721E-1	1.705985E+1
8.190417E+3	3.387100E+2	3.422987E+1	-9.985660E-1	3.477700E-6	NaN	3.477700E-5	5.086846E-1	1.707476E+1
8.201509E+3	3.385300E+2	3.424807E+1	-9.985420E-1	3.445200E-6	NaN	3.445200E-5	5.087674E-1	1.708647E+1
8.212367E+3	3.383400E+2	3.426731E+1	-9.989315E-1	3.412800E-6	NaN	3.412800E-5	5.088231E-1	1.709730E+1
8.222994E+3	3.381500E+2	3.428656E+1	-9.987141E-1	3.380900E-6	NaN	3.380900E-5	5.088690E-1	1.710780E+1
8.236452E+3	3.379300E+2	3.430888E+1	-9.976121E-1	3.341300E-6	NaN	3.341300E-5	5.089110E-1	1.712044E+1
8.247325E+3	3.377400E+2	3.432818E+1	-9.975282E-1	3.309900E-6	NaN	3.309900E-5	5.089614E-1	1.713117E+1
8.260792E+3	3.375200E+2	3.435056E+1	-9.991372E-1	3.272300E-6	NaN	3.272300E-5	5.089882E-1	1.714338E+1
8.271522E+3	3.373500E+2	3.436787E+1	-9.992934E-1	3.242500E-6	NaN	3.242500E-5	5.090181E-1	1.715339E+1
8.285009E+3	3.371400E+2	3.438927E+1	-1.000217E+0	3.206000E-6	NaN	3.206000E-5	5.090565E-1	1.716592E+1
8.295798E+3	3.369500E+2	3.440867E+1	-9.987359E-1	3.176600E-6	NaN	3.176600E-5	5.091022E-1	1.717643E+1
8.309049E+3	3.367300E+2	3.443115E+1	-9.982717E-1	3.140600E-6	NaN	3.140600E-5	5.091361E-1	1.718883E+1
8.319794E+3	3.365500E+2	3.444956E+1	-9.970152E-1	3.110900E-6	NaN	3.110900E-5	5.091539E-1	1.719840E+1
8.333447E+3	3.363200E+2	3.447312E+1	-9.964001E-1	3.072600E-6	NaN	3.072600E-5	5.092166E-1	1.721179E+1
8.344261E+3	3.361300E+2	3.449261E+1	-9.966344E-1	3.042700E-6	NaN	3.042700E-5	5.092831E-1	1.722312E+1
8.355454E+3	3.359500E+2	3.451109E+1	-9.966967E-1	3.012900E-6	NaN	3.012900E-5	5.093301E-1	1.723379E+1
8.368820E+3	3.357300E+2	3.453370E+1	-9.956309E-1	2.978200E-6	NaN	2.978200E-5	5.094051E-1	1.724763E+1
8.382088E+3	3.355200E+2	3.455532E+1	-9.951858E-1	2.944300E-6	NaN	2.944300E-5	5.094979E-1	1.726206E+1
8.392725E+3	3.353400E+2	3.457387E+1	-9.939025E-1	2.916700E-6	NaN	2.916700E-5	5.095983E-1	1.727448E+1
8.406402E+3	3.351200E+2	3.459656E+1	-9.942181E-1	2.881700E-6	NaN	2.881700E-5	5.096992E-1	1.728920E+1
8.417321E+3	3.349400E+2	3.461515E+1	-9.951919E-1	2.854000E-6	NaN	2.854000E-5	5.097874E-1	1.730127E+1
8.430603E+3	3.347000E+2	3.463998E+1	-9.975132E-1	2.820600E-6	NaN	2.820600E-5	5.099058E-1	1.731668E+1
8.441463E+3	3.345300E+2	3.465758E+1	-9.982277E-1	2.792900E-6	NaN	2.792900E-5	5.099638E-1	1.732775E+1
8.452314E+3	3.343400E+2	3.467727E+1	-9.989777E-1	2.765700E-6	NaN	2.765700E-5	5.100474E-1	1.733972E+1
8.463199E+3	3.341500E+2	3.469699E+1	-9.998721E-1	2.738900E-6	NaN	2.738900E-5	5.101222E-1	1.735140E+1
8.476659E+3	3.339300E+2	3.471985E+1	-1.000517E+0	2.706900E-6	NaN	2.706900E-5	5.102147E-1	1.736604E+1
8.490214E+3	3.337000E+2	3.474378E+1	-9.995122E-1	2.675500E-6	NaN	2.675500E-5	5.103103E-1	1.738075E+1
8.501186E+3	3.335400E+2	3.476045E+1	-9.993664E-1	2.650600E-6	NaN	2.650600E-5	5.103814E-1	1.739231E+1
8.512051E+3	3.333600E+2	3.477922E+1	-9.997099E-1	2.625500E-6	NaN	2.625500E-5	5.104828E-1	1.740495E+1
8.525599E+3	3.331300E+2	3.480323E+1	-9.989294E-1	2.594400E-6	NaN	2.594400E-5	5.106157E-1	1.742102E+1
8.536683E+3	3.329400E+2	3.482309E+1	-9.982785E-1	2.568900E-6	NaN	2.568900E-5	5.106914E-1	1.743281E+1
8.550396E+3	3.327200E+2	3.484612E+1	-9.964485E-1	2.537200E-6	NaN	2.537200E-5	5.107800E-1	1.744741E+1
8.561235E+3	3.325200E+2	3.486708E+1	-9.963661E-1	2.511900E-6	NaN	2.511900E-5	5.108308E-1	1.745844E+1
8.572585E+3	3.323400E+2	3.488596E+1	-9.974118E-1	2.486200E-6	NaN	2.486200E-5	5.108589E-1	1.746875E+1
8.583876E+3	3.321600E+2	3.490487E+1	-9.973488E-1	2.461400E-6	NaN	2.461400E-5	5.109173E-1	1.748009E+1
8.597437E+3	3.319300E+2	3.492905E+1	-9.963745E-1	2.432300E-6	NaN	2.432300E-5	5.110260E-1	1.749546E+1
8.611060E+3	3.317200E+2	3.495116E+1	-9.959262E-1	2.403000E-6	NaN	2.403000E-5	5.110858E-1	1.750913E+1
8.622064E+3	3.315300E+2	3.497119E+1	-9.963254E-1	2.379500E-6	NaN	2.379500E-5	5.111604E-1	1.752105E+1
8.632732E+3	3.313500E+2	3.499019E+1	-9.964885E-1	2.356700E-6	NaN	2.356700E-5	5.112291E-1	1.753273E+1
8.646002E+3	3.311300E+2	3.501344E+1	-9.975115E-1	2.329000E-6	NaN	2.329000E-5	5.112824E-1	1.754622E+1
8.656948E+3	3.309400E+2	3.503354E+1	-9.984783E-1	2.305700E-6	NaN	2.305700E-5	5.113171E-1	1.755678E+1
8.670471E+3	3.307200E+2	3.505685E+1	-9.986160E-1	2.277100E-6	NaN	2.277100E-5	5.113866E-1	1.757093E+1
8.681083E+3	3.305300E+2	3.507700E+1	-9.981139E-1	2.254900E-6	NaN	2.254900E-5	5.114566E-1	1.758275E+1
8.691821E+3	3.303600E+2	3.509505E+1	-9.981676E-1	2.232800E-6	NaN	2.232800E-5	5.114974E-1	1.759353E+1
8.705236E+3	3.301400E+2	3.511843E+1	-9.966607E-1	2.206200E-6	NaN	2.206200E-5	5.115613E-1	1.760742E+1
8.716219E+3	3.299500E+2	3.513866E+1	-9.951965E-1	2.184900E-6	NaN	2.184900E-5	5.116213E-1	1.761884E+1
8.730081E+3	3.297300E+2	3.516210E+1	-9.963964E-1	2.157800E-6	NaN	2.157800E-5	5.116883E-1	1.763288E+1
8.740974E+3	3.295500E+2	3.518131E+1	-9.982246E-1	2.136800E-6	NaN	2.136800E-5	5.117445E-1	1.764426E+1
8.754682E+3	3.293200E+2	3.520588E+1	-9.983570E-1	2.110700E-6	NaN	2.110700E-5	5.117894E-1	1.765761E+1
8.765796E+3	3.291400E+2	3.522513E+1	-9.973737E-1	2.089500E-6	NaN	2.089500E-5	5.118377E-1	1.766874E+1
8.776987E+3	3.289500E+2	3.524548E+1	-9.960570E-1	2.067800E-6	NaN	2.067800E-5	5.118693E-1	1.767932E+1
8.790516E+3	3.287200E+2	3.527014E+1	-9.963417E-1	2.041400E-6	NaN	2.041400E-5	5.119286E-1	1.769330E+1
8.801286E+3	3.285400E+2	3.528946E+1	-9.954043E-1	2.021000E-6	NaN	2.021000E-5	5.119855E-1	1.770482E+1
8.814959E+3	3.283300E+2	3.531203E+1	-9.954924E-1	1.995800E-6	NaN	1.995800E-5	5.120675E-1	1.771958E+1
8.825738E+3	3.281500E+2	3.533140E+1	-9.937411E-1	1.976230E-6	NaN	1.976230E-5	5.121560E-1	1.773214E+1
8.839631E+3	3.279100E+2	3.535726E+1	-9.941072E-1	1.951410E-6	NaN	1.951410E-5	5.122534E-1	1.774742E+1
8.850532E+3	3.277300E+2	3.537668E+1	-9.941824E-1	1.932060E-6	NaN	1.932060E-5	5.123332E-1	1.775976E+1
8.861360E+3	3.275600E+2	3.539504E+1	-9.945190E-1	1.913100E-6	NaN	1.913100E-5	5.124279E-1	1.777263E+1
8.875062E+3	3.273300E+2	3.541991E+1	-9.932873E-1	1.889230E-6	NaN	1.889230E-5	5.125397E-1	1.778851E+1
8.886114E+3	3.271400E+2	3.544048E+1	-9.933870E-1	1.869920E-6	NaN	1.869920E-5	5.126271E-1	1.780122E+1
8.899467E+3	3.269200E+2	3.546433E+1	-9.938286E-1	1.846470E-6	NaN	1.846470E-5	5.127249E-1	1.781672E+1
8.910155E+3	3.267300E+2	3.548496E+1	-9.940626E-1	1.828010E-6	NaN	1.828010E-5	5.127963E-1	1.782883E+1
8.920862E+3	3.265700E+2	3.550234E+1	-9.955005E-1	1.809780E-6	NaN	1.809780E-5	5.128593E-1	1.784072E+1
8.934457E+3	3.263400E+2	3.552736E+1	-9.943558E-1	1.787110E-6	NaN	1.787110E-5	5.129661E-1	1.785648E+1
8.947855E+3	3.261200E+2	3.555133E+1	-9.932619E-1	1.765090E-6	NaN	1.765090E-5	5.130989E-1	1.787315E+1
8.959103E+3	3.259400E+2	3.557096E+1	-9.948380E-1	1.746710E-6	NaN	1.746710E-5	5.131820E-1	1.788572E+1
8.972549E+3	3.257100E+2	3.559608E+1	-9.959087E-1	1.725010E-6	NaN	1.725010E-5	5.132905E-1	1.790161E+1
8.983402E+3	3.255100E+2	3.561795E+1	-9.961063E-1	1.707820E-6	NaN	1.707820E-5	5.133673E-1	1.791398E+1
8.994432E+3	3.253500E+2	3.563547E+1	-9.960489E-1	1.690180E-6	NaN	1.690180E-5	5.134236E-1	1.792568E+1
9.008022E+3	3.251200E+2	3.566068E+1	-9.964069E-1	1.668660E-6	NaN	1.668660E-5	5.135315E-1	1.794161E+1
9.019057E+3	3.249300E+2	3.568153E+1	-9.961529E-1	1.651190E-6	NaN	1.651190E-5	5.136010E-1	1.795380E+1
9.029914E+3	3.247600E+2	3.570021E+1	-9.963618E-1	1.633950E-6	NaN	1.633950E-5	5.136561E-1	1.796547E+1
9.043512E+3	3.245200E+2	3.572661E+1	-9.959319E-1	1.612960E-6	NaN	1.612960E-5	5.137466E-1	1.798082E+1
9.054302E+3	3.243400E+2	3.574644E+1	-9.968363E-1	1.596860E-6	NaN	1.596860E-5	5.138225E-1	1.799327E+1
9.067813E+3	3.241300E+2	3.576960E+1	-9.978206E-1	1.577060E-6	NaN	1.577060E-5	5.138703E-1	1.800714E+1
9.078415E+3	3.239400E+2	3.579058E+1	-9.981445E-1	1.561630E-6	NaN	1.561630E-5	5.139178E-1	1.801856E+1
9.091975E+3	3.237300E+2	3.581380E+1	-9.974450E-1	1.542060E-6	NaN	1.542060E-5	5.139927E-1	1.803340E+1
9.102869E+3	3.235400E+2	3.583483E+1	-9.961630E-1	1.526220E-6	NaN	1.526220E-5	5.140553E-1	1.804539E+1
9.116500E+3	3.233200E+2	3.585921E+1	-9.955734E-1	1.506140E-6	NaN	1.506140E-5	5.140759E-1	1.805842E+1
9.127202E+3	3.231300E+2	3.588030E+1	-9.962843E-1	1.490590E-6	NaN	1.490590E-5	5.141144E-1	1.806966E+1
9.138300E+3	3.229400E+2	3.590141E+1	-9.979191E-1	1.474780E-6	NaN	1.474780E-5	5.141319E-1	1.808021E+1
9.151913E+3	3.227200E+2	3.592588E+1	-9.983621E-1	1.455990E-6	NaN	1.455990E-5	5.141847E-1	1.809446E+1
9.163537E+3	3.225400E+2	3.594593E+1	-9.978705E-1	1.440120E-6	NaN	1.440120E-5	5.142244E-1	1.810575E+1
9.175157E+3	3.223400E+2	3.596823E+1	-9.961621E-1	1.424570E-6	NaN	1.424570E-5	5.142786E-1	1.811759E+1
9.189062E+3	3.221300E+2	3.599168E+1	-9.951994E-1	1.405720E-6	NaN	1.405720E-5	5.143615E-1	1.813299E+1
9.199730E+3	3.219400E+2	3.601292E+1	-9.931336E-1	1.391450E-6	NaN	1.391450E-5	5.144516E-1	1.814615E+1
9.213277E+3	3.217200E+2	3.603755E+1	-9.932584E-1	1.373580E-6	NaN	1.373580E-5	5.145619E-1	1.816260E+1
9.224061E+3	3.215400E+2	3.605772E+1	-9.930469E-1	1.359150E-6	NaN	1.359150E-5	5.146473E-1	1.817567E+1
9.234718E+3	3.213600E+2	3.607792E+1	-9.938900E-1	1.345060E-6	NaN	1.345060E-5	5.147199E-1	1.818831E+1
9.248185E+3	3.211300E+2	3.610376E+1	-9.941600E-1	1.327600E-6	NaN	1.327600E-5	5.148274E-1	1.820468E+1
9.259049E+3	3.209400E+2	3.612513E+1	-9.939703E-1	1.313820E-6	NaN	1.313820E-5	5.148830E-1	1.821674E+1
9.272648E+3	3.207200E+2	3.614991E+1	-9.935335E-1	1.296920E-6	NaN	1.296920E-5	5.149843E-1	1.823295E+1
9.283571E+3	3.205400E+2	3.617021E+1	-9.938644E-1	1.283630E-6	NaN	1.283630E-5	5.150393E-1	1.824499E+1
9.296803E+3	3.203400E+2	3.619280E+1	-9.944900E-1	1.267730E-6	NaN	1.267730E-5	5.151058E-1	1.825994E+1
9.307593E+3	3.201500E+2	3.621427E+1	-9.950356E-1	1.254810E-6	NaN	1.254810E-5	5.151722E-1	1.827237E+1
9.321072E+3	3.199400E+2	3.623804E+1	-9.944186E-1	1.238690E-6	NaN	1.238690E-5	5.152432E-1	1.828751E+1
9.334340E+3	3.197200E+2	3.626298E+1	-9.930889E-1	1.222770E-6	NaN	1.222770E-5	5.152968E-1	1.830207E+1
9.345446E+3	3.195200E+2	3.628568E+1	-9.928390E-1	1.209290E-6	NaN	1.209290E-5	5.153357E-1	1.831360E+1
9.356379E+3	3.193400E+2	3.630613E+1	-9.936641E-1	1.196200E-6	NaN	1.196200E-5	5.153494E-1	1.832431E+1
9.367220E+3	3.191500E+2	3.632775E+1	-9.933172E-1	1.183490E-6	NaN	1.183490E-5	5.153902E-1	1.833597E+1
9.380636E+3	3.189400E+2	3.635166E+1	-9.938785E-1	1.168360E-6	NaN	1.168360E-5	5.154006E-1	1.834906E+1
9.394012E+3	3.187200E+2	3.637676E+1	-9.928826E-1	1.153420E-6	NaN	1.153420E-5	5.154231E-1	1.836250E+1
9.404730E+3	3.185400E+2	3.639731E+1	-9.936243E-1	1.141650E-6	NaN	1.141650E-5	5.154467E-1	1.837348E+1
9.418502E+3	3.183000E+2	3.642476E+1	-9.938124E-1	1.126650E-6	NaN	1.126650E-5	5.154643E-1	1.838680E+1
9.429242E+3	3.181500E+2	3.644193E+1	-9.950860E-1	1.115030E-6	NaN	1.115030E-5	5.154736E-1	1.839733E+1
9.440284E+3	3.179600E+2	3.646371E+1	-9.949570E-1	1.103170E-6	NaN	1.103170E-5	5.154805E-1	1.840772E+1
9.454260E+3	3.177200E+2	3.649125E+1	-9.960896E-1	1.088070E-6	NaN	1.088070E-5	5.154856E-1	1.842069E+1
9.465129E+3	3.175400E+2	3.651194E+1	-9.958440E-1	1.076400E-6	NaN	1.076400E-5	5.154592E-1	1.843003E+1
9.478605E+3	3.173200E+2	3.653725E+1	-9.942946E-1	1.062160E-6	NaN	1.062160E-5	5.154601E-1	1.844288E+1
9.489484E+3	3.171400E+2	3.655799E+1	-9.926195E-1	1.051050E-6	NaN	1.051050E-5	5.154405E-1	1.845243E+1
9.503107E+3	3.169300E+2	3.658221E+1	-9.901707E-1	1.036880E-6	NaN	1.036880E-5	5.154556E-1	1.846580E+1
9.513797E+3	3.167400E+2	3.660415E+1	-9.892403E-1	1.026050E-6	NaN	1.026050E-5	5.154763E-1	1.847679E+1
9.527544E+3	3.165200E+2	3.662960E+1	-9.899610E-1	1.012340E-6	NaN	1.012340E-5	5.154886E-1	1.849014E+1
9.538451E+3	3.163300E+2	3.665160E+1	-9.902525E-1	1.001580E-6	NaN	1.001580E-5	5.155090E-1	1.850117E+1
9.549511E+3	3.161600E+2	3.667131E+1	-9.902216E-1	9.906500E-7	NaN	9.906500E-6	5.155078E-1	1.851147E+1
9.563040E+3	3.159200E+2	3.669916E+1	-9.896477E-1	9.773300E-7	NaN	9.773300E-6	5.154949E-1	1.852393E+1
9.573616E+3	3.157600E+2	3.671776E+1	-9.903649E-1	9.669100E-7	NaN	9.669100E-6	5.154798E-1	1.853375E+1
9.586985E+3	3.155200E+2	3.674569E+1	-9.901683E-1	9.539800E-7	NaN	9.539800E-6	5.155004E-1	1.854743E+1
9.598026E+3	3.153400E+2	3.676666E+1	-9.897713E-1	9.434700E-7	NaN	9.434700E-6	5.155017E-1	1.855783E+1
9.608810E+3	3.151800E+2	3.678533E+1	-9.899423E-1	9.333500E-7	NaN	9.333500E-6	5.155057E-1	1.856833E+1
9.622161E+3	3.149300E+2	3.681453E+1	-9.904988E-1	9.210200E-7	NaN	9.210200E-6	5.155363E-1	1.858236E+1
9.635844E+3	3.147200E+2	3.683910E+1	-9.933089E-1	9.086800E-7	NaN	9.086800E-6	5.155491E-1	1.859584E+1
9.646939E+3	3.145300E+2	3.686135E+1	-9.941485E-1	8.989100E-7	NaN	8.989100E-6	5.155790E-1	1.860738E+1
9.660903E+3	3.143100E+2	3.688715E+1	-9.939024E-1	8.867300E-7	NaN	8.867300E-6	5.155840E-1	1.862057E+1
9.671492E+3	3.141400E+2	3.690711E+1	-9.926967E-1	8.773700E-7	NaN	8.773700E-6	5.155997E-1	1.863160E+1
9.682478E+3	3.139600E+2	3.692827E+1	-9.927836E-1	8.677500E-7	NaN	8.677500E-6	5.155973E-1	1.864198E+1
9.695959E+3	3.137300E+2	3.695534E+1	-9.916133E-1	8.560300E-7	NaN	8.560300E-6	5.156097E-1	1.865552E+1
9.706930E+3	3.135600E+2	3.697538E+1	-9.908114E-1	8.465200E-7	NaN	8.465200E-6	5.156035E-1	1.866577E+1
9.717721E+3	3.133700E+2	3.699780E+1	-9.901915E-1	8.374300E-7	NaN	8.374300E-6	5.156076E-1	1.867642E+1
9.731316E+3	3.131400E+2	3.702497E+1	-9.908322E-1	8.261400E-7	NaN	8.261400E-6	5.155847E-1	1.868874E+1
9.745305E+3	3.129300E+2	3.704982E+1	-9.904142E-1	8.147800E-7	NaN	8.147800E-6	5.155834E-1	1.870188E+1
9.756073E+3	3.127500E+2	3.707114E+1	-9.888029E-1	8.062000E-7	NaN	8.062000E-6	5.156048E-1	1.871321E+1
9.769549E+3	3.125100E+2	3.709961E+1	-9.880284E-1	7.954400E-7	NaN	7.954400E-6	5.156124E-1	1.872674E+1
9.780481E+3	3.123400E+2	3.711981E+1	-9.875939E-1	7.867200E-7	NaN	7.867200E-6	5.155764E-1	1.873603E+1
9.791394E+3	3.121600E+2	3.714121E+1	-9.886020E-1	7.780400E-7	NaN	7.780400E-6	5.155552E-1	1.874587E+1
9.804830E+3	3.119400E+2	3.716740E+1	-9.891837E-1	7.674400E-7	NaN	7.674400E-6	5.155405E-1	1.875860E+1
9.818217E+3	3.117100E+2	3.719483E+1	-9.895141E-1	7.570900E-7	NaN	7.570900E-6	5.155162E-1	1.877098E+1
9.829122E+3	3.115400E+2	3.721512E+1	-9.888665E-1	7.488200E-7	NaN	7.488200E-6	5.155003E-1	1.878106E+1
9.840067E+3	3.113600E+2	3.723664E+1	-9.881855E-1	7.407100E-7	NaN	7.407100E-6	5.154937E-1	1.879144E+1
9.853799E+3	3.111400E+2	3.726297E+1	-9.872617E-1	7.304800E-7	NaN	7.304800E-6	5.155068E-1	1.880521E+1
9.867619E+3	3.109100E+2	3.729053E+1	-9.848386E-1	7.203000E-7	NaN	7.203000E-6	5.155228E-1	1.881906E+1
9.878370E+3	3.107400E+2	3.731094E+1	-9.844971E-1	7.125600E-7	NaN	7.125600E-6	5.155061E-1	1.882911E+1
9.891858E+3	3.105100E+2	3.733857E+1	-9.839040E-1	7.028500E-7	NaN	7.028500E-6	5.155054E-1	1.884242E+1
9.902451E+3	3.103500E+2	3.735782E+1	-9.841238E-1	6.953100E-7	NaN	6.953100E-6	5.155099E-1	1.885328E+1
9.915845E+3	3.101200E+2	3.738553E+1	-9.813875E-1	6.857900E-7	NaN	6.857900E-6	5.155554E-1	1.886831E+1
9.926725E+3	3.099500E+2	3.740603E+1	-9.804930E-1	6.782000E-7	NaN	6.782000E-6	5.155620E-1	1.887925E+1
9.940325E+3	3.097200E+2	3.743381E+1	-9.805767E-1	6.687100E-7	NaN	6.687100E-6	5.155517E-1	1.889227E+1
9.951337E+3	3.095300E+2	3.745679E+1	-9.810637E-1	6.612100E-7	NaN	6.612100E-6	5.155503E-1	1.890292E+1
9.964973E+3	3.093300E+2	3.748101E+1	-9.801312E-1	6.521000E-7	NaN	6.521000E-6	5.155700E-1	1.891704E+1
9.975873E+3	3.091500E+2	3.750283E+1	-9.798222E-1	6.448900E-7	NaN	6.448900E-6	5.155979E-1	1.892878E+1
9.992292E+3	3.089400E+2	3.752832E+1	-9.737815E-1	6.359900E-7	NaN	6.359900E-6	5.157019E-1	1.894851E+1
1.000563E+4	3.087200E+2	3.755507E+1	-9.640302E-1	6.277700E-7	NaN	6.277700E-6	5.157989E-1	1.896521E+1
1.001655E+4	3.085100E+2	3.758063E+1	-9.595269E-1	6.204900E-7	NaN	6.204900E-6	5.158266E-1	1.897682E+1
1.002774E+4	3.083300E+2	3.760257E+1	-9.578427E-1	6.128700E-7	NaN	6.128700E-6	5.158291E-1	1.898759E+1
1.003871E+4	3.081400E+2	3.762575E+1	-9.592867E-1	6.055500E-7	NaN	6.055500E-6	5.158287E-1	1.899833E+1
1.004944E+4	3.079500E+2	3.764897E+1	-9.623261E-1	5.986600E-7	NaN	5.986600E-6	5.158370E-1	1.900939E+1
1.006320E+4	3.077300E+2	3.767588E+1	-9.670619E-1	5.900500E-7	NaN	5.900500E-6	5.158531E-1	1.902352E+1
1.007404E+4	3.075500E+2	3.769794E+1	-9.710412E-1	5.834200E-7	NaN	5.834200E-6	5.158518E-1	1.903429E+1
1.008766E+4	3.073200E+2	3.772615E+1	-9.762956E-1	5.753600E-7	NaN	5.753600E-6	5.158511E-1	1.904781E+1
1.009837E+4	3.071700E+2	3.774457E+1	-9.812437E-1	5.691000E-7	NaN	5.691000E-6	5.158478E-1	1.905851E+1
1.011153E+4	3.069500E+2	3.777162E+1	-9.862239E-1	5.614800E-7	NaN	5.614800E-6	5.158761E-1	1.907307E+1
1.012498E+4	3.067200E+2	3.779995E+1	-9.908125E-1	5.537500E-7	NaN	5.537500E-6	5.159182E-1	1.908817E+1
1.013586E+4	3.065400E+2	3.782214E+1	-9.948386E-1	5.476100E-7	NaN	5.476100E-6	5.159231E-1	1.909926E+1
1.014952E+4	3.063300E+2	3.784807E+1	-9.962657E-1	5.399400E-7	NaN	5.399400E-6	5.159321E-1	1.911321E+1
1.016030E+4	3.061500E+2	3.787033E+1	-9.913271E-1	5.339900E-7	NaN	5.339900E-6	5.159363E-1	1.912429E+1
1.017384E+4	3.059400E+2	3.789632E+1	-9.824749E-1	5.266600E-7	NaN	5.266600E-6	5.159124E-1	1.913699E+1
1.018724E+4	3.057400E+2	3.792111E+1	-9.750368E-1	5.195200E-7	NaN	5.195200E-6	5.159267E-1	1.915108E+1
1.019814E+4	3.055600E+2	3.794345E+1	-9.697837E-1	5.138100E-7	NaN	5.138100E-6	5.159537E-1	1.916293E+1
1.021166E+4	3.053400E+2	3.797079E+1	-9.651568E-1	5.067900E-7	NaN	5.067900E-6	5.159981E-1	1.917817E+1
1.022572E+4	3.051200E+2	3.799816E+1	-9.623865E-1	4.996300E-7	NaN	4.996300E-6	5.159982E-1	1.919180E+1
1.023658E+4	3.049500E+2	3.801935E+1	-9.601377E-1	4.941600E-7	NaN	4.941600E-6	5.160057E-1	1.920297E+1
1.025022E+4	3.047300E+2	3.804680E+1	-9.584804E-1	4.873400E-7	NaN	4.873400E-6	5.160299E-1	1.921754E+1
1.026114E+4	3.045600E+2	3.806803E+1	-9.566079E-1	4.819800E-7	NaN	4.819800E-6	5.160335E-1	1.922860E+1
1.027448E+4	3.043500E+2	3.809430E+1	-9.522921E-1	4.755900E-7	NaN	4.755900E-6	5.160277E-1	1.924196E+1
1.028800E+4	3.041600E+2	3.811810E+1	-9.479378E-1	4.692000E-7	NaN	4.692000E-6	5.160119E-1	1.925493E+1
1.030168E+4	3.039400E+2	3.814569E+1	-9.446077E-1	4.628600E-7	NaN	4.628600E-6	5.160296E-1	1.926914E+1
1.031547E+4	3.037500E+2	3.816955E+1	-9.393462E-1	4.565900E-7	NaN	4.565900E-6	5.160755E-1	1.928441E+1
1.032886E+4	3.035400E+2	3.819595E+1	-9.342069E-1	4.506500E-7	NaN	4.506500E-6	5.161640E-1	1.930123E+1
1.034252E+4	3.033400E+2	3.822114E+1	-9.289849E-1	4.447300E-7	NaN	4.447300E-6	5.162154E-1	1.931664E+1
1.035348E+4	3.031700E+2	3.824257E+1	-9.234849E-1	4.400900E-7	NaN	4.400900E-6	5.162809E-1	1.932989E+1
1.036961E+4	3.029400E+2	3.827160E+1	-9.153768E-1	4.333900E-7	NaN	4.333900E-6	5.163565E-1	1.934887E+1
1.038302E+4	3.027500E+2	3.829562E+1	-9.068691E-1	4.280400E-7	NaN	4.280400E-6	5.164342E-1	1.936513E+1
1.039648E+4	3.025600E+2	3.831967E+1	-8.978038E-1	4.228800E-7	NaN	4.228800E-6	5.165131E-1	1.938143E+1
1.041280E+4	3.023400E+2	3.834756E+1	-8.853827E-1	4.168400E-7	NaN	4.168400E-6	5.166317E-1	1.940180E+1
1.042639E+4	3.021700E+2	3.836913E+1	-8.743841E-1	4.120000E-7	NaN	4.120000E-6	5.167216E-1	1.941837E+1
1.044255E+4	3.019700E+2	3.839454E+1	-8.584374E-1	4.065600E-7	NaN	4.065600E-6	5.168314E-1	1.943819E+1
1.046139E+4	3.017400E+2	3.842381E+1	-8.364193E-1	4.005500E-7	NaN	4.005500E-6	5.169509E-1	1.946076E+1
1.047766E+4	3.015600E+2	3.844674E+1	-8.142817E-1	3.956300E-7	NaN	3.956300E-6	5.170556E-1	1.948002E+1
1.049403E+4	3.013700E+2	3.847098E+1	-7.878435E-1	3.908800E-7	NaN	3.908800E-6	5.171679E-1	1.949939E+1
1.051492E+4	3.011600E+2	3.849781E+1	-7.510463E-1	3.851800E-7	NaN	3.851800E-6	5.173488E-1	1.952602E+1
1.053387E+4	3.009700E+2	3.852211E+1	-7.191117E-1	3.802800E-7	NaN	3.802800E-6	5.175106E-1	1.954913E+1
1.055587E+4	3.007500E+2	3.855029E+1	-6.833263E-1	3.748800E-7	NaN	3.748800E-6	5.176576E-1	1.957380E+1
1.057497E+4	3.005600E+2	3.857466E+1	-6.523743E-1	3.705000E-7	NaN	3.705000E-6	5.178384E-1	1.959709E+1
1.059674E+4	3.003800E+2	3.859778E+1	-6.236728E-1	3.657100E-7	NaN	3.657100E-6	5.178888E-1	1.961753E+1
1.062115E+4	3.001600E+2	3.862607E+1	-5.933690E-1	3.607200E-7	NaN	3.607200E-6	5.179985E-1	1.964211E+1
1.064618E+4	2.999700E+2	3.865053E+1	-5.657527E-1	3.559000E-7	NaN	3.559000E-6	5.180618E-1	1.966455E+1
1.067374E+4	2.997500E+2	3.867890E+1	-5.340889E-1	3.509000E-7	NaN	3.509000E-6	5.181796E-1	1.969085E+1
1.069823E+4	2.995800E+2	3.870085E+1	-5.060024E-1	3.467700E-7	NaN	3.467700E-6	5.182950E-1	1.971447E+1
1.072830E+4	2.993700E+2	3.872800E+1	-4.729089E-1	3.420000E-7	NaN	3.420000E-6	5.184812E-1	1.974463E+1
1.076102E+4	2.991800E+2	3.875259E+1	-4.390715E-1	3.371700E-7	NaN	3.371700E-6	5.187175E-1	1.977819E+1
1.079069E+4	2.989900E+2	3.877722E+1	-4.115773E-1	3.331100E-7	NaN	3.331100E-6	5.190222E-1	1.981186E+1
1.082815E+4	2.987700E+2	3.880577E+1	-3.826897E-1	3.283700E-7	NaN	3.283700E-6	5.195574E-1	1.986052E+1
1.086596E+4	2.985800E+2	3.883046E+1	-3.580944E-1	3.239600E-7	NaN	3.239600E-6	5.197673E-1	1.989584E+1
1.090409E+4	2.983800E+2	3.885649E+1	-3.352474E-1	3.198900E-7	NaN	3.198900E-6	5.199261E-1	1.992828E+1
1.094749E+4	2.981900E+2	3.888125E+1	-3.067184E-1	3.155900E-7	NaN	3.155900E-6	5.202266E-1	1.996947E+1
1.099368E+4	2.979900E+2	3.890735E+1	-2.824132E-1	3.114500E-7	NaN	3.114500E-6	5.203604E-1	2.000526E+1
1.105089E+4	2.977700E+2	3.893609E+1	-2.567734E-1	3.067900E-7	NaN	3.067900E-6	5.205349E-1	2.004889E+1
1.109977E+4	2.975900E+2	3.895964E+1	-2.364399E-1	3.031700E-7	NaN	3.031700E-6	5.204653E-1	2.007641E+1
1.116436E+4	2.973900E+2	3.898584E+1	-2.122417E-1	2.988700E-7	NaN	2.988700E-6	5.205833E-1	2.011879E+1
1.122691E+4	2.971900E+2	3.901208E+1	-1.940606E-1	2.951800E-7	NaN	2.951800E-6	5.203541E-1	2.014250E+1
1.130649E+4	2.969900E+2	3.903835E+1	-1.708843E-1	2.910000E-7	NaN	2.910000E-6	5.196802E-1	2.015184E+1
1.139573E+4	2.967800E+2	3.906597E+1	-1.485202E-1	2.869100E-7	NaN	2.869100E-6	5.192767E-1	2.017093E+1
1.148006E+4	2.965900E+2	3.909100E+1	-1.354105E-1	2.835600E-7	NaN	2.835600E-6	5.172142E-1	2.011819E+1
