6/25/2024
2:21 PM
fast cooling up 480_2024.06.25_COND_FILE END.txt

Data taken by: Akshat Sharma
ammeter is Keithley 6517A at GPIB0::27::INSTR
voltage source is Keithley 6517A at GPIB0::27::INSTR
temperature controller is Lake Shore 330 at GPIB0::12::INSTR with the settings: control sensor=A;sample sensor=;loop=1
Readings: 1
Voltage (V): 100
Geo Factor: 1000
Ea Window (pts): 5
Shut off V when done?: TRUE
Mconnect?: TRUE
Use Abs(Cond)?: TRUE
Rate (K/min): 5
Heater: High
DESCRIPTION
********************
Time (s)	Temperature (K)	1/kT (1/eV)	Rate (K/min)	Current (A)	Current Std Dev/Mean	Conductivity (Ohm-cm)^-1	Ea (eV)	Reduced Ea	
1.705000E+0	2.964800E+2	3.910550E+1	NaN	1.664260E-7	NaN	1.664260E-6	NaN	NaN
5.557000E+0	2.964900E+2	3.910419E+1	NaN	1.664930E-7	NaN	1.664930E-6	NaN	NaN
8.558000E+0	2.964900E+2	3.910419E+1	NaN	1.665510E-7	NaN	1.665510E-6	NaN	NaN
3.245600E+1	2.966900E+2	3.907783E+1	2.823553E-1	1.679270E-7	NaN	1.679270E-6	NaN	NaN
4.144800E+1	2.970100E+2	3.903572E+1	6.359318E-1	1.701900E-7	NaN	1.701900E-6	NaN	NaN
4.454100E+1	2.971600E+2	3.901602E+1	8.662910E-1	1.713980E-7	NaN	1.713980E-6	NaN	NaN
5.065800E+1	2.975200E+2	3.896881E+1	1.447240E+0	1.745890E-7	NaN	1.745890E-6	NaN	NaN
5.364800E+1	2.977300E+2	3.894132E+1	1.793918E+0	1.764840E-7	NaN	1.764840E-6	NaN	NaN
5.665300E+1	2.979600E+2	3.891126E+1	2.165286E+0	1.787080E-7	NaN	1.787080E-6	NaN	NaN
5.965700E+1	2.982100E+2	3.887864E+1	2.550499E+0	1.811690E-7	NaN	1.811690E-6	NaN	NaN
6.259800E+1	2.984800E+2	3.884347E+1	2.947633E+0	1.838120E-7	NaN	1.838120E-6	NaN	NaN
6.569300E+1	2.987700E+2	3.880577E+1	3.353877E+0	1.868020E-7	NaN	1.868020E-6	NaN	NaN
6.870900E+1	2.990500E+2	3.876944E+1	3.767599E+0	1.899380E-7	NaN	1.899380E-6	NaN	NaN
7.172800E+1	2.993400E+2	3.873188E+1	4.152614E+0	1.932460E-7	NaN	1.932460E-6	NaN	NaN
7.474700E+1	2.996400E+2	3.869310E+1	4.504770E+0	1.967120E-7	NaN	1.967120E-6	NaN	NaN
7.794700E+1	2.999200E+2	3.865698E+1	4.817181E+0	2.005110E-7	NaN	2.005110E-6	NaN	NaN
8.083300E+1	3.002200E+2	3.861835E+1	5.081672E+0	2.040190E-7	NaN	2.040190E-6	NaN	NaN
8.373900E+1	3.005000E+2	3.858236E+1	5.311122E+0	2.076060E-7	NaN	2.076060E-6	NaN	NaN
8.676800E+1	3.007800E+2	3.854645E+1	5.484212E+0	2.116200E-7	NaN	2.116200E-6	NaN	NaN
9.055900E+1	3.011700E+2	3.849653E+1	5.600632E+0	2.163900E-7	NaN	2.163900E-6	NaN	NaN
9.359500E+1	3.014400E+2	3.846205E+1	5.697897E+0	2.202400E-7	NaN	2.202400E-6	4.221169E-1	1.639918E+1
9.661000E+1	3.017000E+2	3.842890E+1	5.738416E+0	2.240300E-7	NaN	2.240300E-6	4.262995E-1	1.655441E+1
9.948700E+1	3.019600E+2	3.839581E+1	5.731351E+0	2.276700E-7	NaN	2.276700E-6	4.302309E-1	1.670011E+1
1.025920E+2	3.022100E+2	3.836405E+1	5.709482E+0	2.316200E-7	NaN	2.316200E-6	4.336782E-1	1.682711E+1
1.055560E+2	3.024600E+2	3.833234E+1	5.654106E+0	2.353000E-7	NaN	2.353000E-6	4.371334E-1	1.695457E+1
1.085200E+2	3.026400E+2	3.830954E+1	5.578796E+0	2.390800E-7	NaN	2.390800E-6	4.402325E-1	1.706827E+1
1.114060E+2	3.028800E+2	3.827919E+1	5.443120E+0	2.427500E-7	NaN	2.427500E-6	4.438198E-1	1.720143E+1
1.143560E+2	3.032300E+2	3.823500E+1	5.318309E+0	2.465000E-7	NaN	2.465000E-6	4.470220E-1	1.731959E+1
1.175330E+2	3.034700E+2	3.820476E+1	5.255439E+0	2.506000E-7	NaN	2.506000E-6	4.488971E-1	1.738550E+1
1.206420E+2	3.037200E+2	3.817332E+1	5.188082E+0	2.546100E-7	NaN	2.546100E-6	4.508904E-1	1.745611E+1
1.236130E+2	3.038900E+2	3.815196E+1	5.119985E+0	2.586200E-7	NaN	2.586200E-6	4.527822E-1	1.752280E+1
1.265550E+2	3.042200E+2	3.811058E+1	4.995144E+0	2.625700E-7	NaN	2.625700E-6	4.551574E-1	1.760870E+1
1.296790E+2	3.044800E+2	3.807803E+1	4.998959E+0	2.669400E-7	NaN	2.669400E-6	4.566872E-1	1.766126E+1
1.326630E+2	3.047600E+2	3.804305E+1	5.011006E+0	2.712000E-7	NaN	2.712000E-6	4.581788E-1	1.771228E+1
1.358110E+2	3.050200E+2	3.801062E+1	5.050229E+0	2.757900E-7	NaN	2.757900E-6	4.594203E-1	1.775345E+1
1.388720E+2	3.052800E+2	3.797825E+1	5.098069E+0	2.803700E-7	NaN	2.803700E-6	4.606852E-1	1.779549E+1
1.420060E+2	3.055400E+2	3.794593E+1	5.136452E+0	2.851200E-7	NaN	2.851200E-6	4.619294E-1	1.783671E+1
1.451180E+2	3.058100E+2	3.791243E+1	5.169628E+0	2.899400E-7	NaN	2.899400E-6	4.631841E-1	1.787830E+1
1.479490E+2	3.060700E+2	3.788022E+1	5.145642E+0	2.943200E-7	NaN	2.943200E-6	4.643854E-1	1.791774E+1
1.510920E+2	3.063300E+2	3.784807E+1	5.123541E+0	2.992900E-7	NaN	2.992900E-6	4.654272E-1	1.795098E+1
1.539310E+2	3.065900E+2	3.781598E+1	5.173285E+0	3.039100E-7	NaN	3.039100E-6	4.664857E-1	1.798484E+1
1.570010E+2	3.067700E+2	3.779379E+1	5.213330E+0	3.089400E-7	NaN	3.089400E-6	4.674364E-1	1.801450E+1
1.598830E+2	3.070500E+2	3.775932E+1	5.176011E+0	3.136700E-7	NaN	3.136700E-6	4.687308E-1	1.805780E+1
1.627180E+2	3.073000E+2	3.772860E+1	5.096707E+0	3.185000E-7	NaN	3.185000E-6	4.698012E-1	1.809226E+1
1.658250E+2	3.075600E+2	3.769671E+1	5.084805E+0	3.237900E-7	NaN	3.237900E-6	4.708051E-1	1.812414E+1
1.689130E+2	3.078200E+2	3.766487E+1	5.063682E+0	3.291000E-7	NaN	3.291000E-6	4.717938E-1	1.815537E+1
1.718390E+2	3.080800E+2	3.763308E+1	5.063649E+0	3.341500E-7	NaN	3.341500E-6	4.727534E-1	1.818542E+1
1.748770E+2	3.083300E+2	3.760257E+1	5.068377E+0	3.396100E-7	NaN	3.396100E-6	4.736196E-1	1.821182E+1
1.778480E+2	3.086000E+2	3.756967E+1	5.066989E+0	3.449000E-7	NaN	3.449000E-6	4.744984E-1	1.823869E+1
1.809340E+2	3.088600E+2	3.753804E+1	5.074863E+0	3.506000E-7	NaN	3.506000E-6	4.752758E-1	1.826157E+1
1.839220E+2	3.091300E+2	3.750526E+1	5.084195E+0	3.561400E-7	NaN	3.561400E-6	4.760494E-1	1.828426E+1
1.870610E+2	3.093800E+2	3.747495E+1	5.122674E+0	3.620200E-7	NaN	3.620200E-6	4.773126E-1	1.832348E+1
1.900250E+2	3.096400E+2	3.744348E+1	5.140782E+0	3.676100E-7	NaN	3.676100E-6	4.786346E-1	1.836469E+1
1.930740E+2	3.099000E+2	3.741207E+1	5.182991E+0	3.735600E-7	NaN	3.735600E-6	4.799546E-1	1.840544E+1
1.958950E+2	3.101600E+2	3.738071E+1	5.155431E+0	3.791100E-7	NaN	3.791100E-6	4.813200E-1	1.844750E+1
1.989750E+2	3.104200E+2	3.734940E+1	5.166042E+0	3.853500E-7	NaN	3.853500E-6	4.826464E-1	1.848762E+1
2.020510E+2	3.106800E+2	3.731814E+1	5.176868E+0	3.916200E-7	NaN	3.916200E-6	4.840189E-1	1.852903E+1
2.050090E+2	3.109400E+2	3.728694E+1	5.177409E+0	3.977700E-7	NaN	3.977700E-6	4.854498E-1	1.857213E+1
2.079740E+2	3.112100E+2	3.725459E+1	5.176573E+0	4.040700E-7	NaN	4.040700E-6	4.868763E-1	1.861453E+1
2.110910E+2	3.114700E+2	3.722349E+1	5.192614E+0	4.106900E-7	NaN	4.106900E-6	4.882964E-1	1.865604E+1
2.140200E+2	3.117300E+2	3.719244E+1	5.189146E+0	4.171100E-7	NaN	4.171100E-6	4.897305E-1	1.869750E+1
2.169960E+2	3.119900E+2	3.716145E+1	5.201560E+0	4.235600E-7	NaN	4.235600E-6	4.911517E-1	1.873785E+1
2.201900E+2	3.122600E+2	3.712932E+1	5.209493E+0	4.307500E-7	NaN	4.307500E-6	4.925098E-1	1.877522E+1
2.232910E+2	3.125200E+2	3.709843E+1	5.221580E+0	4.378900E-7	NaN	4.378900E-6	4.938932E-1	1.881289E+1
2.262010E+2	3.127900E+2	3.706640E+1	5.208647E+0	4.447300E-7	NaN	4.447300E-6	4.951885E-1	1.884675E+1
2.292400E+2	3.130600E+2	3.703443E+1	5.212304E+0	4.518100E-7	NaN	4.518100E-6	4.963689E-1	1.887573E+1
2.323950E+2	3.133500E+2	3.700016E+1	5.215155E+0	4.596300E-7	NaN	4.596300E-6	4.974605E-1	1.890086E+1
2.356070E+2	3.137100E+2	3.695770E+1	5.241072E+0	4.675600E-7	NaN	4.675600E-6	4.984588E-1	1.892196E+1
2.387440E+2	3.139800E+2	3.692592E+1	5.319371E+0	4.756000E-7	NaN	4.756000E-6	4.991346E-1	1.893009E+1
2.417870E+2	3.142600E+2	3.689302E+1	5.373270E+0	4.834900E-7	NaN	4.834900E-6	4.997710E-1	1.893655E+1
2.447210E+2	3.145300E+2	3.686135E+1	5.425719E+0	4.913000E-7	NaN	4.913000E-6	5.002941E-1	1.893856E+1
2.477220E+2	3.148100E+2	3.682856E+1	5.483651E+0	4.994200E-7	NaN	4.994200E-6	5.006803E-1	1.893540E+1
2.507770E+2	3.150800E+2	3.679700E+1	5.528880E+0	5.077600E-7	NaN	5.077600E-6	5.009327E-1	1.892725E+1
2.538820E+2	3.153600E+2	3.676433E+1	5.561876E+0	5.162400E-7	NaN	5.162400E-6	5.011519E-1	1.891792E+1
2.570480E+2	3.156400E+2	3.673172E+1	5.583056E+0	5.252200E-7	NaN	5.252200E-6	5.013051E-1	1.890619E+1
2.600670E+2	3.159100E+2	3.670033E+1	5.577354E+0	5.337200E-7	NaN	5.337200E-6	5.014200E-1	1.889318E+1
2.631800E+2	3.161700E+2	3.667015E+1	5.545042E+0	5.425800E-7	NaN	5.425800E-6	5.016092E-1	1.888303E+1
2.660990E+2	3.164300E+2	3.664002E+1	5.493869E+0	5.510500E-7	NaN	5.510500E-6	5.017603E-1	1.887173E+1
2.690250E+2	3.166900E+2	3.660993E+1	5.430338E+0	5.592600E-7	NaN	5.592600E-6	5.018956E-1	1.885998E+1
2.721540E+2	3.169400E+2	3.658106E+1	5.361884E+0	5.683800E-7	NaN	5.683800E-6	5.020739E-1	1.884995E+1
2.753020E+2	3.172000E+2	3.655107E+1	5.327151E+0	5.776300E-7	NaN	5.776300E-6	5.021898E-1	1.883832E+1
2.783120E+2	3.174600E+2	3.652114E+1	5.272070E+0	5.865900E-7	NaN	5.865900E-6	5.023714E-1	1.882929E+1
2.813000E+2	3.177400E+2	3.648895E+1	5.224135E+0	5.956500E-7	NaN	5.956500E-6	5.025855E-1	1.882156E+1
2.842310E+2	3.179900E+2	3.646027E+1	5.201333E+0	6.046500E-7	NaN	6.046500E-6	5.027227E-1	1.881094E+1
2.871790E+2	3.182500E+2	3.643048E+1	5.187689E+0	6.137200E-7	NaN	6.137200E-6	5.029489E-1	1.880372E+1
2.901950E+2	3.185100E+2	3.640074E+1	5.179791E+0	6.230400E-7	NaN	6.230400E-6	5.031570E-1	1.879585E+1
2.933870E+2	3.187700E+2	3.637105E+1	5.178619E+0	6.334200E-7	NaN	6.334200E-6	5.036082E-1	1.879670E+1
2.964200E+2	3.190300E+2	3.634141E+1	5.169544E+0	6.433300E-7	NaN	6.433300E-6	5.041447E-1	1.880069E+1
2.994060E+2	3.192900E+2	3.631182E+1	5.168542E+0	6.530500E-7	NaN	6.530500E-6	5.043427E-1	1.879258E+1
3.024150E+2	3.195600E+2	3.628114E+1	5.163933E+0	6.634000E-7	NaN	6.634000E-6	5.046036E-1	1.878676E+1
3.053610E+2	3.198300E+2	3.625051E+1	5.175335E+0	6.733500E-7	NaN	6.733500E-6	5.048732E-1	1.878124E+1
3.082840E+2	3.201000E+2	3.621993E+1	5.206227E+0	6.835300E-7	NaN	6.835300E-6	5.053741E-1	1.878383E+1
3.113360E+2	3.203600E+2	3.619054E+1	5.231966E+0	6.941600E-7	NaN	6.941600E-6	5.055480E-1	1.877463E+1
3.143980E+2	3.206200E+2	3.616119E+1	5.238690E+0	7.051200E-7	NaN	7.051200E-6	5.057527E-1	1.876662E+1
3.175820E+2	3.208900E+2	3.613076E+1	5.235349E+0	7.167900E-7	NaN	7.167900E-6	5.058977E-1	1.875656E+1
3.205780E+2	3.211500E+2	3.610151E+1	5.241789E+0	7.277800E-7	NaN	7.277800E-6	5.061096E-1	1.874900E+1
3.236100E+2	3.214100E+2	3.607231E+1	5.244191E+0	7.390300E-7	NaN	7.390300E-6	5.063409E-1	1.874220E+1
3.266420E+2	3.216800E+2	3.604203E+1	5.247251E+0	7.505300E-7	NaN	7.505300E-6	5.066181E-1	1.873713E+1
3.296090E+2	3.219600E+2	3.601068E+1	5.254257E+0	7.619000E-7	NaN	7.619000E-6	5.068843E-1	1.873170E+1
3.326370E+2	3.222200E+2	3.598163E+1	5.262022E+0	7.737200E-7	NaN	7.737200E-6	5.070308E-1	1.872182E+1
3.356970E+2	3.224800E+2	3.595262E+1	5.258336E+0	7.857900E-7	NaN	7.857900E-6	5.072297E-1	1.871392E+1
3.388640E+2	3.227400E+2	3.592365E+1	5.244741E+0	7.989000E-7	NaN	7.989000E-6	5.074107E-1	1.870543E+1
3.419510E+2	3.230100E+2	3.589363E+1	5.222201E+0	8.113900E-7	NaN	8.113900E-6	5.079607E-1	1.871017E+1
3.448800E+2	3.232700E+2	3.586476E+1	5.211848E+0	8.238200E-7	NaN	8.238200E-6	5.083995E-1	1.871089E+1
3.480370E+2	3.235400E+2	3.583483E+1	5.219939E+0	8.373000E-7	NaN	8.373000E-6	5.088456E-1	1.871184E+1
3.510480E+2	3.238200E+2	3.580384E+1	5.221452E+0	8.505600E-7	NaN	8.505600E-6	5.093557E-1	1.871510E+1
3.540990E+2	3.241100E+2	3.577181E+1	5.232716E+0	8.643800E-7	NaN	8.643800E-6	5.098649E-1	1.871823E+1
3.569840E+2	3.243900E+2	3.574093E+1	5.254684E+0	8.775500E-7	NaN	8.775500E-6	5.103109E-1	1.871893E+1
3.601880E+2	3.246600E+2	3.571121E+1	5.291881E+0	8.925700E-7	NaN	8.925700E-6	5.107609E-1	1.871963E+1
3.630860E+2	3.249300E+2	3.568153E+1	5.309236E+0	9.064200E-7	NaN	9.064200E-6	5.112340E-1	1.872122E+1
3.662900E+2	3.252100E+2	3.565081E+1	5.336389E+0	9.217800E-7	NaN	9.217800E-6	5.117325E-1	1.872369E+1
3.692880E+2	3.254700E+2	3.562233E+1	5.373293E+0	9.360100E-7	NaN	9.360100E-6	5.122291E-1	1.872607E+1
3.722730E+2	3.257400E+2	3.559280E+1	5.398666E+0	9.505400E-7	NaN	9.505400E-6	5.128121E-1	1.873156E+1
3.753650E+2	3.260100E+2	3.556333E+1	5.418050E+0	9.654100E-7	NaN	9.654100E-6	5.133668E-1	1.873596E+1
3.784370E+2	3.262800E+2	3.553390E+1	5.412892E+0	9.805100E-7	NaN	9.805100E-6	5.139413E-1	1.874103E+1
3.814350E+2	3.265400E+2	3.550560E+1	5.397863E+0	9.953000E-7	NaN	9.953000E-6	5.144640E-1	1.874417E+1
3.844100E+2	3.268000E+2	3.547736E+1	5.374061E+0	1.010030E-6	NaN	1.010030E-5	5.150236E-1	1.874862E+1
3.873250E+2	3.270500E+2	3.545024E+1	5.334595E+0	1.024640E-6	NaN	1.024640E-5	5.155980E-1	1.875357E+1
3.903110E+2	3.273100E+2	3.542208E+1	5.295536E+0	1.039620E-6	NaN	1.039620E-5	5.161701E-1	1.875845E+1
3.931820E+2	3.275600E+2	3.539504E+1	5.268330E+0	1.054300E-6	NaN	1.054300E-5	5.166920E-1	1.876151E+1
3.963650E+2	3.278200E+2	3.536697E+1	5.260608E+0	1.070630E-6	NaN	1.070630E-5	5.172343E-1	1.876528E+1
3.994370E+2	3.280700E+2	3.534002E+1	5.228724E+0	1.086640E-6	NaN	1.086640E-5	5.178001E-1	1.876987E+1
4.023720E+2	3.283300E+2	3.531203E+1	5.197834E+0	1.102170E-6	NaN	1.102170E-5	5.183818E-1	1.877503E+1
4.053150E+2	3.286000E+2	3.528302E+1	5.174914E+0	1.117880E-6	NaN	1.117880E-5	5.189656E-1	1.878022E+1
4.084740E+2	3.288600E+2	3.525512E+1	5.164542E+0	1.135250E-6	NaN	1.135250E-5	5.195374E-1	1.878484E+1
4.115380E+2	3.291100E+2	3.522834E+1	5.152824E+0	1.152120E-6	NaN	1.152120E-5	5.201085E-1	1.878942E+1
4.145280E+2	3.293700E+2	3.520053E+1	5.133538E+0	1.168980E-6	NaN	1.168980E-5	5.206891E-1	1.879437E+1
4.176880E+2	3.296400E+2	3.517170E+1	5.123427E+0	1.187350E-6	NaN	1.187350E-5	5.212442E-1	1.879846E+1
4.206690E+2	3.299000E+2	3.514398E+1	5.116001E+0	1.204720E-6	NaN	1.204720E-5	5.215452E-1	1.879381E+1
4.236190E+2	3.301600E+2	3.511631E+1	5.117512E+0	1.222170E-6	NaN	1.222170E-5	5.218785E-1	1.879033E+1
4.267160E+2	3.304200E+2	3.508868E+1	5.125540E+0	1.240770E-6	NaN	1.240770E-5	5.221692E-1	1.878539E+1
4.297610E+2	3.306900E+2	3.506003E+1	5.133184E+0	1.259570E-6	NaN	1.259570E-5	5.224691E-1	1.878082E+1
4.328460E+2	3.309500E+2	3.503248E+1	5.152678E+0	1.278620E-6	NaN	1.278620E-5	5.227309E-1	1.877493E+1
4.360010E+2	3.312200E+2	3.500392E+1	5.157954E+0	1.298730E-6	NaN	1.298730E-5	5.230301E-1	1.877041E+1
4.389670E+2	3.314800E+2	3.497647E+1	5.150592E+0	1.317380E-6	NaN	1.317380E-5	5.233355E-1	1.876617E+1
4.420820E+2	3.317400E+2	3.494906E+1	5.152934E+0	1.337510E-6	NaN	1.337510E-5	5.236440E-1	1.876212E+1
4.450390E+2	3.320000E+2	3.492169E+1	5.164063E+0	1.356640E-6	NaN	1.356640E-5	5.239749E-1	1.875891E+1
4.479190E+2	3.322500E+2	3.489541E+1	5.172033E+0	1.376130E-6	NaN	1.376130E-5	5.243359E-1	1.875677E+1
4.509800E+2	3.325300E+2	3.486603E+1	5.170346E+0	1.396560E-6	NaN	1.396560E-5	5.247078E-1	1.875505E+1
4.539420E+2	3.328000E+2	3.483774E+1	5.182324E+0	1.416740E-6	NaN	1.416740E-5	5.249864E-1	1.874992E+1
4.570810E+2	3.330600E+2	3.481054E+1	5.200811E+0	1.438210E-6	NaN	1.438210E-5	5.252999E-1	1.874593E+1
4.600810E+2	3.333300E+2	3.478235E+1	5.209310E+0	1.459780E-6	NaN	1.459780E-5	5.256849E-1	1.874448E+1
4.631420E+2	3.336000E+2	3.475420E+1	5.228852E+0	1.481690E-6	NaN	1.481690E-5	5.260606E-1	1.874265E+1
4.660770E+2	3.338800E+2	3.472505E+1	5.243042E+0	1.503320E-6	NaN	1.503320E-5	5.263532E-1	1.873791E+1
4.690430E+2	3.341500E+2	3.469699E+1	5.279270E+0	1.525780E-6	NaN	1.525780E-5	5.265979E-1	1.873135E+1
4.719340E+2	3.344200E+2	3.466898E+1	5.312918E+0	1.547450E-6	NaN	1.547450E-5	5.268050E-1	1.872342E+1
4.749870E+2	3.346800E+2	3.464205E+1	5.349474E+0	1.571740E-6	NaN	1.571740E-5	5.269458E-1	1.871311E+1
4.780600E+2	3.349700E+2	3.461205E+1	5.373443E+0	1.595510E-6	NaN	1.595510E-5	5.272234E-1	1.870766E+1
4.811110E+2	3.352300E+2	3.458521E+1	5.395098E+0	1.618570E-6	NaN	1.618570E-5	5.274565E-1	1.870051E+1
4.839020E+2	3.354900E+2	3.455841E+1	5.401054E+0	1.641020E-6	NaN	1.641020E-5	5.276723E-1	1.869275E+1
4.869640E+2	3.357500E+2	3.453165E+1	5.407775E+0	1.665440E-6	NaN	1.665440E-5	5.278469E-1	1.868358E+1
4.901870E+2	3.360100E+2	3.450493E+1	5.406461E+0	1.691580E-6	NaN	1.691580E-5	5.279884E-1	1.867332E+1
4.933550E+2	3.362500E+2	3.448030E+1	5.387392E+0	1.716970E-6	NaN	1.716970E-5	5.281483E-1	1.866380E+1
4.963920E+2	3.365100E+2	3.445366E+1	5.320149E+0	1.741930E-6	NaN	1.741930E-5	5.284097E-1	1.865796E+1
4.994750E+2	3.367800E+2	3.442603E+1	5.254095E+0	1.767680E-6	NaN	1.767680E-5	5.286986E-1	1.865308E+1
5.025030E+2	3.370300E+2	3.440050E+1	5.190987E+0	1.792460E-6	NaN	1.792460E-5	5.290103E-1	1.864899E+1
5.055380E+2	3.372900E+2	3.437398E+1	5.137753E+0	1.818060E-6	NaN	1.818060E-5	5.293297E-1	1.864520E+1
5.085970E+2	3.375400E+2	3.434852E+1	5.095109E+0	1.843990E-6	NaN	1.843990E-5	5.296503E-1	1.864142E+1
5.116080E+2	3.378000E+2	3.432208E+1	5.061253E+0	1.869870E-6	NaN	1.869870E-5	5.299733E-1	1.863781E+1
5.143940E+2	3.380500E+2	3.429670E+1	5.030476E+0	1.894100E-6	NaN	1.894100E-5	5.301940E-1	1.863067E+1
5.174220E+2	3.383000E+2	3.427136E+1	5.033754E+0	1.920610E-6	NaN	1.920610E-5	5.303769E-1	1.862222E+1
5.203580E+2	3.385600E+2	3.424504E+1	5.033327E+0	1.946830E-6	NaN	1.946830E-5	5.305896E-1	1.861483E+1
5.234690E+2	3.388100E+2	3.421977E+1	5.063353E+0	1.974760E-6	NaN	1.974760E-5	5.308507E-1	1.860909E+1
5.265130E+2	3.390900E+2	3.419151E+1	5.086984E+0	2.002750E-6	NaN	2.002750E-5	5.311354E-1	1.860423E+1
5.297090E+2	3.393400E+2	3.416632E+1	5.120354E+0	2.032580E-6	NaN	2.032580E-5	5.313597E-1	1.859715E+1
5.327080E+2	3.395900E+2	3.414117E+1	5.111223E+0	2.061030E-6	NaN	2.061030E-5	5.316886E-1	1.859378E+1
5.358200E+2	3.398500E+2	3.411505E+1	5.100054E+0	2.090910E-6	NaN	2.090910E-5	5.320026E-1	1.858999E+1
5.389610E+2	3.401000E+2	3.408997E+1	5.093573E+0	2.121000E-6	NaN	2.121000E-5	5.322881E-1	1.858532E+1
5.422380E+2	3.403700E+2	3.406293E+1	5.070156E+0	2.153000E-6	NaN	2.153000E-5	5.325443E-1	1.857976E+1
5.451990E+2	3.406200E+2	3.403793E+1	5.046372E+0	2.182700E-6	NaN	2.182700E-5	5.329011E-1	1.857767E+1
5.483200E+2	3.409900E+2	3.400100E+1	5.018591E+0	2.214500E-6	NaN	2.214500E-5	5.332512E-1	1.857542E+1
5.515160E+2	3.412500E+2	3.397509E+1	5.077456E+0	2.247400E-6	NaN	2.247400E-5	5.333174E-1	1.856287E+1
5.546600E+2	3.415000E+2	3.395022E+1	5.128786E+0	2.279900E-6	NaN	2.279900E-5	5.334544E-1	1.855283E+1
5.577320E+2	3.417600E+2	3.392439E+1	5.154316E+0	2.312600E-6	NaN	2.312600E-5	5.336402E-1	1.854461E+1
5.607270E+2	3.420200E+2	3.389860E+1	5.183455E+0	2.344400E-6	NaN	2.344400E-5	5.338442E-1	1.853708E+1
5.637760E+2	3.422800E+2	3.387285E+1	5.200983E+0	2.378100E-6	NaN	2.378100E-5	5.340328E-1	1.852909E+1
5.668160E+2	3.425400E+2	3.384714E+1	5.232322E+0	2.411100E-6	NaN	2.411100E-5	5.342477E-1	1.852204E+1
5.700300E+2	3.428100E+2	3.382048E+1	5.242794E+0	2.448000E-6	NaN	2.448000E-5	5.344434E-1	1.851435E+1
5.731490E+2	3.430900E+2	3.379288E+1	5.240414E+0	2.484200E-6	NaN	2.484200E-5	5.346901E-1	1.850839E+1
5.764390E+2	3.433600E+2	3.376631E+1	5.238608E+0	2.523200E-6	NaN	2.523200E-5	5.348998E-1	1.850110E+1
5.796260E+2	3.437200E+2	3.373094E+1	5.204919E+0	2.561400E-6	NaN	2.561400E-5	5.351650E-1	1.849571E+1
5.827720E+2	3.439800E+2	3.370545E+1	5.220646E+0	2.599300E-6	NaN	2.599300E-5	5.352166E-1	1.848253E+1
5.858100E+2	3.442500E+2	3.367901E+1	5.205971E+0	2.636900E-6	NaN	2.636900E-5	5.353650E-1	1.847273E+1
5.888750E+2	3.445100E+2	3.365359E+1	5.268986E+0	2.674900E-6	NaN	2.674900E-5	5.354822E-1	1.846187E+1
5.917810E+2	3.447700E+2	3.362822E+1	5.311139E+0	2.711300E-6	NaN	2.711300E-5	5.355581E-1	1.844970E+1
5.949080E+2	3.449500E+2	3.361067E+1	5.336913E+0	2.750600E-6	NaN	2.750600E-5	5.356605E-1	1.843849E+1
5.976470E+2	3.452200E+2	3.358438E+1	5.283754E+0	2.785300E-6	NaN	2.785300E-5	5.360903E-1	1.843888E+1
6.007180E+2	3.454700E+2	3.356008E+1	5.259854E+0	2.823800E-6	NaN	2.823800E-5	5.363981E-1	1.843503E+1
6.035440E+2	3.457200E+2	3.353581E+1	5.219605E+0	2.859700E-6	NaN	2.859700E-5	5.367539E-1	1.843289E+1
6.065340E+2	3.459700E+2	3.351158E+1	5.180551E+0	2.898100E-6	NaN	2.898100E-5	5.370620E-1	1.842915E+1
6.094880E+2	3.462200E+2	3.348738E+1	5.125791E+0	2.936500E-6	NaN	2.936500E-5	5.373582E-1	1.842504E+1
6.125470E+2	3.464700E+2	3.346321E+1	5.074156E+0	2.976300E-6	NaN	2.976300E-5	5.376797E-1	1.842181E+1
6.157340E+2	3.467200E+2	3.343909E+1	4.999113E+0	3.017700E-6	NaN	3.017700E-5	5.380062E-1	1.841883E+1
6.188310E+2	3.469800E+2	3.341403E+1	4.985120E+0	3.057700E-6	NaN	3.057700E-5	5.383954E-1	1.841801E+1
6.216310E+2	3.472300E+2	3.338997E+1	4.972059E+0	3.094900E-6	NaN	3.094900E-5	5.387806E-1	1.841706E+1
6.246730E+2	3.474800E+2	3.336595E+1	4.988054E+0	3.135700E-6	NaN	3.135700E-5	5.390814E-1	1.841323E+1
6.276660E+2	3.477200E+2	3.334292E+1	5.006108E+0	3.176500E-6	NaN	3.176500E-5	5.394207E-1	1.841071E+1
6.308990E+2	3.479700E+2	3.331896E+1	5.034808E+0	3.221500E-6	NaN	3.221500E-5	5.397600E-1	1.840825E+1
6.340500E+2	3.482300E+2	3.329409E+1	4.981522E+0	3.266300E-6	NaN	3.266300E-5	5.401792E-1	1.840848E+1
6.370080E+2	3.484800E+2	3.327020E+1	4.961105E+0	3.308900E-6	NaN	3.308900E-5	5.405511E-1	1.840716E+1
6.400850E+2	3.487500E+2	3.324444E+1	4.941771E+0	3.353300E-6	NaN	3.353300E-5	5.408662E-1	1.840395E+1
6.431840E+2	3.490000E+2	3.322063E+1	4.947466E+0	3.398500E-6	NaN	3.398500E-5	5.411682E-1	1.840021E+1
6.461590E+2	3.492600E+2	3.319590E+1	4.949682E+0	3.443900E-6	NaN	3.443900E-5	5.414802E-1	1.839687E+1
6.492650E+2	3.495100E+2	3.317216E+1	4.967603E+0	3.491300E-6	NaN	3.491300E-5	5.417652E-1	1.839261E+1
6.522930E+2	3.497700E+2	3.314750E+1	4.976704E+0	3.538700E-6	NaN	3.538700E-5	5.420168E-1	1.838734E+1
6.552800E+2	3.500300E+2	3.312288E+1	4.980455E+0	3.586000E-6	NaN	3.586000E-5	5.422504E-1	1.838147E+1
6.581110E+2	3.502900E+2	3.309829E+1	4.993688E+0	3.630700E-6	NaN	3.630700E-5	5.424062E-1	1.837301E+1
6.611180E+2	3.505700E+2	3.307185E+1	5.038008E+0	3.680000E-6	NaN	3.680000E-5	5.425651E-1	1.836461E+1
6.639910E+2	3.508200E+2	3.304829E+1	5.099328E+0	3.726500E-6	NaN	3.726500E-5	5.425880E-1	1.835165E+1
6.670470E+2	3.510700E+2	3.302475E+1	5.154239E+0	3.776600E-6	NaN	3.776600E-5	5.425822E-1	1.833776E+1
6.701050E+2	3.513300E+2	3.300031E+1	5.177885E+0	3.827300E-6	NaN	3.827300E-5	5.425614E-1	1.832343E+1
6.732110E+2	3.515900E+2	3.297591E+1	5.190478E+0	3.880100E-6	NaN	3.880100E-5	5.425591E-1	1.830973E+1
6.760920E+2	3.518500E+2	3.295154E+1	5.193695E+0	3.929300E-6	NaN	3.929300E-5	5.426553E-1	1.829935E+1
6.791390E+2	3.521200E+2	3.292628E+1	5.211870E+0	3.983800E-6	NaN	3.983800E-5	5.428158E-1	1.829102E+1
6.820860E+2	3.523800E+2	3.290198E+1	5.220449E+0	4.035600E-6	NaN	4.035600E-5	5.429833E-1	1.828288E+1
6.852190E+2	3.526600E+2	3.287586E+1	5.234055E+0	4.093200E-6	NaN	4.093200E-5	5.431171E-1	1.827364E+1
6.882670E+2	3.529300E+2	3.285071E+1	5.235699E+0	4.148900E-6	NaN	4.148900E-5	5.432593E-1	1.826458E+1
6.911940E+2	3.531900E+2	3.282652E+1	5.234904E+0	4.203400E-6	NaN	4.203400E-5	5.433832E-1	1.825486E+1
6.944240E+2	3.534500E+2	3.280238E+1	5.234126E+0	4.264700E-6	NaN	4.264700E-5	5.435305E-1	1.824588E+1
6.973420E+2	3.537100E+2	3.277826E+1	5.224569E+0	4.319700E-6	NaN	4.319700E-5	5.437428E-1	1.823911E+1
7.003500E+2	3.539700E+2	3.275419E+1	5.236154E+0	4.376400E-6	NaN	4.376400E-5	5.438779E-1	1.822971E+1
7.033700E+2	3.542200E+2	3.273107E+1	5.248220E+0	4.434500E-6	NaN	4.434500E-5	5.440216E-1	1.822055E+1
7.063330E+2	3.544600E+2	3.270891E+1	5.238095E+0	4.490800E-6	NaN	4.490800E-5	5.441570E-1	1.821116E+1
7.094790E+2	3.547300E+2	3.268401E+1	5.210429E+0	4.551900E-6	NaN	4.551900E-5	5.443651E-1	1.820421E+1
7.123830E+2	3.549800E+2	3.266099E+1	5.173833E+0	4.607900E-6	NaN	4.607900E-5	5.444828E-1	1.819427E+1
7.154260E+2	3.552300E+2	3.263801E+1	5.145583E+0	4.666700E-6	NaN	4.666700E-5	5.446559E-1	1.818615E+1
7.185570E+2	3.554700E+2	3.261597E+1	5.114273E+0	4.728200E-6	NaN	4.728200E-5	5.448582E-1	1.817896E+1
7.217700E+2	3.557200E+2	3.259305E+1	5.067752E+0	4.791500E-6	NaN	4.791500E-5	5.451481E-1	1.817474E+1
7.245920E+2	3.559700E+2	3.257016E+1	5.017455E+0	4.847500E-6	NaN	4.847500E-5	5.455396E-1	1.817385E+1
7.276080E+2	3.562100E+2	3.254822E+1	4.991499E+0	4.909100E-6	NaN	4.909100E-5	5.458971E-1	1.817183E+1
7.306650E+2	3.564600E+2	3.252539E+1	4.969482E+0	4.970900E-6	NaN	4.970900E-5	5.463120E-1	1.817169E+1
7.339080E+2	3.567300E+2	3.250077E+1	4.937919E+0	5.037200E-6	NaN	5.037200E-5	5.463320E-1	1.815892E+1
7.369260E+2	3.569800E+2	3.247801E+1	4.922734E+0	5.102000E-6	NaN	5.102000E-5	5.463757E-1	1.814688E+1
7.398930E+2	3.572300E+2	3.245528E+1	4.918498E+0	5.166300E-6	NaN	5.166300E-5	5.464936E-1	1.813729E+1
7.427340E+2	3.574800E+2	3.243258E+1	4.919948E+0	5.227600E-6	NaN	5.227600E-5	5.466258E-1	1.812819E+1
7.459470E+2	3.577300E+2	3.240992E+1	4.929356E+0	5.297600E-6	NaN	5.297600E-5	5.466854E-1	1.811669E+1
7.491200E+2	3.579800E+2	3.238728E+1	4.934680E+0	5.368500E-6	NaN	5.368500E-5	5.468186E-1	1.810766E+1
7.521540E+2	3.582300E+2	3.236468E+1	4.941606E+0	5.435700E-6	NaN	5.435700E-5	5.469915E-1	1.809996E+1
7.552030E+2	3.585700E+2	3.233399E+1	4.951630E+0	5.505200E-6	NaN	5.505200E-5	5.472098E-1	1.809381E+1
7.584280E+2	3.588300E+2	3.231056E+1	5.016477E+0	5.580900E-6	NaN	5.580900E-5	5.471222E-1	1.807729E+1
7.614020E+2	3.590900E+2	3.228717E+1	5.052236E+0	5.651600E-6	NaN	5.651600E-5	5.471712E-1	1.806533E+1
7.645170E+2	3.593400E+2	3.226471E+1	5.102541E+0	5.725200E-6	NaN	5.725200E-5	5.469037E-1	1.804339E+1
7.674730E+2	3.595900E+2	3.224228E+1	5.128370E+0	5.794800E-6	NaN	5.794800E-5	5.467288E-1	1.802459E+1
7.704310E+2	3.598500E+2	3.221898E+1	5.145549E+0	5.865500E-6	NaN	5.865500E-5	5.465307E-1	1.800516E+1
7.735450E+2	3.601000E+2	3.219661E+1	5.163751E+0	5.943100E-6	NaN	5.943100E-5	5.463162E-1	1.798524E+1
7.765610E+2	3.603500E+2	3.217428E+1	5.163061E+0	6.018300E-6	NaN	6.018300E-5	5.461359E-1	1.796656E+1
7.795260E+2	3.605200E+2	3.215910E+1	5.154852E+0	6.091400E-6	NaN	6.091400E-5	5.463153E-1	1.795943E+1
7.824780E+2	3.608700E+2	3.212791E+1	5.092610E+0	6.167200E-6	NaN	6.167200E-5	5.466214E-1	1.795688E+1
7.856250E+2	3.611300E+2	3.210478E+1	5.095309E+0	6.247400E-6	NaN	6.247400E-5	5.466387E-1	1.794446E+1
7.885540E+2	3.613000E+2	3.208968E+1	5.069882E+0	6.323800E-6	NaN	6.323800E-5	5.466335E-1	1.793130E+1
7.915100E+2	3.615600E+2	3.206660E+1	4.970258E+0	6.402800E-6	NaN	6.402800E-5	5.468989E-1	1.792735E+1
7.943210E+2	3.618300E+2	3.204267E+1	4.953444E+0	6.479700E-6	NaN	6.479700E-5	5.471409E-1	1.792259E+1
7.972440E+2	3.620900E+2	3.201966E+1	4.960759E+0	6.561000E-6	NaN	6.561000E-5	5.473190E-1	1.791564E+1
8.003410E+2	3.623600E+2	3.199581E+1	4.990575E+0	6.649700E-6	NaN	6.649700E-5	5.475327E-1	1.790981E+1
8.033710E+2	3.626300E+2	3.197198E+1	5.019428E+0	6.735000E-6	NaN	6.735000E-5	5.477337E-1	1.790354E+1
8.063040E+2	3.629100E+2	3.194731E+1	5.060529E+0	6.818700E-6	NaN	6.818700E-5	5.478361E-1	1.789400E+1
8.092620E+2	3.631600E+2	3.192532E+1	5.135205E+0	6.906500E-6	NaN	6.906500E-5	5.478531E-1	1.788157E+1
8.123650E+2	3.634200E+2	3.190248E+1	5.193801E+0	6.997000E-6	NaN	6.997000E-5	5.479451E-1	1.787157E+1
8.154460E+2	3.636800E+2	3.187967E+1	5.239990E+0	7.087000E-6	NaN	7.087000E-5	5.481415E-1	1.786493E+1
8.184090E+2	3.639300E+2	3.185777E+1	5.205475E+0	7.173100E-6	NaN	7.173100E-5	5.483727E-1	1.785943E+1
8.215680E+2	3.641700E+2	3.183678E+1	5.245345E+0	7.263900E-6	NaN	7.263900E-5	5.486020E-1	1.785386E+1
8.246380E+2	3.644200E+2	3.181494E+1	5.253748E+0	7.354300E-6	NaN	7.354300E-5	5.488488E-1	1.784898E+1
8.276500E+2	3.646600E+2	3.179400E+1	5.185326E+0	7.442300E-6	NaN	7.442300E-5	5.491460E-1	1.784572E+1
8.306390E+2	3.649200E+2	3.177135E+1	5.106516E+0	7.529700E-6	NaN	7.529700E-5	5.494489E-1	1.784271E+1
8.337030E+2	3.651600E+2	3.175047E+1	5.056561E+0	7.619600E-6	NaN	7.619600E-5	5.497461E-1	1.783944E+1
8.366080E+2	3.654000E+2	3.172961E+1	5.000927E+0	7.706100E-6	NaN	7.706100E-5	5.500702E-1	1.783708E+1
8.398050E+2	3.656400E+2	3.170878E+1	4.950276E+0	7.802200E-6	NaN	7.802200E-5	5.503673E-1	1.783389E+1
8.427870E+2	3.658800E+2	3.168799E+1	4.892945E+0	7.893500E-6	NaN	7.893500E-5	5.506496E-1	1.783030E+1
8.456380E+2	3.661300E+2	3.166635E+1	4.864386E+0	7.981700E-6	NaN	7.981700E-5	5.508660E-1	1.782470E+1
8.486460E+2	3.663800E+2	3.164474E+1	4.857369E+0	8.074600E-6	NaN	8.074600E-5	5.509939E-1	1.781620E+1
8.514900E+2	3.666200E+2	3.162402E+1	4.859711E+0	8.164600E-6	NaN	8.164600E-5	5.511280E-1	1.780787E+1
8.543770E+2	3.668900E+2	3.160075E+1	4.875889E+0	8.258100E-6	NaN	8.258100E-5	5.512313E-1	1.779859E+1
8.573530E+2	3.671400E+2	3.157923E+1	4.926345E+0	8.355600E-6	NaN	8.355600E-5	5.512555E-1	1.778668E+1
8.603490E+2	3.673900E+2	3.155775E+1	4.963152E+0	8.455300E-6	NaN	8.455300E-5	5.512145E-1	1.777270E+1
8.634820E+2	3.676400E+2	3.153629E+1	4.997084E+0	8.560700E-6	NaN	8.560700E-5	5.511676E-1	1.775859E+1
8.665560E+2	3.679000E+2	3.151400E+1	5.013331E+0	8.665900E-6	NaN	8.665900E-5	5.511283E-1	1.774478E+1
8.695010E+2	3.681500E+2	3.149260E+1	5.043524E+0	8.769900E-6	NaN	8.769900E-5	5.510683E-1	1.773037E+1
8.724500E+2	3.684100E+2	3.147037E+1	5.064788E+0	8.874800E-6	NaN	8.874800E-5	5.509925E-1	1.771554E+1
8.756140E+2	3.686600E+2	3.144903E+1	5.094460E+0	8.989100E-6	NaN	8.989100E-5	5.508697E-1	1.769921E+1
8.787180E+2	3.689400E+2	3.142516E+1	5.085199E+0	9.098700E-6	NaN	9.098700E-5	5.509096E-1	1.768814E+1
8.816270E+2	3.691800E+2	3.140473E+1	5.079920E+0	9.205700E-6	NaN	9.205700E-5	5.508399E-1	1.767350E+1
8.847100E+2	3.694400E+2	3.138263E+1	5.075045E+0	9.320100E-6	NaN	9.320100E-5	5.507854E-1	1.765944E+1
8.877130E+2	3.696900E+2	3.136141E+1	5.064924E+0	9.431400E-6	NaN	9.431400E-5	5.507775E-1	1.764685E+1
8.906550E+2	3.699400E+2	3.134022E+1	5.049949E+0	9.540000E-6	NaN	9.540000E-5	5.508138E-1	1.763565E+1
8.938500E+2	3.702000E+2	3.131821E+1	5.058010E+0	9.659400E-6	NaN	9.659400E-5	5.508193E-1	1.762355E+1
8.967060E+2	3.704500E+2	3.129707E+1	5.059331E+0	9.769700E-6	NaN	9.769700E-5	5.508134E-1	1.761107E+1
8.997180E+2	3.707100E+2	3.127512E+1	5.067751E+0	9.889700E-6	NaN	9.889700E-5	5.507869E-1	1.759794E+1
9.026440E+2	3.709900E+2	3.125152E+1	5.068735E+0	1.000480E-5	NaN	1.000480E-4	5.508419E-1	1.758734E+1
9.056190E+2	3.712600E+2	3.122879E+1	5.093680E+0	1.012640E-5	NaN	1.012640E-4	5.508468E-1	1.757502E+1
9.086790E+2	3.715200E+2	3.120693E+1	5.128409E+0	1.025360E-5	NaN	1.025360E-4	5.507496E-1	1.755942E+1
9.118130E+2	3.717800E+2	3.118511E+1	5.166554E+0	1.038290E-5	NaN	1.038290E-4	5.507321E-1	1.754630E+1
9.149380E+2	3.720400E+2	3.116332E+1	5.178067E+0	1.051660E-5	NaN	1.051660E-4	5.507527E-1	1.753439E+1
9.178900E+2	3.722100E+2	3.114908E+1	5.193487E+0	1.063960E-5	NaN	1.063960E-4	5.508113E-1	1.752376E+1
9.207210E+2	3.724600E+2	3.112817E+1	5.137408E+0	1.076110E-5	NaN	1.076110E-4	5.511669E-1	1.752287E+1
9.237020E+2	3.727100E+2	3.110730E+1	5.094500E+0	1.088880E-5	NaN	1.088880E-4	5.515058E-1	1.752142E+1
9.265490E+2	3.729700E+2	3.108561E+1	5.049821E+0	1.100710E-5	NaN	1.100710E-4	5.518058E-1	1.751873E+1
9.296210E+2	3.732200E+2	3.106479E+1	5.023844E+0	1.113680E-5	NaN	1.113680E-4	5.520794E-1	1.751511E+1
9.327470E+2	3.734500E+2	3.104566E+1	4.982184E+0	1.126940E-5	NaN	1.126940E-4	5.524338E-1	1.751402E+1
9.358420E+2	3.736900E+2	3.102572E+1	4.922170E+0	1.140320E-5	NaN	1.140320E-4	5.528823E-1	1.751594E+1
9.387560E+2	3.739300E+2	3.100580E+1	4.857225E+0	1.152460E-5	NaN	1.152460E-4	5.530525E-1	1.750945E+1
9.419380E+2	3.741700E+2	3.098592E+1	4.826901E+0	1.166260E-5	NaN	1.166260E-4	5.532356E-1	1.750340E+1
9.449810E+2	3.745100E+2	3.095778E+1	4.807218E+0	1.179520E-5	NaN	1.179520E-4	5.534494E-1	1.749840E+1
9.480560E+2	3.747600E+2	3.093713E+1	4.875654E+0	1.192990E-5	NaN	1.192990E-4	5.533783E-1	1.748404E+1
9.511010E+2	3.750000E+2	3.091733E+1	4.942734E+0	1.206310E-5	NaN	1.206310E-4	5.532764E-1	1.746874E+1
9.540690E+2	3.751600E+2	3.090415E+1	5.003175E+0	1.219830E-5	NaN	1.219830E-4	5.531250E-1	1.745199E+1
9.570780E+2	3.754100E+2	3.088357E+1	4.937060E+0	1.233550E-5	NaN	1.233550E-4	5.533164E-1	1.744638E+1
9.601020E+2	3.756600E+2	3.086301E+1	4.892047E+0	1.247480E-5	NaN	1.247480E-4	5.535010E-1	1.744054E+1
9.629840E+2	3.759100E+2	3.084249E+1	4.857862E+0	1.261040E-5	NaN	1.261040E-4	5.539640E-1	1.744310E+1
9.660710E+2	3.761800E+2	3.082035E+1	4.862148E+0	1.275640E-5	NaN	1.275640E-4	5.539956E-1	1.743246E+1
9.690490E+2	3.764300E+2	3.079988E+1	4.884235E+0	1.290240E-5	NaN	1.290240E-4	5.539718E-1	1.742004E+1
9.719690E+2	3.766800E+2	3.077944E+1	4.891019E+0	1.304580E-5	NaN	1.304580E-4	5.542506E-1	1.741679E+1
9.749140E+2	3.769300E+2	3.075903E+1	4.892869E+0	1.319320E-5	NaN	1.319320E-4	5.544845E-1	1.741215E+1
9.780870E+2	3.771800E+2	3.073864E+1	4.898121E+0	1.334970E-5	NaN	1.334970E-4	5.546105E-1	1.740418E+1
9.811950E+2	3.774300E+2	3.071828E+1	4.871911E+0	1.350990E-5	NaN	1.350990E-4	5.547525E-1	1.739674E+1
9.841950E+2	3.776800E+2	3.069795E+1	4.918384E+0	1.366320E-5	NaN	1.366320E-4	5.549597E-1	1.739140E+1
9.872040E+2	3.779400E+2	3.067683E+1	4.972517E+0	1.381940E-5	NaN	1.381940E-4	5.551295E-1	1.738496E+1
9.901630E+2	3.782100E+2	3.065493E+1	5.033592E+0	1.397250E-5	NaN	1.397250E-4	5.551636E-1	1.737435E+1
9.929710E+2	3.784600E+2	3.063468E+1	5.043227E+0	1.412000E-5	NaN	1.412000E-4	5.551555E-1	1.736234E+1
9.960310E+2	3.787100E+2	3.061445E+1	5.058491E+0	1.428300E-5	NaN	1.428300E-4	5.551199E-1	1.734950E+1
9.991310E+2	3.789600E+2	3.059426E+1	5.060004E+0	1.444720E-5	NaN	1.444720E-4	5.551174E-1	1.733776E+1
1.002112E+3	3.792200E+2	3.057328E+1	5.056266E+0	1.460700E-5	NaN	1.460700E-4	5.551292E-1	1.732648E+1
1.005244E+3	3.794700E+2	3.055314E+1	5.067656E+0	1.478120E-5	NaN	1.478120E-4	5.551702E-1	1.731605E+1
1.008406E+3	3.797300E+2	3.053222E+1	5.067054E+0	1.495930E-5	NaN	1.495930E-4	5.552905E-1	1.730811E+1
1.011422E+3	3.799900E+2	3.051133E+1	5.066428E+0	1.513500E-5	NaN	1.513500E-4	5.554680E-1	1.730190E+1
1.014418E+3	3.802600E+2	3.048966E+1	5.074932E+0	1.530570E-5	NaN	1.530570E-4	5.555844E-1	1.729382E+1
1.017363E+3	3.805300E+2	3.046803E+1	5.083355E+0	1.548060E-5	NaN	1.548060E-4	5.556647E-1	1.728452E+1
1.020453E+3	3.807900E+2	3.044723E+1	5.095116E+0	1.566900E-5	NaN	1.566900E-4	5.556777E-1	1.727305E+1
1.023393E+3	3.810500E+2	3.042645E+1	5.096850E+0	1.584770E-5	NaN	1.584770E-4	5.558094E-1	1.726522E+1
1.026343E+3	3.813100E+2	3.040571E+1	5.106043E+0	1.602560E-5	NaN	1.602560E-4	5.559423E-1	1.725738E+1
1.029488E+3	3.815600E+2	3.038578E+1	5.133914E+0	1.621660E-5	NaN	1.621660E-4	5.559824E-1	1.724665E+1
1.032526E+3	3.818100E+2	3.036589E+1	5.155860E+0	1.640380E-5	NaN	1.640380E-4	5.560569E-1	1.723703E+1
1.035390E+3	3.820600E+2	3.034602E+1	5.163044E+0	1.657370E-5	NaN	1.657370E-4	5.561358E-1	1.722754E+1
1.038427E+3	3.823300E+2	3.032459E+1	5.163434E+0	1.676140E-5	NaN	1.676140E-4	5.560324E-1	1.721251E+1
1.041384E+3	3.825700E+2	3.030556E+1	5.176484E+0	1.693890E-5	NaN	1.693890E-4	5.558609E-1	1.719533E+1
1.044287E+3	3.828100E+2	3.028657E+1	5.162734E+0	1.711260E-5	NaN	1.711260E-4	5.556825E-1	1.717800E+1
1.047225E+3	3.830400E+2	3.026838E+1	5.131794E+0	1.729090E-5	NaN	1.729090E-4	5.555169E-1	1.716112E+1
1.050148E+3	3.832800E+2	3.024943E+1	5.084660E+0	1.747210E-5	NaN	1.747210E-4	5.553622E-1	1.714469E+1
1.053154E+3	3.835200E+2	3.023050E+1	5.043777E+0	1.766060E-5	NaN	1.766060E-4	5.552054E-1	1.712825E+1
1.056316E+3	3.837700E+2	3.021080E+1	5.010965E+0	1.785440E-5	NaN	1.785440E-4	5.550305E-1	1.711134E+1
1.059105E+3	3.840100E+2	3.019192E+1	4.968644E+0	1.802910E-5	NaN	1.802910E-4	5.549332E-1	1.709683E+1
1.062142E+3	3.841700E+2	3.017935E+1	4.947196E+0	1.822190E-5	NaN	1.822190E-4	5.546859E-1	1.707785E+1
1.065060E+3	3.844400E+2	3.015815E+1	4.868350E+0	1.841310E-5	NaN	1.841310E-4	5.547543E-1	1.706887E+1
1.067948E+3	3.846900E+2	3.013855E+1	4.816989E+0	1.860010E-5	NaN	1.860010E-4	5.547198E-1	1.705667E+1
1.071021E+3	3.849300E+2	3.011976E+1	4.782076E+0	1.880580E-5	NaN	1.880580E-4	5.546288E-1	1.704272E+1
1.074154E+3	3.851900E+2	3.009943E+1	4.755117E+0	1.901700E-5	NaN	1.901700E-4	5.545543E-1	1.702933E+1
1.077007E+3	3.854400E+2	3.007991E+1	4.757905E+0	1.921510E-5	NaN	1.921510E-4	5.544857E-1	1.701611E+1
1.079921E+3	3.857000E+2	3.005963E+1	4.780229E+0	1.941980E-5	NaN	1.941980E-4	5.543449E-1	1.700069E+1
1.083170E+3	3.860300E+2	3.003394E+1	4.827419E+0	1.964710E-5	NaN	1.964710E-4	5.541513E-1	1.698365E+1
1.086381E+3	3.862100E+2	3.001994E+1	4.919369E+0	1.987540E-5	NaN	1.987540E-4	5.536180E-1	1.695608E+1
1.089222E+3	3.864600E+2	3.000052E+1	4.939956E+0	2.008190E-5	NaN	2.008190E-4	5.533438E-1	1.693682E+1
1.092196E+3	3.867100E+2	2.998112E+1	4.973468E+0	2.029600E-5	NaN	2.029600E-4	5.530547E-1	1.691716E+1
1.095151E+3	3.869700E+2	2.996098E+1	5.005006E+0	2.050910E-5	NaN	2.050910E-4	5.527807E-1	1.689803E+1
1.098078E+3	3.872100E+2	2.994241E+1	5.060955E+0	2.072060E-5	NaN	2.072060E-4	5.525015E-1	1.687875E+1
1.101005E+3	3.874600E+2	2.992309E+1	5.036360E+0	2.093610E-5	NaN	2.093610E-4	5.525284E-1	1.686857E+1
1.104081E+3	3.877100E+2	2.990379E+1	5.034248E+0	2.115900E-5	NaN	2.115900E-4	5.525128E-1	1.685711E+1
1.107027E+3	3.879600E+2	2.988452E+1	5.032366E+0	2.137900E-5	NaN	2.137900E-4	5.525146E-1	1.684617E+1
1.109971E+3	3.882200E+2	2.986451E+1	5.017932E+0	2.160000E-5	NaN	2.160000E-4	5.523934E-1	1.683155E+1
1.112867E+3	3.884900E+2	2.984375E+1	5.009620E+0	2.182100E-5	NaN	2.182100E-4	5.522266E-1	1.681551E+1
1.115970E+3	3.887500E+2	2.982379E+1	5.028043E+0	2.207000E-5	NaN	2.207000E-4	5.520653E-1	1.679949E+1
1.119033E+3	3.890100E+2	2.980386E+1	5.055281E+0	2.231700E-5	NaN	2.231700E-4	5.520057E-1	1.678653E+1
1.122063E+3	3.892800E+2	2.978319E+1	5.134421E+0	2.256500E-5	NaN	2.256500E-4	5.519301E-1	1.677304E+1
1.125204E+3	3.895300E+2	2.976407E+1	5.146827E+0	2.282600E-5	NaN	2.282600E-4	5.519121E-1	1.676121E+1
1.128307E+3	3.898000E+2	2.974346E+1	5.148380E+0	2.309200E-5	NaN	2.309200E-4	5.516190E-1	1.674141E+1
1.131163E+3	3.900600E+2	2.972363E+1	5.150565E+0	2.333800E-5	NaN	2.333800E-4	5.513346E-1	1.672187E+1
1.134074E+3	3.903300E+2	2.970307E+1	5.171132E+0	2.358800E-5	NaN	2.358800E-4	5.510317E-1	1.670176E+1
1.137161E+3	3.905900E+2	2.968330E+1	5.197042E+0	2.384500E-5	NaN	2.384500E-4	5.510006E-1	1.668952E+1
1.140308E+3	3.908500E+2	2.966355E+1	5.213921E+0	2.412000E-5	NaN	2.412000E-4	5.509578E-1	1.667692E+1
1.143348E+3	3.910900E+2	2.964535E+1	5.206572E+0	2.437800E-5	NaN	2.437800E-4	5.509611E-1	1.666572E+1
1.146659E+3	3.913400E+2	2.962641E+1	5.176623E+0	2.465700E-5	NaN	2.465700E-4	5.509758E-1	1.665493E+1
1.149769E+3	3.915800E+2	2.960825E+1	5.125275E+0	2.492200E-5	NaN	2.492200E-4	5.510098E-1	1.664482E+1
1.152676E+3	3.918200E+2	2.959012E+1	5.076939E+0	2.516400E-5	NaN	2.516400E-4	5.511058E-1	1.663665E+1
1.155752E+3	3.920600E+2	2.957200E+1	5.026977E+0	2.542400E-5	NaN	2.542400E-4	5.511516E-1	1.662699E+1
1.158891E+3	3.923100E+2	2.955316E+1	4.967596E+0	2.568900E-5	NaN	2.568900E-4	5.512162E-1	1.661794E+1
1.161936E+3	3.926200E+2	2.952983E+1	4.916546E+0	2.594400E-5	NaN	2.594400E-4	5.513235E-1	1.661018E+1
1.165055E+3	3.928700E+2	2.951103E+1	4.903311E+0	2.621300E-5	NaN	2.621300E-4	5.512425E-1	1.659652E+1
1.168094E+3	3.931100E+2	2.949302E+1	4.889170E+0	2.647300E-5	NaN	2.647300E-4	5.511717E-1	1.658319E+1
1.171179E+3	3.933500E+2	2.947502E+1	4.882709E+0	2.674800E-5	NaN	2.674800E-4	5.510793E-1	1.656930E+1
1.174218E+3	3.936000E+2	2.945630E+1	4.891096E+0	2.701800E-5	NaN	2.701800E-4	5.509356E-1	1.655401E+1
1.177208E+3	3.938500E+2	2.943760E+1	4.909337E+0	2.729200E-5	NaN	2.729200E-4	5.507132E-1	1.653639E+1
1.180202E+3	3.941000E+2	2.941893E+1	4.936968E+0	2.757400E-5	NaN	2.757400E-4	5.505030E-1	1.651915E+1
1.183257E+3	3.943700E+2	2.939879E+1	4.963630E+0	2.785600E-5	NaN	2.785600E-4	5.503206E-1	1.650278E+1
1.186426E+3	3.946300E+2	2.937942E+1	4.987150E+0	2.816100E-5	NaN	2.816100E-4	5.500146E-1	1.648269E+1
1.189350E+3	3.948800E+2	2.936082E+1	4.993287E+0	2.844600E-5	NaN	2.844600E-4	5.497972E-1	1.646527E+1
1.192505E+3	3.951300E+2	2.934224E+1	5.002820E+0	2.875700E-5	NaN	2.875700E-4	5.496104E-1	1.644881E+1
1.195752E+3	3.953900E+2	2.932295E+1	4.987405E+0	2.907500E-5	NaN	2.907500E-4	5.494992E-1	1.643469E+1
1.198915E+3	3.956400E+2	2.930442E+1	4.952711E+0	2.938900E-5	NaN	2.938900E-4	5.493618E-1	1.641987E+1
1.201851E+3	3.958900E+2	2.928591E+1	4.956881E+0	2.968500E-5	NaN	2.968500E-4	5.492237E-1	1.640514E+1
1.204894E+3	3.961500E+2	2.926669E+1	4.964657E+0	2.999600E-5	NaN	2.999600E-4	5.491270E-1	1.639170E+1
1.208124E+3	3.964000E+2	2.924823E+1	4.971817E+0	3.032200E-5	NaN	3.032200E-4	5.490096E-1	1.637770E+1
1.211016E+3	3.966400E+2	2.923054E+1	4.953241E+0	3.062400E-5	NaN	3.062400E-4	5.489254E-1	1.636476E+1
1.213974E+3	3.968900E+2	2.921212E+1	4.935049E+0	3.092300E-5	NaN	3.092300E-4	5.489307E-1	1.635456E+1
1.216882E+3	3.971400E+2	2.919374E+1	4.923526E+0	3.121900E-5	NaN	3.121900E-4	5.489474E-1	1.634471E+1
1.219880E+3	3.973800E+2	2.917610E+1	4.920908E+0	3.153300E-5	NaN	3.153300E-4	5.488619E-1	1.633185E+1
1.222880E+3	3.976400E+2	2.915703E+1	4.926998E+0	3.184600E-5	NaN	3.184600E-4	5.487583E-1	1.631860E+1
1.225816E+3	3.979000E+2	2.913797E+1	4.942875E+0	3.216400E-5	NaN	3.216400E-4	5.486083E-1	1.630394E+1
1.228935E+3	3.981600E+2	2.911895E+1	4.980311E+0	3.250900E-5	NaN	3.250900E-4	5.483919E-1	1.628730E+1
1.231875E+3	3.984400E+2	2.909848E+1	5.009428E+0	3.284300E-5	NaN	3.284300E-4	5.482256E-1	1.627210E+1
1.235056E+3	3.987100E+2	2.907878E+1	5.056735E+0	3.320700E-5	NaN	3.320700E-4	5.479746E-1	1.625431E+1
1.238065E+3	3.989700E+2	2.905983E+1	5.089817E+0	3.355100E-5	NaN	3.355100E-4	5.477720E-1	1.623792E+1
1.241144E+3	3.992400E+2	2.904018E+1	5.126765E+0	3.391900E-5	NaN	3.391900E-4	5.475724E-1	1.622164E+1
1.244016E+3	3.994900E+2	2.902200E+1	5.170923E+0	3.425800E-5	NaN	3.425800E-4	5.473300E-1	1.620407E+1
1.247161E+3	3.997500E+2	2.900313E+1	5.195443E+0	3.462400E-5	NaN	3.462400E-4	5.474157E-1	1.619593E+1
1.250026E+3	4.000000E+2	2.898500E+1	5.203545E+0	3.496400E-5	NaN	3.496400E-4	5.474286E-1	1.618571E+1
1.253033E+3	4.002500E+2	2.896690E+1	5.210392E+0	3.531600E-5	NaN	3.531600E-4	5.473754E-1	1.617356E+1
1.256066E+3	4.005100E+2	2.894809E+1	5.209448E+0	3.566700E-5	NaN	3.566700E-4	5.473958E-1	1.616357E+1
1.259071E+3	4.007600E+2	2.893003E+1	5.191635E+0	3.601700E-5	NaN	3.601700E-4	5.473881E-1	1.615276E+1
1.261963E+3	4.010000E+2	2.891272E+1	5.166649E+0	3.635600E-5	NaN	3.635600E-4	5.473451E-1	1.614093E+1
1.265014E+3	4.012300E+2	2.889614E+1	5.140613E+0	3.670800E-5	NaN	3.670800E-4	5.472508E-1	1.612766E+1
1.268133E+3	4.014700E+2	2.887887E+1	5.083219E+0	3.706600E-5	NaN	3.706600E-4	5.469899E-1	1.610984E+1
1.271279E+3	4.017100E+2	2.886162E+1	5.032974E+0	3.742800E-5	NaN	3.742800E-4	5.470909E-1	1.610246E+1
1.274338E+3	4.019400E+2	2.884510E+1	4.968776E+0	3.778400E-5	NaN	3.778400E-4	5.471931E-1	1.609515E+1
1.277544E+3	4.021800E+2	2.882789E+1	4.896922E+0	3.816400E-5	NaN	3.816400E-4	5.473332E-1	1.608901E+1
1.280563E+3	4.024400E+2	2.880926E+1	4.824798E+0	3.852000E-5	NaN	3.852000E-4	5.474717E-1	1.608288E+1
1.283551E+3	4.026900E+2	2.879138E+1	4.782089E+0	3.888900E-5	NaN	3.888900E-4	5.475403E-1	1.607462E+1
1.286560E+3	4.029400E+2	2.877351E+1	4.752374E+0	3.925900E-5	NaN	3.925900E-4	5.475673E-1	1.606513E+1
1.289520E+3	4.031900E+2	2.875567E+1	4.743917E+0	3.963800E-5	NaN	3.963800E-4	5.475715E-1	1.605495E+1
1.292491E+3	4.034400E+2	2.873785E+1	4.751150E+0	4.001300E-5	NaN	4.001300E-4	5.475452E-1	1.604386E+1
1.295377E+3	4.037000E+2	2.871935E+1	4.779996E+0	4.038400E-5	NaN	4.038400E-4	5.474294E-1	1.603018E+1
1.298414E+3	4.039500E+2	2.870157E+1	4.836968E+0	4.078500E-5	NaN	4.078500E-4	5.471267E-1	1.601106E+1
1.301509E+3	4.042100E+2	2.868311E+1	4.903441E+0	4.119700E-5	NaN	4.119700E-4	5.468741E-1	1.599344E+1
1.304414E+3	4.044700E+2	2.866467E+1	4.962945E+0	4.159200E-5	NaN	4.159200E-4	5.466361E-1	1.597626E+1
1.307400E+3	4.047300E+2	2.864626E+1	5.027192E+0	4.199300E-5	NaN	4.199300E-4	5.463264E-1	1.595702E+1
1.310413E+3	4.049800E+2	2.862857E+1	5.083580E+0	4.240800E-5	NaN	4.240800E-4	5.460712E-1	1.593934E+1
1.313442E+3	4.052400E+2	2.861021E+1	5.115208E+0	4.281200E-5	NaN	4.281200E-4	5.458634E-1	1.592310E+1
1.316553E+3	4.054900E+2	2.859257E+1	5.122532E+0	4.324500E-5	NaN	4.324500E-4	5.455882E-1	1.590492E+1
1.319549E+3	4.057400E+2	2.857495E+1	5.120418E+0	4.365700E-5	NaN	4.365700E-4	5.453005E-1	1.588647E+1
1.322576E+3	4.059800E+2	2.855806E+1	5.112408E+0	4.407400E-5	NaN	4.407400E-4	5.450043E-1	1.586783E+1
1.325464E+3	4.062300E+2	2.854048E+1	5.087313E+0	4.448100E-5	NaN	4.448100E-4	5.447968E-1	1.585184E+1
1.328491E+3	4.064700E+2	2.852363E+1	5.067432E+0	4.490200E-5	NaN	4.490200E-4	5.446203E-1	1.583672E+1
1.331515E+3	4.066500E+2	2.851100E+1	5.034184E+0	4.531700E-5	NaN	4.531700E-4	5.445649E-1	1.582515E+1
1.334432E+3	4.068900E+2	2.849419E+1	4.959194E+0	4.573100E-5	NaN	4.573100E-4	5.447905E-1	1.582191E+1
1.337487E+3	4.071500E+2	2.847599E+1	4.887542E+0	4.615800E-5	NaN	4.615800E-4	5.449910E-1	1.581792E+1
1.340453E+3	4.074900E+2	2.845223E+1	4.830673E+0	4.659500E-5	NaN	4.659500E-4	5.451771E-1	1.581341E+1
1.343592E+3	4.077500E+2	2.843409E+1	4.868797E+0	4.706100E-5	NaN	4.706100E-4	5.450643E-1	1.579994E+1
1.346598E+3	4.080200E+2	2.841527E+1	4.914206E+0	4.752000E-5	NaN	4.752000E-4	5.447016E-1	1.577943E+1
1.349667E+3	4.082800E+2	2.839718E+1	4.973054E+0	4.800300E-5	NaN	4.800300E-4	5.443002E-1	1.575777E+1
1.352663E+3	4.085600E+2	2.837772E+1	5.038678E+0	4.847900E-5	NaN	4.847900E-4	5.439312E-1	1.573703E+1
1.355690E+3	4.087500E+2	2.836453E+1	5.115693E+0	4.895900E-5	NaN	4.895900E-4	5.435501E-1	1.571585E+1
1.358503E+3	4.090100E+2	2.834650E+1	5.136300E+0	4.940300E-5	NaN	4.940300E-4	5.434017E-1	1.570164E+1
1.361523E+3	4.092700E+2	2.832849E+1	5.165997E+0	4.989500E-5	NaN	4.989500E-4	5.431733E-1	1.568508E+1
1.364478E+3	4.095200E+2	2.831119E+1	5.206038E+0	5.036400E-5	NaN	5.036400E-4	5.429659E-1	1.566912E+1
1.367447E+3	4.097700E+2	2.829392E+1	5.233235E+0	5.082000E-5	NaN	5.082000E-4	5.426793E-1	1.565097E+1
1.370241E+3	4.100100E+2	2.827736E+1	5.189956E+0	5.126300E-5	NaN	5.126300E-4	5.423892E-1	1.563276E+1
1.373190E+3	4.102500E+2	2.826082E+1	5.131778E+0	5.171400E-5	NaN	5.171400E-4	5.420640E-1	1.561357E+1
1.376147E+3	4.104900E+2	2.824429E+1	5.053870E+0	5.217400E-5	NaN	5.217400E-4	5.417905E-1	1.559591E+1
1.379219E+3	4.107400E+2	2.822710E+1	5.038633E+0	5.265100E-5	NaN	5.265100E-4	5.415565E-1	1.557944E+1
1.382228E+3	4.109700E+2	2.821130E+1	5.013234E+0	5.310700E-5	NaN	5.310700E-4	5.413688E-1	1.556431E+1
1.385347E+3	4.112000E+2	2.819553E+1	4.986555E+0	5.358200E-5	NaN	5.358200E-4	5.411876E-1	1.554942E+1
1.388375E+3	4.114400E+2	2.817908E+1	4.942970E+0	5.404500E-5	NaN	5.404500E-4	5.410402E-1	1.553559E+1
1.391485E+3	4.116800E+2	2.816265E+1	4.925583E+0	5.454200E-5	NaN	5.454200E-4	5.409430E-1	1.552321E+1
1.394548E+3	4.119300E+2	2.814556E+1	4.850894E+0	5.503500E-5	NaN	5.503500E-4	5.409034E-1	1.551248E+1
1.397486E+3	4.121900E+2	2.812781E+1	4.803423E+0	5.552700E-5	NaN	5.552700E-4	5.408189E-1	1.550045E+1
1.400509E+3	4.124300E+2	2.811144E+1	4.787437E+0	5.604000E-5	NaN	5.604000E-4	5.406303E-1	1.548541E+1
1.403499E+3	4.127100E+2	2.809237E+1	4.776409E+0	5.656300E-5	NaN	5.656300E-4	5.405201E-1	1.547260E+1
1.406384E+3	4.129700E+2	2.807468E+1	4.803621E+0	5.707200E-5	NaN	5.707200E-4	5.402743E-1	1.545586E+1
1.409321E+3	4.132300E+2	2.805701E+1	4.859487E+0	5.763200E-5	NaN	5.763200E-4	5.399395E-1	1.543658E+1
1.412477E+3	4.134800E+2	2.804005E+1	4.928976E+0	5.817800E-5	NaN	5.817800E-4	5.396647E-1	1.541902E+1
1.415528E+3	4.137300E+2	2.802311E+1	4.988247E+0	5.875400E-5	NaN	5.875400E-4	5.393353E-1	1.540003E+1
1.418574E+3	4.139800E+2	2.800618E+1	5.044383E+0	5.923300E-5	NaN	5.923300E-4	5.391069E-1	1.538400E+1
1.421475E+3	4.142300E+2	2.798928E+1	5.083949E+0	5.976300E-5	NaN	5.976300E-4	5.387891E-1	1.536546E+1
1.424688E+3	4.144800E+2	2.797240E+1	5.105220E+0	6.026400E-5	NaN	6.026400E-4	5.384813E-1	1.534727E+1
1.427757E+3	4.147400E+2	2.795486E+1	5.098418E+0	6.081300E-5	NaN	6.081300E-4	5.381177E-1	1.532751E+1
1.430884E+3	4.149900E+2	2.793802E+1	5.075449E+0	6.137300E-5	NaN	6.137300E-4	5.377648E-1	1.530808E+1
1.433911E+3	4.152300E+2	2.792187E+1	5.034679E+0	6.190800E-5	NaN	6.190800E-4	5.374251E-1	1.528906E+1
1.436876E+3	4.154700E+2	2.790575E+1	4.994263E+0	6.245700E-5	NaN	6.245700E-4	5.371130E-1	1.527089E+1
1.440088E+3	4.157200E+2	2.788896E+1	4.937882E+0	6.303200E-5	NaN	6.303200E-4	5.367952E-1	1.525264E+1
1.443065E+3	4.159600E+2	2.787287E+1	4.894606E+0	6.357700E-5	NaN	6.357700E-4	5.364957E-1	1.523495E+1
1.446204E+3	4.162100E+2	2.785613E+1	4.867758E+0	6.413600E-5	NaN	6.413600E-4	5.361972E-1	1.521731E+1
1.449237E+3	4.164500E+2	2.784008E+1	4.854702E+0	6.470700E-5	NaN	6.470700E-4	5.359458E-1	1.520098E+1
1.452356E+3	4.168100E+2	2.781603E+1	4.833488E+0	6.528700E-5	NaN	6.528700E-4	5.357598E-1	1.518651E+1
1.455643E+3	4.170800E+2	2.779802E+1	4.896614E+0	6.593000E-5	NaN	6.593000E-4	5.352436E-1	1.516235E+1
1.458658E+3	4.173500E+2	2.778004E+1	4.952216E+0	6.654100E-5	NaN	6.654100E-4	5.348134E-1	1.514057E+1
1.461843E+3	4.176100E+2	2.776275E+1	5.027057E+0	6.719500E-5	NaN	6.719500E-4	5.344345E-1	1.512019E+1
1.464930E+3	4.178900E+2	2.774414E+1	5.078818E+0	6.783300E-5	NaN	6.783300E-4	5.340525E-1	1.509979E+1
1.467866E+3	4.181500E+2	2.772689E+1	5.146277E+0	6.844900E-5	NaN	6.844900E-4	5.336290E-1	1.507820E+1
1.470893E+3	4.184200E+2	2.770900E+1	5.208417E+0	6.908800E-5	NaN	6.908800E-4	5.331910E-1	1.505622E+1
1.473893E+3	4.186800E+2	2.769179E+1	5.262868E+0	6.973500E-5	NaN	6.973500E-4	5.327448E-1	1.503401E+1
1.476890E+3	4.189500E+2	2.767395E+1	5.305254E+0	7.035800E-5	NaN	7.035800E-4	5.323117E-1	1.501222E+1
1.480100E+3	4.191900E+2	2.765810E+1	5.329999E+0	7.101700E-5	NaN	7.101700E-4	5.317628E-1	1.498720E+1
1.483289E+3	4.194300E+2	2.764228E+1	5.304797E+0	7.164200E-5	NaN	7.164200E-4	5.313450E-1	1.496597E+1
1.486304E+3	4.196600E+2	2.762713E+1	5.229181E+0	7.226300E-5	NaN	7.226300E-4	5.309846E-1	1.494647E+1
1.489398E+3	4.198900E+2	2.761199E+1	5.108399E+0	7.286400E-5	NaN	7.286400E-4	5.306537E-1	1.492794E+1
1.492613E+3	4.201300E+2	2.759622E+1	5.039082E+0	7.348800E-5	NaN	7.348800E-4	5.303234E-1	1.490955E+1
1.495503E+3	4.203600E+2	2.758112E+1	4.946020E+0	7.406500E-5	NaN	7.406500E-4	5.300448E-1	1.489267E+1
1.498551E+3	4.206200E+2	2.756407E+1	4.866317E+0	7.465600E-5	NaN	7.465600E-4	5.297153E-1	1.487448E+1
1.501674E+3	4.208600E+2	2.754835E+1	4.795194E+0	7.528700E-5	NaN	7.528700E-4	5.293445E-1	1.485511E+1
1.504671E+3	4.211000E+2	2.753265E+1	4.736280E+0	7.591000E-5	NaN	7.591000E-4	5.289925E-1	1.483634E+1
1.507690E+3	4.213600E+2	2.751566E+1	4.695218E+0	7.655100E-5	NaN	7.655100E-4	5.286839E-1	1.481880E+1
1.510686E+3	4.216100E+2	2.749935E+1	4.691420E+0	7.717500E-5	NaN	7.717500E-4	5.283053E-1	1.479931E+1
1.513711E+3	4.218600E+2	2.748305E+1	4.713312E+0	7.785100E-5	NaN	7.785100E-4	5.279248E-1	1.477976E+1
1.516660E+3	4.221200E+2	2.746612E+1	4.770665E+0	7.850000E-5	NaN	7.850000E-4	5.278042E-1	1.476729E+1
1.519815E+3	4.223900E+2	2.744857E+1	4.836558E+0	7.920400E-5	NaN	7.920400E-4	5.276498E-1	1.475382E+1
1.522726E+3	4.226600E+2	2.743103E+1	4.901888E+0	7.986800E-5	NaN	7.986800E-4	5.274382E-1	1.473875E+1
1.525739E+3	4.229200E+2	2.741417E+1	4.980601E+0	8.055600E-5	NaN	8.055600E-4	5.268349E-1	1.471297E+1
1.528601E+3	4.231700E+2	2.739797E+1	5.046354E+0	8.119000E-5	NaN	8.119000E-4	5.262379E-1	1.468742E+1
1.531801E+3	4.234200E+2	2.738180E+1	5.095234E+0	8.193100E-5	NaN	8.193100E-4	5.255538E-1	1.465953E+1
1.534954E+3	4.236700E+2	2.736564E+1	5.116250E+0	8.263700E-5	NaN	8.263700E-4	5.249820E-1	1.463486E+1
1.538017E+3	4.239200E+2	2.734950E+1	5.127641E+0	8.332700E-5	NaN	8.332700E-4	5.243809E-1	1.460951E+1
1.540803E+3	4.241600E+2	2.733402E+1	5.114001E+0	8.394200E-5	NaN	8.394200E-4	5.240469E-1	1.459146E+1
1.543778E+3	4.244000E+2	2.731857E+1	5.093949E+0	8.460400E-5	NaN	8.460400E-4	5.235990E-1	1.457032E+1
1.546778E+3	4.246400E+2	2.730313E+1	5.068675E+0	8.526600E-5	NaN	8.526600E-4	5.231762E-1	1.454995E+1
1.549610E+3	4.248000E+2	2.729284E+1	5.031450E+0	8.589500E-5	NaN	8.589500E-4	5.227576E-1	1.452976E+1
1.552415E+3	4.250500E+2	2.727679E+1	4.931425E+0	8.653200E-5	NaN	8.653200E-4	5.225258E-1	1.451500E+1
1.555332E+3	4.252900E+2	2.726140E+1	4.862468E+0	8.718400E-5	NaN	8.718400E-4	5.221952E-1	1.449749E+1
1.558374E+3	4.255400E+2	2.724538E+1	4.803977E+0	8.787100E-5	NaN	8.787100E-4	5.218214E-1	1.447877E+1
1.561443E+3	4.258800E+2	2.722363E+1	4.775673E+0	8.859400E-5	NaN	8.859400E-4	5.214183E-1	1.445922E+1
1.564666E+3	4.261500E+2	2.720638E+1	4.834853E+0	8.938900E-5	NaN	8.938900E-4	5.207223E-1	1.443133E+1
1.567604E+3	4.264200E+2	2.718916E+1	4.909652E+0	9.013500E-5	NaN	9.013500E-4	5.200648E-1	1.440444E+1
1.570610E+3	4.266000E+2	2.717768E+1	4.992179E+0	9.090300E-5	NaN	9.090300E-4	5.194184E-1	1.437779E+1
1.573504E+3	4.269000E+2	2.715859E+1	5.004202E+0	9.163000E-5	NaN	9.163000E-4	5.190293E-1	1.435846E+1
1.576531E+3	4.271700E+2	2.714142E+1	5.062618E+0	9.243500E-5	NaN	9.243500E-4	5.185125E-1	1.433544E+1
1.579663E+3	4.274400E+2	2.712427E+1	5.138346E+0	9.327900E-5	NaN	9.327900E-4	5.179973E-1	1.431244E+1
1.582709E+3	4.277800E+2	2.710272E+1	5.208140E+0	9.407300E-5	NaN	9.407300E-4	5.174739E-1	1.428922E+1
1.585818E+3	4.280300E+2	2.708689E+1	5.326681E+0	9.487900E-5	NaN	9.487900E-4	5.167584E-1	1.426046E+1
1.588885E+3	4.282800E+2	2.707107E+1	5.349786E+0	9.565800E-5	NaN	9.565800E-4	5.160288E-1	1.423144E+1
1.591861E+3	4.285200E+2	2.705591E+1	5.354555E+0	9.642300E-5	NaN	9.642300E-4	5.152877E-1	1.420219E+1
1.594926E+3	4.287700E+2	2.704014E+1	5.325112E+0	9.718100E-5	NaN	9.718100E-4	5.146316E-1	1.417538E+1
1.597882E+3	4.289200E+2	2.703068E+1	5.262495E+0	9.789100E-5	NaN	9.789100E-4	5.140196E-1	1.414981E+1
1.600706E+3	4.291500E+2	2.701619E+1	5.177404E+0	9.856500E-5	NaN	9.856500E-4	5.137669E-1	1.413440E+1
1.603794E+3	4.293800E+2	2.700172E+1	5.089632E+0	9.931900E-5	NaN	9.931900E-4	5.133941E-1	1.411574E+1
1.606889E+3	4.297000E+2	2.698162E+1	5.003502E+0	1.000450E-4	NaN	1.000450E-3	5.130586E-1	1.409815E+1
1.610097E+3	4.299300E+2	2.696718E+1	4.908450E+0	1.008310E-4	NaN	1.008310E-3	5.123847E-1	1.407108E+1
1.613186E+3	4.301700E+2	2.695214E+1	4.826687E+0	1.015970E-4	NaN	1.015970E-3	5.117620E-1	1.404553E+1
1.616160E+3	4.304200E+2	2.693648E+1	4.750385E+0	1.023570E-4	NaN	1.023570E-3	5.111801E-1	1.402113E+1
1.619372E+3	4.306800E+2	2.692022E+1	4.691977E+0	1.031840E-4	NaN	1.031840E-3	5.105846E-1	1.399633E+1
1.622341E+3	4.309400E+2	2.690398E+1	4.714708E+0	1.039820E-4	NaN	1.039820E-3	5.100232E-1	1.397243E+1
1.625296E+3	4.311900E+2	2.688838E+1	4.759824E+0	1.047960E-4	NaN	1.047960E-3	5.094667E-1	1.394864E+1
1.628236E+3	4.314600E+2	2.687155E+1	4.820327E+0	1.056110E-4	NaN	1.056110E-3	5.089396E-1	1.392564E+1
1.631438E+3	4.317200E+2	2.685537E+1	4.908862E+0	1.065350E-4	NaN	1.065350E-3	5.083558E-1	1.390103E+1
1.634337E+3	4.319800E+2	2.683921E+1	4.999950E+0	1.073520E-4	NaN	1.073520E-3	5.078978E-1	1.387983E+1
1.637324E+3	4.322400E+2	2.682306E+1	5.032054E+0	1.081890E-4	NaN	1.081890E-3	5.070355E-1	1.384789E+1
1.640335E+3	4.324900E+2	2.680756E+1	5.065208E+0	1.090470E-4	NaN	1.090470E-3	5.061930E-1	1.381655E+1
1.643391E+3	4.327600E+2	2.679083E+1	5.067940E+0	1.099150E-4	NaN	1.099150E-3	5.053611E-1	1.378559E+1
1.646350E+3	4.330100E+2	2.677536E+1	5.130150E+0	1.107550E-4	NaN	1.107550E-3	5.045758E-1	1.375592E+1
1.649342E+3	4.332500E+2	2.676053E+1	5.158399E+0	1.115730E-4	NaN	1.115730E-3	5.037723E-1	1.372586E+1
1.652417E+3	4.335000E+2	2.674510E+1	5.155418E+0	1.124350E-4	NaN	1.124350E-3	5.029863E-1	1.369638E+1
1.655384E+3	4.337400E+2	2.673030E+1	5.140132E+0	1.132600E-4	NaN	1.132600E-3	5.022161E-1	1.366742E+1
1.658483E+3	4.339800E+2	2.671552E+1	5.103885E+0	1.141060E-4	NaN	1.141060E-3	5.014953E-1	1.363990E+1
1.661443E+3	4.342100E+2	2.670137E+1	5.056708E+0	1.149230E-4	NaN	1.149230E-3	5.007627E-1	1.361217E+1
1.664462E+3	4.344500E+2	2.668662E+1	4.996482E+0	1.157500E-4	NaN	1.157500E-3	5.001678E-1	1.358824E+1
1.667513E+3	4.346100E+2	2.667679E+1	4.948789E+0	1.166010E-4	NaN	1.166010E-3	4.996303E-1	1.356589E+1
1.670404E+3	4.348700E+2	2.666084E+1	4.827223E+0	1.174120E-4	NaN	1.174120E-3	4.994371E-1	1.355307E+1
1.673469E+3	4.351300E+2	2.664491E+1	4.752892E+0	1.182910E-4	NaN	1.182910E-3	4.992031E-1	1.353907E+1
1.676487E+3	4.353900E+2	2.662900E+1	4.708010E+0	1.191890E-4	NaN	1.191890E-3	4.989801E-1	1.352531E+1
1.679397E+3	4.356600E+2	2.661250E+1	4.685777E+0	1.200930E-4	NaN	1.200930E-3	4.987437E-1	1.351112E+1
1.682316E+3	4.359300E+2	2.659601E+1	4.713845E+0	1.209990E-4	NaN	1.209990E-3	4.983747E-1	1.349333E+1
1.685316E+3	4.362100E+2	2.657894E+1	4.778997E+0	1.219960E-4	NaN	1.219960E-3	4.979914E-1	1.347508E+1
1.688311E+3	4.364800E+2	2.656250E+1	4.870168E+0	1.229960E-4	NaN	1.229960E-3	4.976202E-1	1.345709E+1
1.691219E+3	4.367700E+2	2.654486E+1	4.977465E+0	1.239530E-4	NaN	1.239530E-3	4.972409E-1	1.343889E+1
1.694187E+3	4.370300E+2	2.652907E+1	5.117201E+0	1.249220E-4	NaN	1.249220E-3	4.967542E-1	1.341771E+1
1.697356E+3	4.372900E+2	2.651330E+1	5.244294E+0	1.259370E-4	NaN	1.259370E-3	4.963290E-1	1.339819E+1
1.700142E+3	4.375300E+2	2.649875E+1	5.342396E+0	1.268360E-4	NaN	1.268360E-3	4.959211E-1	1.337919E+1
1.703424E+3	4.377700E+2	2.648423E+1	5.424317E+0	1.278570E-4	NaN	1.278570E-3	4.955263E-1	1.336063E+1
1.706229E+3	4.380100E+2	2.646972E+1	5.375790E+0	1.286940E-4	NaN	1.286940E-3	4.951782E-1	1.334345E+1
1.709425E+3	4.382400E+2	2.645582E+1	5.328314E+0	1.296500E-4	NaN	1.296500E-3	4.947803E-1	1.332498E+1
1.712416E+3	4.384800E+2	2.644134E+1	5.233591E+0	1.305240E-4	NaN	1.305240E-3	4.944129E-1	1.330743E+1
1.715513E+3	4.387300E+2	2.642628E+1	5.124935E+0	1.314200E-4	NaN	1.314200E-3	4.941094E-1	1.329162E+1
1.718952E+3	4.389600E+2	2.641243E+1	5.022476E+0	1.324330E-4	NaN	1.324330E-3	4.938042E-1	1.327576E+1
1.721902E+3	4.392000E+2	2.639800E+1	4.892709E+0	1.332950E-4	NaN	1.332950E-3	4.936222E-1	1.326329E+1
1.724874E+3	4.394400E+2	2.638358E+1	4.791381E+0	1.342070E-4	NaN	1.342070E-3	4.933401E-1	1.324813E+1
1.727894E+3	4.396900E+2	2.636858E+1	4.711600E+0	1.351600E-4	NaN	1.351600E-3	4.930492E-1	1.323275E+1
1.730881E+3	4.399400E+2	2.635359E+1	4.683882E+0	1.360900E-4	NaN	1.360900E-3	4.927422E-1	1.321692E+1
1.733912E+3	4.401900E+2	2.633863E+1	4.685844E+0	1.370570E-4	NaN	1.370570E-3	4.926308E-1	1.320610E+1
1.736786E+3	4.404500E+2	2.632308E+1	4.702775E+0	1.380140E-4	NaN	1.380140E-3	4.924392E-1	1.319312E+1
1.739819E+3	4.407300E+2	2.630636E+1	4.760105E+0	1.390260E-4	NaN	1.390260E-3	4.921726E-1	1.317808E+1
1.742898E+3	4.409800E+2	2.629144E+1	4.827484E+0	1.400840E-4	NaN	1.400840E-3	4.918112E-1	1.316042E+1
1.745825E+3	4.412400E+2	2.627595E+1	4.906563E+0	1.410820E-4	NaN	1.410820E-3	4.912047E-1	1.313646E+1
1.748880E+3	4.414900E+2	2.626107E+1	4.977582E+0	1.420990E-4	NaN	1.420990E-3	4.905927E-1	1.311239E+1
1.751934E+3	4.417500E+2	2.624561E+1	5.042733E+0	1.431530E-4	NaN	1.431530E-3	4.899514E-1	1.308761E+1
1.754887E+3	4.420000E+2	2.623077E+1	5.109645E+0	1.441320E-4	NaN	1.441320E-3	4.896057E-1	1.307053E+1
1.757837E+3	4.422500E+2	2.621594E+1	5.128677E+0	1.453000E-4	NaN	1.453000E-3	4.890632E-1	1.304835E+1
1.760851E+3	4.425000E+2	2.620113E+1	5.139456E+0	1.462890E-4	NaN	1.462890E-3	4.886482E-1	1.302964E+1
1.763883E+3	4.427600E+2	2.618574E+1	5.134653E+0	1.473490E-4	NaN	1.473490E-3	4.882638E-1	1.301180E+1
1.766890E+3	4.429900E+2	2.617215E+1	5.125205E+0	1.483520E-4	NaN	1.483520E-3	4.876247E-1	1.298740E+1
1.769979E+3	4.432300E+2	2.615798E+1	5.091039E+0	1.493690E-4	NaN	1.493690E-3	4.870862E-1	1.296576E+1
1.772903E+3	4.434700E+2	2.614382E+1	5.034249E+0	1.503390E-4	NaN	1.503390E-3	4.865874E-1	1.294523E+1
1.776019E+3	4.437100E+2	2.612968E+1	4.988579E+0	1.513600E-4	NaN	1.513600E-3	4.861040E-1	1.292513E+1
1.778939E+3	4.439500E+2	2.611555E+1	4.951009E+0	1.523500E-4	NaN	1.523500E-3	4.856240E-1	1.290518E+1
1.781890E+3	4.442100E+2	2.610027E+1	4.910290E+0	1.533560E-4	NaN	1.533560E-3	4.854020E-1	1.289187E+1
1.785068E+3	4.444700E+2	2.608500E+1	4.899312E+0	1.545430E-4	NaN	1.545430E-3	4.850772E-1	1.287577E+1
1.788125E+3	4.447700E+2	2.606741E+1	4.885799E+0	1.556680E-4	NaN	1.556680E-3	4.848592E-1	1.286246E+1
1.791198E+3	4.450400E+2	2.605159E+1	4.917223E+0	1.568600E-4	NaN	1.568600E-3	4.842319E-1	1.283837E+1
1.794117E+3	4.453200E+2	2.603521E+1	4.961993E+0	1.580460E-4	NaN	1.580460E-3	4.836950E-1	1.281663E+1
1.796936E+3	4.455900E+2	2.601943E+1	5.036035E+0	1.591620E-4	NaN	1.591620E-3	4.831495E-1	1.279461E+1
1.800210E+3	4.458500E+2	2.600426E+1	5.129104E+0	1.604700E-4	NaN	1.604700E-3	4.825304E-1	1.277063E+1
1.803140E+3	4.461200E+2	2.598852E+1	5.207902E+0	1.616180E-4	NaN	1.616180E-3	4.820302E-1	1.274987E+1
1.806301E+3	4.463700E+2	2.597397E+1	5.279327E+0	1.628280E-4	NaN	1.628280E-3	4.814649E-1	1.272740E+1
1.809135E+3	4.466200E+2	2.595943E+1	5.308553E+0	1.639050E-4	NaN	1.639050E-3	4.809797E-1	1.270710E+1
1.812075E+3	4.468600E+2	2.594549E+1	5.330892E+0	1.649970E-4	NaN	1.649970E-3	4.804090E-1	1.268462E+1
1.815212E+3	4.471000E+2	2.593156E+1	5.313453E+0	1.660820E-4	NaN	1.660820E-3	4.799333E-1	1.266473E+1
1.818139E+3	4.473200E+2	2.591881E+1	5.255994E+0	1.671050E-4	NaN	1.671050E-3	4.794276E-1	1.264412E+1
1.820972E+3	4.474800E+2	2.590954E+1	5.175557E+0	1.680820E-4	NaN	1.680820E-3	4.789238E-1	1.262369E+1
1.823774E+3	4.477100E+2	2.589623E+1	5.019894E+0	1.687040E-4	NaN	1.687040E-3	4.786162E-1	1.260864E+1
1.826755E+3	4.479400E+2	2.588293E+1	4.899280E+0	1.698150E-4	NaN	1.698150E-3	4.780043E-1	1.258563E+1
1.829766E+3	4.481800E+2	2.586907E+1	4.780352E+0	1.711200E-4	NaN	1.711200E-3	4.774347E-1	1.256380E+1
1.832852E+3	4.484300E+2	2.585465E+1	4.694196E+0	1.722610E-4	NaN	1.722610E-3	4.769993E-1	1.254554E+1
1.835967E+3	4.487000E+2	2.583909E+1	4.649185E+0	1.734390E-4	NaN	1.734390E-3	4.765661E-1	1.252734E+1
1.838778E+3	4.490400E+2	2.581953E+1	4.625039E+0	1.745150E-4	NaN	1.745150E-3	4.760872E-1	1.250790E+1
1.842098E+3	4.493000E+2	2.580458E+1	4.724642E+0	1.755490E-4	NaN	1.755490E-3	4.753048E-1	1.248028E+1
1.845333E+3	4.495700E+2	2.578909E+1	4.808788E+0	1.771090E-4	NaN	1.771090E-3	4.744398E-1	1.245046E+1
1.848510E+3	4.498200E+2	2.577475E+1	4.912089E+0	1.783410E-4	NaN	1.783410E-3	4.737600E-1	1.242551E+1
1.851422E+3	4.500800E+2	2.575986E+1	5.006179E+0	1.795750E-4	NaN	1.795750E-3	4.733988E-1	1.240873E+1
1.854375E+3	4.502500E+2	2.575014E+1	5.101588E+0	1.807940E-4	NaN	1.807940E-3	4.729547E-1	1.238980E+1
1.857152E+3	4.505000E+2	2.573585E+1	5.122215E+0	1.819460E-4	NaN	1.819460E-3	4.727418E-1	1.237715E+1
1.860135E+3	4.507700E+2	2.572043E+1	5.104120E+0	1.831550E-4	NaN	1.831550E-3	4.724840E-1	1.236333E+1
1.862941E+3	4.510300E+2	2.570561E+1	5.098636E+0	1.843010E-4	NaN	1.843010E-3	4.721209E-1	1.234676E+1
1.865916E+3	4.512700E+2	2.569194E+1	5.092286E+0	1.854770E-4	NaN	1.854770E-3	4.716383E-1	1.232710E+1
1.868790E+3	4.515100E+2	2.567828E+1	5.059421E+0	1.865640E-4	NaN	1.865640E-3	4.711602E-1	1.230765E+1
1.871723E+3	4.517600E+2	2.566407E+1	5.008478E+0	1.877380E-4	NaN	1.877380E-3	4.706610E-1	1.228771E+1
1.874554E+3	4.519200E+2	2.565498E+1	4.958237E+0	1.888730E-4	NaN	1.888730E-3	4.700507E-1	1.226498E+1
1.877540E+3	4.521700E+2	2.564080E+1	4.936326E+0	1.901120E-4	NaN	1.901120E-3	4.696700E-1	1.224847E+1
1.880521E+3	4.524300E+2	2.562606E+1	4.913262E+0	1.913330E-4	NaN	1.913330E-3	4.693432E-1	1.223338E+1
1.883443E+3	4.527000E+2	2.561078E+1	4.911952E+0	1.925840E-4	NaN	1.925840E-3	4.689830E-1	1.221739E+1
1.886392E+3	4.529800E+2	2.559495E+1	4.928615E+0	1.939600E-4	NaN	1.939600E-3	4.686826E-1	1.220289E+1
1.889343E+3	4.532500E+2	2.557970E+1	4.993107E+0	1.952940E-4	NaN	1.952940E-3	4.683140E-1	1.218657E+1
1.892266E+3	4.535100E+2	2.556504E+1	5.007669E+0	1.966220E-4	NaN	1.966220E-3	4.680142E-1	1.217196E+1
1.895140E+3	4.537700E+2	2.555039E+1	5.039821E+0	1.978980E-4	NaN	1.978980E-3	4.676979E-1	1.215690E+1
1.897979E+3	4.540200E+2	2.553632E+1	5.095676E+0	1.991490E-4	NaN	1.991490E-3	4.673140E-1	1.214009E+1
1.900821E+3	4.541900E+2	2.552676E+1	5.174763E+0	2.003460E-4	NaN	2.003460E-3	4.670403E-1	1.212610E+1
1.903730E+3	4.544300E+2	2.551328E+1	5.184285E+0	2.015810E-4	NaN	2.015810E-3	4.669106E-1	1.211601E+1
1.906738E+3	4.546700E+2	2.549981E+1	5.191025E+0	2.028650E-4	NaN	2.028650E-3	4.667711E-1	1.210566E+1
1.909670E+3	4.549100E+2	2.548636E+1	5.192812E+0	2.040270E-4	NaN	2.040270E-3	4.666443E-1	1.209564E+1
1.912414E+3	4.551700E+2	2.547180E+1	5.121036E+0	2.051950E-4	NaN	2.051950E-3	4.664349E-1	1.208349E+1
1.915375E+3	4.554000E+2	2.545894E+1	5.065947E+0	2.063880E-4	NaN	2.063880E-3	4.661135E-1	1.206840E+1
1.918251E+3	4.556400E+2	2.544553E+1	4.994463E+0	2.075810E-4	NaN	2.075810E-3	4.657352E-1	1.205189E+1
1.921261E+3	4.558800E+2	2.543213E+1	4.938536E+0	2.088540E-4	NaN	2.088540E-3	4.652436E-1	1.203254E+1
1.924190E+3	4.561200E+2	2.541875E+1	4.900793E+0	2.099800E-4	NaN	2.099800E-3	4.648117E-1	1.201474E+1
1.927096E+3	4.563700E+2	2.540483E+1	4.883617E+0	2.112900E-4	NaN	2.112900E-3	4.642706E-1	1.199415E+1
1.930044E+3	4.566200E+2	2.539092E+1	4.893065E+0	2.126100E-4	NaN	2.126100E-3	4.637326E-1	1.197365E+1
1.933044E+3	4.568800E+2	2.537647E+1	4.931065E+0	2.139400E-4	NaN	2.139400E-3	4.631947E-1	1.195317E+1
1.936209E+3	4.571500E+2	2.536148E+1	4.997699E+0	2.154100E-4	NaN	2.154100E-3	4.625952E-1	1.193110E+1
1.939336E+3	4.574000E+2	2.534762E+1	5.015847E+0	2.168600E-4	NaN	2.168600E-3	4.621301E-1	1.191246E+1
1.942398E+3	4.576600E+2	2.533322E+1	5.021498E+0	2.182700E-4	NaN	2.182700E-3	4.616940E-1	1.189459E+1
1.945425E+3	4.579900E+2	2.531496E+1	5.020722E+0	2.197500E-4	NaN	2.197500E-3	4.612521E-1	1.187658E+1
1.949320E+3	4.582400E+2	2.530115E+1	5.073963E+0	2.215500E-4	NaN	2.215500E-3	4.606768E-1	1.185495E+1
1.952812E+3	4.584900E+2	2.528736E+1	5.081076E+0	2.232000E-4	NaN	2.232000E-3	4.603528E-1	1.183982E+1
1.955676E+3	4.588200E+2	2.526917E+1	5.041945E+0	2.245800E-4	NaN	2.245800E-3	4.601470E-1	1.182775E+1
1.959397E+3	4.590600E+2	2.525596E+1	5.078393E+0	2.263200E-4	NaN	2.263200E-3	4.597090E-1	1.180954E+1
1.963119E+3	4.594000E+2	2.523727E+1	5.044230E+0	2.279900E-4	NaN	2.279900E-3	4.594703E-1	1.179650E+1
1.966659E+3	4.596500E+2	2.522354E+1	5.029967E+0	2.296300E-4	NaN	2.296300E-3	4.590263E-1	1.177807E+1
1.969563E+3	4.598900E+2	2.521038E+1	4.986118E+0	2.310100E-4	NaN	2.310100E-3	4.587701E-1	1.176452E+1
1.972479E+3	4.601300E+2	2.519723E+1	4.948752E+0	2.324600E-4	NaN	2.324600E-3	4.584066E-1	1.174838E+1
1.975544E+3	4.603800E+2	2.518354E+1	4.920379E+0	2.339400E-4	NaN	2.339400E-3	4.581100E-1	1.173406E+1
1.978560E+3	4.606300E+2	2.516988E+1	4.897335E+0	2.353200E-4	NaN	2.353200E-3	4.578197E-1	1.172000E+1
1.981478E+3	4.608800E+2	2.515622E+1	4.869568E+0	2.367200E-4	NaN	2.367200E-3	4.574553E-1	1.170412E+1
1.984543E+3	4.610400E+2	2.514749E+1	4.852831E+0	2.382100E-4	NaN	2.382100E-3	4.571954E-1	1.169095E+1
1.987444E+3	4.613100E+2	2.513277E+1	4.841513E+0	2.396700E-4	NaN	2.396700E-3	4.571895E-1	1.168455E+1
1.990288E+3	4.615700E+2	2.511862E+1	4.810984E+0	2.411100E-4	NaN	2.411100E-3	4.571953E-1	1.167841E+1
1.993263E+3	4.618300E+2	2.510448E+1	4.772858E+0	2.426200E-4	NaN	2.426200E-3	4.571310E-1	1.167050E+1
1.996278E+3	4.620900E+2	2.509035E+1	4.832522E+0	2.442300E-4	NaN	2.442300E-3	4.570667E-1	1.166257E+1
1.999237E+3	4.623500E+2	2.507624E+1	4.853631E+0	2.459100E-4	NaN	2.459100E-3	4.570387E-1	1.165557E+1
2.002226E+3	4.626100E+2	2.506215E+1	4.922141E+0	2.475100E-4	NaN	2.475100E-3	4.570902E-1	1.165056E+1
2.005334E+3	4.629500E+2	2.504374E+1	4.966632E+0	2.491600E-4	NaN	2.491600E-3	4.573345E-1	1.165029E+1
2.008713E+3	4.632200E+2	2.502914E+1	5.073361E+0	2.509900E-4	NaN	2.509900E-3	4.570841E-1	1.163726E+1
2.011996E+3	4.634700E+2	2.501564E+1	5.156761E+0	2.526900E-4	NaN	2.526900E-3	4.569669E-1	1.162759E+1
2.015473E+3	4.637200E+2	2.500216E+1	5.204037E+0	2.545100E-4	NaN	2.545100E-3	4.570765E-1	1.162368E+1
2.018241E+3	4.639700E+2	2.498868E+1	5.208476E+0	2.559700E-4	NaN	2.559700E-3	4.573123E-1	1.162302E+1
2.021111E+3	4.642100E+2	2.497577E+1	5.233747E+0	2.574800E-4	NaN	2.574800E-3	4.574581E-1	1.162012E+1
2.024081E+3	4.644500E+2	2.496286E+1	5.174885E+0	2.589800E-4	NaN	2.589800E-3	4.572670E-1	1.160891E+1
2.027180E+3	4.646900E+2	2.494997E+1	5.119805E+0	2.605600E-4	NaN	2.605600E-3	4.569429E-1	1.159441E+1
2.029987E+3	4.649300E+2	2.493709E+1	5.059861E+0	2.620400E-4	NaN	2.620400E-3	4.568363E-1	1.158549E+1
2.032991E+3	4.650900E+2	2.492851E+1	5.008815E+0	2.635700E-4	NaN	2.635700E-3	4.567393E-1	1.157686E+1
2.035897E+3	4.653400E+2	2.491512E+1	4.892775E+0	2.650700E-4	NaN	2.650700E-3	4.568617E-1	1.157400E+1
2.038784E+3	4.655800E+2	2.490227E+1	4.799118E+0	2.665500E-4	NaN	2.665500E-3	4.571956E-1	1.157633E+1
2.041822E+3	4.658200E+2	2.488944E+1	4.719516E+0	2.681400E-4	NaN	2.681400E-3	4.574701E-1	1.157717E+1
2.044758E+3	4.660600E+2	2.487663E+1	4.714606E+0	2.696700E-4	NaN	2.696700E-3	4.577002E-1	1.157694E+1
2.047727E+3	4.663100E+2	2.486329E+1	4.720689E+0	2.712100E-4	NaN	2.712100E-3	4.578413E-1	1.157450E+1
2.050547E+3	4.665400E+2	2.485103E+1	4.731370E+0	2.726700E-4	NaN	2.726700E-3	4.579438E-1	1.157106E+1
2.053361E+3	4.667800E+2	2.483825E+1	4.722735E+0	2.741700E-4	NaN	2.741700E-3	4.579672E-1	1.156565E+1
2.056212E+3	4.670300E+2	2.482496E+1	4.749516E+0	2.756600E-4	NaN	2.756600E-3	4.579182E-1	1.155842E+1
2.059251E+3	4.672000E+2	2.481592E+1	4.803328E+0	2.772300E-4	NaN	2.772300E-3	4.580187E-1	1.155477E+1
2.062176E+3	4.674400E+2	2.480318E+1	4.800728E+0	2.787800E-4	NaN	2.787800E-3	4.583088E-1	1.155604E+1
2.065143E+3	4.676700E+2	2.479099E+1	4.804341E+0	2.803000E-4	NaN	2.803000E-3	4.585309E-1	1.155559E+1
2.068078E+3	4.679100E+2	2.477827E+1	4.823935E+0	2.819400E-4	NaN	2.819400E-3	4.586795E-1	1.155334E+1
2.070898E+3	4.681500E+2	2.476557E+1	4.782689E+0	2.834700E-4	NaN	2.834700E-3	4.588142E-1	1.155079E+1
2.073815E+3	4.683800E+2	2.475341E+1	4.767343E+0	2.849700E-4	NaN	2.849700E-3	4.588873E-1	1.154671E+1
2.076840E+3	4.686100E+2	2.474126E+1	4.756287E+0	2.865700E-4	NaN	2.865700E-3	4.589359E-1	1.154205E+1
2.079761E+3	4.688400E+2	2.472912E+1	4.733474E+0	2.881100E-4	NaN	2.881100E-3	4.589616E-1	1.153685E+1
2.082743E+3	4.690800E+2	2.471647E+1	4.714353E+0	2.896500E-4	NaN	2.896500E-3	4.589486E-1	1.153069E+1
2.085629E+3	4.693100E+2	2.470435E+1	4.711175E+0	2.911900E-4	NaN	2.911900E-3	4.590889E-1	1.152820E+1
2.088610E+3	4.695300E+2	2.469278E+1	4.715606E+0	2.926900E-4	NaN	2.926900E-3	4.592096E-1	1.152521E+1
2.091515E+3	4.696800E+2	2.468489E+1	4.724418E+0	2.941500E-4	NaN	2.941500E-3	4.593482E-1	1.152265E+1
2.094453E+3	4.699000E+2	2.467333E+1	4.698856E+0	2.956500E-4	NaN	2.956500E-3	4.596032E-1	1.152312E+1
2.097287E+3	4.701100E+2	2.466231E+1	4.618411E+0	2.971400E-4	NaN	2.971400E-3	4.597188E-1	1.152013E+1
2.100207E+3	4.703200E+2	2.465130E+1	4.546897E+0	2.986100E-4	NaN	2.986100E-3	4.598246E-1	1.151686E+1
2.103139E+3	4.705300E+2	2.464030E+1	4.469893E+0	3.000400E-4	NaN	3.000400E-3	4.598723E-1	1.151213E+1
2.105979E+3	4.707400E+2	2.462931E+1	4.400621E+0	3.014700E-4	NaN	3.014700E-3	4.598892E-1	1.150660E+1
2.108903E+3	4.709600E+2	2.461780E+1	4.356182E+0	3.029600E-4	NaN	3.029600E-3	4.597751E-1	1.149779E+1
2.111878E+3	4.711600E+2	2.460735E+1	4.328292E+0	3.043900E-4	NaN	3.043900E-3	4.595976E-1	1.148737E+1
2.114958E+3	4.713600E+2	2.459691E+1	4.292860E+0	3.059400E-4	NaN	3.059400E-3	4.593893E-1	1.147619E+1
2.117865E+3	4.715000E+2	2.458961E+1	4.254690E+0	3.073600E-4	NaN	3.073600E-3	4.591604E-1	1.146453E+1
2.120672E+3	4.717000E+2	2.457918E+1	4.187452E+0	3.087100E-4	NaN	3.087100E-3	4.590757E-1	1.145662E+1
2.123694E+3	4.719000E+2	2.456876E+1	4.155114E+0	3.101300E-4	NaN	3.101300E-3	4.589845E-1	1.144852E+1
2.126555E+3	4.720900E+2	2.455888E+1	4.133210E+0	3.115100E-4	NaN	3.115100E-3	4.588480E-1	1.143930E+1
2.129642E+3	4.722800E+2	2.454900E+1	4.066195E+0	3.129900E-4	NaN	3.129900E-3	4.584661E-1	1.142415E+1
2.132594E+3	4.724800E+2	2.453860E+1	3.998636E+0	3.143800E-4	NaN	3.143800E-3	4.583526E-1	1.141567E+1
2.135726E+3	4.726700E+2	2.452874E+1	3.948585E+0	3.157800E-4	NaN	3.157800E-3	4.583512E-1	1.140995E+1
2.138610E+3	4.728500E+2	2.451940E+1	3.896060E+0	3.173400E-4	NaN	3.173400E-3	4.580288E-1	1.139642E+1
2.141566E+3	4.730400E+2	2.450956E+1	3.850290E+0	3.186200E-4	NaN	3.186200E-3	4.580153E-1	1.139058E+1
2.144337E+3	4.732200E+2	2.450023E+1	3.824076E+0	3.199100E-4	NaN	3.199100E-3	4.577628E-1	1.137897E+1
2.147232E+3	4.734100E+2	2.449040E+1	3.826883E+0	3.213000E-4	NaN	3.213000E-3	4.575995E-1	1.136960E+1
2.150149E+3	4.735800E+2	2.448161E+1	3.843355E+0	3.226000E-4	NaN	3.226000E-3	4.574045E-1	1.135945E+1
2.153056E+3	4.737600E+2	2.447231E+1	3.851314E+0	3.239500E-4	NaN	3.239500E-3	4.572410E-1	1.135010E+1
2.156017E+3	4.738800E+2	2.446611E+1	3.816657E+0	3.252100E-4	NaN	3.252100E-3	4.570754E-1	1.134071E+1
2.158984E+3	4.740600E+2	2.445682E+1	3.744948E+0	3.265200E-4	NaN	3.265200E-3	4.569811E-1	1.133323E+1
2.161963E+3	4.742900E+2	2.444496E+1	3.682883E+0	3.277800E-4	NaN	3.277800E-3	4.567990E-1	1.132358E+1
2.165146E+3	4.744000E+2	2.443929E+1	3.671944E+0	3.292000E-4	NaN	3.292000E-3	4.567575E-1	1.131713E+1
2.168055E+3	4.745700E+2	2.443054E+1	3.589715E+0	3.305300E-4	NaN	3.305300E-3	4.568513E-1	1.131420E+1
2.171026E+3	4.747300E+2	2.442230E+1	3.527507E+0	3.318000E-4	NaN	3.318000E-3	4.568719E-1	1.130949E+1
2.173866E+3	4.749100E+2	2.441305E+1	3.459492E+0	3.330300E-4	NaN	3.330300E-3	4.568618E-1	1.130406E+1
2.176829E+3	4.750700E+2	2.440482E+1	3.414149E+0	3.342000E-4	NaN	3.342000E-3	4.568007E-1	1.129738E+1
2.179940E+3	4.752300E+2	2.439661E+1	3.374877E+0	3.356200E-4	NaN	3.356200E-3	4.567690E-1	1.129145E+1
2.182748E+3	4.753900E+2	2.438840E+1	3.339410E+0	3.365600E-4	NaN	3.365600E-3	4.568098E-1	1.128736E+1
2.185622E+3	4.755500E+2	2.438019E+1	3.329282E+0	3.378300E-4	NaN	3.378300E-3	4.564238E-1	1.127293E+1
2.188554E+3	4.757100E+2	2.437199E+1	3.325667E+0	3.390700E-4	NaN	3.390700E-3	4.561340E-1	1.126096E+1
2.191511E+3	4.758700E+2	2.436380E+1	3.337006E+0	3.402000E-4	NaN	3.402000E-3	4.559210E-1	1.125091E+1
2.194461E+3	4.759800E+2	2.435817E+1	3.306815E+0	3.414800E-4	NaN	3.414800E-3	4.558187E-1	1.124362E+1
2.197342E+3	4.761400E+2	2.434998E+1	3.245653E+0	3.426200E-4	NaN	3.426200E-3	4.558122E-1	1.123882E+1
2.200284E+3	4.763000E+2	2.434180E+1	3.251901E+0	3.437700E-4	NaN	3.437700E-3	4.557436E-1	1.123251E+1
2.203250E+3	4.764500E+2	2.433414E+1	3.209628E+0	3.447000E-4	NaN	3.447000E-3	4.556038E-1	1.122446E+1
2.206300E+3	4.766000E+2	2.432648E+1	3.170937E+0	3.460800E-4	NaN	3.460800E-3	4.553823E-1	1.121442E+1
2.209343E+3	4.767500E+2	2.431883E+1	3.123451E+0	3.472300E-4	NaN	3.472300E-3	4.551953E-1	1.120529E+1
2.212159E+3	4.769000E+2	2.431118E+1	3.094441E+0	3.483300E-4	NaN	3.483300E-3	4.553299E-1	1.120391E+1
2.215126E+3	4.770500E+2	2.430353E+1	3.074586E+0	3.493500E-4	NaN	3.493500E-3	4.553528E-1	1.119983E+1
2.218028E+3	4.772100E+2	2.429538E+1	3.051203E+0	3.505100E-4	NaN	3.505100E-3	4.552505E-1	1.119269E+1
2.220966E+3	4.773600E+2	2.428775E+1	3.048962E+0	3.516000E-4	NaN	3.516000E-3	4.551168E-1	1.118478E+1
2.223902E+3	4.775000E+2	2.428063E+1	3.056232E+0	3.527000E-4	NaN	3.527000E-3	4.549087E-1	1.117507E+1
2.226837E+3	4.776400E+2	2.427351E+1	3.064530E+0	3.542300E-4	NaN	3.542300E-3	4.546191E-1	1.116343E+1
2.229793E+3	4.777900E+2	2.426589E+1	3.075595E+0	3.553700E-4	NaN	3.553700E-3	4.544647E-1	1.115516E+1
2.232801E+3	4.779200E+2	2.425929E+1	3.053147E+0	3.565200E-4	NaN	3.565200E-3	4.542066E-1	1.114439E+1
2.235909E+3	4.780600E+2	2.425219E+1	3.023197E+0	3.577500E-4	NaN	3.577500E-3	4.538583E-1	1.113151E+1
2.238856E+3	4.781600E+2	2.424711E+1	2.991901E+0	3.586500E-4	NaN	3.586500E-3	4.538518E-1	1.112691E+1
2.241830E+3	4.782900E+2	2.424052E+1	2.928112E+0	3.597300E-4	NaN	3.597300E-3	4.538423E-1	1.112233E+1
2.244684E+3	4.784400E+2	2.423292E+1	2.857933E+0	3.607900E-4	NaN	3.607900E-3	4.538173E-1	1.111742E+1
2.247628E+3	4.785800E+2	2.422583E+1	2.804605E+0	3.618200E-4	NaN	3.618200E-3	4.537224E-1	1.111082E+1
2.250721E+3	4.787100E+2	2.421926E+1	2.764524E+0	3.630000E-4	NaN	3.630000E-3	4.534935E-1	1.110099E+1
2.253756E+3	4.788400E+2	2.421268E+1	2.720586E+0	3.637500E-4	NaN	3.637500E-3	4.532577E-1	1.109105E+1
2.256713E+3	4.789700E+2	2.420611E+1	2.690345E+0	3.650300E-4	NaN	3.650300E-3	4.528781E-1	1.107764E+1
2.259519E+3	4.791100E+2	2.419904E+1	2.670947E+0	3.661300E-4	NaN	3.661300E-3	4.525562E-1	1.106572E+1
2.262423E+3	4.792400E+2	2.419247E+1	2.669013E+0	3.671800E-4	NaN	3.671800E-3	4.521056E-1	1.105073E+1
2.265318E+3	4.793600E+2	2.418642E+1	2.672729E+0	3.682500E-4	NaN	3.682500E-3	4.515840E-1	1.103407E+1
2.268280E+3	4.795000E+2	2.417935E+1	2.684470E+0	3.692700E-4	NaN	3.692700E-3	4.510557E-1	1.101734E+1
2.271277E+3	4.796300E+2	2.417280E+1	2.700673E+0	3.703600E-4	NaN	3.703600E-3	4.507437E-1	1.100578E+1
2.274248E+3	4.797500E+2	2.416675E+1	2.715545E+0	3.713500E-4	NaN	3.713500E-3	4.503964E-1	1.099341E+1
2.277203E+3	4.798700E+2	2.416071E+1	2.692506E+0	3.720500E-4	NaN	3.720500E-3	4.500448E-1	1.098099E+1
2.280209E+3	4.799500E+2	2.415668E+1	2.656142E+0	3.731700E-4	NaN	3.731700E-3	4.495234E-1	1.096446E+1
2.283047E+3	4.800200E+2	2.415316E+1	2.597847E+0	3.740500E-4	NaN	3.740500E-3	4.491779E-1	1.095236E+1
2.285826E+3	4.800200E+2	2.415316E+1	2.513753E+0	3.750100E-4	NaN	3.750100E-3	4.489180E-1	1.094248E+1
